0.783539338796373
0.8086245374858494
0.827647278814668
0.7652919377734988
0.7916573026986883
0.7539813009356618
0.8086245374858494
0.7682034668639568
0.7591198383701399
0.795869281933435
0.7657821295595443
0.7608491217471759
0.8075036572836433
0.8086245374858494
0.8157422392201791
0.8086245374858494
0.7682034668639568
0.8086245374858494
0.8086245374858494
0.7959784010940473
0.8086245374858494
0.8062032001814369
0.7682034668639568
0.7747338569915755
0.8075036572836433
0.8086245374858494
0.8075036572836433
0.7670825866617507
0.7782009601067231
0.8086245374858494
