9.548654877825712E-4
0.0012350075269844888
3.37693498206452E-4
0.0013332303555958843
5.208896164197022E-4
0.0011083045874961356
0.0012350075269844888
0.0013310216964294186
7.523192131513108E-4
7.52854015366805E-4
0.0013313295860195996
9.209743490032275E-4
0.0012351025409276396
0.0012350075269844888
4.482528661119864E-4
0.0012350075269844888
0.0013310216964294186
0.0012350075269844888
0.0012350075269844888
0.0010239455769635206
0.0012350075269844888
0.0012353393468815016
0.0013310216964294186
7.71455360793173E-4
0.0012351025409276396
0.0012350075269844888
0.0012351025409276396
0.0013311098569477333
7.26133956839046E-4
0.0012350081762932947
