-0.8545740127924681 -0.9258922019338679 
-0.8545740127924681 -0.9258922019338679 
-0.8545740127924681 -0.9258922019338679 
-0.8545740127924681 -0.9258922019338679 
-0.8545740127924681 -0.9258922019338679 
-0.8545740127924681 -0.9258922019338679 
-0.8545740127924681 -0.9258922019338679 
-0.8545740127924681 -0.9258922019338679 
-0.8545740127924681 -0.9258922019338679 
-0.8545740127924681 -0.9258922019338679 
-0.7952707287670506 -0.929422879075656 
-0.7952707287670506 -0.929422879075656 
-0.7952707287670506 -0.929422879075656 
-0.7952707287670506 -0.929422879075656 
-0.7952707287670506 -0.929422879075656 
-0.7952707287670506 -0.929422879075656 
-0.7952707287670506 -0.929422879075656 
-0.7952707287670506 -0.929422879075656 
-0.9253911813809743 -0.9239664270914264 
-0.7952707287670506 -0.929422879075656 
-0.9253911813809743 -0.9239664270914264 
-0.9253911813809743 -0.9239664270914264 
-0.9253911813809743 -0.9239664270914264 
-0.9253911813809743 -0.9239664270914264 
-0.9253911813809743 -0.9239664270914264 
-0.9253911813809743 -0.9239664270914264 
-0.9253911813809743 -0.9239664270914264 
-0.7952707287670506 -0.929422879075656 
-0.8265168183793801 -0.9284947948142384 
-0.8265168183793801 -0.9284947948142384 
-0.9253911813809743 -0.9239664270914264 
-0.8265168183793801 -0.9284947948142384 
-0.9253911813809743 -0.9239664270914264 
-0.8265168183793801 -0.9284947948142384 
-0.8265168183793801 -0.9284947948142384 
-0.8265168183793801 -0.9284947948142384 
-0.8265168183793801 -0.9284947948142384 
-1.0 -0.9148769868677269 
-0.8265168183793801 -0.9284947948142384 
-0.8265168183793801 -0.9284947948142384 
-1.0 -0.9148769868677269 
-1.0 -0.9148769868677269 
-1.0 -0.9148769868677269 
-1.0 -0.9148769868677269 
-0.7186082239261684 -0.9310924415091074 
-0.7186082239261684 -0.9310924415091074 
-0.7186082239261684 -0.9310924415091074 
-1.0 -0.9148769868677269 
-0.7186082239261684 -0.9310924415091074 
-0.7186082239261684 -0.9310924415091074 
-1.0 -0.9148769868677269 
-0.7186082239261684 -0.9310924415091074 
-1.0 -0.9148769868677269 
-0.7186082239261684 -0.9310924415091074 
-0.7186082239261684 -0.9310924415091074 
-1.0 -0.9148769868677269 
-0.668740304976422 -0.9342436113269436 
-0.668740304976422 -0.9342436113269436 
-0.668740304976422 -0.9342436113269436 
-0.668740304976422 -0.9342436113269436 
-0.668740304976422 -0.9342436113269436 
-0.0 -0.938321066793288 
-0.0 -0.938321066793288 
-0.668740304976422 -0.9342436113269436 
-0.668740304976422 -0.9342436113269436 
-0.668740304976422 -0.9342436113269436 
-0.0 -0.938321066793288 
-0.0 -0.938321066793288 
-0.0 -0.938321066793288 
-0.0 -0.938321066793288 
-0.668740304976422 -0.9342436113269436 
-0.7598356856515925 -0.9302794684739121 
-0.7598356856515925 -0.9302794684739121 
-0.7598356856515925 -0.9302794684739121 
-0.6042750794713536 -0.9356631665659433 
-0.6042750794713536 -0.9356631665659433 
-0.0 -0.938321066793288 
-0.7598356856515925 -0.9302794684739121 
-0.0 -0.938321066793288 
-0.6042750794713536 -0.9356631665659433 
-0.7598356856515925 -0.9302794684739121 
-0.7598356856515925 -0.9302794684739121 
-0.6042750794713536 -0.9356631665659433 
-0.0 -0.938321066793288 
-1.0 -0.9148769868677269 
-0.6042750794713536 -0.9356631665659433 
-0.6042750794713536 -0.9356631665659433 
-0.7598356856515925 -0.9302794684739121 
-0.0 -0.938321066793288 
-0.6042750794713536 -0.9356631665659433 
-0.6042750794713536 -0.9356631665659433 
-0.7598356856515925 -0.9302794684739121 
-0.6042750794713536 -0.9356631665659433 
-0.7598356856515925 -0.9302794684739121 
-0.8265168183793801 -0.9284947948142384 
-0.7186082239261684 -0.9310924415091074 
-0.6042750794713536 -0.9356631665659433 
-0.668740304976422 -0.9342436113269436 
-0.7598356856515925 -0.9302794684739121 
-0.7186082239261684 -0.9310924415091074 
