1.8412331714427017E-4
1.8412331714427017E-4
1.4268690285245135E-4
2.0956219457741535E-4
0.0021525417406527488
0.002149393891677757
1.8412331714427017E-4
0.0021464729399100113
0.0021539126917393464
0.0021541606154398137
1.4268690285245135E-4
1.8412331714427017E-4
0.0021525417406527488
8.838287407542864E-5
0.0
0.0021525417406527488
0.0021525417406527488
0.0021464729399100113
1.9001258107364619E-4
5.4745823364969004E-5
8.838287407542864E-5
1.8412331714427017E-4
0.0021446525474621966
1.8412331714427017E-4
0.0021525417406527488
0.00215305348988418
2.04237431304947E-4
2.016056915610533E-4
5.4745823364969004E-5
0.0021522936304733536
