-0.6736986994374903 -0.9001859426352913 
-0.6188689541744995 -0.9899692873280332 
-0.5867357397754421 -0.9918141669375466 
-0.642418717883985 -0.9551666806373992 
-0.5000046953206492 -0.9995353484691221 
-0.5773915429921527 -0.9946071162402585 
-0.5807398447749113 -0.9939114061503432 
-0.0 -0.9999468085106383 
-0.6245015291042992 -0.9777789863131252 
-0.6677678444227887 -0.9302700186755442 
-0.5743503460339298 -0.9957349176092029 
-0.6442864348214682 -0.9479815203600599 
-0.5592485563317103 -0.9970610140387657 
-0.5520471636397453 -0.9983315705315291 
-0.6363885801078234 -0.9678851633111716 
-0.6271042502223728 -0.9691557343118471 
-0.5849679567095176 -0.9919456946528821 
-0.5273879907057624 -0.9989669986435095 
