-0.6665649464957576 -0.8968240040902136 
-0.6067061765302306 -0.9828495149274135 
-0.6295834644252494 -0.9675220869147683 
-0.0 -0.9998904761904762 
-0.5920758574142158 -0.9923937729788566 
-0.6053241831200087 -0.9838146727499794 
-0.5314676478384069 -0.9986589551103399 
-0.5807398447749113 -0.9955087086535712 
-0.5867357397754421 -0.9927343213655527 
-0.6158041920480982 -0.9809713315839025 
-0.5452543863314523 -0.9967251673430804 
-0.6363885801078234 -0.9617122687292794 
-0.5555764164853972 -0.996249198161398 
-0.5000046953206492 -0.999439001004967 
-0.5273879907057624 -0.9986722784175512 
-0.6217617476670066 -0.9758831587912589 
-0.5968939260213346 -0.9911983668857978 
-0.6271042502223728 -0.9722680956687023 
-0.6012861663487746 -0.9908963201304878 
-0.5440962310962162 -0.9978574119655782 
-0.6343021750657338 -0.964895995728628 
-0.6037236458100125 -0.9845664024701806 
-0.6404834755468042 -0.9430272410118633 
-0.5592485563317103 -0.9955989495865938 
-0.6478377279567749 -0.9420312944691583 
