-0.6090627412164059 -0.9854453504217986 
-0.6158041920480982 -0.9827758377836353 
-0.5520471636397453 -0.9985429300205491 
-0.5692601163938482 -0.9955222203930109 
-0.6012861663487746 -0.9953107370572142 
-0.6125446875297936 -0.9834608615964301 
-0.6217617476670066 -0.9758233410804078 
-0.552332656353507 -0.9972762811540572 
-0.6295834644252494 -0.9660420770544514 
-0.5000046953206492 -0.9992483089498165 
-0.6245015291042992 -0.9714300244606932 
-0.6271042502223728 -0.9686327920236645 
-0.6384754136289494 -0.9641858645741646 
-0.6053241831200087 -0.9875027634499209 
-0.6677678444227887 -0.9378332801316782 
-0.6558131990931002 -0.9437095763815521 
-0.0 -0.9997687632135307 
-0.6442864348214682 -0.961244432554643 
-0.6188689541744995 -0.9784502894092801 
-0.5659017097064563 -0.9965013099174668 
