-0.6442864348214682 -0.958900723429849 
-0.6478377279567749 -0.9530748394423235 
-0.5562709617402561 -0.9972214857693802 
-0.5273879907057624 -0.9985131806318851 
-0.6158041920480982 -0.9935976296125064 
-0.6342162505223877 -0.9655944118612777 
-0.5807398447749113 -0.996284954690092 
-0.6271042502223728 -0.9734564110707342 
-0.5682692155322392 -0.9967002032686594 
-0.6295834644252494 -0.9699437911659756 
-0.5440962310962162 -0.9982565739676156 
-0.0 -0.9998244410569106 
-0.528233679462925 -0.9984815358858218 
-0.6543089294608667 -0.922002913241159 
-0.5000046953206492 -0.999622978575539 
-0.6404834755468042 -0.9650222769719664 
-0.6217617476670066 -0.986764540617896 
