-0.5000046953206492 -0.9994850171138097 
-0.5273879907057624 -0.9990434462704786 
-0.6090627412164059 -0.9905174821389363 
-0.5682692155322392 -0.9952913344127884 
-0.5738942469018073 -0.994014895920037 
-0.6319507871557013 -0.967922642152876 
-0.5692601163938482 -0.9942911911862192 
-0.6245015291042992 -0.9741714211213054 
-0.5440962310962162 -0.9988195687679332 
-0.5807398447749113 -0.9925076262425888 
-0.5743503460339298 -0.9931226879574367 
-0.5659017097064563 -0.9978874240862953 
-0.5968939260213346 -0.9921758176182797 
-0.6363885801078234 -0.9610606743688367 
-0.6188689541744995 -0.981550675517254 
-0.6572771698514329 -0.9490213152441492 
-0.5920758574142158 -0.9924936182706653 
-0.0 -0.9999404761904762 
-0.6125446875297936 -0.9867884095566188 
