-0.6478377279567749 -0.9259276367455986 
-0.6245015291042992 -0.9816640170267413 
-0.5440962310962162 -0.9972671350227273 
-0.5000046953206492 -0.999297358501135 
-0.642418717883985 -0.9600748133224595 
-0.5920758574142158 -0.9915996646048204 
-0.5968939260213346 -0.9903235054650495 
-0.5867357397754421 -0.9957992821502389 
-0.5273879907057624 -0.9988289988406411 
-0.6053241831200087 -0.9888327339530438 
-0.6363885801078234 -0.9601252429412599 
-0.53588675682123 -0.9975452679048044 
-0.6158041920480982 -0.982965523107711 
-0.5562709617402561 -0.9971529961302933 
-0.5000004768410236 -0.9993621143280592 
-0.5355382522691869 -0.998200310759584 
-0.6125446875297936 -0.9844459060331052 
-0.0 -0.999814911064911 
-0.6295834644252494 -0.9761978844352794 
-0.5659017097064563 -0.996835219751852 
