-0.6558131990931002 -0.9041555274444346 
-0.6217617476670066 -0.9785301792324973 
-0.6319507871557013 -0.9572333328500379 
-0.649529371527523 -0.9456681545510442 
-0.5920758574142158 -0.9967296157555035 
-0.6158041920480982 -0.987267391687347 
-0.5562709617402561 -0.9972848979963537 
-0.5000046953206492 -0.999259313196889 
-0.6012861663487746 -0.9874950485095881 
-0.5440962310962162 -0.9984571037503508 
-0.6342162505223877 -0.9540825239913512 
-0.5273879907057624 -0.9987033268224421 
-0.6005363223886094 -0.9884270532491537 
-0.6271042502223728 -0.9713777220187262 
-0.0 -0.9998202059465358 
-0.6188689541744995 -0.982380092675041 
