-0.5562709617402561 -0.9983495550758145 
-0.5000046953206492 -0.9992750601047897 
-0.5208082390585741 -0.998417066809499 
-0.5920758574142158 -0.9946949182888264 
-0.6319507871557013 -0.9678911281728333 
-0.5971126507627575 -0.9899794064356953 
-0.6012861663487746 -0.9892018533087272 
-0.5968939260213346 -0.9915634119678367 
-0.6511697434858305 -0.9205319657675506 
-0.5659017097064563 -0.9955567821481981 
-0.6217617476670066 -0.9775726585391146 
-0.6125446875297936 -0.9854346857777666 
-0.6478377279567749 -0.9423630346606773 
-0.6404834755468042 -0.9676032012509805 
-0.6090627412164059 -0.9887263723334393 
-0.6188689541744995 -0.9834169499300537 
-0.0 -0.9998910984848485 
-0.6245015291042992 -0.9750355080437192 
