-0.6814752453925828 -0.88098225955114 
-0.5867357397754421 -0.992403959595768 
-0.5807398447749113 -0.996960538567763 
-0.5440962310962162 -0.9991580506632621 
-0.6012861663487746 -0.988038157898368 
-0.6319507871557013 -0.9664235808937743 
-0.6460913567354767 -0.9485743353267888 
-0.5829583866386809 -0.9934970715005551 
-0.6342162505223877 -0.9620666660751513 
-0.5000046953206492 -0.9993035398198162 
-0.6188689541744995 -0.9868190541662091 
-0.642418717883985 -0.954013199951857 
-0.5968939260213346 -0.9908543255363497 
-0.6245015291042992 -0.9854818912746643 
-0.0 -0.9999324324324325 
-0.5562709617402561 -0.9972130630969368 
-0.5920758574142158 -0.9916026702759319 
-0.6600927829561894 -0.9395857395317374 
