-0.6363885801078234 -0.9596376086944067 
-0.6245015291042992 -0.9831610092090477 
-0.6460913567354767 -0.9575685061865226 
-0.5659017097064563 -0.9972434988792254 
-0.5355382522691869 -0.9979570910924821 
-0.5221373891662863 -0.9988612334866859 
-0.0 -0.9998233329008822 
-0.6543089294608667 -0.956886516991957 
-0.6125446875297936 -0.986664389715564 
-0.5968939260213346 -0.9898676469785541 
-0.6310175275022214 -0.9608748516027533 
-0.5424822002821476 -0.997392627330813 
-0.6745112005256402 -0.917948010771281 
-0.6053241831200087 -0.9896523347475424 
-0.6271042502223728 -0.9721210575599953 
-0.5000046953206492 -0.999690975558308 
-0.5920758574142158 -0.9951127399486643 
-0.5236481267903274 -0.9981898564924181 
-0.5738942469018073 -0.996637213794611 
-0.5333792979414643 -0.9981781809878819 
-0.6292522187206196 -0.9688227341889765 
