-0.6188689541744995 -0.985706777229619 
-0.5221373891662863 -0.9988495698087654 
-0.6090627412164059 -0.9873772275344652 
-0.5000001059640263 -0.9993133021688445 
-0.5520471636397453 -0.9973432300117214 
-0.5807398447749113 -0.9925181166040109 
-0.5682692155322392 -0.9944695314060594 
-0.5000046953206492 -0.9992254055945577 
-0.6245015291042992 -0.9781632330336185 
-0.5379959069337361 -0.9985416645046252 
-0.5738942469018073 -0.994310459901403 
-0.5236481267903274 -0.998809256613961 
-0.5659017097064563 -0.9964769974937508 
-0.642418717883985 -0.9608198689294344 
-0.5867357397754421 -0.992179397918469 
-0.5440962310962162 -0.9983033848292523 
-0.6053241831200087 -0.9912699106025693 
-0.6342162505223877 -0.9632925866124481 
-0.6217617476670066 -0.9801372371416022 
-0.5273879907057624 -0.9986825009075243 
-0.0 -0.999774066673542 
-0.6653258221367045 -0.916466612200312 
-0.6442864348214682 -0.9564064162703795 
-0.6627712601467861 -0.9472154484713501 
-0.6319507871557013 -0.9726596230909031 
-0.649529371527523 -0.9483432127373392 
