-0.6090627412164059 -0.987936539330907 
-0.6295834644252494 -0.9696333038377426 
-0.5000046953206492 -0.9990156214577608 
-0.5562709617402561 -0.9972931199218428 
-0.5659017097064563 -0.9955464648441786 
-0.5440962310962162 -0.9983203755108131 
-0.6125446875297936 -0.9852138020707112 
-0.5208082390585741 -0.9986163609281719 
-0.5934130455224904 -0.99045798355171 
-0.6460913567354767 -0.9387801715948766 
-0.6158041920480982 -0.980497121213878 
-0.5273879907057624 -0.9983581687782 
-0.5920758574142158 -0.9914509111405106 
-0.5000021798982867 -0.999128212797277 
-0.5867357397754421 -0.9915344278826841 
-0.6217617476670066 -0.9800487568613547 
-0.6404834755468042 -0.9589691883547365 
-0.5268537480095585 -0.9984403532916981 
-0.6558131990931002 -0.9284500050519896 
-0.6442864348214682 -0.9525019256354932 
-0.5829583866386809 -0.9930543334911586 
-0.6271042502223728 -0.9787999727118206 
-0.6342162505223877 -0.9691450277494534 
-0.6012861663487746 -0.9903894008301211 
-0.5738942469018073 -0.9953520262776562 
-0.0 -0.9998690476190476 
