-0.6543089294608667 -0.9572360540156808 
-0.6319507871557013 -0.9737574182564126 
-0.0 -0.9997239972587132 
-0.6125446875297936 -0.9857817269523254 
-0.5968939260213346 -0.9920200347617889 
-0.5440962310962162 -0.9979356571188316 
-0.5738942469018073 -0.9935638941736673 
-0.5634399514332546 -0.9950154505435531 
-0.6012861663487746 -0.9910256365429473 
-0.5659017097064563 -0.9945048029883933 
-0.5592485563317103 -0.9964367333457735 
-0.6090627412164059 -0.9869042864119626 
-0.5273879907057624 -0.9991637470618684 
-0.5867357397754421 -0.9925656897938431 
-0.5807398447749113 -0.9928541180528607 
-0.5297630855503908 -0.9979989675137493 
-0.5000021798982867 -0.9993807491081783 
-0.6363885801078234 -0.9676514421486908 
-0.6271042502223728 -0.9830539439528787 
-0.5566329209111069 -0.9970254297569695 
-0.5692601163938482 -0.9944468132154513 
