-0.6012861663487746 -0.9898456488061921 
-0.5920758574142158 -0.9920938735096153 
-0.6271042502223728 -0.9787799247733798 
-0.6543089294608667 -0.9343938042905671 
-0.5440962310962162 -0.9986880969886314 
-0.6442864348214682 -0.9569745961747945 
-0.5000046953206492 -0.9995487297546586 
-0.649529371527523 -0.9536319029873229 
-0.6665602522977072 -0.9104410463966052 
-0.5659017097064563 -0.994811575889253 
-0.5807398447749113 -0.9946753170531891 
-0.5520471636397453 -0.9974319015335277 
-0.5562709617402561 -0.9974133180463767 
-0.6295834644252494 -0.9631969948434916 
-0.5566329209111069 -0.9961715023151506 
-0.6319507871557013 -0.9621626540176113 
-0.5867357397754421 -0.9926403363973103 
-0.6245015291042992 -0.9855604282779481 
-0.0 -0.9999479166666667 
-0.5609166435988 -0.9955884647823782 
