-0.5807398447749113 -0.9943237119895884 
-0.6543089294608667 -0.9475880721692745 
-0.5920758574142158 -0.9913786413845391 
-0.5484136056135402 -0.996937084792758 
-0.5934130455224904 -0.9902783640445075 
-0.5273879907057624 -0.998583972200498 
-0.5000046953206492 -0.9992528407611231 
-0.6188689541744995 -0.9790610054823697 
-0.6271042502223728 -0.9695763266510777 
-0.0 -0.9998886689757546 
-0.5562709617402561 -0.9954851788173928 
-0.6342162505223877 -0.9596009618414123 
-0.5440962310962162 -0.9984867079700821 
-0.5196297231400137 -0.9986901205472138 
-0.6363885801078234 -0.9572385886562389 
-0.5496498095822667 -0.9960740684979598 
-0.6245015291042992 -0.9738291078174068 
-0.5849679567095176 -0.9922832527263368 
-0.5968939260213346 -0.9889010421267297 
-0.6012861663487746 -0.9877869558330755 
-0.6734422069634034 -0.9148463095810037 
-0.6158041920480982 -0.986349966097659 
-0.5634399514332546 -0.9945140081695075 
-0.6319507871557013 -0.9609380539418167 
-0.6053241831200087 -0.9863814195724091 
-0.552912035816897 -0.995530630542245 
