-0.6384754136289494 -0.9668463732412867 
-0.6067061765302306 -0.9855271805189816 
-0.6012861663487746 -0.9888063161611249 
-0.5800672220441425 -0.9946466388648003 
-0.5968939260213346 -0.9914242571906382 
-0.5867357397754421 -0.9938683224706395 
-0.6245015291042992 -0.97924152245951 
-0.5566329209111069 -0.9968191351454091 
-0.5208082390585741 -0.998623302094278 
-0.6053241831200087 -0.9858399399637099 
-0.5634399514332546 -0.996559471564866 
-0.6271042502223728 -0.9778273423220848 
-0.5738942469018073 -0.9957317863492239 
-0.0 -0.9998864795918367 
-0.5440962310962162 -0.9981201794862723 
-0.6090627412164059 -0.9843863628853013 
-0.5829583866386809 -0.9942212121344373 
-0.5000046953206492 -0.9992932271636988 
-0.5920758574142158 -0.9921164493294746 
-0.5562709617402561 -0.9971855721995573 
-0.6600927829561894 -0.963136361522094 
-0.5273879907057624 -0.99853437588624 
