-0.6217617476670066 -0.9800757719803326 
-0.6478377279567749 -0.953890858560278 
-0.6053241831200087 -0.9912745160396851 
-0.5562709617402561 -0.9969939295786651 
-0.5273879907057624 -0.9990469489918008 
-0.6404834755468042 -0.9637192362498166 
-0.6543089294608667 -0.9251820852054304 
-0.0 -0.9997839393421216 
-0.6158041920480982 -0.9902909114972198 
-0.5000046953206492 -0.9992586770495391 
-0.5867357397754421 -0.9941940197146293 
-0.5379959069337361 -0.9983336835643258 
-0.5659017097064563 -0.9946504797281579 
-0.6665602522977072 -0.920636595881684 
-0.6295834644252494 -0.9679582460215482 
-0.5440962310962162 -0.9981987742957431 
-0.5807398447749113 -0.9943282892828635 
-0.6271042502223728 -0.9682907512519963 
-0.5920758574142158 -0.9922825069277897 
