0.6694695630521355
0.6662531987443366
0.6712279753183842
0.6726396775888852
0.6703735270231708
0.6729893040938248
0.6781203887494158
0.6723675639529243
0.6729612259299526
0.6703334989288764
0.6717130352356128
0.665131390275408
0.6722561596716619
0.6676787585703562
0.6749213424140915
0.6762642140903398
0.6685278305322824
0.6732700602149099
0.6717590476853961
0.672918231230468
0.6707351574284495
0.6713948754044589
0.6786989877217929
0.6732664504558142
0.6686674315164829
0.6822756707726649
0.6753151562288673
0.6704150411710222
0.6802944895392422
0.6716648001511762
