0.010317742055983214
0.009033999161488882
0.008591881131717511
0.009374046330971044
0.00905229439326291
0.009733701967143035
0.009414116022718116
0.009506447456984979
0.00959968335869965
0.009356103018072005
0.009501637220138302
0.00928336378807229
0.009449667918445467
0.00914580608011071
0.009141707824331966
0.008863804619693237
0.009379026022510466
0.008966255080849741
0.009476731968262691
0.010065742040783
0.009194954117468014
0.0101538540463183
0.00920262882368678
0.00953607545824988
0.009046770993689439
0.00831615599673157
0.00918712890943168
0.009311179819137838
0.00899274929018987
0.008953763259949921
