-0.6757744745078007 -0.911850777823001 
-0.9891266663194376 -0.8410669191919198 
-0.7585312008512162 -0.9067386831275729 
-0.9066811409991332 -0.8907470872748658 
-0.6933612743506347 -0.911147571564239 
-0.8885261025021761 -0.8938840737451856 
-0.7872725666763027 -0.9044781350336915 
-0.8787046164788804 -0.8946780971086534 
-0.7089651806819823 -0.907689481300593 
-0.8454044855118727 -0.8978739881517667 
-0.8391643429211539 -0.9000545493601058 
-0.9309089760092895 -0.8853086985031438 
-0.7782717162260105 -0.9050795911907032 
-0.8572350303041841 -0.8954975836920289 
-0.8038679774895205 -0.9018662664496006 
-0.8326831776556043 -0.9002515488626608 
-0.8115625398010615 -0.9007798014742469 
-0.8932401547837516 -0.8912173474673483 
-0.7957865088883226 -0.9019976936643611 
-1.0 -0.8387936095112026 
-1.0 -0.8387936095112026 
-1.0 -0.8387936095112026 
-1.0 -0.8387936095112026 
-0.9523418833942503 -0.8848163025246366 
-0.9523418833942503 -0.8848163025246366 
-0.9523418833942503 -0.8848163025246366 
-0.9523418833942503 -0.8848163025246366 
-0.9523418833942503 -0.8848163025246366 
-0.9523418833942503 -0.8848163025246366 
-0.9523418833942503 -0.8848163025246366 
-0.9523418833942503 -0.8848163025246366 
-0.9523418833942503 -0.8848163025246366 
-0.9523418833942503 -0.8848163025246366 
-0.9523418833942503 -0.8848163025246366 
-0.9523418833942503 -0.8848163025246366 
-0.9523418833942503 -0.8848163025246366 
-0.9523418833942503 -0.8848163025246366 
-0.9523418833942503 -0.8848163025246366 
-0.9523418833942503 -0.8848163025246366 
-0.9523418833942503 -0.8848163025246366 
-0.9523418833942503 -0.8848163025246366 
-0.9523418833942503 -0.8848163025246366 
-0.9523418833942503 -0.8848163025246366 
-0.9523418833942503 -0.8848163025246366 
-0.9523418833942503 -0.8848163025246366 
-0.9523418833942503 -0.8848163025246366 
-0.9523418833942503 -0.8848163025246366 
-0.9523418833942503 -0.8848163025246366 
-0.9523418833942503 -0.8848163025246366 
-0.9523418833942503 -0.8848163025246366 
-0.9523418833942503 -0.8848163025246366 
-0.9523418833942503 -0.8848163025246366 
-0.9523418833942503 -0.8848163025246366 
-0.9523418833942503 -0.8848163025246366 
-0.9523418833942503 -0.8848163025246366 
-0.9523418833942503 -0.8848163025246366 
-0.9523418833942503 -0.8848163025246366 
-0.9523418833942503 -0.8848163025246366 
-0.9523418833942503 -0.8848163025246366 
-0.9523418833942503 -0.8848163025246366 
-0.9523418833942503 -0.8848163025246366 
-0.9523418833942503 -0.8848163025246366 
-0.9523418833942503 -0.8848163025246366 
-0.9523418833942503 -0.8848163025246366 
-0.9523418833942503 -0.8848163025246366 
-0.9523418833942503 -0.8848163025246366 
-0.9523418833942503 -0.8848163025246366 
-0.9523418833942503 -0.8848163025246366 
-0.9523418833942503 -0.8848163025246366 
-0.9523418833942503 -0.8848163025246366 
-0.9523418833942503 -0.8848163025246366 
-0.9523418833942503 -0.8848163025246366 
-0.9523418833942503 -0.8848163025246366 
-0.9523418833942503 -0.8848163025246366 
-0.9523418833942503 -0.8848163025246366 
-0.9523418833942503 -0.8848163025246366 
-0.9523418833942503 -0.8848163025246366 
-0.9523418833942503 -0.8848163025246366 
-0.9523418833942503 -0.8848163025246366 
-0.9523418833942503 -0.8848163025246366 
-0.9523418833942503 -0.8848163025246366 
-0.9523418833942503 -0.8848163025246366 
-0.9523418833942503 -0.8848163025246366 
-0.9523418833942503 -0.8848163025246366 
-0.9523418833942503 -0.8848163025246366 
-0.9523418833942503 -0.8848163025246366 
-0.9523418833942503 -0.8848163025246366 
-0.9523418833942503 -0.8848163025246366 
-0.9523418833942503 -0.8848163025246366 
-0.9523418833942503 -0.8848163025246366 
-0.9523418833942503 -0.8848163025246366 
-0.9523418833942503 -0.8848163025246366 
-0.9523418833942503 -0.8848163025246366 
-0.9523418833942503 -0.8848163025246366 
-0.9523418833942503 -0.8848163025246366 
-0.9523418833942503 -0.8848163025246366 
-0.9523418833942503 -0.8848163025246366 
-0.9523418833942503 -0.8848163025246366 
-0.9523418833942503 -0.8848163025246366 
-0.9523418833942503 -0.8848163025246366 
