-1.0 -0.843710657483806 
-0.0 -0.9141754850088192 
-0.6757744745078007 -0.911850777823001 
-0.8391643429211539 -0.9000545493601058 
-0.9066811409991332 -0.8792450990367665 
-0.8836835777692601 -0.8933880163046837 
-0.7585312008512162 -0.9067386831275729 
-0.8978330023700154 -0.8850763048679723 
-0.6933612743506347 -0.911147571564239 
-0.9454647191178356 -0.8617756985812548 
-0.8038679774895205 -0.9016972482250268 
-0.7872725666763027 -0.9044781350336915 
-0.9151175039893542 -0.8649675042036159 
-0.8885261025021761 -0.8895315075870639 
-0.7230200263994838 -0.9078768710713163 
-0.7782717162260105 -0.9050795911907032 
-0.8454044855118727 -0.8957653843070518 
-0.8628569464538363 -0.8939516630488861 
-0.7089651806819823 -0.9080826323881888 
-0.9231820314882716 -0.8620031331836894 
-0.9523418833942503 -0.8605515240931914 
-0.9523418833942503 -0.8605515240931914 
-0.9523418833942503 -0.8605515240931914 
-0.9523418833942503 -0.8605515240931914 
-0.9523418833942503 -0.8605515240931914 
-0.9523418833942503 -0.8605515240931914 
-0.9523418833942503 -0.8605515240931914 
-0.9523418833942503 -0.8605515240931914 
-0.9523418833942503 -0.8605515240931914 
-0.9523418833942503 -0.8605515240931914 
-0.9523418833942503 -0.8605515240931914 
-0.9523418833942503 -0.8605515240931914 
-0.9523418833942503 -0.8605515240931914 
-0.9523418833942503 -0.8605515240931914 
-0.9523418833942503 -0.8605515240931914 
-0.9523418833942503 -0.8605515240931914 
-0.9523418833942503 -0.8605515240931914 
-0.9523418833942503 -0.8605515240931914 
-0.9523418833942503 -0.8605515240931914 
-0.9523418833942503 -0.8605515240931914 
-0.9523418833942503 -0.8605515240931914 
-0.9523418833942503 -0.8605515240931914 
-0.9523418833942503 -0.8605515240931914 
-0.9523418833942503 -0.8605515240931914 
-0.9523418833942503 -0.8605515240931914 
-0.9523418833942503 -0.8605515240931914 
-0.9523418833942503 -0.8605515240931914 
-0.9523418833942503 -0.8605515240931914 
-0.9523418833942503 -0.8605515240931914 
-0.9523418833942503 -0.8605515240931914 
-0.9523418833942503 -0.8605515240931914 
-0.9523418833942503 -0.8605515240931914 
-0.9523418833942503 -0.8605515240931914 
-0.9523418833942503 -0.8605515240931914 
-0.9523418833942503 -0.8605515240931914 
-0.9523418833942503 -0.8605515240931914 
-0.9523418833942503 -0.8605515240931914 
-0.9523418833942503 -0.8605515240931914 
-0.9523418833942503 -0.8605515240931914 
-0.9523418833942503 -0.8605515240931914 
-0.9523418833942503 -0.8605515240931914 
-0.9523418833942503 -0.8605515240931914 
-0.9523418833942503 -0.8605515240931914 
-0.9523418833942503 -0.8605515240931914 
-0.9523418833942503 -0.8605515240931914 
-0.9523418833942503 -0.8605515240931914 
-0.9523418833942503 -0.8605515240931914 
-0.9523418833942503 -0.8605515240931914 
-0.9523418833942503 -0.8605515240931914 
-0.9523418833942503 -0.8605515240931914 
-0.9523418833942503 -0.8605515240931914 
-0.9523418833942503 -0.8605515240931914 
-0.9523418833942503 -0.8605515240931914 
-0.9523418833942503 -0.8605515240931914 
-0.9523418833942503 -0.8605515240931914 
-0.9523418833942503 -0.8605515240931914 
-0.9523418833942503 -0.8605515240931914 
-0.9523418833942503 -0.8605515240931914 
-0.9523418833942503 -0.8605515240931914 
-0.9523418833942503 -0.8605515240931914 
-0.9523418833942503 -0.8605515240931914 
-0.9523418833942503 -0.8605515240931914 
-0.9523418833942503 -0.8605515240931914 
-0.9523418833942503 -0.8605515240931914 
-0.9523418833942503 -0.8605515240931914 
-0.9523418833942503 -0.8605515240931914 
-0.9523418833942503 -0.8605515240931914 
-0.9523418833942503 -0.8605515240931914 
-0.9523418833942503 -0.8605515240931914 
-0.9523418833942503 -0.8605515240931914 
-0.9523418833942503 -0.8605515240931914 
-0.9523418833942503 -0.8605515240931914 
-0.9523418833942503 -0.8605515240931914 
-0.9523418833942503 -0.8605515240931914 
-0.9523418833942503 -0.8605515240931914 
-0.9523418833942503 -0.8605515240931914 
-0.9523418833942503 -0.8605515240931914 
-0.9523418833942503 -0.8605515240931914 
-0.9523418833942503 -0.8605515240931914 
-0.9523418833942503 -0.8605515240931914 
