-0.6757744745078007 -0.911850777823001 
-0.7585312008512162 -0.9067386831275729 
-0.9066811409991332 -0.8907470872748658 
-0.8628569464538363 -0.8963313435535667 
-0.6933612743506347 -0.911147571564239 
-0.8391643429211539 -0.9000545493601058 
-0.7089651806819823 -0.9080826323881888 
-0.7872725666763027 -0.9041511215122334 
-0.8885261025021761 -0.8931452549508112 
-0.7782717162260105 -0.9048206937095835 
-0.9309089760092895 -0.8853086985031438 
-0.8787046164788804 -0.8937090944035395 
-0.8038679774895205 -0.9016164134219697 
-0.8189087443988545 -0.9006984013928468 
-0.7957865088883226 -0.9019976936643611 
-0.8326831776556043 -0.9002515488626608 
-0.8932401547837516 -0.8912173474673483 
-0.9523418833942503 -0.8847817563095348 
-0.9523418833942503 -0.8847817563095348 
-0.9523418833942503 -0.8847817563095348 
-0.9523418833942503 -0.8847817563095348 
-0.9523418833942503 -0.8847817563095348 
-0.9523418833942503 -0.8847817563095348 
-0.9523418833942503 -0.8847817563095348 
-0.9523418833942503 -0.8847817563095348 
-0.9523418833942503 -0.8847817563095348 
-0.9523418833942503 -0.8847817563095348 
-0.9523418833942503 -0.8847817563095348 
-0.9523418833942503 -0.8847817563095348 
-0.9523418833942503 -0.8847817563095348 
-0.9523418833942503 -0.8847817563095348 
-0.9523418833942503 -0.8847817563095348 
-0.9523418833942503 -0.8847817563095348 
-0.9523418833942503 -0.8847817563095348 
-0.9523418833942503 -0.8847817563095348 
-0.9523418833942503 -0.8847817563095348 
-0.9523418833942503 -0.8847817563095348 
-0.9523418833942503 -0.8847817563095348 
-0.9523418833942503 -0.8847817563095348 
-0.9523418833942503 -0.8847817563095348 
-0.9523418833942503 -0.8847817563095348 
-0.9523418833942503 -0.8847817563095348 
-0.9523418833942503 -0.8847817563095348 
-0.9523418833942503 -0.8847817563095348 
-0.9523418833942503 -0.8847817563095348 
-0.9523418833942503 -0.8847817563095348 
-0.9523418833942503 -0.8847817563095348 
-0.9523418833942503 -0.8847817563095348 
-0.9523418833942503 -0.8847817563095348 
-0.9523418833942503 -0.8847817563095348 
-0.9523418833942503 -0.8847817563095348 
-0.9523418833942503 -0.8847817563095348 
-0.9523418833942503 -0.8847817563095348 
-0.9523418833942503 -0.8847817563095348 
-0.9523418833942503 -0.8847817563095348 
-0.9523418833942503 -0.8847817563095348 
-0.9523418833942503 -0.8847817563095348 
-0.9523418833942503 -0.8847817563095348 
-0.9523418833942503 -0.8847817563095348 
-0.9523418833942503 -0.8847817563095348 
-0.9523418833942503 -0.8847817563095348 
-0.9523418833942503 -0.8847817563095348 
-0.9523418833942503 -0.8847817563095348 
-0.9523418833942503 -0.8847817563095348 
-0.9523418833942503 -0.8847817563095348 
-0.9523418833942503 -0.8847817563095348 
-0.9523418833942503 -0.8847817563095348 
-0.9523418833942503 -0.8847817563095348 
-0.9523418833942503 -0.8847817563095348 
-0.9523418833942503 -0.8847817563095348 
-0.9523418833942503 -0.8847817563095348 
-0.9523418833942503 -0.8847817563095348 
-0.9523418833942503 -0.8847817563095348 
-0.9523418833942503 -0.8847817563095348 
-0.9523418833942503 -0.8847817563095348 
-0.9523418833942503 -0.8847817563095348 
-0.9523418833942503 -0.8847817563095348 
-0.9523418833942503 -0.8847817563095348 
-0.9523418833942503 -0.8847817563095348 
-0.9523418833942503 -0.8847817563095348 
-0.9523418833942503 -0.8847817563095348 
-0.9523418833942503 -0.8847817563095348 
-0.9523418833942503 -0.8847817563095348 
-0.9523418833942503 -0.8847817563095348 
-0.9523418833942503 -0.8847817563095348 
-0.9523418833942503 -0.8847817563095348 
-0.9523418833942503 -0.8847817563095348 
-0.9523418833942503 -0.8847817563095348 
-0.9523418833942503 -0.8847817563095348 
-0.9523418833942503 -0.8847817563095348 
-0.9523418833942503 -0.8847817563095348 
-0.9523418833942503 -0.8847817563095348 
-0.9523418833942503 -0.8847817563095348 
-0.9523418833942503 -0.8847817563095348 
-0.9523418833942503 -0.8847817563095348 
-0.9523418833942503 -0.8847817563095348 
-0.9523418833942503 -0.8847817563095348 
-0.9523418833942503 -0.8847817563095348 
-0.9523418833942503 -0.8847817563095348 
-0.9523418833942503 -0.8847817563095348 
