-0.6757744745078007 -0.911850777823001 
-0.9231820314882716 -0.885053899290011 
-0.7585312008512162 -0.9067386831275729 
-0.6933612743506347 -0.911147571564239 
-0.8391643429211539 -0.9000545493601058 
-0.9066811409991332 -0.8907470872748658 
-0.7872725666763027 -0.9044781350336915 
-0.9151175039893542 -0.8869176219870671 
-0.8115625398010615 -0.9016972482250268 
-0.8454044855118727 -0.8957653843070518 
-0.825939508718733 -0.9007798014742469 
-0.8885261025021761 -0.8931452549508112 
-0.7230200263994838 -0.9072714579659032 
-0.7782717162260105 -0.9048206937095835 
-0.7089651806819823 -0.907689481300593 
-0.8787046164788804 -0.8937090944035395 
-0.8628569464538363 -0.8939516630488861 
-0.7957865088883226 -0.9019976936643611 
-0.8932401547837516 -0.8912173474673483 
-0.8836835777692601 -0.8933880163046837 
-0.9523418833942503 -0.859463478907924 
-0.9523418833942503 -0.859463478907924 
-0.9523418833942503 -0.859463478907924 
-0.9523418833942503 -0.859463478907924 
-0.9523418833942503 -0.859463478907924 
-0.9523418833942503 -0.859463478907924 
-0.9523418833942503 -0.859463478907924 
-0.9523418833942503 -0.859463478907924 
-0.9523418833942503 -0.859463478907924 
-0.9523418833942503 -0.859463478907924 
-0.9523418833942503 -0.859463478907924 
-0.9523418833942503 -0.859463478907924 
-0.9523418833942503 -0.859463478907924 
-0.9523418833942503 -0.859463478907924 
-0.9523418833942503 -0.859463478907924 
-0.9523418833942503 -0.859463478907924 
-0.9523418833942503 -0.859463478907924 
-0.9523418833942503 -0.859463478907924 
-0.9523418833942503 -0.859463478907924 
-0.9523418833942503 -0.859463478907924 
-0.9523418833942503 -0.859463478907924 
-0.9523418833942503 -0.859463478907924 
-0.9523418833942503 -0.859463478907924 
-0.9523418833942503 -0.859463478907924 
-0.9523418833942503 -0.859463478907924 
-0.9523418833942503 -0.859463478907924 
-0.9523418833942503 -0.859463478907924 
-0.9523418833942503 -0.859463478907924 
-0.9523418833942503 -0.859463478907924 
-0.9523418833942503 -0.859463478907924 
-0.9523418833942503 -0.859463478907924 
-0.9523418833942503 -0.859463478907924 
-0.9523418833942503 -0.859463478907924 
-0.9523418833942503 -0.859463478907924 
-0.9523418833942503 -0.859463478907924 
-0.9523418833942503 -0.859463478907924 
-0.9523418833942503 -0.859463478907924 
-0.9523418833942503 -0.859463478907924 
-0.9523418833942503 -0.859463478907924 
-0.9523418833942503 -0.859463478907924 
-0.9523418833942503 -0.859463478907924 
-0.9523418833942503 -0.859463478907924 
-0.9523418833942503 -0.859463478907924 
-0.9523418833942503 -0.859463478907924 
-0.9523418833942503 -0.859463478907924 
-0.9523418833942503 -0.859463478907924 
-0.9523418833942503 -0.859463478907924 
-0.9523418833942503 -0.859463478907924 
-0.9523418833942503 -0.859463478907924 
-0.9523418833942503 -0.859463478907924 
-0.9523418833942503 -0.859463478907924 
-0.9523418833942503 -0.859463478907924 
-0.9523418833942503 -0.859463478907924 
-0.9523418833942503 -0.859463478907924 
-0.9523418833942503 -0.859463478907924 
-0.9523418833942503 -0.859463478907924 
-0.9523418833942503 -0.859463478907924 
-0.9523418833942503 -0.859463478907924 
-0.9523418833942503 -0.859463478907924 
-0.9523418833942503 -0.859463478907924 
-0.9523418833942503 -0.859463478907924 
-0.9523418833942503 -0.859463478907924 
-0.9523418833942503 -0.859463478907924 
-0.9523418833942503 -0.859463478907924 
-0.9523418833942503 -0.859463478907924 
-0.9523418833942503 -0.859463478907924 
-0.9523418833942503 -0.859463478907924 
-0.9523418833942503 -0.859463478907924 
-0.9523418833942503 -0.859463478907924 
-0.9523418833942503 -0.859463478907924 
-0.9523418833942503 -0.859463478907924 
-0.9523418833942503 -0.859463478907924 
-0.9523418833942503 -0.859463478907924 
-0.9523418833942503 -0.859463478907924 
-0.9523418833942503 -0.859463478907924 
-0.9523418833942503 -0.859463478907924 
-0.9523418833942503 -0.859463478907924 
-0.9523418833942503 -0.859463478907924 
-0.9523418833942503 -0.859463478907924 
-0.9454647191178356 -0.8616794214016443 
