0.8091494688434852
0.8084571291296225
0.8103403064436431
0.8103013234323658
0.8088974339261682
0.8103668664914258
0.8100763926854042
0.8087388412631853
0.8091498916276451
0.8084076962589584
0.8095997477512898
0.7909257667512946
0.808755034197963
0.810175917344634
0.8079734471795704
0.8004581608456275
0.8102122615884861
0.810408959039496
0.8103248168081965
0.8100633446815252
0.8111832631627767
0.8087730217008441
0.8100392272542551
0.809834578567008
0.8095033581148301
0.8094302263274186
0.8091029266239729
0.8100647969355165
0.8092729813762584
0.8089796844235283
