0.0010346864979086303
0.001022787903309255
0.001034036018813084
0.001032589858438448
0.0010390651606907906
0.0010315584732007415
0.0010342342821224476
0.0010369135724050285
0.001035775306586101
0.001040867465979692
0.0010355641789673903
3.7031050794808946E-4
0.001037871919337833
0.0010217934561078334
0.001040635545999537
0.0010547733534658351
0.0010356670085860872
0.0010343794891181073
0.0010322676554134034
0.0010345738562809416
0.0010307896408771697
0.0010385310394523863
1.8951427078875953E-4
0.0010327925946526796
0.0010364609184815817
0.001033450744965854
0.0010358088644624298
0.0010182915103685635
0.001037314536724965
0.001037177079238858
