-1.0 -0.8052950033768449 
-0.0 -0.9754072398190046 
-0.0 -0.9754072398190046 
-1.0 -0.8052950033768449 
-0.6750820539805016 -0.9340566594530788 
-0.6750820539805016 -0.9340566594530788 
-0.8461392238466964 -0.8907366652954888 
-0.8522946671238036 -0.8641096691032752 
-0.9470392320763461 -0.8254845568350078 
-0.9470392320763461 -0.8254845568350078 
-0.9165537583019931 -0.8420241547836109 
-0.8197527748053712 -0.8937011752101266 
-0.8815416700571808 -0.8572282129635072 
-0.9165537583019931 -0.8420241547836109 
-0.8850470963182507 -0.8503711697509653 
-0.8094587270217913 -0.9035505947590347 
-0.8850470963182507 -0.8503711697509653 
-0.7274635320563264 -0.9280429566171254 
-0.7907979837054075 -0.911603373182657 
-0.8581538107494483 -0.8599446418883759 
-0.7957569851346379 -0.9061328505254337 
-0.731913721749997 -0.9217417684617173 
-0.8522946671238036 -0.8641096691032752 
-0.6893271697281221 -0.9340204275690209 
-0.8197527748053712 -0.8937011752101266 
-0.6957424175026459 -0.931447278211984 
-0.8094587270217913 -0.9035505947590347 
-0.7744559485941097 -0.9117142001221284 
-0.8461392238466964 -0.8907366652954888 
-0.7402841602512473 -0.9214448020010679 
-0.7128343062413697 -0.9299347498196603 
-0.755271240814566 -0.9149683436767836 
-0.7480402703905815 -0.9164796201241213 
-0.8581538107494483 -0.8599446418883759 
-0.7684271292278501 -0.9130882033567456 
-0.7957569851346379 -0.9061328505254337 
-0.7074528089183593 -0.9312092596235818 
-0.7442329306247261 -0.9189758493850565 
-0.7442329306247261 -0.9189758493850565 
-0.755271240814566 -0.9149683436767836 
-0.7684271292278501 -0.9130882033567456 
-0.7128343062413697 -0.9299347498196603 
-0.7274635320563264 -0.9280429566171254 
-0.7480402703905815 -0.9164796201241213 
-0.6957424175026459 -0.931447278211984 
-0.7074528089183593 -0.9312092596235818 
-0.7744559485941097 -0.9117142001221284 
-0.6893271697281221 -0.9340204275690209 
-0.731913721749997 -0.9217417684617173 
-0.7402841602512473 -0.9214448020010679 
-0.7907979837054075 -0.911603373182657 
-1.0 -0.8052950033768449 
-0.0 -0.9754072398190046 
-0.6750820539805016 -0.9340566594530788 
-0.9470392320763461 -0.8254845568350078 
-0.9165537583019931 -0.8420241547836109 
-0.8850470963182507 -0.8503711697509653 
-0.8522946671238036 -0.8641096691032752 
-0.8197527748053712 -0.8937011752101266 
-0.8094587270217913 -0.9035505947590347 
-0.8461392238466964 -0.8907366652954888 
-0.8581538107494483 -0.8599446418883759 
-0.7957569851346379 -0.9061328505254337 
-0.7442329306247261 -0.9189758493850565 
-0.755271240814566 -0.9149683436767836 
-0.7684271292278501 -0.9130882033567456 
-0.7274635320563264 -0.9280429566171254 
-0.7480402703905815 -0.9164796201241213 
-0.6957424175026459 -0.931447278211984 
-0.7074528089183593 -0.9312092596235818 
-0.7744559485941097 -0.9117142001221284 
-0.6893271697281221 -0.9340204275690209 
-0.731913721749997 -0.9217417684617173 
-0.7402841602512473 -0.9214448020010679 
-0.7907979837054075 -0.911603373182657 
-1.0 -0.8052950033768449 
-0.0 -0.9754072398190046 
-0.6750820539805016 -0.9340566594530788 
-0.9470392320763461 -0.8254845568350078 
-0.9165537583019931 -0.8420241547836109 
-0.8850470963182507 -0.8503711697509653 
-0.8522946671238036 -0.8641096691032752 
-0.8197527748053712 -0.8937011752101266 
-0.8094587270217913 -0.9035505947590347 
-0.8461392238466964 -0.8907366652954888 
-0.8581538107494483 -0.8599446418883759 
-0.7957569851346379 -0.9061328505254337 
-0.7442329306247261 -0.9189758493850565 
-0.755271240814566 -0.9149683436767836 
-0.7684271292278501 -0.9130882033567456 
-0.7274635320563264 -0.9280429566171254 
-0.7480402703905815 -0.9164796201241213 
-0.6957424175026459 -0.931447278211984 
-0.7074528089183593 -0.9312092596235818 
-0.7744559485941097 -0.9117142001221284 
-0.6893271697281221 -0.9340204275690209 
-0.731913721749997 -0.9217417684617173 
-0.7402841602512473 -0.9214448020010679 
-0.7907979837054075 -0.911603373182657 
-1.0 -0.8052950033768449 
