-0.0 -1.0 
-0.5000222005154896 -0.9921229068550497 
-0.5013140868853756 -0.9881673881673881 
-0.5856212004886759 -0.9782176157176157 
-0.5001086248440816 -0.9904550577627501 
-0.5738820411172648 -0.9798358692589462 
-0.5325441891811845 -0.9822524201988487 
-0.6101901341533087 -0.9613664113664113 
-0.5005605409330028 -0.9892482517482517 
-0.5002446785556427 -0.9901476728399805 
-0.5650382096671698 -0.9814258543654149 
-0.6933612743506347 -0.8797251359751358 
-0.6555486225011073 -0.9155552780552779 
-0.6750820539805016 -0.9008532066224372 
-0.6316161706757121 -0.9437222499722498 
-0.5000488543689853 -0.990970293442821 
