-0.0 -1.0 
-0.5002446785556427 -0.9901476728399805 
-0.5013140868853756 -0.9881673881673881 
-0.5581161145103294 -0.982992190959224 
-0.6757744745078007 -0.8695446418660703 
-0.5001086248440816 -0.9909079016221873 
-0.66502171720008 -0.8814585140134593 
-0.5005605409330028 -0.9892482517482517 
-0.6465782264446164 -0.9048160173160174 
-0.6555486225011073 -0.8863213175713175 
-0.6379986098789187 -0.9300369502292579 
-0.5650382096671698 -0.9799465644245864 
-0.5000488543689853 -0.9915589904600893 
-0.6933612743506347 -0.8584158896658894 
-0.705061490719745 -0.8010551948051939 
-0.5856212004886759 -0.9782176157176157 
-0.5000222005154896 -0.9921229068550497 
-0.6316161706757121 -0.9458319458319459 
-0.6020466130909611 -0.9736596736596737 
