-0.0 -1.0 
-0.5005605409330028 -0.9892482517482517 
-0.5013140868853756 -0.9881673881673881 
-0.5401471907668891 -0.9816522762951334 
-0.5002446785556427 -0.9901476728399805 
-0.5856212004886759 -0.9782176157176157 
-0.6465782264446164 -0.9294753857253859 
-0.6555486225011073 -0.9268557831057831 
-0.6020466130909611 -0.9736596736596737 
-0.6757744745078007 -0.8692599067599068 
-0.6316161706757121 -0.9317002442002442 
-0.6933612743506347 -0.8686025284239565 
-0.5001086248440816 -0.9909079016221873 
-0.7230200263994838 -0.7937050053121473 
-0.5000488543689853 -0.9915589904600893 
-0.5738820411172648 -0.9793779938010707 
-0.6102750211972996 -0.946246061630677 
