-0.0 -1.0 
-0.5013140868853756 -0.9881673881673881 
-0.5002446785556427 -0.9901476728399805 
-0.6020466130909611 -0.975965700965701 
-0.5005605409330028 -0.9892482517482517 
-0.6101901341533087 -0.9646839271839271 
-0.5856212004886759 -0.9782176157176157 
-0.5001086248440816 -0.9902739202189752 
-0.6555486225011073 -0.9020215895215895 
-0.5650382096671698 -0.9793125830213742 
-0.7220900752862687 -0.8314234376734366 
-0.5581161145103294 -0.982992190959224 
-0.5000488543689853 -0.9913396127681842 
-0.6316161706757121 -0.9609168609168609 
-0.6933612743506347 -0.899265318015318 
