-0.5002446785556427 -0.9901476728399805 
-0.0 -1.0 
-0.5455206901895745 -0.9800824175824177 
-0.5005605409330028 -0.9892482517482517 
-0.5013140868853756 -0.9881673881673881 
-0.5856212004886759 -0.9782176157176157 
-0.6117214763339706 -0.9467029765106689 
-0.5001086248440816 -0.9909079016221873 
-0.5359390920843539 -0.9812401883830455 
-0.7089651806819823 -0.8708853646353646 
-0.6020466130909611 -0.9746669996669997 
-0.5000488543689853 -0.9913396127681842 
-0.6933612743506347 -0.9352453102453102 
-0.6316161706757121 -0.9416486291486291 
