-0.0 -1.0 
-0.5000488543689853 -0.9915589904600893 
-0.5001086248440816 -0.9909079016221873 
-0.5013140868853756 -0.9881673881673881 
-0.7230200263994838 -0.8336433407861976 
-0.6757744745078007 -0.8982840572126285 
-0.6316161706757121 -0.9432955932955932 
-0.5002446785556427 -0.9901476728399805 
-0.6933612743506347 -0.8687569375069373 
-0.5005605409330028 -0.9892482517482517 
-0.6020466130909611 -0.975965700965701 
-0.5650382096671698 -0.9805402930402931 
-0.6555486225011073 -0.9098131035631034 
-0.5856212004886759 -0.9782176157176157 
-0.5401471907668891 -0.9812296220263254 
