-0.0 -1.0 
-0.5005605409330028 -0.9892482517482517 
-0.5455206901895745 -0.9800824175824177 
-0.5002446785556427 -0.9901476728399805 
-0.5013140868853756 -0.9881673881673881 
-0.6316161706757121 -0.9609168609168609 
-0.7358284495789809 -0.8049748862248851 
-0.5001086248440816 -0.9909079016221873 
-0.6933612743506347 -0.868865757258614 
-0.5738820411172648 -0.9796245421245422 
-0.6020466130909611 -0.975965700965701 
-0.6609748009422006 -0.8888313075813071 
-0.6555486225011073 -0.9146797646797646 
-0.5359390920843539 -0.9813448456305599 
-0.6757744745078007 -0.872149378399378 
