-0.0 -1.0 
-0.529742326021043 -0.9830552413273002 
-0.5001086248440816 -0.9909079016221873 
-0.5002446785556427 -0.9901476728399805 
-0.5650382096671698 -0.9816522762951334 
-0.5005605409330028 -0.9892482517482517 
-0.5000488543689853 -0.9913396127681842 
-0.5013140868853756 -0.9881673881673881 
-0.7089651806819823 -0.8006875069375066 
-0.6020466130909611 -0.975965700965701 
-0.5359390920843539 -0.982992190959224 
-0.6316161706757121 -0.9448135198135197 
-0.6101901341533087 -0.9490703740703741 
-0.6555486225011073 -0.9098131035631034 
-0.6933612743506347 -0.8737708719851573 
-0.5738820411172648 -0.9766682035912805 
-0.6757744745078007 -0.8912855002140715 
