-0.0 -1.0 
-0.7230200263994838 -0.7988359854431276 
-0.5455206901895745 -0.9798358692589462 
-0.5005605409330028 -0.9892482517482517 
-0.5013140868853756 -0.9881673881673881 
-0.6609748009422006 -0.9090104340104341 
-0.6933612743506347 -0.8859931734931734 
-0.6020466130909611 -0.975965700965701 
-0.5002446785556427 -0.9901476728399805 
-0.5000488543689853 -0.9913396127681842 
-0.7089651806819823 -0.8247293381221946 
-0.5856212004886759 -0.9782176157176157 
-0.6101901341533087 -0.9646839271839271 
-0.6316161706757121 -0.9395835315478172 
-0.5001086248440816 -0.9909079016221873 
