-0.0 -1.0 
-0.6933612743506347 -0.96000111000111 
-0.5013140868853756 -0.9881673881673881 
-0.5005605409330028 -0.9892482517482517 
-0.5650382096671698 -0.9816522762951334 
-0.6609748009422006 -0.9646839271839271 
-0.5359390920843539 -0.982992190959224 
-0.6020466130909611 -0.975965700965701 
-0.5001086248440816 -0.9909079016221873 
-0.5000222005154896 -0.9915620094191523 
-0.5002446785556427 -0.9901476728399805 
-0.5856212004886759 -0.9782176157176157 
-0.5738820411172648 -0.9793539793539794 
-0.5000488543689853 -0.9915589904600893 
