-0.5002446785556427 -0.9901476728399805 
-0.0 -1.0 
-0.547947494835577 -0.9846207713854773 
-0.5856212004886759 -0.9761530136530137 
-0.6555486225011073 -0.9243839493839494 
-0.5013140868853756 -0.9881673881673881 
-0.7089651806819823 -0.8462421507064359 
-0.6933612743506347 -0.8936514874014873 
-0.5581161145103294 -0.9825091575091576 
-0.5738820411172648 -0.9800824175824177 
-0.5005605409330028 -0.9892482517482517 
-0.5000488543689853 -0.9915589904600893 
-0.5650382096671698 -0.9816522762951334 
-0.6020466130909611 -0.973706154956155 
-0.6101901341533087 -0.9510933510933511 
-0.6316161706757121 -0.9458319458319459 
-0.5001086248440816 -0.9904550577627501 
