-0.0 -1.0 
-0.5000222005154896 -0.9917124542124542 
-0.5001086248440816 -0.9909079016221873 
-0.5002446785556427 -0.9901476728399805 
-0.5013140868853756 -0.9881673881673881 
-0.5005605409330028 -0.9892482517482517 
-0.5738820411172648 -0.9800824175824177 
-0.705061490719745 -0.8445478132978121 
-0.6208177516759259 -0.9683656544920282 
-0.6851362870564346 -0.9294753857253859 
-0.5856212004886759 -0.9782176157176157 
-0.6020466130909611 -0.975965700965701 
-0.5581161145103294 -0.982992190959224 
-0.6933612743506347 -0.8667629989058554 
-0.6555486225011073 -0.96000111000111 
