-0.5000101738715135 -0.9918666505063564 
-0.0 -1.0 
-0.5013140868853756 -0.9881673881673881 
-0.5856212004886759 -0.9782176157176157 
-0.5000222005154896 -0.9913314364207221 
-0.5001086248440816 -0.9909079016221873 
-0.5002446785556427 -0.9901476728399805 
-0.6555486225011073 -0.9609168609168609 
-0.6933612743506347 -0.9277458652458652 
-0.7230200263994838 -0.8261803672517954 
-0.5738820411172648 -0.9800824175824177 
-0.5005605409330028 -0.9892482517482517 
-0.6020466130909611 -0.975965700965701 
-0.5359390920843539 -0.9825091575091576 
-0.5581161145103294 -0.9814233385661957 
-0.6379986098789187 -0.9655629626783473 
-0.5401471907668891 -0.9816522762951334 
