-0.5650382096671698 -0.9797956164714406 
-0.0 -1.0 
-0.5856212004886759 -0.9782176157176157 
-0.5005605409330028 -0.9892482517482517 
-0.6555486225011073 -0.8988844488844487 
-0.5013140868853756 -0.9881673881673881 
-0.7687181475342102 -0.8017772901701467 
-0.5455206901895745 -0.9800824175824177 
-0.6933612743506347 -0.8697698135198135 
-0.5401471907668891 -0.9816522762951334 
-0.6316161706757121 -0.9446470196470197 
-0.7503001419793685 -0.8456078643578637 
-0.6609748009422006 -0.8824772449772444 
-0.5002446785556427 -0.9901476728399805 
-0.6101901341533087 -0.947993672993673 
-0.5738820411172648 -0.9793539793539794 
-0.6020466130909611 -0.9744949494949495 
-0.5000488543689853 -0.9911302982731554 
-0.6757744745078007 -0.8758388436959865 
-0.5001086248440816 -0.9906865112909069 
