-0.0 -1.0 
-0.5650382096671698 -0.9799465644245864 
-0.5013140868853756 -0.9881673881673881 
-0.5581161145103294 -0.9822998430141288 
-0.5738820411172648 -0.978214093598709 
-0.5005605409330028 -0.9892482517482517 
-0.5002446785556427 -0.98992673992674 
-0.5000488543689853 -0.9915589904600893 
-0.6316161706757121 -0.9432955932955932 
-0.7089651806819823 -0.8678175990675987 
-0.5001086248440816 -0.9909079016221873 
-0.5000222005154896 -0.9919070512820513 
-0.6020466130909611 -0.975965700965701 
-0.6757744745078007 -0.9080919080919079 
