8.246144019950847E-4
7.742559741635469E-4
0.0011387879497396095
8.502196992091066E-4
0.0010404973337130047
0.0011910209493603832
0.0010781156797861186
0.0011217465085581024
0.0013214919388248468
0.0010974001342087824
0.001102124795657616
9.491137707371703E-4
8.915697839783378E-4
0.0010787088325087937
8.551287789992217E-4
0.0013365150569381277
0.0010521444809865948
9.693774490067491E-4
9.160710617405131E-4
0.0012538463201847243
9.90237212423982E-4
0.001007970025877974
9.229794405367864E-4
0.0013484752744573848
9.769930555067947E-4
9.667832799947809E-4
9.059876206613527E-4
0.0011686802350519138
0.0010674463315997853
0.0017233436326088434
