64 52 44 10 19 20 34 24 43 68 
1 12 31 67 
31 1 12 23 67 
31 1 18 44 45 43 25 60 47 65 67 
14 34 1 12 67 
31 1 14 45 12 67 
31 1 58 12 45 43 25 60 47 65 67 
14 1 51 12 60 34 67 
31 1 45 12 25 20 24 67 
38 1 31 12 34 5 47 20 67 
14 1 53 12 54 47 60 31 57 67 
14 10 65 1 67 
10 1 14 38 45 67 
43 52 31 1 60 65 67 
54 1 64 67 
64 20 10 14 1 19 8 67 
14 1 31 35 53 60 34 20 67 
31 1 64 20 10 14 19 8 46 67 
1 12 23 67 
1 12 23 67 
1 12 23 67 
1 12 23 67 
1 12 23 67 
1 12 23 67 
1 12 23 67 
1 12 23 67 
1 12 23 67 
1 12 23 67 
1 12 23 67 
1 12 23 67 
1 12 23 67 
1 12 23 67 
1 12 23 67 
1 12 23 67 
1 12 23 67 
1 12 23 67 
1 12 23 67 
1 12 23 67 
1 12 23 67 
1 12 23 67 
1 12 23 67 
1 12 23 67 
1 12 23 67 
1 12 23 67 
1 12 23 67 
1 12 23 67 
1 12 23 67 
1 12 23 67 
1 12 23 67 
1 12 23 67 
1 12 23 67 
1 12 23 67 
1 12 23 67 
1 12 23 67 
1 12 23 67 
1 12 23 67 
1 12 23 67 
1 12 23 67 
1 12 23 67 
1 12 23 67 
1 12 23 67 
1 12 23 67 
1 12 23 67 
1 12 23 67 
1 12 23 67 
1 12 23 67 
1 12 23 67 
1 12 23 67 
1 12 23 67 
1 12 23 67 
1 12 23 67 
1 12 23 67 
1 12 23 67 
1 12 23 67 
1 12 23 67 
1 12 23 67 
1 12 23 67 
1 12 23 67 
1 12 23 67 
1 12 23 67 
1 12 23 67 
1 12 23 67 
1 12 23 67 
1 12 23 67 
1 12 23 67 
1 12 23 67 
1 12 23 67 
1 12 23 67 
1 12 23 67 
1 12 23 67 
1 12 23 67 
1 12 23 67 
1 12 23 67 
1 12 23 67 
1 12 23 67 
1 12 23 67 
1 12 23 67 
1 12 23 67 
1 12 23 67 
1 12 23 67 
