1 17 12 23 26 67 
1 17 12 23 26 67 
1 17 12 23 26 67 
1 17 12 23 26 67 
1 56 12 23 26 67 
49 1 40 12 23 26 67 
5 1 40 12 23 26 67 
49 1 64 12 23 26 67 
49 1 40 12 23 26 67 
1 56 12 23 17 67 
49 1 64 12 23 26 67 
1 56 12 23 17 67 
38 1 54 12 42 23 67 
1 56 12 23 14 67 
25 1 54 12 42 23 67 
1 56 12 23 14 67 
24 1 13 39 12 23 67 
25 1 49 12 42 23 67 
1 56 12 42 23 67 
55 1 49 52 12 23 67 
24 1 49 12 58 52 67 
24 1 49 47 52 38 67 
1 25 52 38 50 12 67 
18 1 54 38 45 52 67 
1 40 54 38 17 52 67 
24 1 49 12 42 48 67 
1 25 52 38 50 12 67 
1 25 54 38 45 52 67 
24 1 49 12 42 48 67 
1 25 54 38 55 52 67 
13 15 1 12 67 
1 49 12 42 48 67 
1 55 52 12 67 
18 15 1 12 67 
1 49 18 15 12 67 
1 47 52 18 12 67 
18 15 1 12 67 
25 45 52 1 12 67 
1 5 35 41 12 67 
13 15 1 12 67 
1 38 45 12 33 52 58 25 51 24 47 67 
1 40 17 52 38 42 51 12 33 44 34 67 
1 25 51 17 50 38 12 67 
18 1 43 38 25 12 24 51 58 35 67 
1 17 52 38 33 12 64 67 
1 25 52 38 58 51 12 24 43 34 67 
1 25 52 38 47 24 42 51 12 33 67 
18 1 52 57 33 43 32 15 58 38 47 67 
24 1 52 38 51 34 12 67 
58 1 52 38 25 24 14 67 
15 1 35 20 25 58 33 67 
25 1 45 13 18 52 57 32 15 58 33 67 
1 12 14 39 10 52 58 25 45 33 43 67 
58 1 52 12 38 51 45 33 67 
1 17 52 38 33 12 44 67 
1 5 52 25 51 67 
18 15 20 1 67 
1 25 51 52 14 48 17 67 
1 15 20 25 67 
1 25 45 12 33 43 14 48 53 38 47 67 
1 12 52 38 51 45 33 43 67 
47 1 52 38 55 51 58 45 12 67 
55 47 52 18 1 67 
1 17 45 46 47 51 12 33 44 67 
1 49 58 52 38 67 
1 15 19 38 67 
25 1 45 12 33 43 14 48 53 38 47 67 
1 5 52 41 18 67 
1 55 52 38 67 
1 17 52 38 51 12 33 44 67 
1 25 19 51 45 47 55 35 46 43 34 67 
24 1 35 17 50 34 12 67 
1 25 51 52 14 48 35 67 
1 25 52 57 32 38 51 12 67 
18 1 52 38 55 51 58 35 44 67 
1 17 51 44 54 38 12 33 50 67 
1 25 52 38 42 51 12 33 55 67 
1 17 52 38 42 51 12 33 44 67 
55 47 52 1 45 67 
1 12 52 58 25 45 33 43 67 
1 25 52 38 51 12 24 13 18 33 67 
1 52 38 25 51 43 18 58 67 
58 1 64 44 45 15 5 13 67 
1 25 14 39 10 47 55 35 46 43 34 67 
1 25 14 48 62 13 43 53 38 67 
18 1 52 57 32 15 58 33 67 
1 54 42 15 20 25 39 64 62 67 
18 1 52 38 25 51 58 35 44 67 
1 25 52 38 55 65 43 17 10 34 67 
1 15 20 25 67 
58 1 35 17 50 15 5 13 67 
10 47 55 35 46 43 53 13 18 1 67 
1 25 14 48 35 38 51 12 33 44 67 
1 25 14 48 43 53 38 47 24 34 67 
1 25 14 48 43 53 38 47 24 34 67 
48 20 38 57 55 70 
35 17 50 69 
51 17 50 69 
52 38 24 70 
52 38 25 70 
