62 34 57 19 44 10 49 25 69 
12 2 28 66 
62 34 57 19 58 60 18 45 35 69 
60 47 15 57 19 1 35 46 52 34 58 67 
60 1 19 12 23 26 67 
35 38 1 12 23 67 
41 1 8 12 23 26 67 
35 38 1 12 23 67 
35 1 8 12 23 24 67 
41 1 19 12 23 8 67 
41 8 1 12 15 67 
13 34 57 5 1 12 23 51 67 
50 47 15 57 19 32 1 51 13 59 58 67 
51 13 59 58 1 67 
34 42 15 57 5 48 44 1 43 12 49 67 
5 57 1 14 52 12 23 67 
5 57 1 35 38 12 23 67 
58 1 44 12 51 5 67 
58 1 35 12 24 41 67 
13 34 57 5 1 12 23 43 67 
52 34 1 12 57 67 
58 24 18 45 35 1 12 67 
5 57 1 35 38 12 25 67 
62 34 15 13 53 1 56 58 44 12 51 67 
52 34 57 1 62 10 49 12 67 
41 38 1 9 59 67 
13 53 56 10 1 44 12 24 67 
60 1 40 24 65 19 12 13 47 67 
52 1 32 51 13 59 58 14 12 67 
13 53 32 10 41 1 57 58 44 12 67 
13 1 8 57 19 12 34 5 35 49 67 
58 1 35 52 24 41 67 
35 1 52 24 41 8 67 
60 45 55 1 44 58 24 67 
24 53 55 1 44 56 58 67 
53 44 57 56 52 34 1 62 67 
13 1 47 48 52 57 55 14 67 
62 34 40 47 1 8 57 19 44 67 
60 34 40 47 1 59 57 14 13 67 
62 1 32 47 42 33 57 34 14 52 67 
13 53 32 10 24 18 45 19 54 1 67 
62 34 57 19 44 45 35 10 49 69 
41 1 8 12 23 26 67 
41 8 1 12 23 67 
41 1 19 12 23 59 67 
13 47 53 57 5 48 44 62 1 32 42 67 
5 57 1 55 52 12 23 67 
60 1 19 12 13 47 67 
55 14 57 41 1 59 12 23 67 
41 8 1 12 13 67 
35 33 13 38 1 12 62 67 
62 34 15 57 19 32 1 14 52 12 49 67 
41 38 1 9 8 67 
53 44 57 19 1 9 12 25 67 
13 41 1 8 58 44 12 51 5 67 
34 42 15 57 13 8 1 12 47 49 67 
60 1 35 46 52 34 67 
5 57 18 45 35 1 13 67 
13 1 47 48 52 57 19 44 67 
24 53 1 56 58 40 18 45 35 67 
13 47 53 19 33 59 42 32 1 17 67 
62 34 57 19 44 45 35 10 49 69 
41 1 8 12 23 26 67 
35 44 1 12 23 67 
35 1 8 62 12 23 67 
13 1 52 57 19 48 44 47 53 31 35 67 
62 57 1 14 52 12 23 67 
13 1 8 12 34 57 67 
60 43 55 8 1 44 12 23 67 
53 44 1 9 12 67 
35 33 13 38 1 12 62 67 
47 53 57 5 48 44 1 13 12 18 35 67 
51 13 59 58 1 67 
55 52 57 32 35 8 1 12 67 
52 1 40 24 65 47 34 12 60 67 
58 1 25 47 24 18 45 35 19 12 67 
60 1 35 24 18 17 67 
5 57 18 52 8 1 14 67 
52 34 57 62 1 32 47 42 67 
13 53 1 56 58 40 51 52 5 67 
58 1 32 47 24 18 45 35 19 52 67 
62 34 57 19 44 10 49 25 69 
41 1 59 12 23 26 67 
35 44 1 12 23 67 
15 1 34 12 23 51 67 
13 57 1 44 62 34 47 53 19 54 32 67 
35 33 13 38 1 12 23 67 
35 1 8 5 54 12 67 
35 34 57 44 1 12 23 46 67 
13 8 1 12 47 67 
52 32 35 8 1 12 55 67 
62 34 15 57 19 32 1 14 52 12 49 67 
13 8 1 58 44 67 
35 34 57 44 1 12 15 43 67 
13 53 1 56 58 44 12 51 5 67 
52 1 32 47 33 59 42 58 14 12 67 
35 1 55 57 44 62 67 
53 24 18 45 35 1 8 67 
55 44 57 1 13 42 15 43 67 
57 43 58 24 18 45 35 1 19 67 
