56 38 25 69 
1 12 23 67 
1 12 23 67 
56 38 31 69 
1 57 20 38 46 48 31 8 24 49 58 67 
1 57 12 23 67 
1 12 57 67 
1 62 12 23 67 
1 12 57 67 
1 48 58 12 67 
1 31 20 38 46 50 25 42 48 57 58 67 
1 10 12 43 67 
1 31 12 10 39 67 
1 65 48 57 12 67 
1 48 58 51 67 
31 46 1 12 32 35 67 
1 57 20 12 46 48 31 8 34 49 58 67 
31 47 1 48 58 12 67 
57 48 1 12 65 8 20 67 
60 38 1 31 12 10 48 67 
1 57 31 48 38 25 15 12 67 
1 57 53 20 13 31 45 12 67 
1 31 20 48 58 12 25 56 57 67 
1 31 19 57 12 58 48 56 13 67 
1 31 52 20 38 67 
1 31 38 65 49 57 8 64 12 39 67 
1 31 48 38 25 67 
1 57 20 19 31 12 58 48 14 49 67 
31 47 1 48 39 20 67 
1 57 20 38 46 48 12 31 8 49 58 67 
1 48 58 51 67 
1 20 59 31 58 43 67 
60 38 1 31 20 46 50 67 
43 48 1 58 60 8 20 67 
1 57 48 56 31 38 8 46 67 
20 38 1 58 19 57 46 48 67 
57 46 1 48 20 53 13 31 45 67 
31 46 1 19 65 49 57 8 56 67 
1 57 20 65 13 31 45 14 49 58 67 
32 38 1 58 39 10 19 57 46 48 67 
1 12 23 67 
62 38 44 69 
1 57 12 23 67 
1 12 57 67 
1 57 20 38 46 48 31 65 14 49 58 67 
1 40 12 57 67 
1 31 12 10 39 67 
31 46 1 12 32 34 67 
60 38 1 31 12 58 48 67 
1 57 53 20 31 14 15 12 67 
65 46 1 31 12 58 20 51 13 67 
1 65 48 58 51 67 
31 1 19 65 49 57 8 56 12 13 67 
1 57 12 31 51 52 47 24 41 64 62 67 
1 48 58 45 67 
1 47 8 57 13 31 67 
31 46 34 38 14 1 19 67 
1 57 48 20 31 38 8 34 67 
57 46 1 48 20 25 65 14 49 67 
1 31 56 38 39 10 48 19 51 13 67 
1 12 23 67 
56 38 25 69 
1 45 12 23 67 
1 12 31 67 
1 31 20 38 46 50 25 42 48 57 58 67 
1 48 58 12 67 
1 31 12 58 48 67 
31 46 1 12 32 19 67 
57 48 1 12 31 8 20 67 
60 43 1 31 19 13 56 12 67 
31 14 1 15 12 10 39 62 38 67 
1 57 13 31 45 67 
60 38 20 58 43 10 1 31 12 48 67 
1 31 20 12 10 39 25 42 48 57 58 67 
1 45 57 13 67 
31 47 8 14 1 45 67 
31 46 34 1 47 44 38 67 
1 57 48 20 31 38 8 34 67 
43 46 1 48 20 44 38 32 50 67 
1 31 56 38 39 10 48 19 51 13 67 
1 12 23 67 
48 38 25 69 
1 45 12 23 67 
1 12 31 67 
43 48 44 38 32 50 17 57 1 31 10 67 
1 40 12 48 67 
1 31 12 58 20 67 
1 47 8 31 12 48 67 
8 46 1 12 65 57 32 67 
65 57 1 40 12 48 13 31 67 
20 46 1 12 64 58 52 10 38 67 
1 57 13 31 45 67 
65 46 20 58 49 57 1 12 51 13 67 
20 46 1 31 38 52 47 50 65 42 12 67 
1 48 58 60 67 
1 47 8 31 42 48 67 
31 46 34 1 47 54 38 67 
31 57 1 19 65 14 20 38 67 
24 14 1 45 48 58 15 34 38 67 
1 31 20 58 43 10 48 19 51 13 67 
