18 48 55 14 70 
1 33 12 23 26 67 
1 33 12 23 10 67 
1 41 52 38 35 39 43 67 
1 56 33 12 23 26 67 
12 28 42 66 
1 41 12 42 57 67 
1 48 12 38 35 44 9 67 
1 56 38 12 23 18 67 
1 41 52 56 38 12 23 67 
1 44 38 12 18 15 67 
1 41 10 9 65 67 
1 41 59 9 40 65 67 
2 28 12 66 
2 28 12 66 
2 28 12 66 
2 28 12 66 
2 28 12 66 
2 28 12 66 
2 28 12 66 
2 28 12 66 
2 28 12 66 
2 28 12 66 
2 28 12 66 
2 28 12 66 
2 28 12 66 
2 28 12 66 
2 28 12 66 
2 28 12 66 
2 28 12 66 
2 28 12 66 
2 28 12 66 
2 28 12 66 
2 28 12 66 
2 28 12 66 
2 28 12 66 
2 28 12 66 
2 28 12 66 
2 28 12 66 
2 28 12 66 
2 28 12 66 
2 28 12 66 
2 28 12 66 
2 28 12 66 
2 28 12 66 
2 28 12 66 
2 28 12 66 
2 28 12 66 
2 28 12 66 
2 28 12 66 
2 28 12 66 
2 28 12 66 
2 28 12 66 
2 28 12 66 
2 28 12 66 
2 28 12 66 
2 28 12 66 
2 28 12 66 
2 28 12 66 
2 28 12 66 
2 28 12 66 
2 28 12 66 
2 28 12 66 
2 28 12 66 
2 28 12 66 
2 28 12 66 
2 28 12 66 
2 28 12 66 
2 28 12 66 
2 28 12 66 
2 28 12 66 
2 28 12 66 
2 28 12 66 
2 28 12 66 
2 28 12 66 
2 28 12 66 
2 28 12 66 
2 28 12 66 
2 28 12 66 
2 28 12 66 
2 28 12 66 
2 28 12 66 
2 28 12 66 
2 28 12 66 
2 28 12 66 
2 28 12 66 
2 28 12 66 
2 28 12 66 
2 28 12 66 
2 28 12 66 
2 28 12 66 
2 28 12 66 
2 28 12 66 
2 28 12 66 
2 28 12 66 
2 28 12 66 
2 28 12 66 
2 28 12 66 
2 28 12 66 
2 28 12 66 
