49 18 65 57 70 
41 1 12 23 38 67 
1 12 65 41 23 26 67 
15 52 19 24 38 60 5 18 32 50 1 67 
19 41 1 12 47 23 67 
41 1 40 14 12 67 
49 41 1 47 12 18 23 67 
18 1 12 24 38 60 47 65 41 42 49 67 
24 1 65 41 18 12 67 
18 1 32 20 12 41 23 48 67 
10 41 1 47 12 40 49 67 
10 41 1 47 50 49 12 46 67 
18 1 12 48 24 44 35 49 43 67 
18 1 12 47 65 41 42 24 49 43 67 
46 42 40 14 1 67 
46 1 65 42 40 14 67 
10 41 1 47 25 34 50 67 
32 53 1 47 50 49 48 65 67 
18 1 46 65 48 24 53 42 49 67 
32 53 1 47 48 46 50 49 65 43 67 
41 1 12 23 26 67 
41 1 12 23 26 67 
41 1 12 23 26 67 
41 1 12 23 26 67 
41 1 12 23 26 67 
41 1 12 23 26 67 
41 1 12 23 26 67 
41 1 12 23 26 67 
41 1 12 23 26 67 
41 1 12 23 26 67 
41 1 12 23 26 67 
41 1 12 23 26 67 
41 1 12 23 26 67 
41 1 12 23 26 67 
41 1 12 23 26 67 
41 1 12 23 26 67 
41 1 12 23 26 67 
41 1 12 23 26 67 
41 1 12 23 26 67 
41 1 12 23 26 67 
41 1 12 23 26 67 
60 1 12 23 26 67 
41 1 12 23 26 67 
20 1 12 23 26 67 
41 1 12 23 26 67 
25 1 12 23 26 67 
41 1 12 23 26 67 
41 1 12 23 26 67 
41 1 12 23 26 67 
41 1 12 23 26 67 
41 1 12 23 26 67 
41 1 12 23 26 67 
25 1 12 23 26 67 
41 1 12 23 26 67 
41 1 12 23 26 67 
62 1 12 23 26 67 
64 1 12 23 26 67 
41 1 12 23 26 67 
20 1 12 23 26 67 
41 1 12 23 26 67 
20 1 12 23 26 67 
46 1 12 23 26 67 
41 1 12 23 26 67 
46 1 12 23 26 67 
41 1 12 23 26 67 
41 1 12 23 26 67 
41 1 12 23 26 67 
41 1 12 23 26 67 
41 1 12 23 26 67 
41 1 12 23 26 67 
41 1 12 23 26 67 
41 1 12 23 26 67 
41 1 12 23 26 67 
41 1 12 23 26 67 
41 1 12 23 26 67 
20 1 12 23 26 67 
41 1 12 23 26 67 
41 1 12 23 26 67 
41 1 12 23 26 67 
41 1 12 23 26 67 
20 1 12 23 26 67 
41 1 12 23 26 67 
41 1 12 23 26 67 
41 1 12 23 26 67 
41 1 12 23 26 67 
41 1 12 23 26 67 
41 1 12 23 26 67 
41 1 12 23 26 67 
41 1 12 23 26 67 
41 1 12 23 26 67 
41 1 12 23 26 67 
41 1 12 23 26 67 
41 1 12 23 26 67 
20 1 12 23 26 67 
41 1 12 23 26 67 
41 1 12 23 26 67 
41 1 12 23 26 67 
41 1 12 23 26 67 
41 1 12 23 26 67 
41 1 12 23 26 67 
