14 5 49 9 51 62 33 60 40 69 
2 28 12 66 
2 28 12 66 
53 20 49 35 69 
1 12 23 18 67 
14 24 49 9 51 1 53 15 62 33 60 67 
24 13 1 12 23 67 
60 19 1 20 12 23 67 
1 12 23 31 67 
1 12 57 5 67 
24 13 1 12 23 67 
14 5 19 45 9 51 62 33 1 64 8 67 
31 48 1 12 55 67 
60 19 54 1 12 23 67 
31 20 19 1 67 
51 56 1 54 12 67 
53 35 1 20 5 49 31 12 10 9 51 67 
1 12 5 9 67 
50 19 1 12 9 56 67 
60 19 1 31 48 12 67 
19 1 12 31 20 46 32 67 
48 31 51 33 1 12 55 67 
34 31 51 33 55 1 32 12 67 
34 31 51 33 55 1 32 12 67 
34 64 31 20 19 1 10 12 15 67 
34 64 51 1 49 53 24 12 15 67 
14 31 1 12 5 9 55 58 51 15 67 
54 24 31 5 1 13 12 33 60 14 67 
31 48 19 55 1 67 
24 13 1 60 62 67 
53 35 1 20 31 5 12 10 9 51 15 67 
14 20 5 1 67 
14 8 1 39 31 5 67 
60 19 1 20 45 51 67 
33 24 31 5 55 1 13 67 
31 54 49 25 1 14 5 67 
53 35 20 33 55 1 32 48 67 
45 51 5 31 64 20 19 1 67 
17 14 8 31 5 9 20 19 1 67 
53 35 1 9 51 62 64 60 20 67 
45 8 31 51 5 64 20 19 1 42 67 
14 8 31 5 1 19 9 20 50 51 67 
2 28 12 66 
24 20 5 13 69 
1 12 23 51 67 
31 48 1 12 23 67 
53 35 1 20 5 49 43 33 56 51 15 67 
60 19 1 20 12 23 67 
31 48 19 1 12 67 
1 12 5 9 67 
60 19 54 13 1 12 67 
49 1 53 31 5 44 12 67 
54 8 31 48 55 1 32 12 67 
17 14 31 48 1 12 58 50 49 67 
54 8 31 48 55 1 12 33 49 42 67 
53 35 1 48 20 67 
14 31 48 20 5 49 19 1 12 59 50 67 
31 20 58 1 67 
60 19 54 53 1 8 67 
38 45 57 31 5 48 1 67 
45 51 5 1 62 33 9 31 67 
60 5 49 9 51 19 54 13 1 67 
14 8 31 5 9 20 19 1 50 51 67 
2 28 12 66 
38 45 60 20 49 19 69 
1 12 23 31 67 
31 48 1 12 23 67 
53 35 1 20 5 49 43 33 56 51 15 67 
18 19 1 13 12 23 67 
54 24 1 12 31 67 
1 12 31 19 67 
31 5 1 24 13 12 67 
31 54 49 25 1 12 56 67 
49 5 48 1 62 12 24 51 67 
14 5 31 48 1 12 55 50 51 67 
54 24 31 48 1 19 12 33 60 42 67 
31 13 1 20 49 67 
14 5 1 12 42 19 64 31 57 33 8 67 
31 20 19 1 67 
60 19 54 13 1 8 67 
38 45 57 13 1 8 20 67 
5 9 20 19 31 48 1 64 67 
19 45 5 9 51 62 33 1 64 67 
53 35 20 48 19 1 44 33 49 5 67 
2 28 12 66 
60 20 49 19 69 
1 12 23 31 67 
31 48 1 12 23 67 
31 58 64 60 13 1 53 15 51 65 47 67 
60 19 1 5 12 23 67 
24 13 1 12 14 67 
1 12 31 64 67 
51 54 1 12 49 48 67 
31 49 1 53 44 12 5 67 
1 45 31 12 50 19 10 20 67 
31 5 48 1 34 60 49 12 55 67 
54 8 31 48 1 19 12 33 49 42 67 
31 48 20 19 1 67 
14 31 1 20 5 48 12 55 58 51 15 67 
1 20 14 5 67 
