33 60 10 69 
12 1 23 67 
65 43 33 60 10 9 19 62 69 
12 1 23 67 
65 62 44 15 31 53 55 1 8 9 43 67 
8 1 12 67 
8 1 12 67 
20 60 1 12 67 
59 44 8 20 35 31 62 52 32 60 1 67 
65 39 1 12 67 
18 43 39 1 12 67 
20 53 60 1 12 67 
20 34 64 1 67 
65 62 13 35 31 52 54 1 12 58 44 67 
31 53 1 59 55 12 67 
44 64 1 60 12 8 67 
18 43 8 1 12 44 59 67 
31 44 8 1 15 60 12 67 
9 43 20 18 14 60 1 12 67 
31 34 60 1 12 35 32 8 67 
31 34 60 1 10 35 32 12 8 67 
9 43 8 15 64 1 12 44 59 67 
20 53 1 9 47 67 
31 32 65 52 39 1 12 44 42 56 67 
24 43 44 1 19 67 
31 44 19 8 60 41 51 57 1 12 67 
31 32 19 35 56 62 65 39 1 12 44 67 
24 53 1 59 18 43 67 
20 60 10 1 67 
65 53 1 59 18 33 67 
65 44 48 39 1 18 50 67 
24 53 62 1 51 19 35 67 
9 8 1 20 53 60 43 41 67 
60 43 18 25 31 51 1 8 67 
60 43 18 25 8 54 34 1 55 67 
9 53 8 1 20 43 41 40 56 67 
31 44 10 18 62 8 15 64 1 60 67 
9 43 24 53 1 51 19 35 40 56 67 
12 1 23 67 
20 44 33 60 10 15 50 18 69 
8 1 12 67 
65 62 13 15 41 53 56 1 60 35 20 67 
20 60 1 12 67 
20 10 1 60 12 67 
31 32 1 60 52 12 67 
9 43 8 1 12 44 59 67 
20 44 8 1 10 15 12 55 67 
31 62 8 15 64 1 60 50 12 67 
20 53 1 9 47 67 
31 44 8 1 12 53 62 52 32 60 67 
65 18 19 35 39 1 13 20 10 12 56 67 
65 39 1 18 67 
9 53 20 43 41 1 67 
65 43 18 39 1 13 19 67 
31 62 52 32 53 60 1 20 67 
31 34 33 45 10 35 32 8 1 67 
9 43 19 8 60 41 51 57 1 62 67 
12 1 23 67 
65 18 33 24 20 69 
60 1 12 67 
9 43 19 35 8 53 62 1 17 40 56 67 
20 60 1 12 67 
18 25 39 1 12 67 
60 43 8 39 1 12 67 
59 62 13 53 1 60 12 67 
9 43 31 53 1 12 44 59 67 
60 43 8 1 12 54 55 40 56 67 
49 51 39 1 43 67 
9 43 41 1 12 62 17 53 40 56 67 
24 43 19 35 53 1 51 20 10 12 56 67 
20 34 64 1 67 
5 53 20 64 1 60 67 
20 62 55 34 64 1 39 67 
65 43 33 60 31 51 1 19 67 
65 62 13 15 56 1 60 35 20 67 
31 44 43 40 42 48 53 1 49 47 67 
12 1 23 67 
20 44 33 60 10 15 50 18 69 
57 1 12 67 
31 44 8 20 35 53 62 52 32 60 1 67 
15 60 1 12 67 
20 53 1 60 12 67 
31 53 44 39 1 12 67 
20 44 8 1 12 55 32 67 
31 32 65 39 1 12 44 42 67 
31 25 19 60 53 1 12 57 55 67 
15 18 39 60 1 67 
59 17 18 41 8 54 1 55 12 34 67 
31 43 19 35 41 53 1 20 60 12 56 67 
20 60 1 31 67 
5 53 18 17 35 1 67 
31 53 55 1 8 9 43 67 
49 46 43 18 14 60 1 31 67 
20 44 8 15 64 1 60 50 18 67 
43 44 10 18 60 65 55 1 8 9 67 
12 1 23 67 
33 60 31 69 
8 1 12 67 
59 44 8 20 35 31 62 52 32 60 1 67 
39 8 1 12 67 
