1 12 23 2 67 
1 12 23 2 67 
1 12 23 2 67 
1 12 23 2 67 
1 12 23 2 67 
1 12 23 34 67 
1 12 23 45 67 
1 12 23 62 67 
1 42 12 23 45 67 
1 12 23 45 67 
48 8 31 70 
1 12 23 42 67 
56 20 18 1 31 24 8 47 9 45 67 
48 60 1 42 62 18 41 47 20 8 5 19 67 
45 60 34 1 48 42 47 18 8 14 19 67 
45 5 1 62 18 8 48 10 55 67 
42 8 1 35 12 23 67 
42 8 1 35 12 23 67 
35 8 1 12 42 23 67 
42 20 34 1 62 18 35 12 23 8 5 52 67 
42 18 1 35 12 23 67 
42 18 1 17 60 35 12 23 41 47 20 8 67 
42 60 1 35 12 23 41 47 20 8 5 45 67 
42 60 1 35 12 23 41 47 20 8 5 19 67 
1 42 35 12 23 67 
42 8 1 35 12 48 67 
1 39 65 50 35 42 67 
38 18 1 35 9 62 67 
1 39 65 50 35 12 67 
1 42 35 12 23 67 
54 8 65 1 9 62 67 
1 39 65 50 24 47 67 
48 8 1 35 9 12 67 
1 42 35 12 23 67 
50 8 1 35 12 42 67 
1 42 35 12 23 67 
39 60 34 1 48 42 47 18 8 5 52 67 
1 45 53 12 67 
1 42 35 12 45 67 
1 57 32 12 67 
54 8 1 9 12 48 5 67 
42 45 65 8 9 1 19 18 20 47 51 67 
1 39 35 12 45 67 
54 8 1 9 12 39 18 67 
42 45 56 20 1 18 65 41 48 8 50 67 
1 20 45 9 12 5 62 67 
1 39 35 64 12 67 
48 8 1 9 12 5 45 67 
56 20 1 45 18 25 8 41 12 47 67 
56 45 18 35 19 1 62 60 48 8 47 9 67 
48 45 34 8 14 19 1 10 55 9 12 67 
10 20 34 1 62 60 48 47 18 8 5 52 67 
1 57 35 12 67 
48 60 1 42 62 18 41 47 20 8 5 19 67 
1 35 12 62 60 48 42 39 18 47 67 
1 45 62 14 8 25 20 47 12 39 31 67 
42 45 56 20 1 18 65 41 12 8 31 67 
39 18 1 17 64 41 20 47 51 9 12 31 67 
1 39 65 8 14 48 20 47 51 9 12 31 67 
45 5 1 62 18 8 48 10 55 67 
1 39 35 12 42 67 
48 20 1 62 18 8 5 55 54 67 
1 35 12 42 19 25 39 62 59 47 31 67 
45 5 1 62 18 8 48 10 55 67 
1 35 9 19 8 40 25 20 67 
42 45 34 1 62 60 48 47 51 9 12 19 67 
1 35 9 19 8 40 25 20 67 
57 45 18 1 5 24 8 47 9 31 67 
1 35 18 65 12 42 39 62 47 31 67 
1 45 18 8 5 62 48 10 55 31 67 
1 35 12 42 39 62 10 20 67 
1 53 48 8 52 62 18 47 67 
56 45 1 62 60 48 8 47 9 31 67 
42 45 1 62 18 12 8 41 20 47 67 
1 20 45 62 60 48 25 12 39 67 
1 49 35 12 67 
42 45 1 62 18 41 20 47 51 9 12 31 67 
39 51 1 62 35 20 5 12 54 67 
1 35 12 5 45 42 18 47 67 
1 39 24 62 42 67 
1 39 24 47 50 67 
1 39 14 8 48 67 
48 8 5 1 62 18 55 67 
1 35 9 24 39 62 18 47 67 
48 8 60 19 1 10 55 67 
1 35 12 42 39 62 18 47 67 
48 8 5 41 1 38 55 67 
1 35 12 42 39 62 18 47 67 
1 62 9 35 67 
1 62 18 41 67 
1 39 51 35 62 67 
10 20 1 62 18 8 5 12 39 67 
10 20 1 62 18 8 5 12 54 67 
48 8 5 41 1 10 55 67 
1 62 40 48 67 
1 62 18 8 67 
48 8 52 70 
42 8 40 25 20 47 69 
18 33 38 46 10 65 58 55 14 70 
14 41 52 25 70 
