52 48 40 70 
1 12 18 23 67 
1 12 18 23 67 
52 48 40 70 
60 33 25 58 1 42 17 10 9 54 62 67 
1 9 15 12 18 23 67 
1 12 17 40 67 
60 1 12 54 23 67 
15 1 12 23 62 67 
31 33 25 40 1 42 18 10 9 32 41 67 
1 9 49 12 18 23 67 
10 1 12 48 5 67 
60 1 12 54 9 67 
1 12 40 38 67 
43 38 10 1 67 
1 33 13 12 44 42 17 20 9 43 58 67 
1 9 15 12 40 57 67 
42 25 17 15 1 12 67 
42 44 1 12 45 14 17 67 
42 44 1 12 45 14 17 67 
31 41 42 38 1 44 12 18 67 
31 44 1 12 18 42 19 41 67 
31 58 60 1 48 10 12 33 25 67 
60 1 40 38 12 33 25 65 44 67 
15 25 33 9 1 67 
42 17 10 1 12 48 5 43 54 35 67 
10 1 33 9 15 67 
32 17 52 1 12 48 15 10 54 44 67 
60 1 49 12 44 42 17 20 5 57 33 67 
60 9 64 1 33 45 67 
43 38 33 1 67 
17 38 42 65 44 1 67 
33 17 52 48 40 1 45 67 
42 17 1 43 38 32 33 67 
57 55 25 1 38 41 14 42 67 
57 55 47 1 38 41 14 42 67 
31 17 43 38 34 1 25 9 15 67 
33 1 43 38 34 47 17 65 24 67 
1 57 5 38 41 14 42 65 44 33 67 
31 44 9 32 1 33 48 15 19 62 67 
1 12 18 23 67 
42 17 52 48 40 18 45 70 
18 1 12 23 58 67 
31 33 25 58 1 42 17 10 9 32 41 67 
1 9 15 12 18 23 67 
58 1 9 15 12 67 
1 12 40 57 67 
1 60 15 12 10 25 67 
60 33 1 12 25 18 45 67 
1 9 31 33 25 58 42 12 67 
33 1 9 12 18 42 17 65 24 67 
60 1 33 45 43 67 
31 33 1 12 57 45 42 17 10 49 67 
1 33 49 12 44 42 17 20 9 43 58 67 
43 55 10 1 67 
1 38 42 20 58 33 67 
31 17 1 38 25 9 15 67 
1 9 31 33 25 58 42 20 67 
33 1 43 9 25 58 48 15 10 67 
31 33 25 38 41 14 42 65 58 1 67 
1 12 18 23 67 
42 17 52 48 55 18 45 70 
18 1 12 23 58 67 
31 33 25 58 1 42 17 10 9 32 41 67 
1 9 15 12 18 23 67 
10 1 12 60 15 67 
1 12 18 42 67 
51 15 55 60 1 12 67 
42 17 1 12 25 18 45 67 
1 9 42 5 15 12 43 55 67 
60 1 5 38 12 33 25 65 44 67 
10 1 49 58 60 67 
42 17 25 1 12 20 9 43 54 35 67 
31 44 9 32 1 41 42 12 48 19 62 67 
60 40 38 1 67 
1 38 42 65 44 64 67 
42 17 1 56 38 32 33 67 
57 55 25 1 38 41 14 42 67 
33 1 43 38 34 47 17 65 24 67 
9 33 25 58 1 48 15 10 32 41 67 
1 12 18 23 67 
31 33 52 48 55 44 58 34 38 18 70 
15 1 12 23 20 67 
31 33 25 58 1 42 18 10 9 32 41 67 
1 9 15 12 18 23 67 
60 1 12 54 10 67 
1 12 57 45 67 
1 60 15 12 33 25 67 
42 17 1 12 20 9 43 67 
31 44 1 9 12 48 19 62 67 
33 1 9 15 12 47 17 65 24 67 
58 1 33 60 48 67 
32 17 52 1 12 48 54 44 43 38 67 
31 33 25 1 12 44 58 34 48 38 18 67 
1 40 57 45 67 
1 38 42 20 57 17 67 
42 17 1 43 60 10 35 67 
20 49 42 5 38 1 41 54 67 
49 58 60 1 48 42 65 44 52 67 
1 57 5 38 41 14 42 65 44 33 67 
