47 13 5 10 42 39 70 
1 34 12 23 67 
48 46 64 41 1 31 40 51 39 67 
1 34 12 14 67 
1 14 62 12 23 67 
14 43 1 62 12 23 67 
23 12 28 66 
14 46 64 41 51 1 24 12 39 67 
1 14 62 12 55 67 
14 51 1 58 34 12 67 
1 5 34 12 14 65 41 67 
62 34 1 14 67 
58 51 1 44 34 12 41 46 67 
1 14 39 60 17 67 
14 58 9 34 1 39 67 
14 51 1 9 65 42 46 67 
48 51 1 14 42 65 41 46 67 
2 12 28 66 
2 12 28 66 
2 12 28 66 
2 12 28 66 
2 12 28 66 
2 12 28 66 
2 12 28 66 
2 12 28 66 
2 12 28 66 
2 12 28 66 
2 12 28 66 
2 12 28 66 
2 12 28 66 
2 12 28 66 
2 12 28 66 
2 12 28 66 
2 12 28 66 
2 12 28 66 
2 12 28 66 
2 12 28 66 
2 12 28 66 
2 12 28 66 
2 12 28 66 
2 12 28 66 
2 12 28 66 
2 12 28 66 
2 12 28 66 
2 12 28 66 
2 12 28 66 
2 12 28 66 
2 12 28 66 
2 12 28 66 
2 12 28 66 
2 12 28 66 
2 12 28 66 
2 12 28 66 
2 12 28 66 
2 12 28 66 
2 12 28 66 
2 12 28 66 
2 12 28 66 
2 12 28 66 
2 12 28 66 
2 12 28 66 
2 12 28 66 
2 12 28 66 
2 12 28 66 
2 12 28 66 
2 12 28 66 
2 12 28 66 
2 12 28 66 
2 12 28 66 
2 12 28 66 
2 12 28 66 
2 12 28 66 
2 12 28 66 
2 12 28 66 
2 12 28 66 
2 12 28 66 
2 12 28 66 
2 12 28 66 
2 12 28 66 
2 12 28 66 
2 12 28 66 
2 12 28 66 
2 12 28 66 
2 12 28 66 
2 12 28 66 
2 12 28 66 
2 12 28 66 
2 12 28 66 
2 12 28 66 
2 12 28 66 
2 12 28 66 
2 12 28 66 
2 12 28 66 
2 12 28 66 
2 12 28 66 
2 12 28 66 
2 12 28 66 
2 12 28 66 
2 12 28 66 
2 12 28 66 
