50 65 8 58 54 70 
1 22 12 23 67 
1 22 12 23 67 
50 65 8 58 54 70 
1 12 19 23 67 
14 33 1 20 50 65 8 58 54 5 45 67 
1 12 31 17 23 67 
15 64 1 17 12 23 67 
1 19 12 20 67 
17 58 1 12 23 67 
1 47 12 23 67 
1 32 56 13 12 67 
14 33 1 32 49 17 19 50 25 5 45 67 
49 58 1 17 12 23 67 
1 45 25 42 67 
33 1 46 17 12 48 15 14 19 50 25 67 
1 12 41 31 40 67 
1 12 49 8 67 
49 58 1 12 31 64 67 
14 5 1 12 31 44 67 
44 56 1 20 13 12 19 67 
15 33 56 1 13 50 12 67 
15 60 40 1 12 31 56 64 67 
65 33 40 1 32 49 58 12 67 
33 1 25 64 8 58 13 19 12 67 
5 32 1 19 12 20 44 56 13 67 
65 32 1 58 15 33 12 52 20 13 67 
1 8 14 32 31 13 12 44 50 58 67 
1 65 8 17 15 67 
1 46 31 20 33 67 
65 32 1 20 12 48 15 14 44 56 13 67 
1 45 25 55 67 
15 58 1 8 64 17 67 
49 58 1 20 32 33 67 
52 56 1 45 25 42 38 67 
44 62 1 54 15 33 49 67 
49 33 1 57 8 17 58 31 67 
15 60 40 1 32 49 58 19 67 
14 33 1 32 8 58 13 49 24 67 
44 56 25 13 40 1 20 32 19 67 
14 5 25 64 32 1 34 31 52 33 67 
14 5 25 64 32 1 34 31 52 33 67 
1 22 12 23 67 
50 65 24 58 54 70 
17 58 1 12 23 67 
1 19 12 23 67 
14 1 25 64 32 56 19 55 58 33 31 67 
49 58 1 19 12 23 67 
1 12 31 17 41 67 
1 19 12 20 67 
49 58 1 12 33 64 67 
15 8 1 64 17 12 25 67 
49 1 65 33 58 12 31 64 67 
41 60 40 1 42 33 12 56 62 67 
65 32 1 58 15 33 12 52 20 13 67 
1 65 8 17 47 67 
14 33 1 20 12 17 19 50 25 5 45 67 
1 45 33 54 67 
49 58 1 20 32 33 67 
44 56 1 54 15 33 13 67 
33 65 8 46 25 56 1 15 67 
15 1 25 64 19 40 17 32 50 67 
65 32 1 48 15 14 44 56 20 13 67 
1 22 12 23 67 
50 65 8 14 33 70 
1 12 41 58 23 67 
1 17 12 23 67 
49 8 1 43 32 14 56 50 58 33 31 67 
57 58 1 17 12 23 67 
1 12 31 40 33 67 
1 20 12 33 67 
1 58 8 12 15 19 67 
44 56 1 12 15 33 13 67 
41 60 40 1 12 42 56 50 67 
15 64 14 52 1 17 12 24 50 67 
1 33 54 12 14 45 50 25 52 56 67 
1 65 8 46 15 67 
40 33 56 1 12 31 17 46 44 50 19 67 
1 45 20 60 67 
14 5 1 34 31 52 67 
14 33 47 1 17 32 45 67 
65 32 17 45 25 56 1 20 67 
33 32 1 58 49 13 51 56 20 67 
49 8 14 17 64 1 52 44 50 58 67 
50 65 56 13 8 70 
1 22 12 23 67 
1 12 15 19 23 67 
1 17 12 23 67 
14 33 31 17 64 45 50 25 1 52 56 67 
49 58 1 17 12 23 67 
1 65 8 12 19 67 
1 12 14 33 67 
14 5 1 12 31 52 67 
15 8 1 64 17 12 25 67 
15 60 40 1 49 33 58 12 67 
49 33 1 64 32 17 58 12 31 67 
15 33 56 1 12 64 50 45 25 42 67 
15 65 8 64 1 67 
14 33 1 20 12 31 17 46 54 5 45 67 
1 17 14 8 67 
