59 47 9 1 12 44 67 
19 53 33 1 12 67 
9 1 33 12 67 
23 12 26 67 
10 1 5 67 
23 1 12 67 
33 1 12 23 67 
33 1 12 23 67 
33 1 12 23 67 
33 1 12 23 67 
33 1 12 23 67 
23 1 12 67 
23 1 12 67 
23 1 12 67 
23 1 12 67 
9 40 43 1 12 67 
56 53 13 1 43 15 51 67 
44 53 43 1 34 67 
19 40 43 1 12 67 
19 53 43 1 42 67 
19 53 64 1 42 67 
49 53 43 1 12 67 
42 47 49 44 10 1 33 67 
56 53 34 1 32 18 45 67 
19 53 43 1 42 67 
19 53 9 1 60 67 
44 53 43 1 12 67 
42 53 48 1 12 43 44 67 
34 47 43 1 12 54 67 
44 53 42 48 1 54 8 67 
53 47 64 1 12 41 67 
9 15 43 1 12 41 45 67 
42 53 49 1 44 10 33 67 
19 53 43 1 12 67 
44 53 10 1 12 56 33 67 
53 47 49 1 12 41 67 
44 53 43 1 12 56 33 67 
44 53 8 64 1 12 67 
42 53 49 1 12 41 8 67 
43 1 12 67 
43 1 12 67 
43 1 12 67 
49 53 44 34 1 42 67 
34 47 9 1 43 54 67 
44 53 64 1 12 18 41 34 67 
56 53 64 1 12 18 41 45 67 
53 47 49 1 12 41 67 
49 53 42 40 1 32 67 
44 53 43 1 9 56 12 33 67 
44 53 43 1 9 10 67 
44 42 64 1 32 48 12 18 50 67 
43 1 12 67 
44 60 64 1 12 18 50 57 34 67 
15 53 64 1 12 18 43 34 38 67 
56 53 64 1 12 18 41 45 67 
44 53 34 1 42 60 39 54 38 35 67 
44 53 34 1 25 45 17 35 67 
44 60 64 1 12 18 50 40 53 67 
44 53 64 1 12 15 48 17 38 35 67 
49 53 43 1 9 42 67 
56 53 64 1 12 18 41 45 67 
44 53 43 1 9 45 17 35 67 
42 53 43 1 41 8 12 64 60 35 67 
44 60 57 1 34 38 50 18 40 53 67 
42 45 43 31 1 12 20 46 62 33 67 
44 53 64 1 25 45 17 35 67 
42 60 39 1 34 54 44 49 67 
9 1 44 60 67 
44 53 10 1 33 45 17 35 67 
9 1 60 5 67 
31 1 12 20 67 
44 60 33 1 34 18 50 40 53 67 
42 53 43 1 41 8 12 64 60 35 67 
44 1 12 60 67 
5 53 64 1 42 60 50 48 17 67 
9 1 12 44 67 
44 53 34 1 41 15 48 17 38 35 67 
44 60 64 1 12 18 50 40 53 67 
5 53 10 1 44 15 51 24 62 67 
9 1 60 5 67 
42 53 43 1 34 38 50 46 62 33 67 
44 60 40 1 55 48 15 56 53 67 
44 53 9 1 12 15 48 17 38 35 67 
9 1 43 44 67 
64 1 12 67 
9 1 12 44 67 
42 53 43 1 34 38 50 46 62 33 67 
43 1 44 67 
10 1 5 67 
60 42 13 1 67 
25 1 49 67 
49 1 12 41 67 
42 53 40 1 55 18 56 41 45 67 
43 1 34 67 
43 1 55 67 
44 60 48 15 51 53 70 
42 60 39 46 62 33 70 
44 60 48 15 51 53 70 
42 60 50 46 62 33 70 
42 60 48 15 51 24 70 
