56 9 1 12 23 67 
56 47 1 12 23 67 
56 40 1 12 23 67 
1 45 9 12 23 67 
13 45 59 24 53 51 47 49 33 10 1 40 67 
13 45 5 25 1 18 43 60 33 39 67 
13 45 1 12 23 26 67 
40 45 9 1 12 67 
56 9 1 12 23 67 
47 45 1 12 40 56 67 
53 14 5 70 
40 8 20 1 12 56 23 67 
13 18 1 12 23 45 60 8 67 
46 45 1 12 23 43 67 
47 31 53 13 45 24 43 10 39 1 9 67 
40 45 60 43 38 18 1 52 19 67 
1 45 53 40 12 23 54 67 
9 45 32 18 1 12 23 67 
40 33 9 1 12 67 
1 45 32 40 12 47 23 67 
13 45 53 1 12 23 38 67 
40 52 13 1 12 67 
49 45 9 1 12 67 
13 18 59 24 53 51 10 52 1 45 12 23 67 
40 32 5 17 45 9 1 12 13 60 33 23 67 
13 45 1 12 23 26 67 
13 18 59 24 53 51 10 1 12 23 45 60 67 
9 45 1 12 23 26 67 
13 56 5 17 53 59 14 52 1 45 12 23 67 
9 45 1 12 23 26 67 
40 1 9 45 47 12 43 67 
1 45 53 40 12 56 54 67 
41 45 53 1 12 47 40 67 
46 56 5 17 53 1 13 18 14 45 12 35 67 
13 45 59 24 53 51 10 40 1 12 14 33 67 
13 45 1 12 23 26 67 
41 45 53 1 39 40 33 67 
1 45 53 40 54 60 43 67 
46 56 13 18 14 45 1 12 35 43 67 
40 31 53 39 1 47 8 20 12 60 67 
40 1 60 43 10 39 47 12 67 
46 45 43 13 40 9 1 12 52 19 67 
13 45 5 25 1 56 33 52 12 35 67 
62 56 5 17 45 53 18 1 12 19 38 43 67 
40 1 5 17 50 39 47 12 67 
47 45 53 14 44 1 19 67 
40 56 5 17 45 9 1 12 13 60 33 67 
41 45 53 1 12 56 33 67 
9 45 1 47 12 43 67 
41 45 1 12 56 33 67 
47 31 53 33 10 1 40 8 20 12 60 67 
13 35 1 12 9 23 67 
13 56 33 25 45 1 52 12 35 43 60 67 
13 45 59 24 53 51 10 40 1 12 14 33 67 
47 45 1 12 23 56 67 
47 45 53 40 54 1 19 67 
40 45 1 38 34 43 67 
40 1 60 43 10 39 47 12 67 
9 45 1 47 12 43 67 
24 1 20 8 39 53 10 47 12 67 
13 45 1 53 24 43 67 
13 56 33 25 45 1 12 35 43 67 
13 18 1 12 23 45 60 8 67 
13 45 51 53 33 1 52 10 40 12 14 67 
40 45 9 1 12 67 
40 1 20 8 39 53 10 47 12 67 
13 45 1 12 19 43 67 
40 8 1 20 53 10 47 12 67 
13 45 9 1 12 23 43 60 67 
40 53 18 1 20 67 
9 45 1 12 23 13 67 
13 18 1 12 23 38 43 49 67 
13 45 1 53 24 43 67 
40 45 38 18 1 67 
40 45 38 18 1 67 
13 45 1 12 23 38 43 14 67 
40 53 33 25 5 18 1 49 45 60 67 
9 45 1 12 23 43 67 
40 53 5 18 1 67 
47 56 62 45 20 53 10 43 1 52 67 
13 45 53 51 10 40 1 12 14 67 
47 56 5 17 53 1 52 19 13 45 60 33 67 
47 56 53 33 10 1 52 19 13 45 60 67 
62 45 43 53 33 1 52 19 20 10 60 67 
13 45 47 56 52 48 1 19 67 
47 56 33 25 1 52 19 49 45 60 67 
40 18 1 48 34 56 10 32 67 
47 56 43 53 33 1 52 19 49 45 60 67 
40 18 13 45 60 1 67 
13 18 1 43 45 60 33 39 67 
47 56 59 24 48 1 52 19 13 45 60 33 67 
25 56 59 14 44 1 52 19 13 45 60 33 67 
40 18 1 43 34 56 10 32 67 
13 45 60 33 39 40 1 52 19 67 
13 45 24 43 10 39 1 52 19 67 
13 45 60 43 39 40 1 52 19 67 
5 17 50 69 
53 14 44 70 
20 53 10 43 69 
60 43 10 39 69 
