39 9 59 48 31 14 69 
1 62 12 48 23 67 
12 48 22 28 66 
12 23 22 28 66 
1 2 12 48 23 67 
33 19 52 62 54 47 9 1 17 49 25 51 67 
38 13 1 12 48 53 23 67 
1 62 17 12 34 67 
33 19 52 62 54 47 9 1 17 58 12 59 67 
48 53 1 19 5 12 67 
48 15 1 13 53 38 12 23 67 
12 2 6 28 66 
48 53 1 19 12 18 31 67 
33 31 9 54 51 1 58 12 67 
33 62 17 59 47 9 1 58 12 67 
33 62 49 25 51 9 1 17 58 12 67 
18 62 54 51 17 47 9 1 49 32 12 67 
12 3 22 28 66 
48 62 17 59 1 67 
48 53 18 19 5 1 67 
33 19 48 53 38 1 13 12 23 59 25 51 67 
48 62 1 19 56 47 54 67 
33 57 47 54 51 1 58 38 67 
33 62 45 59 47 9 1 19 39 67 
33 45 38 54 44 9 62 47 1 17 67 
33 62 19 54 17 47 9 1 49 51 58 67 
12 2 22 28 66 
12 2 22 28 66 
12 2 22 28 66 
12 2 22 28 66 
12 2 22 28 66 
12 2 22 28 66 
12 2 22 28 66 
12 2 22 28 66 
12 2 22 28 66 
12 2 22 28 66 
12 2 22 28 66 
12 2 22 28 66 
12 2 22 28 66 
12 2 22 28 66 
12 2 22 28 66 
12 2 22 28 66 
12 2 22 28 66 
12 2 22 28 66 
12 2 22 28 66 
12 2 22 28 66 
12 2 22 28 66 
12 2 22 28 66 
12 2 22 28 66 
12 2 22 28 66 
12 2 22 28 66 
12 2 22 28 66 
12 2 22 28 66 
12 2 22 28 66 
12 2 22 28 66 
12 2 22 28 66 
12 2 22 28 66 
12 2 22 28 66 
12 2 22 28 66 
12 2 22 28 66 
12 2 22 28 66 
12 2 22 28 66 
12 2 22 28 66 
12 2 22 28 66 
12 2 22 28 66 
12 2 22 28 66 
12 2 22 28 66 
12 2 22 28 66 
12 2 22 28 66 
12 2 22 28 66 
12 2 22 28 66 
12 2 22 28 66 
12 2 22 28 66 
12 2 22 28 66 
12 2 22 28 66 
12 2 22 28 66 
12 2 22 28 66 
12 2 22 28 66 
12 2 22 28 66 
12 2 22 28 66 
12 2 22 28 66 
12 2 22 28 66 
12 2 22 28 66 
12 2 22 28 66 
12 2 22 28 66 
12 2 22 28 66 
12 2 22 28 66 
12 2 22 28 66 
12 2 22 28 66 
12 2 22 28 66 
12 2 22 28 66 
12 2 22 28 66 
12 2 22 28 66 
12 2 22 28 66 
12 2 22 28 66 
12 2 22 28 66 
12 2 22 28 66 
12 2 22 28 66 
12 2 22 28 66 
12 2 22 28 66 
