38 10 54 43 69 
3 28 23 66 
1 10 12 60 67 
12 7 23 66 
3 23 12 66 
40 14 48 49 45 1 50 5 38 10 34 67 
60 52 32 1 10 12 67 
60 42 45 17 14 1 50 12 40 43 51 67 
60 52 32 64 42 1 12 67 
40 1 33 44 49 34 12 19 67 
60 19 52 1 12 32 64 23 42 50 67 
40 1 5 49 19 24 12 33 44 67 
60 42 52 32 64 1 12 23 50 67 
60 42 5 49 52 1 50 12 40 43 67 
40 10 54 1 67 
60 56 52 1 5 40 67 
60 45 5 35 42 1 14 67 
38 45 5 44 49 56 33 1 67 
60 56 52 40 1 33 44 49 34 67 
40 14 19 44 45 1 50 38 10 34 67 
3 7 27 66 
3 7 27 66 
3 7 27 66 
3 7 27 66 
3 7 27 66 
3 7 27 66 
3 7 27 66 
3 7 27 66 
3 7 27 66 
3 7 27 66 
3 7 27 66 
3 7 27 66 
3 7 27 66 
3 7 27 66 
3 7 27 66 
3 7 27 66 
3 7 27 66 
3 7 27 66 
3 7 27 66 
3 7 27 66 
3 7 27 66 
3 7 27 66 
3 7 27 66 
3 7 27 66 
3 7 27 66 
3 7 27 66 
3 7 27 66 
3 7 27 66 
3 7 27 66 
3 7 27 66 
3 7 27 66 
3 7 27 66 
3 7 27 66 
3 7 27 66 
3 7 27 66 
3 7 27 66 
3 7 27 66 
3 7 27 66 
3 7 27 66 
3 7 27 66 
3 7 27 66 
3 7 27 66 
3 7 27 66 
3 7 27 66 
3 7 27 66 
3 7 27 66 
3 7 27 66 
3 7 27 66 
3 7 27 66 
3 7 27 66 
3 7 27 66 
3 7 27 66 
3 7 27 66 
3 7 27 66 
3 7 27 66 
3 7 27 66 
3 7 27 66 
3 7 27 66 
3 7 27 66 
3 7 27 66 
3 7 27 66 
3 7 27 66 
3 7 27 66 
3 7 27 66 
3 7 27 66 
3 7 27 66 
3 7 27 66 
3 7 27 66 
3 7 27 66 
3 7 27 66 
3 7 27 66 
3 7 27 66 
3 7 27 66 
3 7 27 66 
3 7 27 66 
3 7 27 66 
3 7 27 66 
3 7 27 66 
3 7 27 66 
3 7 27 66 
