23 1 12 67 
23 1 12 67 
23 1 12 67 
23 1 12 67 
23 1 12 67 
23 1 12 67 
23 1 12 67 
32 15 1 12 67 
41 15 1 12 67 
18 32 1 12 67 
18 32 1 12 67 
33 15 1 12 67 
32 15 1 12 67 
8 1 12 67 
15 1 12 67 
48 15 51 1 12 67 
17 59 15 1 12 67 
32 1 12 67 
32 15 1 12 67 
8 1 12 67 
15 1 12 67 
45 15 59 1 12 67 
59 1 12 67 
32 15 18 55 1 12 67 
48 15 51 1 12 67 
45 38 56 1 12 55 67 
42 17 59 1 39 44 19 12 24 67 
8 65 39 1 35 67 
45 38 33 20 15 56 1 12 58 67 
18 65 15 1 60 67 
42 17 59 1 39 44 19 12 24 67 
18 65 59 1 42 67 
65 15 42 20 52 39 1 59 12 67 
18 15 51 1 12 67 
42 17 59 1 39 44 19 12 24 67 
18 65 59 1 31 67 
45 15 39 1 59 12 67 
33 15 59 1 46 49 17 12 24 67 
19 24 59 1 12 18 15 67 
45 15 39 1 59 12 67 
20 38 15 1 5 42 12 46 67 
33 59 1 32 15 12 67 
33 15 59 1 5 12 46 49 67 
33 50 45 38 15 1 9 12 67 
33 15 18 65 59 1 12 67 
8 65 59 1 39 67 
33 53 55 1 47 12 15 62 67 
18 65 59 1 12 67 
18 15 53 32 55 1 12 67 
33 15 59 1 12 18 62 67 
45 38 58 1 18 12 46 67 
45 38 56 1 12 46 67 
33 15 53 18 32 24 1 12 67 
33 53 55 1 5 12 15 62 67 
45 38 15 1 42 12 46 67 
18 15 53 32 59 1 46 49 17 67 
5 17 53 62 38 9 1 33 15 67 
33 15 53 62 5 1 46 54 17 67 
25 15 59 1 49 62 52 67 
59 1 12 67 
19 24 15 1 55 60 65 59 67 
18 24 53 32 1 60 65 59 67 
8 65 55 1 33 67 
19 24 15 1 55 60 65 59 67 
45 15 46 1 55 20 54 67 
18 15 59 32 1 46 52 67 
18 65 13 32 24 1 67 
33 15 59 1 49 62 52 67 
8 65 18 32 15 1 67 
19 24 33 1 13 60 65 59 67 
33 15 53 62 5 1 46 49 17 67 
19 24 33 20 15 60 65 59 1 67 
8 65 39 1 35 33 67 
42 65 24 1 55 46 67 
19 24 18 53 9 1 65 59 67 
18 32 15 1 67 
48 32 24 1 67 
42 65 13 62 1 46 67 
18 32 55 1 67 
33 15 59 62 49 1 46 52 67 
33 15 59 1 46 49 17 67 
18 53 9 1 67 
18 32 55 1 67 
42 65 55 1 15 46 67 
33 15 59 1 46 49 17 67 
19 24 53 62 49 60 65 59 1 67 
55 1 47 67 
59 1 46 67 
15 1 55 67 
13 55 1 67 
55 1 33 67 
15 1 48 67 
10 15 46 20 54 42 35 24 70 
5 17 49 53 34 70 
8 35 9 59 40 69 
18 32 9 1 67 
33 20 65 69 
42 39 19 32 65 53 69 
42 20 52 69 
5 17 32 9 53 70 
