54 56 20 24 33 50 69 
24 1 56 12 23 67 
24 5 44 46 54 19 50 20 33 1 49 67 
53 1 56 12 41 67 
65 8 1 41 12 10 23 67 
8 1 44 12 54 20 48 59 56 45 40 67 
52 8 1 64 41 12 67 
24 8 1 52 65 12 10 23 67 
8 1 12 10 52 48 53 67 
52 8 1 48 12 54 19 56 67 
52 56 38 57 46 31 8 1 12 67 
10 35 24 8 52 1 12 57 19 48 67 
53 8 41 35 1 67 
53 38 1 64 57 56 67 
53 8 1 10 9 38 59 67 
59 8 1 56 45 40 65 10 67 
35 56 38 57 46 31 43 8 1 67 
24 5 44 46 20 54 19 50 33 1 67 
24 35 1 12 23 26 67 
24 35 1 12 23 26 67 
24 35 1 12 23 26 67 
24 35 1 12 23 26 67 
24 35 1 12 23 26 67 
24 35 1 12 23 26 67 
24 35 1 12 23 26 67 
24 58 1 12 23 26 67 
24 35 1 12 23 26 67 
24 35 1 12 23 26 67 
24 35 1 12 23 26 67 
24 35 1 12 23 26 67 
24 35 1 12 23 26 67 
24 35 1 12 23 26 67 
24 35 1 12 23 26 67 
24 35 1 12 23 26 67 
24 45 1 12 23 26 67 
24 35 1 12 23 26 67 
24 35 1 12 23 26 67 
24 35 1 12 23 26 67 
24 8 1 12 23 26 67 
24 51 1 12 23 26 67 
24 46 1 12 23 26 67 
24 35 1 12 23 26 67 
24 35 1 12 23 26 67 
24 46 1 12 23 26 67 
24 35 1 12 23 26 67 
24 35 1 12 23 26 67 
24 35 1 12 23 26 67 
24 35 1 12 23 26 67 
9 35 1 12 23 26 67 
9 35 1 12 23 26 67 
24 8 1 12 23 26 67 
24 33 1 12 23 26 67 
24 35 1 12 23 26 67 
24 35 1 12 23 26 67 
24 35 1 12 23 26 67 
24 35 1 12 23 26 67 
24 47 1 12 23 26 67 
10 35 1 12 23 26 67 
24 35 1 12 23 26 67 
24 35 1 12 23 26 67 
47 35 1 12 23 26 67 
24 45 1 12 23 26 67 
59 35 1 12 23 26 67 
24 35 1 12 23 26 67 
24 35 1 12 23 26 67 
24 35 1 12 23 26 67 
10 35 1 12 23 26 67 
24 35 1 12 23 26 67 
46 35 1 12 23 26 67 
24 35 1 12 23 26 67 
24 62 1 12 23 26 67 
24 58 1 12 23 26 67 
24 35 1 12 23 26 67 
24 35 1 12 23 26 67 
24 5 1 12 23 26 67 
24 35 1 12 23 26 67 
24 35 1 12 23 26 67 
24 35 1 12 23 26 67 
24 8 1 12 23 26 67 
10 35 1 12 23 26 67 
54 45 1 12 23 26 67 
24 35 1 12 23 26 67 
24 35 1 12 23 26 67 
24 35 1 12 23 26 67 
59 35 1 12 23 26 67 
24 35 1 12 23 26 67 
49 35 1 12 23 26 67 
24 35 1 12 23 26 67 
24 31 1 12 23 26 67 
24 35 1 12 23 26 67 
49 35 1 12 23 26 67 
24 35 1 12 23 26 67 
24 35 1 12 23 26 67 
24 35 1 12 23 26 67 
24 35 1 12 23 26 67 
24 35 1 12 23 26 67 
24 40 1 12 23 26 67 
24 35 1 12 23 26 67 
24 35 1 12 23 26 67 
52 8 1 12 23 41 67 
