4 1 12 67 
4 1 12 67 
4 1 12 67 
4 1 12 67 
4 1 12 67 
4 1 12 67 
4 1 12 67 
24 40 9 33 1 12 64 23 67 
24 40 19 1 31 12 64 23 67 
24 51 19 1 31 12 64 23 67 
46 51 19 1 31 12 64 23 67 
9 24 19 1 17 12 64 23 67 
24 51 19 1 31 12 64 23 67 
9 45 50 1 67 
9 24 33 1 67 
9 45 50 1 67 
9 45 50 1 67 
43 1 12 67 
9 24 33 1 67 
50 1 12 67 
9 24 33 1 67 
57 48 17 1 12 67 
50 1 12 67 
57 24 17 1 12 67 
47 1 12 67 
57 48 17 1 12 67 
9 24 33 1 12 67 
9 24 33 1 19 12 67 
33 1 12 67 
57 24 17 1 12 67 
57 64 50 1 31 12 67 
33 1 12 67 
48 24 50 1 12 67 
13 42 50 1 12 64 67 
57 42 51 1 19 12 67 
9 24 33 1 12 64 67 
50 1 12 67 
57 24 39 59 1 12 67 
50 1 9 67 
50 1 57 67 
50 1 57 67 
33 1 19 67 
9 24 17 51 1 67 
9 24 19 54 1 67 
33 1 9 67 
9 45 57 60 1 67 
65 24 19 34 1 67 
9 24 19 54 1 67 
57 24 39 59 1 12 67 
57 55 62 1 33 12 38 67 
50 1 31 67 
55 24 64 1 65 19 12 52 67 
57 42 1 65 19 31 12 67 
57 42 64 46 19 1 12 67 
9 45 57 60 1 67 
57 42 41 1 33 12 24 67 
57 42 19 1 56 5 65 12 67 
9 24 31 43 20 1 67 
58 24 64 1 51 33 12 59 67 
57 42 1 65 19 31 12 67 
9 24 19 1 33 12 64 67 
57 24 39 42 19 1 67 
57 42 19 1 52 59 65 12 44 67 
57 24 39 42 60 1 67 
57 42 31 43 58 1 12 64 67 
9 51 19 1 52 33 12 24 44 67 
9 24 53 43 58 19 1 67 
9 24 31 15 20 19 1 67 
24 51 19 1 31 12 64 49 67 
57 55 62 1 24 12 19 52 41 67 
9 51 19 1 33 12 24 44 32 67 
57 42 19 1 24 51 31 12 64 67 
9 24 39 59 20 19 1 67 
57 24 39 42 60 1 67 
9 24 39 59 19 31 1 67 
9 24 42 59 19 1 67 
57 42 19 1 65 12 52 44 59 67 
9 24 64 1 65 19 12 52 67 
9 24 39 59 19 1 67 
9 24 31 43 56 19 1 67 
9 24 31 15 20 19 1 67 
57 42 19 1 52 41 18 44 59 67 
9 24 64 46 39 31 19 1 67 
42 34 64 44 62 31 19 1 67 
57 42 19 1 52 59 9 43 40 67 
9 24 64 46 62 5 19 1 67 
9 24 64 46 39 31 19 1 67 
65 34 19 1 52 41 18 44 32 67 
9 24 64 38 62 5 19 1 67 
9 24 64 44 62 31 19 1 67 
65 34 19 1 52 41 18 44 32 67 
56 42 19 1 52 51 58 39 33 67 
57 42 19 1 52 59 9 43 40 67 
39 59 51 70 
64 46 50 69 
64 46 5 69 
64 46 19 69 
39 59 19 70 
31 43 56 69 
64 46 19 69 
