25 60 46 13 9 45 39 54 17 34 69 
56 1 65 12 23 67 
2 24 12 22 28 66 
2 3 12 22 28 66 
2 65 12 23 28 66 
62 41 18 39 58 54 5 1 40 25 56 67 
2 3 12 59 28 66 
53 1 20 62 12 23 67 
1 25 59 65 12 67 
65 5 1 12 41 47 23 67 
47 41 18 1 39 52 54 56 12 34 65 67 
35 5 1 59 18 12 67 
56 52 25 1 12 41 18 23 67 
18 5 1 12 39 56 50 67 
2 21 12 28 14 66 
56 5 1 25 50 51 12 34 67 
2 65 12 6 28 66 
5 39 58 25 56 1 50 51 12 67 
18 47 1 39 52 54 56 12 34 65 67 
1 25 59 18 60 67 
25 5 1 59 18 60 67 
5 25 18 39 56 1 50 67 
18 5 1 25 50 39 31 41 67 
18 39 56 1 50 34 65 15 53 67 
18 39 56 1 60 35 50 34 65 15 67 
2 6 12 22 28 66 
2 6 12 22 28 66 
2 6 12 22 28 66 
2 6 12 22 28 66 
2 6 12 22 28 66 
2 6 12 22 28 66 
2 6 12 22 28 66 
2 6 12 22 28 66 
2 6 12 22 28 66 
2 6 12 22 28 66 
2 6 12 22 28 66 
2 6 12 22 28 66 
2 6 12 22 28 66 
2 6 12 22 28 66 
2 6 12 22 28 66 
2 6 12 22 28 66 
2 6 12 22 28 66 
2 6 12 22 28 66 
2 6 12 22 28 66 
2 6 12 22 28 66 
2 6 12 22 28 66 
2 6 12 22 28 66 
2 6 12 22 28 66 
2 6 12 22 28 66 
2 6 12 22 28 66 
2 6 12 22 28 66 
2 6 12 22 28 66 
2 6 12 22 28 66 
2 6 12 22 28 66 
2 6 12 22 28 66 
2 6 12 22 28 66 
2 6 12 22 28 66 
2 6 12 22 28 66 
2 6 12 22 28 66 
2 6 12 22 28 66 
2 6 12 22 28 66 
2 6 12 22 28 66 
2 6 12 22 28 66 
2 6 12 22 28 66 
2 6 12 22 28 66 
2 6 12 22 28 66 
2 6 12 22 28 66 
2 6 12 22 28 66 
2 6 12 22 28 66 
2 6 12 22 28 66 
2 6 12 22 28 66 
2 6 12 22 28 66 
2 6 12 22 28 66 
2 6 12 22 28 66 
2 6 12 22 28 66 
2 6 12 22 28 66 
2 6 12 22 28 66 
2 6 12 22 28 66 
2 6 12 22 28 66 
2 6 12 22 28 66 
2 6 12 22 28 66 
2 6 12 22 28 66 
2 6 12 22 28 66 
2 6 12 22 28 66 
2 6 12 22 28 66 
2 6 12 22 28 66 
2 6 12 22 28 66 
2 6 12 22 28 66 
2 6 12 22 28 66 
2 6 12 22 28 66 
2 6 12 22 28 66 
2 6 12 22 28 66 
2 6 12 22 28 66 
2 6 12 22 28 66 
2 6 12 22 28 66 
2 6 12 22 28 66 
2 6 12 22 28 66 
2 6 12 22 28 66 
2 6 12 22 28 66 
2 6 12 22 28 66 
