13 17 45 55 57 70 
1 12 15 67 
65 25 1 53 48 15 55 5 49 60 31 45 67 
31 10 1 12 15 42 67 
44 10 1 12 33 41 55 5 53 48 18 13 67 
41 43 1 12 23 15 60 31 67 
44 51 31 1 12 15 42 57 23 67 
44 10 1 56 47 12 42 67 
44 10 45 31 25 1 12 42 67 
44 10 1 12 45 31 25 42 57 23 67 
45 25 39 10 1 31 55 44 12 67 
44 25 1 53 48 18 13 42 60 12 67 
44 38 1 46 17 55 5 49 56 12 52 67 
31 10 44 60 1 33 67 
65 25 1 12 23 15 55 5 49 60 31 45 67 
47 10 1 44 33 9 42 67 
44 24 1 46 32 31 55 45 67 
62 25 1 46 40 9 48 64 10 67 
65 25 1 53 48 15 60 31 55 45 67 
59 33 1 46 17 55 5 45 44 64 10 67 
1 12 23 67 
1 12 23 67 
1 12 23 67 
1 12 23 67 
1 12 23 67 
1 12 23 67 
1 12 23 67 
1 12 23 67 
1 12 23 67 
1 12 23 67 
1 12 23 67 
1 12 23 67 
1 12 23 67 
1 12 23 67 
1 12 23 67 
1 12 23 67 
1 12 23 67 
1 12 23 67 
1 12 23 67 
1 12 23 67 
1 12 23 67 
1 12 23 67 
1 12 23 67 
1 12 23 67 
1 12 23 67 
1 12 23 67 
1 12 23 67 
1 12 23 67 
1 12 23 67 
1 12 23 67 
1 12 23 67 
1 12 23 67 
1 12 23 67 
1 12 23 67 
1 12 23 67 
1 12 23 67 
1 12 23 67 
1 12 23 67 
1 12 23 67 
1 12 23 67 
1 12 23 67 
1 12 23 67 
1 12 23 67 
1 12 23 67 
1 12 23 67 
1 12 23 67 
1 12 23 67 
1 12 23 67 
1 12 23 67 
1 12 23 67 
1 12 23 67 
1 12 23 67 
1 12 23 67 
1 12 23 67 
1 12 23 67 
1 12 23 67 
1 12 23 67 
1 12 23 67 
1 12 23 67 
1 12 23 67 
1 12 23 67 
1 12 23 67 
1 12 23 67 
1 12 23 67 
1 12 23 67 
1 12 23 67 
1 12 23 67 
1 12 23 67 
1 12 23 67 
1 12 23 67 
1 12 23 67 
1 12 23 67 
1 12 23 67 
1 12 23 67 
1 12 23 67 
1 12 23 67 
1 12 23 67 
1 12 23 67 
1 12 23 67 
1 12 23 67 
