44 14 58 17 70 
42 1 12 67 
44 45 8 14 58 32 17 62 48 55 1 67 
44 45 1 12 67 
44 45 1 12 62 67 
35 51 39 1 58 32 17 53 43 12 48 67 
32 17 47 1 12 48 67 
17 62 34 1 12 35 43 67 
32 17 45 1 35 62 44 12 67 
32 17 62 48 55 34 1 12 35 67 
35 51 39 1 43 12 62 48 55 57 67 
44 9 34 1 67 
62 42 31 1 46 67 
59 17 55 1 44 60 67 
32 17 43 31 55 48 1 67 
32 17 43 31 33 48 55 1 67 
32 17 62 48 55 1 57 14 20 67 
44 45 62 5 33 32 17 48 55 1 67 
12 1 23 67 
12 1 23 67 
12 1 23 67 
12 1 23 67 
12 1 23 67 
12 1 23 67 
12 1 23 67 
12 1 23 67 
12 1 23 67 
12 1 23 67 
12 1 23 67 
12 1 23 67 
12 1 23 67 
12 1 23 67 
12 1 23 67 
12 1 23 67 
12 1 23 67 
12 1 23 67 
12 1 23 67 
12 1 23 67 
12 1 23 67 
12 1 23 67 
12 1 23 67 
12 1 23 67 
12 1 23 67 
12 1 23 67 
12 1 23 67 
12 1 23 67 
12 1 23 67 
12 1 23 67 
12 1 23 67 
12 1 23 67 
12 1 23 67 
12 1 23 67 
12 1 23 67 
12 1 23 67 
12 1 23 67 
12 1 23 67 
12 1 23 67 
12 1 23 67 
12 1 23 67 
12 1 23 67 
12 1 23 67 
12 1 23 67 
12 1 23 67 
12 1 23 67 
12 1 23 67 
12 1 23 67 
12 1 23 67 
12 1 23 67 
12 1 23 67 
12 1 23 67 
12 1 23 67 
12 1 23 67 
12 1 23 67 
12 1 23 67 
12 1 23 67 
12 1 23 67 
12 1 23 67 
12 1 23 67 
12 1 23 67 
12 1 23 67 
12 1 23 67 
12 1 23 67 
12 1 23 67 
12 1 23 67 
12 1 23 67 
12 1 23 67 
12 1 23 67 
12 1 23 67 
12 1 23 67 
12 1 23 67 
12 1 23 67 
12 1 23 67 
12 1 23 67 
12 1 23 67 
12 1 23 67 
12 1 23 67 
12 1 23 67 
12 1 23 67 
12 1 23 67 
12 1 23 67 
