48 43 60 34 38 69 
1 12 23 26 67 
1 12 23 26 67 
42 35 58 69 
1 49 12 23 26 67 
14 44 20 38 1 47 42 53 43 51 67 
1 12 23 54 67 
1 49 12 23 26 67 
1 44 12 13 34 23 67 
1 8 12 20 23 67 
1 12 33 44 67 
1 13 49 12 23 67 
1 12 44 23 67 
35 60 20 38 1 55 34 24 43 51 67 
1 44 12 13 34 23 67 
48 43 60 1 12 67 
44 42 1 12 13 67 
1 12 5 13 67 
20 38 1 67 
44 43 1 57 31 55 13 53 8 12 67 
1 44 42 13 10 12 67 
1 44 12 10 34 57 67 
1 44 43 13 35 47 12 67 
44 43 5 1 12 48 56 67 
1 13 10 44 67 
43 44 1 13 20 38 12 60 67 
44 42 1 57 13 10 12 40 67 
1 34 32 44 67 
1 44 42 43 60 12 33 58 35 67 
44 43 1 57 13 53 8 12 20 67 
1 55 48 43 60 67 
48 43 60 1 13 67 
58 13 1 67 
1 8 34 53 44 42 67 
1 8 43 13 10 44 67 
44 43 5 1 32 48 56 67 
44 43 60 35 1 52 56 67 
32 44 1 43 39 9 13 42 67 
24 44 1 13 42 25 10 8 67 
35 57 20 31 43 60 1 13 51 67 
35 60 1 13 58 55 14 44 12 43 67 
55 44 1 13 32 20 42 58 5 67 
1 12 23 26 67 
58 13 18 69 
1 8 12 23 26 67 
1 55 8 12 23 67 
1 12 23 43 67 
35 60 1 57 58 55 34 24 43 51 67 
1 8 12 23 43 53 67 
1 55 8 12 49 67 
1 12 44 48 67 
1 8 12 53 48 39 67 
13 44 1 12 43 42 18 67 
43 51 1 13 20 38 12 15 67 
1 34 32 44 67 
55 44 1 57 18 12 20 13 10 67 
1 44 60 53 50 67 
60 35 1 67 
1 44 57 13 55 18 67 
14 44 1 47 38 42 53 67 
24 44 1 13 42 25 10 8 67 
44 1 20 33 57 13 35 47 12 40 67 
1 44 42 13 18 43 5 58 35 67 
1 12 23 26 67 
65 43 60 34 38 69 
1 8 12 23 26 67 
1 49 12 23 43 67 
1 12 44 23 67 
35 60 1 57 58 55 34 24 43 51 67 
1 8 12 49 23 35 67 
1 43 60 12 33 67 
1 12 33 44 67 
1 12 20 38 8 48 67 
14 44 1 12 38 42 53 67 
43 51 1 13 20 38 12 60 67 
1 13 10 5 67 
44 43 1 8 12 13 20 47 50 67 
48 43 60 1 49 67 
60 35 1 67 
55 44 51 13 52 1 67 
44 43 5 1 32 52 56 67 
35 60 20 38 51 13 10 1 67 
55 44 1 57 43 60 56 12 13 10 67 
44 43 1 8 5 13 35 47 50 67 
1 12 23 26 67 
42 13 9 69 
1 49 12 23 26 67 
1 55 8 12 23 67 
1 12 23 55 67 
55 44 1 57 43 60 5 13 10 18 67 
1 44 12 13 34 23 67 
1 55 8 12 20 67 
1 12 38 44 67 
1 12 49 43 8 48 67 
20 43 51 44 1 12 38 67 
55 44 1 12 49 13 10 58 67 
1 13 18 43 67 
43 44 20 38 1 12 60 56 51 67 
1 44 64 34 49 67 
60 35 1 67 
