31 18 8 40 52 70 
39 1 12 23 67 
51 10 65 60 31 18 8 70 
59 1 12 23 67 
47 51 1 38 24 41 53 10 13 20 15 67 
31 51 50 1 12 23 67 
39 1 12 5 67 
31 1 51 12 23 67 
53 1 51 12 23 67 
47 51 1 38 42 41 53 10 13 20 15 67 
31 42 50 1 12 23 67 
31 1 55 12 43 67 
44 1 51 12 41 67 
53 1 35 12 67 
42 1 10 13 67 
47 15 1 53 55 12 39 56 5 48 64 67 
31 51 50 56 1 12 67 
38 51 32 31 1 12 67 
38 32 53 1 48 12 42 67 
38 32 53 1 55 12 42 67 
59 14 34 53 10 1 12 64 67 
31 34 57 1 51 39 12 46 67 
1 49 39 53 12 38 34 13 8 67 
5 1 39 53 12 38 34 13 60 67 
50 1 17 42 10 67 
53 14 10 1 13 44 51 49 50 12 67 
59 1 55 14 34 67 
56 14 10 18 8 1 53 12 52 55 67 
50 1 57 12 52 49 64 38 14 42 10 67 
40 51 49 1 10 13 67 
35 1 41 45 67 
44 19 43 1 41 34 67 
47 51 24 1 38 50 15 67 
44 51 49 53 42 31 1 67 
18 51 56 5 39 1 31 53 67 
5 41 53 1 44 8 40 32 67 
25 14 24 51 39 13 19 1 48 67 
53 1 39 56 5 50 48 64 60 67 
50 1 42 10 31 25 43 5 8 60 67 
17 1 42 10 31 25 43 5 14 24 67 
31 51 50 18 39 56 70 
39 1 12 23 67 
31 1 51 12 23 67 
31 1 57 18 8 40 52 38 14 41 35 67 
31 42 50 1 12 23 67 
53 1 51 55 12 67 
53 1 12 38 67 
38 51 32 57 1 12 67 
44 51 49 50 1 12 42 67 
1 13 56 5 51 39 12 43 67 
25 14 24 51 39 13 19 1 12 67 
41 1 51 38 10 67 
53 1 39 49 8 51 12 31 57 64 67 
47 51 1 38 50 18 10 24 12 39 15 67 
42 1 10 13 67 
53 42 31 1 14 10 67 
47 51 24 1 38 50 15 67 
5 41 53 1 14 10 13 32 67 
44 1 39 25 55 13 41 34 51 67 
53 14 10 1 13 44 51 49 31 25 67 
56 18 8 14 10 70 
35 1 12 23 67 
53 1 55 12 23 67 
47 51 1 38 50 53 39 56 5 48 64 67 
31 51 57 1 12 23 67 
54 1 55 12 10 67 
31 1 12 42 67 
25 51 50 14 1 12 67 
48 1 42 41 53 10 12 67 
59 14 34 53 52 1 12 64 67 
25 14 24 51 39 1 12 52 55 67 
50 1 51 18 31 67 
53 14 10 1 13 24 5 51 39 12 67 
48 1 57 12 52 49 64 38 14 41 35 67 
31 1 50 42 67 
64 51 43 1 39 25 67 
44 51 49 41 53 1 31 67 
42 41 53 1 10 13 20 51 67 
58 41 45 1 64 39 47 51 53 67 
53 14 10 1 13 56 5 51 39 25 67 
35 1 12 23 67 
44 41 8 40 5 70 
31 1 51 12 23 67 
5 14 10 13 1 32 39 58 20 51 38 67 
31 51 57 1 12 23 67 
44 1 51 12 41 67 
14 1 12 51 67 
38 51 57 1 12 32 67 
38 32 53 1 48 12 42 67 
31 51 34 39 57 1 46 12 67 
64 1 39 25 55 13 19 50 12 67 
46 1 53 10 24 67 
25 14 10 51 39 1 53 12 52 55 67 
48 1 57 12 52 39 64 38 14 41 35 67 
8 1 53 10 67 
44 51 49 1 31 53 67 
50 1 42 41 53 10 13 67 
44 41 5 39 64 1 25 15 67 
53 1 39 49 8 31 57 64 60 67 
1 41 45 38 50 8 47 39 51 53 67 
