42 17 39 31 69 
39 1 12 56 23 26 67 
1 12 18 56 23 47 67 
12 22 28 23 66 
12 22 28 40 66 
56 47 1 17 35 39 31 20 5 45 18 67 
1 56 17 12 42 23 26 67 
55 1 25 12 42 23 44 67 
62 1 12 17 42 19 25 53 5 13 56 67 
1 12 56 17 18 52 67 
12 15 28 23 66 
56 64 1 47 55 12 25 23 18 67 
42 1 56 17 12 23 26 60 67 
12 2 6 28 66 
10 1 12 42 51 46 18 67 
1 12 56 17 9 18 52 42 67 
56 64 1 47 55 25 12 23 18 52 67 
10 18 42 60 41 1 12 51 46 67 
56 47 35 17 1 45 18 54 12 64 67 
12 3 22 28 66 
1 49 56 17 25 53 67 
10 18 42 1 51 59 39 67 
1 24 56 17 9 18 42 60 67 
25 18 42 60 41 1 59 39 17 67 
56 13 32 47 55 17 1 45 18 54 67 
12 2 22 28 66 
12 2 22 28 66 
12 2 22 28 66 
12 2 22 28 66 
12 2 22 28 66 
12 2 22 28 66 
12 2 22 28 66 
12 2 22 28 66 
12 2 22 28 66 
12 2 22 28 66 
12 2 22 28 66 
12 2 22 28 66 
12 2 22 28 66 
12 2 22 28 66 
12 2 22 28 66 
12 2 22 28 66 
12 2 22 28 66 
12 2 22 28 66 
12 2 22 28 66 
12 2 22 28 66 
12 2 22 28 66 
12 2 22 28 66 
12 2 22 28 66 
12 2 22 28 66 
12 2 22 28 66 
12 2 22 28 66 
12 2 22 28 66 
12 2 22 28 66 
12 2 22 28 66 
12 2 22 28 66 
12 2 22 28 66 
12 2 22 28 66 
12 2 22 28 66 
12 2 22 28 66 
12 2 22 28 66 
12 2 22 28 66 
12 2 22 28 66 
12 2 22 28 66 
12 2 22 28 66 
12 2 22 28 66 
12 2 22 28 66 
12 2 22 28 66 
12 2 22 28 66 
12 2 22 28 66 
12 2 22 28 66 
12 2 22 28 66 
12 2 22 28 66 
12 2 22 28 66 
12 2 22 28 66 
12 2 22 28 66 
12 2 22 28 66 
12 2 22 28 66 
12 2 22 28 66 
12 2 22 28 66 
12 2 22 28 66 
12 2 22 28 66 
12 2 22 28 66 
12 2 22 28 66 
12 2 22 28 66 
12 2 22 28 66 
12 2 22 28 66 
12 2 22 28 66 
12 2 22 28 66 
12 2 22 28 66 
12 2 22 28 66 
12 2 22 28 66 
12 2 22 28 66 
12 2 22 28 66 
12 2 22 28 66 
12 2 22 28 66 
12 2 22 28 66 
12 2 22 28 66 
12 2 22 28 66 
12 2 22 28 66 
1 56 20 33 12 5 23 52 67 
