59 19 8 46 69 
3 22 15 68 
56 39 1 23 12 67 
4 39 1 23 12 67 
56 39 1 59 12 67 
39 45 50 38 34 46 1 47 19 58 54 44 67 
35 39 34 56 1 59 12 67 
4 39 2 22 27 67 
56 45 50 38 39 1 34 12 5 58 54 44 67 
35 39 56 1 23 12 48 67 
55 39 34 57 45 46 1 12 67 
35 39 34 56 45 50 38 1 12 67 
59 39 19 8 46 1 47 44 10 12 67 
59 39 54 19 8 46 1 47 44 10 12 67 
39 45 34 46 1 67 
57 39 45 34 46 1 67 
35 39 51 49 48 10 1 67 
35 39 34 38 45 46 1 48 67 
52 13 59 19 8 46 1 47 53 67 
35 45 50 19 18 46 1 47 44 58 67 
52 13 46 49 39 45 34 1 19 53 54 67 
3 22 27 68 
3 22 27 68 
3 22 27 68 
3 22 27 68 
3 22 27 68 
3 22 27 68 
3 22 27 68 
3 22 27 68 
3 22 27 68 
3 22 27 68 
3 22 27 68 
3 22 27 68 
3 22 27 68 
3 22 27 68 
3 22 27 68 
3 22 27 68 
3 22 27 68 
3 22 27 68 
3 22 27 68 
3 22 27 68 
3 22 27 68 
3 22 27 68 
3 22 27 68 
3 22 27 68 
3 22 27 68 
3 22 27 68 
3 22 27 68 
3 22 27 68 
3 22 27 68 
3 22 27 68 
3 22 27 68 
3 22 27 68 
3 22 27 68 
3 22 27 68 
3 22 27 68 
3 22 27 68 
3 22 27 68 
3 22 27 68 
3 22 27 68 
3 22 27 68 
3 22 27 68 
3 22 27 68 
3 22 27 68 
3 22 27 68 
3 22 27 68 
3 22 27 68 
3 22 27 68 
3 22 27 68 
3 22 27 68 
3 22 27 68 
3 22 27 68 
3 22 27 68 
3 22 27 68 
3 22 27 68 
3 22 27 68 
3 22 27 68 
3 22 27 68 
3 22 27 68 
3 22 27 68 
3 22 27 68 
3 22 27 68 
3 22 27 68 
3 22 27 68 
3 22 27 68 
3 22 27 68 
3 22 27 68 
3 22 27 68 
3 22 27 68 
3 22 27 68 
3 22 27 68 
3 22 27 68 
3 22 27 68 
3 22 27 68 
3 22 27 68 
3 22 27 68 
3 22 27 68 
3 22 27 68 
3 22 27 68 
3 22 27 68 
