1 45 12 23 26 44 67 
1 45 12 23 26 44 67 
1 24 12 23 26 45 67 
1 45 12 23 26 44 67 
1 45 12 23 26 44 67 
1 12 23 17 5 67 
44 1 12 23 39 5 67 
9 1 51 12 23 38 67 
1 14 35 12 23 67 
45 1 44 24 12 23 67 
1 12 23 26 44 67 
1 12 23 62 24 67 
1 12 23 26 24 67 
24 51 31 1 12 67 
14 1 12 23 19 35 67 
1 12 23 26 24 67 
1 12 23 19 35 67 
9 49 35 1 12 67 
1 12 23 24 58 67 
19 1 44 24 12 50 67 
9 1 44 24 12 62 67 
9 1 44 24 12 23 67 
1 12 23 26 45 67 
9 1 44 51 31 12 67 
1 45 44 5 12 9 67 
1 12 23 26 24 67 
44 35 31 1 12 67 
17 1 44 50 5 9 67 
9 1 51 50 38 58 67 
9 1 44 50 45 12 67 
9 1 44 50 24 58 67 
45 51 31 1 12 67 
50 1 45 12 9 31 53 67 
9 1 51 50 38 46 67 
24 1 58 14 35 12 51 67 
1 24 19 50 58 31 12 67 
9 1 44 50 14 46 67 
14 1 48 40 33 20 12 23 67 
9 1 39 41 19 49 12 23 67 
9 51 31 1 12 67 
24 1 58 9 49 12 51 67 
17 1 5 9 49 12 23 67 
9 1 51 12 23 38 17 67 
54 62 35 1 14 67 
24 14 35 58 1 67 
48 1 58 40 24 12 23 33 67 
9 1 17 40 12 23 14 57 67 
50 1 58 45 12 47 31 40 56 48 44 67 
54 62 35 1 50 67 
17 1 5 9 49 12 23 67 
59 51 31 1 50 67 
17 58 56 14 1 35 55 5 24 45 12 67 
24 1 58 9 18 31 12 67 
59 1 58 19 48 39 55 18 43 10 12 67 
50 24 31 1 40 67 
9 1 49 12 23 14 46 67 
50 1 58 45 12 53 31 40 56 48 44 67 
24 1 31 50 14 40 12 13 45 67 
14 1 49 40 33 20 12 23 67 
44 1 17 40 18 50 8 12 57 67 
9 1 49 12 23 14 46 67 
59 1 58 14 19 48 39 10 12 53 67 
17 58 56 14 1 24 45 12 53 18 67 
24 58 62 1 51 50 31 56 8 42 20 67 
1 24 19 50 44 45 56 67 
44 1 17 40 31 56 13 12 57 67 
59 1 58 18 19 48 39 10 12 53 67 
24 1 58 51 64 40 12 13 45 67 
14 1 31 50 8 48 54 67 
44 1 31 56 13 12 57 62 67 
44 1 51 50 31 56 12 17 67 
44 1 51 31 19 9 24 12 57 62 67 
24 58 1 38 56 35 55 5 45 42 20 67 
14 1 5 50 15 48 54 67 
24 58 1 50 52 35 55 5 45 42 20 67 
41 1 5 50 18 31 8 67 
24 1 58 18 44 19 64 40 12 53 67 
44 1 31 56 13 12 57 62 67 
17 58 50 40 44 19 52 1 47 49 67 
52 10 17 40 31 50 1 64 41 67 
44 1 51 9 24 12 57 62 67 
24 1 58 45 12 53 18 42 20 47 49 67 
24 1 58 51 64 40 12 53 45 67 
44 1 39 41 50 12 57 62 67 
14 1 31 50 57 9 40 49 52 67 
24 58 50 42 20 48 52 1 47 49 67 
44 1 39 50 33 52 41 56 35 67 
44 1 24 50 19 56 35 54 67 
44 1 39 41 50 56 35 14 67 
14 10 17 50 15 52 1 64 41 67 
14 1 41 19 34 9 57 40 60 64 67 
44 1 39 41 50 56 35 14 67 
24 58 1 38 15 35 55 5 45 42 20 67 
14 1 41 19 34 9 57 40 49 52 67 
52 1 64 40 33 38 48 44 67 
52 40 33 38 70 
51 50 38 70 
31 50 14 70 
42 18 54 24 20 70 
31 50 13 70 
