1 12 23 33 4 67 
1 12 23 56 4 67 
1 12 23 43 4 67 
1 12 23 33 4 67 
1 12 23 33 4 67 
1 12 23 33 4 67 
1 44 12 38 23 67 
1 44 12 38 23 67 
1 12 23 33 5 67 
1 44 12 38 23 67 
1 44 12 38 23 67 
1 5 39 12 23 67 
1 12 38 44 23 56 67 
1 12 38 44 23 56 67 
1 57 47 44 64 12 23 31 67 
1 12 47 50 64 23 67 
1 43 44 64 12 65 23 67 
1 54 62 12 38 44 23 60 67 
1 65 44 12 64 23 18 67 
1 47 50 64 12 23 35 67 
1 12 38 44 23 13 67 
1 43 44 64 58 57 12 23 67 
1 54 47 44 64 12 23 31 67 
1 12 38 44 23 13 67 
1 12 64 44 43 47 23 67 
1 12 38 44 23 60 67 
1 12 5 23 57 33 45 13 67 
1 43 44 64 12 23 34 67 
1 47 44 64 12 23 31 67 
1 12 64 65 23 31 32 56 67 
1 52 32 64 56 45 41 67 
1 65 44 64 56 45 9 67 
1 65 44 25 47 19 45 67 
1 52 44 64 12 47 19 67 
1 13 44 64 12 34 51 67 
1 58 5 35 57 33 13 67 
1 14 64 58 57 51 35 44 67 
1 56 24 44 43 51 14 5 34 67 
1 25 47 45 9 5 34 43 50 67 
1 52 44 64 12 34 47 67 
1 54 13 47 38 57 33 64 67 
1 13 41 44 12 51 49 5 43 67 
1 64 35 44 12 47 25 19 45 67 
1 65 44 64 47 31 12 67 
8 5 1 44 43 31 32 64 58 67 
1 14 64 41 46 44 51 34 56 67 
1 52 44 64 12 34 47 67 
1 25 47 44 43 51 12 64 45 67 
1 56 64 44 12 51 25 5 34 67 
1 25 5 35 58 47 38 44 67 
1 52 44 64 41 46 13 67 
1 14 60 13 47 42 44 46 34 56 67 
1 12 38 45 25 47 10 64 5 59 67 
1 44 64 41 47 12 60 20 42 53 67 
1 14 64 58 57 33 20 25 67 
1 44 13 41 43 31 12 5 48 56 67 
1 14 13 41 43 64 44 51 34 56 67 
1 12 5 31 47 50 64 13 67 
1 12 5 35 58 57 33 13 67 
1 25 64 41 47 45 51 5 50 56 67 
1 14 64 8 47 49 45 25 67 
1 12 5 35 58 57 33 13 67 
1 44 64 41 47 43 62 5 50 56 67 
1 12 5 31 32 14 45 13 67 
1 56 64 45 9 25 47 5 34 43 67 
1 12 64 35 47 25 31 56 67 
1 12 64 44 43 51 34 67 
1 44 43 12 5 67 
1 44 13 41 43 31 12 5 50 56 67 
1 44 64 41 46 67 
1 12 5 35 58 57 33 13 67 
1 44 43 12 59 67 
1 58 57 44 50 67 
44 8 5 1 31 32 67 
1 58 57 33 12 67 
1 12 64 25 46 45 10 38 5 67 
1 12 38 45 9 44 64 25 5 59 67 
1 25 47 8 43 51 44 64 45 67 
1 44 43 51 12 67 
1 44 43 31 12 67 
1 25 47 5 34 43 67 
1 65 47 31 12 64 67 
1 44 43 51 12 67 
1 44 64 41 46 67 
1 12 38 44 64 25 67 
1 12 31 32 14 45 67 
1 12 47 49 45 65 67 
1 25 47 38 44 64 67 
1 25 47 45 10 64 67 
1 12 47 48 58 57 67 
1 58 57 33 5 67 
1 25 47 38 44 64 67 
1 12 38 44 64 41 67 
1 44 64 41 47 67 
5 34 43 20 70 
47 45 25 58 70 
49 45 65 19 69 
60 13 47 42 69 
5 50 15 32 59 70 
64 41 46 70 
