9 50 58 69 
1 12 51 23 67 
62 10 1 12 67 
10 1 12 52 23 67 
24 1 43 51 33 9 50 54 60 44 57 45 67 
38 1 12 10 52 23 67 
10 1 38 12 51 67 
24 1 43 51 33 9 50 54 60 12 57 45 67 
38 1 12 50 54 10 67 
59 1 12 10 43 34 5 67 
45 1 12 57 34 64 9 60 67 
38 1 12 45 57 50 65 10 41 67 
45 1 18 13 12 59 44 17 57 10 67 
1 13 39 57 33 9 31 60 62 12 45 67 
10 1 59 9 50 67 
24 1 9 50 54 60 67 
24 1 43 51 33 9 50 54 60 12 23 45 67 
1 13 39 57 10 60 62 67 
62 10 34 1 67 
10 1 32 50 19 45 31 5 67 
1 13 39 45 57 10 65 25 41 67 
45 1 57 34 65 38 51 64 9 60 67 
1 13 39 45 57 9 31 10 65 25 41 67 
35 1 12 23 26 67 
10 1 12 23 26 67 
1 12 10 23 26 67 
10 1 12 23 26 67 
10 1 12 23 26 67 
10 1 12 23 26 67 
31 1 12 23 26 67 
10 1 12 23 26 67 
10 1 12 23 26 67 
10 1 12 23 26 67 
41 1 12 23 26 67 
1 10 12 23 26 67 
10 1 12 23 26 67 
10 1 12 23 26 67 
10 1 12 23 26 67 
10 1 12 23 26 67 
10 1 12 23 26 67 
10 1 12 23 26 67 
59 1 12 23 26 67 
10 1 12 23 26 67 
10 1 12 23 26 67 
10 1 12 23 26 67 
10 1 12 23 26 67 
53 1 12 23 26 67 
10 1 12 23 26 67 
10 1 12 23 26 67 
10 1 12 23 26 67 
10 1 12 23 26 67 
10 1 12 23 26 67 
49 1 12 23 26 67 
10 1 12 23 26 67 
10 1 12 23 26 67 
10 1 12 23 26 67 
10 1 12 23 26 67 
10 1 12 23 26 67 
10 1 12 23 26 67 
39 1 12 23 26 67 
10 1 12 23 26 67 
10 1 12 23 26 67 
10 1 12 23 26 67 
10 1 12 23 26 67 
10 1 12 23 26 67 
43 1 12 23 26 67 
10 1 12 23 26 67 
10 1 12 23 26 67 
10 1 12 23 26 67 
49 1 12 23 26 67 
10 1 12 23 26 67 
52 1 12 23 26 67 
41 1 12 23 26 67 
10 1 12 23 26 67 
49 1 12 23 26 67 
10 1 12 23 26 67 
10 1 12 23 26 67 
10 1 12 23 26 67 
10 1 12 23 26 67 
10 1 12 23 26 67 
10 1 12 23 26 67 
10 1 12 23 26 67 
10 1 12 23 26 67 
10 1 12 23 26 67 
1 12 10 23 26 67 
10 1 12 23 26 67 
10 1 12 23 26 67 
60 1 12 23 26 67 
10 1 12 23 26 67 
10 1 12 23 26 67 
10 1 12 23 26 67 
10 1 12 23 26 67 
10 1 12 23 26 67 
10 1 12 23 26 67 
10 1 12 23 26 67 
10 1 12 23 26 67 
10 1 12 23 26 67 
1 12 10 23 26 67 
10 1 12 23 26 67 
10 1 12 23 26 67 
