8 20 41 25 13 34 57 15 69 
1 12 23 26 67 
1 12 23 26 67 
47 65 41 25 13 34 57 43 69 
31 1 12 23 26 67 
38 1 31 56 24 25 49 53 65 47 55 43 67 
1 12 23 39 67 
31 1 12 23 26 67 
65 45 1 12 31 23 67 
31 1 12 32 23 67 
1 12 49 20 67 
31 1 12 23 25 67 
1 12 31 23 67 
20 38 31 5 43 17 1 15 41 24 33 49 67 
40 45 1 12 23 38 67 
41 65 1 12 58 67 
54 1 12 41 65 67 
1 12 49 20 67 
40 65 58 1 67 
8 20 53 38 31 52 60 41 1 40 12 25 67 
49 20 1 12 55 41 67 
1 38 31 12 32 23 58 24 44 25 65 14 67 
20 38 1 58 31 49 12 67 
1 52 32 12 38 24 65 51 67 
8 20 5 1 12 47 31 49 67 
65 45 1 12 47 31 67 
1 65 41 12 38 49 25 43 31 67 
1 65 41 12 38 49 25 43 31 67 
1 38 24 12 52 20 32 67 
38 57 40 1 31 17 19 25 12 58 67 
39 38 31 25 10 49 1 41 19 12 67 
31 1 41 65 20 67 
49 1 20 55 41 67 
65 38 31 52 43 41 24 25 34 1 12 67 
65 38 31 52 43 41 24 25 34 1 12 67 
20 45 1 51 31 32 67 
40 45 1 65 58 33 67 
38 45 1 31 9 57 40 67 
47 45 1 58 8 44 52 67 
47 20 41 1 19 24 65 25 67 
1 65 41 31 13 34 57 38 67 
49 65 41 53 1 39 25 40 58 67 
54 41 65 57 1 55 25 38 19 67 
49 25 40 65 58 1 17 15 41 24 67 
47 41 65 57 1 40 43 17 49 8 67 
47 38 31 52 43 41 65 57 1 40 17 67 
1 55 65 41 67 
65 45 43 47 1 41 31 49 15 24 25 67 
1 38 31 12 57 40 58 24 44 25 65 14 67 
41 1 31 12 32 23 25 65 20 49 55 43 67 
1 12 23 26 67 
40 10 38 25 69 
31 1 12 23 26 67 
31 1 12 32 23 67 
1 12 23 38 67 
8 20 25 65 43 17 1 15 41 24 31 5 67 
1 38 24 12 23 52 67 
41 65 45 1 12 67 
1 12 57 40 67 
1 20 32 12 38 24 5 43 67 
65 45 1 12 31 49 67 
1 65 41 12 38 49 25 43 31 67 
1 38 24 12 52 65 51 67 
39 10 49 1 31 41 19 25 12 60 67 
41 65 1 20 25 67 
53 38 31 52 43 41 1 40 12 25 14 67 
65 45 1 41 31 49 67 
24 65 41 20 52 1 40 67 
8 20 32 40 45 1 58 31 67 
55 65 41 53 1 24 25 43 31 67 
20 38 31 25 1 40 33 5 49 58 67 
58 55 65 1 67 
53 38 31 52 43 41 1 40 51 25 14 67 
38 1 31 12 49 8 19 47 25 41 24 53 67 
1 20 49 38 31 12 32 23 58 24 44 25 67 
1 12 23 26 67 
41 20 8 25 13 34 69 
45 1 12 23 26 67 
20 1 12 23 38 67 
1 12 23 47 67 
20 38 31 5 1 49 58 24 44 25 65 14 67 
65 45 1 12 31 23 67 
53 1 49 12 38 67 
1 12 49 41 67 
8 20 32 1 12 31 5 43 67 
47 10 52 1 12 38 67 
1 20 25 40 65 58 15 12 60 67 
47 10 49 1 19 25 12 67 
41 38 31 39 1 55 20 12 25 14 67 
49 1 20 55 41 67 
38 56 43 47 1 12 20 31 15 24 25 67 
1 47 31 49 25 24 67 
40 45 1 58 8 20 31 67 
53 43 41 1 38 31 52 40 67 
8 65 17 1 38 49 25 43 15 67 
49 25 43 65 8 1 17 15 41 24 67 
41 55 53 1 67 
47 41 65 57 43 17 1 49 8 19 33 67 
38 65 1 12 49 8 19 47 25 41 52 33 67 
20 38 31 49 1 12 54 23 44 25 65 14 67 
