39 1 27 12 23 67 
65 1 27 12 23 67 
39 1 27 12 23 67 
46 1 27 12 23 67 
65 1 27 12 23 67 
42 56 1 12 67 
35 65 1 12 67 
40 56 1 12 67 
65 1 40 12 23 67 
47 1 25 56 12 65 67 
31 13 1 65 55 12 67 
53 43 1 40 12 23 67 
65 1 40 12 23 67 
25 1 58 56 12 23 67 
40 56 1 12 67 
65 43 1 40 12 23 67 
55 1 33 25 60 12 67 
65 47 1 40 12 23 67 
55 1 58 42 65 12 67 
65 1 40 12 23 67 
47 1 58 56 65 25 67 
65 47 1 58 33 18 67 
25 1 15 56 65 47 67 
25 1 58 56 12 23 67 
20 47 1 65 55 14 67 
40 56 1 12 67 
25 1 58 56 12 60 67 
40 47 1 15 46 14 67 
49 42 1 24 60 13 12 67 
55 42 1 65 58 12 54 67 
65 1 40 12 23 67 
55 42 1 65 58 12 54 67 
55 42 1 65 58 12 54 67 
25 41 55 1 50 24 62 12 15 31 35 67 
65 58 55 1 12 10 50 40 15 35 31 67 
50 41 55 1 24 64 53 25 60 13 12 67 
65 47 1 53 38 31 12 67 
32 47 65 1 24 51 35 67 
50 55 31 25 49 44 65 1 18 12 35 67 
65 58 1 55 49 20 25 67 
65 1 40 12 23 67 
49 42 1 65 41 47 55 67 
65 47 31 1 49 34 58 24 12 67 
25 1 55 50 24 62 12 15 31 67 
50 55 31 65 1 18 12 35 67 
65 48 40 1 12 57 35 31 67 
65 55 31 1 40 12 15 35 67 
65 47 1 24 51 35 15 67 
65 40 31 1 12 25 15 35 67 
49 42 1 65 41 20 25 67 
47 58 1 55 65 12 15 35 54 67 
65 41 55 1 12 10 59 15 24 51 35 67 
50 41 20 25 49 44 53 40 55 1 24 67 
47 1 55 50 65 12 35 15 31 67 
32 47 31 55 58 20 50 1 67 
65 58 55 1 18 12 15 35 31 67 
65 1 55 50 24 51 35 15 31 67 
59 42 55 32 1 40 20 53 31 67 
50 55 31 1 58 59 15 35 67 
50 13 1 60 55 58 48 31 67 
59 42 1 55 58 20 25 49 67 
32 1 31 50 49 34 58 45 35 67 
65 41 55 1 24 51 35 15 31 67 
41 65 1 55 67 
59 42 20 25 49 33 53 40 13 31 1 67 
50 1 25 49 55 12 8 15 35 31 67 
65 47 31 1 24 12 15 35 67 
32 47 31 50 1 55 58 45 35 67 
65 58 55 50 1 40 12 15 35 31 67 
25 65 1 59 67 
65 47 55 58 59 42 46 15 35 1 67 
47 58 55 65 1 54 25 33 35 31 67 
65 47 31 25 13 45 9 8 55 1 67 
59 42 55 50 57 33 53 40 13 31 1 67 
65 48 25 58 45 42 46 15 35 31 1 67 
65 47 31 25 59 42 46 15 35 1 67 
25 1 24 65 12 67 
25 65 1 55 67 
50 13 1 55 58 59 47 31 67 
65 47 55 50 45 42 46 15 35 31 1 67 
65 1 55 18 12 67 
9 58 55 50 65 1 49 15 35 31 67 
25 65 1 33 67 
47 58 55 50 1 65 12 15 35 31 67 
65 1 40 12 15 67 
25 65 1 33 67 
47 58 55 50 1 65 12 15 35 31 67 
47 1 65 25 55 12 8 15 35 31 67 
25 1 24 65 12 67 
47 1 55 65 12 67 
65 1 55 58 56 67 
65 1 24 52 33 67 
65 1 24 51 35 67 
65 1 49 41 58 67 
65 1 24 51 35 67 
40 15 46 25 69 
55 58 56 70 
50 13 49 41 58 5 32 59 70 
55 58 45 70 
64 20 44 47 39 24 14 70 
