42 14 54 38 60 19 70 
41 1 12 23 67 
43 1 12 23 67 
42 14 54 32 60 33 70 
10 1 34 9 65 59 33 52 55 56 67 
42 14 41 1 12 23 67 
44 1 60 12 67 
1 60 41 12 23 67 
1 24 41 12 23 67 
59 1 34 9 57 60 33 44 55 56 67 
42 14 24 1 12 23 67 
57 24 46 1 12 67 
1 62 41 12 14 67 
41 1 12 59 67 
32 1 64 53 67 
1 33 52 9 57 5 12 25 34 64 67 
15 14 41 1 12 59 67 
33 14 41 1 12 52 67 
59 1 33 64 58 41 12 67 
1 14 33 12 60 42 18 67 
24 1 42 14 54 60 25 46 12 39 67 
41 1 60 52 67 
57 60 25 34 24 41 1 12 67 
42 5 25 14 1 52 12 13 67 
60 25 14 33 1 44 42 45 12 67 
1 49 52 41 59 42 12 65 34 67 
59 60 41 1 25 67 
57 10 46 1 42 67 
24 60 25 59 1 42 67 
42 14 41 1 60 34 67 
41 1 65 59 33 52 9 67 
59 1 42 64 20 34 33 67 
33 1 44 42 60 54 59 38 67 
42 1 45 58 60 55 54 38 67 
42 60 59 1 34 9 57 33 44 67 
9 57 25 64 1 44 42 14 41 67 
24 1 12 23 67 
42 14 54 38 33 19 70 
1 60 41 12 23 67 
33 1 52 9 47 42 44 60 54 32 67 
42 53 41 1 12 23 67 
1 17 24 12 33 67 
41 1 12 60 67 
42 14 1 52 12 60 67 
59 1 42 38 12 34 9 67 
1 33 52 41 57 5 12 25 34 42 67 
32 1 57 31 67 
42 60 25 14 33 1 45 12 67 
45 1 25 57 24 10 12 65 54 67 
1 24 41 53 52 67 
57 14 54 32 60 1 67 
33 1 44 41 8 42 32 67 
1 5 25 14 33 44 48 41 67 
59 1 25 34 42 14 50 60 9 67 
24 1 12 23 67 
42 14 59 41 34 9 70 
1 17 24 12 23 67 
50 33 52 9 47 42 60 34 55 1 67 
42 14 41 1 12 23 67 
1 60 38 12 42 67 
33 1 12 52 67 
57 1 41 12 59 33 67 
59 1 42 12 65 33 52 67 
41 1 52 9 39 54 12 60 34 59 67 
57 1 54 14 67 
42 1 52 12 60 59 39 55 67 
38 60 59 34 55 1 12 9 57 67 
24 60 41 25 1 67 
24 60 25 32 1 46 67 
59 1 42 64 34 9 57 67 
33 1 44 42 60 54 32 41 67 
45 1 25 34 42 58 60 65 54 67 
24 1 12 23 67 
42 14 54 32 60 25 70 
1 60 41 12 23 67 
59 33 52 9 57 14 1 42 54 60 67 
1 53 52 12 42 23 67 
1 60 41 12 48 67 
41 1 12 42 67 
1 60 54 32 41 12 67 
1 60 25 44 48 41 12 67 
41 33 52 9 57 1 54 12 60 34 67 
41 1 60 24 67 
42 1 64 39 12 55 40 38 67 
42 60 25 34 40 14 41 1 12 67 
60 24 41 1 9 67 
57 14 41 1 60 42 67 
57 1 42 34 9 33 52 67 
33 1 44 42 14 41 60 34 67 
33 1 25 34 42 44 14 41 60 67 
41 1 12 23 67 
14 48 42 24 64 38 60 70 
1 62 41 12 23 67 
1 33 52 9 47 42 14 54 53 60 67 
42 58 41 1 12 23 67 
1 62 41 12 59 67 
59 1 12 47 67 
1 14 33 12 42 54 67 
24 60 25 1 46 12 39 67 
1 33 52 9 57 5 12 64 44 54 67 
