38 17 1 12 26 23 67 
19 1 46 12 23 67 
48 17 1 12 26 23 67 
41 17 1 12 26 23 67 
42 56 1 12 23 67 
19 17 1 12 26 23 67 
42 1 56 12 23 67 
19 17 1 12 26 23 67 
42 1 26 12 23 67 
19 1 57 12 23 67 
19 1 26 12 23 67 
42 1 26 12 23 67 
41 1 57 12 23 67 
42 1 26 12 23 67 
19 1 26 12 23 67 
18 41 1 12 65 23 67 
18 25 1 12 65 23 67 
18 17 65 1 12 23 50 67 
53 41 31 1 12 23 17 67 
53 41 31 1 12 23 17 67 
59 41 31 1 12 23 15 67 
18 17 65 1 12 23 50 67 
43 53 1 12 35 23 67 
18 17 1 12 65 23 67 
35 17 34 1 12 65 23 43 67 
18 17 34 1 12 65 23 50 67 
53 17 34 1 12 65 23 19 67 
18 17 34 1 12 65 23 50 67 
18 17 34 1 12 65 23 50 67 
14 17 1 57 12 43 34 58 67 
35 65 34 52 1 12 41 20 67 
43 35 65 57 34 1 58 24 67 
34 64 15 17 1 40 56 12 67 
52 64 15 35 65 34 51 1 67 
52 64 15 35 65 1 12 40 67 
43 35 65 57 34 50 1 52 67 
18 17 1 12 65 23 67 
57 5 43 17 1 50 12 67 
41 31 24 57 34 50 1 51 67 
43 35 57 39 15 65 1 20 50 12 67 
20 39 32 65 1 44 15 51 12 47 67 
43 17 1 57 34 50 12 58 67 
14 55 60 62 17 1 12 67 
43 35 14 17 1 12 65 54 47 44 67 
43 35 15 57 65 1 20 50 12 67 
51 17 34 1 40 56 12 48 46 67 
43 35 34 56 65 1 12 58 62 47 57 67 
34 1 57 56 65 12 24 58 47 44 67 
43 64 15 57 34 1 55 56 12 67 
43 35 57 34 41 31 1 51 56 12 44 67 
43 35 65 1 34 51 40 56 12 44 67 
52 17 34 19 35 65 1 12 46 67 
17 1 57 65 13 49 24 58 47 44 67 
43 64 15 57 5 17 1 50 12 67 
17 35 57 65 14 31 47 1 50 58 67 
43 64 15 35 65 1 20 44 56 67 
43 35 65 1 15 40 56 45 47 44 67 
59 41 31 1 15 18 12 67 
43 41 57 65 14 31 47 10 1 64 67 
43 64 15 35 65 1 20 40 56 67 
57 5 43 17 1 50 12 67 
19 65 34 52 1 43 41 35 20 67 
53 17 34 19 1 57 33 48 46 67 
43 35 57 65 14 17 1 12 34 47 64 67 
17 35 57 65 1 50 14 58 62 47 44 67 
34 51 1 40 56 12 67 
14 17 1 12 43 34 67 
34 41 31 1 51 56 12 67 
43 35 57 65 1 20 24 58 17 47 44 67 
52 35 65 1 12 67 
43 35 34 56 65 1 12 58 62 47 44 67 
14 17 1 12 65 53 67 
43 35 57 65 1 20 24 58 62 47 44 67 
43 35 57 34 17 1 40 56 12 47 44 67 
19 1 57 12 48 67 
34 1 51 56 12 67 
43 17 1 50 12 58 67 
34 17 1 40 56 12 67 
57 41 31 62 1 51 14 67 
52 17 1 50 41 59 67 
52 17 1 43 35 65 67 
57 49 31 54 1 51 35 67 
52 17 1 40 50 41 67 
57 41 31 54 1 51 35 67 
43 35 57 19 65 1 24 58 62 47 44 67 
52 17 1 40 65 14 67 
34 1 51 56 12 67 
43 41 31 47 10 65 1 67 
43 35 65 1 14 67 
34 56 65 1 12 67 
43 35 65 1 20 67 
43 35 65 1 15 67 
52 17 1 40 65 14 67 
14 54 60 33 15 48 70 
43 35 65 1 24 67 
53 52 43 56 70 
20 39 32 44 15 51 69 
14 54 25 62 42 48 70 
43 35 65 1 20 67 
35 24 8 42 39 70 
