17 31 24 70 
38 1 12 65 67 
8 18 34 1 41 55 65 38 10 60 67 
1 20 12 34 23 67 
41 1 12 20 23 65 67 
41 1 12 65 39 67 
57 18 34 1 12 55 17 31 10 54 67 
65 1 9 55 58 12 67 
40 54 49 65 1 9 12 67 
8 1 65 38 12 10 60 20 67 
8 1 65 40 41 12 10 17 20 67 
41 1 45 13 48 67 
65 1 48 15 35 40 67 
49 65 1 67 
41 1 65 39 10 17 20 67 
40 31 33 65 1 41 38 55 67 
8 1 65 40 41 25 48 32 20 67 
9 1 12 23 67 
9 1 12 23 67 
9 1 12 23 67 
9 1 12 23 67 
9 1 12 23 67 
9 1 12 23 67 
25 1 12 23 67 
5 1 12 23 67 
9 1 12 23 67 
42 1 12 23 67 
9 1 12 23 67 
9 1 12 23 67 
9 1 12 23 67 
9 1 12 23 67 
39 1 12 23 67 
9 1 12 23 67 
9 1 12 23 67 
47 1 12 23 67 
9 1 12 23 67 
42 1 12 23 67 
9 1 12 23 67 
9 1 12 23 67 
9 1 12 23 67 
65 1 12 23 67 
9 1 12 23 67 
47 1 12 23 67 
9 1 12 23 67 
42 1 12 23 67 
9 1 12 23 67 
5 1 12 23 67 
9 1 12 23 67 
9 1 12 23 67 
9 1 12 23 67 
46 1 12 23 67 
9 1 12 23 67 
9 1 12 23 67 
9 1 12 23 67 
9 1 12 23 67 
9 1 12 23 67 
9 1 12 23 67 
55 1 12 23 67 
18 1 12 23 67 
9 1 12 23 67 
9 1 12 23 67 
9 1 12 23 67 
65 1 12 23 67 
55 1 12 23 67 
59 1 12 23 67 
9 1 12 23 67 
9 1 12 23 67 
9 1 12 23 67 
9 1 12 23 67 
31 1 12 23 67 
19 1 12 23 67 
9 1 12 23 67 
54 1 12 23 67 
56 1 12 23 67 
32 1 12 23 67 
55 1 12 23 67 
42 1 12 23 67 
13 1 12 23 67 
9 1 12 23 67 
9 1 12 23 67 
9 1 12 23 67 
9 1 12 23 67 
9 1 12 23 67 
13 1 12 23 67 
35 1 12 23 67 
9 1 12 23 67 
9 1 12 23 67 
9 1 12 23 67 
9 1 12 23 67 
9 1 12 23 67 
9 1 12 23 67 
25 1 12 23 67 
9 1 12 23 67 
55 1 12 23 67 
9 1 12 23 67 
9 1 12 23 67 
39 1 12 23 67 
5 1 12 23 67 
9 1 12 23 67 
38 1 65 41 67 
