43 60 65 14 70 
1 12 23 67 
43 60 65 39 70 
1 12 23 67 
51 1 40 24 8 47 33 60 44 49 67 
20 1 12 23 67 
1 12 15 67 
20 1 12 23 67 
1 12 18 67 
51 1 40 43 60 10 41 54 44 49 67 
20 1 12 56 67 
20 1 12 40 67 
20 47 1 43 12 67 
20 10 1 12 5 67 
8 20 1 67 
18 40 1 12 45 43 67 
18 40 1 12 45 43 67 
20 62 40 24 43 8 1 12 39 60 67 
41 1 51 40 10 12 56 67 
19 10 8 1 12 56 31 67 
20 60 8 1 67 
20 1 59 33 67 
8 1 12 39 60 43 54 19 67 
8 1 12 39 60 43 51 40 67 
8 1 43 65 14 35 20 12 56 67 
8 1 43 65 14 35 20 12 56 67 
20 47 1 51 35 67 
8 47 1 51 33 67 
43 49 1 10 60 8 67 
20 49 1 10 8 40 67 
40 24 1 44 59 33 20 67 
20 10 8 1 31 43 34 67 
1 40 10 60 8 25 13 65 67 
1 8 20 67 
62 54 43 60 1 8 31 10 67 
48 1 43 65 5 47 44 20 40 67 
20 54 1 40 10 43 65 51 34 67 
20 1 40 24 43 62 8 12 14 51 67 
51 35 65 40 70 
1 12 23 67 
20 1 12 23 67 
1 12 5 67 
20 1 40 24 39 49 33 10 31 34 67 
20 1 12 40 67 
59 33 20 1 12 67 
18 40 1 12 8 43 67 
10 1 43 60 8 20 12 67 
20 60 8 1 67 
18 1 56 20 64 12 8 43 67 
20 10 24 1 12 8 56 54 43 67 
40 33 20 1 24 67 
20 49 1 10 8 31 67 
19 10 8 1 31 43 34 67 
1 40 43 67 
62 54 1 60 8 25 31 10 67 
60 1 8 40 10 43 65 64 20 67 
20 62 40 24 43 8 1 12 14 51 67 
1 12 23 67 
43 60 65 39 70 
41 1 12 23 67 
1 12 39 67 
20 1 40 24 43 65 10 8 31 34 67 
59 1 12 10 67 
20 47 1 12 39 67 
10 59 1 12 20 47 67 
8 1 51 33 20 12 56 67 
43 60 1 8 67 
8 1 12 39 60 43 51 40 67 
20 10 24 1 12 8 56 54 43 67 
39 49 1 33 10 67 
40 24 39 1 50 10 67 
5 47 1 44 20 40 10 67 
1 65 43 67 
8 1 56 20 10 59 49 19 67 
17 20 39 60 8 1 54 42 56 67 
51 1 40 43 8 12 60 65 14 20 67 
1 12 23 67 
43 60 8 20 70 
10 1 12 23 67 
1 5 12 67 
17 20 39 24 43 65 54 42 1 56 67 
51 1 12 40 67 
20 47 1 54 12 67 
39 49 1 25 12 10 67 
20 10 8 1 12 43 34 67 
41 1 40 10 67 
20 54 1 12 34 47 31 10 67 
51 40 24 1 12 33 8 49 43 67 
39 47 1 43 49 67 
40 10 43 8 1 35 67 
20 10 8 1 31 43 34 67 
1 5 53 67 
62 54 1 60 8 47 31 10 67 
60 1 8 40 10 43 65 64 20 67 
51 1 40 20 12 56 54 60 44 49 67 
1 12 23 67 
43 60 8 20 70 
20 1 12 23 67 
1 12 39 67 
51 1 40 24 43 65 54 60 44 49 67 
