42 40 31 70 
1 4 12 23 67 
1 4 12 23 67 
42 40 5 70 
54 33 50 40 46 1 57 64 14 52 35 51 67 
1 49 12 23 67 
54 10 1 62 12 23 67 
1 33 19 12 23 67 
1 49 12 40 67 
49 10 1 12 23 67 
1 49 12 23 67 
33 47 40 46 1 57 64 54 49 14 52 35 67 
33 1 14 19 12 23 67 
52 14 34 1 12 67 
1 14 34 12 32 67 
1 49 12 32 67 
64 38 34 1 67 
1 33 62 32 54 47 57 64 14 52 12 49 67 
33 24 58 1 14 12 67 
54 1 62 32 10 12 23 25 24 34 51 39 67 
33 62 42 24 49 1 12 67 
33 24 49 1 62 12 67 
40 1 57 14 12 25 24 62 67 
54 1 62 32 10 25 24 12 67 
33 14 32 1 49 12 9 54 47 67 
58 10 42 1 49 12 9 54 52 67 
52 19 54 14 34 1 12 67 
54 1 62 52 19 45 14 34 12 51 67 
19 10 18 64 1 47 42 39 12 17 67 
1 33 42 14 47 67 
1 52 54 13 51 67 
54 10 33 62 1 19 13 15 12 24 32 67 
52 19 62 54 14 34 1 12 49 24 57 67 
33 24 49 1 62 17 67 
42 1 14 47 39 52 67 
33 19 1 43 54 15 62 67 
1 62 42 40 31 14 33 67 
54 58 42 1 33 15 10 19 67 
1 33 62 14 39 49 32 54 67 
19 24 18 64 52 1 46 54 41 67 
58 10 42 1 33 19 46 54 52 67 
52 1 41 33 42 40 31 38 17 39 67 
54 10 59 14 1 33 19 15 42 24 67 
10 59 49 54 14 34 1 19 15 42 24 67 
64 38 34 1 67 
1 33 62 32 19 12 14 25 24 34 51 39 67 
54 1 59 14 33 62 32 46 15 57 64 67 
54 1 43 32 10 12 23 25 24 14 62 47 67 
1 4 12 23 67 
42 40 19 70 
49 10 1 12 23 67 
1 58 12 23 67 
54 33 47 40 46 1 57 64 14 52 35 51 67 
15 1 14 47 12 23 67 
1 33 18 12 15 67 
1 14 12 32 67 
33 24 49 1 62 12 67 
40 1 57 14 12 25 24 56 67 
33 62 1 19 13 64 12 24 32 67 
52 19 1 43 12 42 10 67 
19 10 18 64 46 1 49 12 32 25 67 
1 33 19 54 15 67 
52 19 62 54 14 34 1 12 49 24 57 67 
42 1 14 47 39 49 67 
1 62 42 40 31 14 33 67 
33 1 62 17 34 15 10 14 67 
1 47 39 49 54 10 8 51 31 67 
19 10 18 64 46 52 1 41 33 42 67 
1 49 42 58 67 
1 33 62 32 54 47 12 49 10 34 60 39 67 
54 10 59 14 33 19 1 9 42 15 62 67 
1 33 47 40 19 12 23 64 14 52 35 51 67 
1 4 12 23 67 
19 53 42 40 35 17 70 
1 33 18 12 23 67 
1 49 12 23 67 
54 33 47 40 46 1 57 64 14 52 35 51 67 
1 47 42 39 12 23 67 
1 33 19 49 12 67 
1 49 12 32 67 
42 1 14 47 39 12 67 
15 1 57 64 5 12 54 51 67 
58 10 42 1 49 12 9 54 52 67 
52 19 45 14 34 1 12 67 
19 10 18 64 46 1 49 12 32 25 67 
1 33 19 13 64 67 
15 54 47 1 12 32 62 25 34 51 39 67 
42 1 14 47 39 52 67 
1 13 52 51 40 32 34 67 
1 42 51 40 62 32 14 33 67 
58 10 42 1 33 19 9 54 52 67 
54 10 58 42 1 33 19 9 52 25 67 
1 49 42 14 67 
1 33 62 32 54 47 12 49 10 34 60 39 67 
54 10 59 14 33 19 1 9 42 62 32 67 
1 43 12 32 10 54 23 25 24 14 62 47 67 
1 4 12 23 67 
10 40 52 70 
1 33 19 12 23 67 
1 49 12 23 67 
