9 45 31 49 69 
32 1 12 23 67 
1 45 62 12 67 
13 1 62 12 23 67 
55 5 45 50 1 9 15 13 57 39 17 46 67 
13 1 62 12 23 45 67 
13 1 62 12 56 67 
1 5 62 48 41 9 15 57 12 19 17 46 67 
31 1 62 12 32 19 67 
31 1 45 15 19 12 50 67 
50 9 57 1 39 12 45 31 67 
1 5 62 12 19 45 15 13 46 67 
49 1 9 5 10 45 39 12 15 19 67 
1 5 45 31 32 15 19 12 39 17 46 67 
19 20 39 31 1 67 
31 1 62 39 5 45 67 
1 5 45 33 12 23 15 13 57 39 17 46 67 
31 1 45 15 19 42 9 67 
1 45 62 9 67 
32 9 57 1 39 5 45 15 67 
55 5 31 32 9 57 1 39 45 67 
55 45 64 5 10 53 13 57 1 39 67 
42 57 45 50 1 9 15 31 39 17 46 67 
51 1 12 23 26 67 
51 1 12 23 26 67 
35 1 12 23 26 67 
51 1 12 23 26 67 
51 1 12 23 26 67 
51 1 12 23 26 67 
51 1 12 23 26 67 
35 1 12 23 26 67 
51 1 12 23 26 67 
35 1 12 23 26 67 
35 1 12 23 26 67 
35 1 12 23 26 67 
64 1 12 23 26 67 
15 1 12 23 26 67 
51 1 12 23 26 67 
51 1 12 23 26 67 
35 1 12 23 26 67 
51 1 12 23 26 67 
49 1 12 23 26 67 
51 1 12 23 26 67 
51 1 12 23 26 67 
57 1 12 23 26 67 
51 1 12 23 26 67 
25 1 12 23 26 67 
52 1 12 23 26 67 
51 1 12 23 26 67 
35 1 12 23 26 67 
51 1 12 23 26 67 
51 1 12 23 26 67 
51 1 12 23 26 67 
35 1 12 23 26 67 
51 1 12 23 26 67 
51 1 12 23 26 67 
55 1 12 23 26 67 
51 1 12 23 26 67 
64 1 12 23 26 67 
35 1 12 23 26 67 
51 1 12 23 26 67 
57 1 12 23 26 67 
49 1 12 23 26 67 
51 1 12 23 26 67 
18 1 12 23 26 67 
17 1 12 23 26 67 
51 1 12 23 26 67 
35 1 12 23 26 67 
51 1 12 23 26 67 
51 1 12 23 26 67 
18 1 12 23 26 67 
35 1 12 23 26 67 
18 1 12 23 26 67 
51 1 12 23 26 67 
51 1 12 23 26 67 
51 1 12 23 26 67 
51 1 12 23 26 67 
35 1 12 23 26 67 
51 1 12 23 26 67 
51 1 12 23 26 67 
49 1 12 23 26 67 
14 1 12 23 26 67 
51 1 12 23 26 67 
35 1 12 23 26 67 
35 1 12 23 26 67 
51 1 12 23 26 67 
51 1 12 23 26 67 
43 1 12 23 26 67 
64 1 12 23 26 67 
49 1 12 23 26 67 
13 1 12 23 26 67 
51 1 12 23 26 67 
35 1 12 23 26 67 
35 1 12 23 26 67 
15 1 12 23 26 67 
35 1 12 23 26 67 
51 1 12 23 26 67 
51 1 12 23 26 67 
5 1 12 23 26 67 
51 1 12 23 26 67 
