43 33 55 56 69 
1 35 12 67 
60 1 12 23 67 
53 49 62 58 50 5 46 40 52 1 8 60 67 
19 1 35 12 67 
35 1 12 40 55 67 
8 32 38 1 50 53 60 46 5 40 15 12 67 
35 1 50 33 55 12 67 
35 1 15 42 12 25 59 67 
35 1 15 42 12 58 5 18 67 
35 1 50 12 60 18 59 49 38 67 
1 24 50 54 53 10 48 12 15 58 67 
35 1 15 42 12 18 59 49 38 60 50 67 
48 1 53 50 8 67 
35 1 50 33 8 60 67 
53 49 62 58 1 57 59 12 10 23 8 60 67 
35 1 50 8 32 17 38 67 
48 1 54 53 67 
35 1 54 43 33 55 56 58 67 
35 1 50 8 60 18 59 49 38 67 
35 1 10 48 50 8 32 45 58 60 67 
53 65 50 8 35 5 46 40 52 1 60 67 
12 23 26 67 
12 23 26 67 
12 23 26 67 
12 23 26 67 
12 23 26 67 
12 23 26 67 
12 23 26 67 
1 23 12 67 
1 23 12 67 
1 23 12 67 
1 23 12 67 
1 23 12 67 
1 23 12 67 
1 23 12 67 
1 23 12 67 
1 23 12 67 
1 23 12 67 
1 23 12 67 
1 23 12 67 
1 23 12 67 
1 23 12 67 
1 23 12 67 
1 23 12 67 
1 23 12 67 
1 23 12 67 
1 23 12 67 
1 23 12 67 
1 23 12 67 
1 23 12 67 
1 23 12 67 
1 23 12 67 
1 23 12 67 
1 23 12 67 
1 23 12 67 
1 23 12 67 
1 23 12 67 
1 23 12 67 
1 23 12 67 
1 23 12 67 
1 23 12 67 
1 23 12 67 
1 23 12 67 
1 23 12 67 
1 23 12 67 
1 23 12 67 
1 23 12 67 
1 23 12 67 
1 23 12 67 
1 23 12 67 
1 23 12 67 
1 23 12 67 
1 23 12 67 
1 23 12 67 
1 23 12 67 
1 23 12 67 
1 23 12 67 
1 23 12 67 
1 23 12 67 
1 23 12 67 
1 23 12 67 
1 23 12 67 
1 23 12 67 
1 23 12 67 
1 23 12 67 
1 23 12 67 
1 23 12 67 
1 23 12 67 
1 23 12 67 
1 23 12 67 
1 23 12 67 
1 23 12 67 
1 23 12 67 
1 23 12 67 
1 23 12 67 
1 23 12 67 
1 23 12 67 
1 23 12 67 
1 23 12 67 
