1 12 23 26 24 67 
1 12 23 26 9 67 
1 12 23 26 51 67 
1 12 23 26 9 67 
1 12 23 26 14 67 
1 12 23 26 60 67 
1 58 12 23 67 
1 32 12 23 67 
1 32 12 23 67 
1 64 12 23 67 
1 58 12 23 67 
46 13 1 12 10 23 67 
1 12 24 50 23 9 67 
1 58 12 18 67 
1 58 12 23 67 
35 9 34 1 67 
1 58 43 54 67 
35 58 34 1 67 
51 18 1 12 10 23 67 
1 58 57 35 67 
1 58 12 18 67 
1 58 10 12 67 
35 39 60 1 9 50 58 18 24 67 
9 39 50 35 58 18 24 1 62 67 
35 58 34 1 67 
35 18 15 9 50 13 52 40 1 67 
35 10 59 14 19 44 13 1 17 67 
35 18 1 10 9 50 67 
54 48 1 10 41 39 67 
1 39 48 35 33 32 42 18 67 
1 42 45 50 18 52 13 8 67 
1 39 48 24 52 35 67 
35 18 24 52 9 50 13 1 15 67 
55 39 60 1 9 50 15 45 67 
1 58 10 12 67 
46 18 1 12 24 45 67 
35 18 1 24 52 13 67 
51 18 1 12 10 23 67 
1 12 24 50 23 9 67 
41 39 1 42 18 52 13 60 12 67 
1 12 24 31 50 32 52 38 18 67 
54 19 1 12 52 13 67 
54 48 1 10 9 50 67 
1 39 48 35 33 32 42 18 67 
46 18 1 12 10 41 67 
1 12 65 50 9 52 40 67 
35 18 1 12 25 45 67 
1 39 60 35 58 62 12 45 67 
1 12 24 52 38 31 18 67 
1 39 60 46 12 35 50 45 67 
54 18 1 12 52 13 67 
41 39 60 9 44 50 1 8 12 67 
1 58 43 12 67 
46 18 1 12 10 23 67 
35 39 60 1 12 9 52 40 57 67 
1 39 32 42 18 52 13 8 12 67 
8 24 60 9 50 35 52 14 48 1 67 
1 42 46 39 65 67 
1 39 60 35 33 15 47 19 67 
35 18 24 1 12 9 50 67 
9 39 60 52 35 18 24 13 65 1 67 
1 10 9 38 60 67 
1 39 60 12 31 54 43 19 67 
46 18 24 65 1 12 9 67 
1 42 18 52 13 67 
9 39 1 12 33 48 47 8 67 
35 39 60 53 64 32 55 8 1 57 67 
35 18 24 52 1 12 50 67 
1 14 9 50 64 67 
1 12 23 46 18 67 
1 39 60 31 12 18 52 13 67 
41 39 60 35 18 24 45 64 52 1 67 
1 12 33 48 23 67 
1 12 23 46 18 67 
64 39 60 50 41 42 55 8 1 18 67 
1 12 23 46 44 67 
1 12 35 50 45 67 
1 10 9 50 15 67 
1 12 33 48 47 67 
1 12 23 46 50 67 
9 39 33 50 10 48 55 8 1 12 67 
35 18 24 45 64 52 1 67 
46 44 9 50 15 32 1 67 
35 18 24 52 13 50 1 67 
1 12 18 52 13 67 
33 39 60 48 9 50 55 8 1 12 67 
1 12 9 50 40 67 
1 12 9 50 15 67 
9 39 60 52 40 42 55 8 1 12 67 
41 39 60 31 50 32 55 8 1 12 67 
1 12 23 46 50 67 
46 18 65 50 33 48 1 67 
41 39 60 31 50 32 55 8 1 12 67 
35 10 59 14 19 44 17 49 62 38 70 
9 50 45 53 69 
9 47 40 42 69 
33 48 64 57 53 70 
33 48 64 57 5 70 
46 18 24 45 64 52 1 67 
9 50 40 60 69 
