1 12 23 26 67 
1 12 23 26 67 
1 12 23 26 67 
1 40 12 23 26 67 
1 58 12 23 26 67 
1 58 12 23 26 67 
1 56 12 23 26 67 
1 53 12 23 26 67 
1 58 12 23 26 67 
1 12 23 26 67 
1 12 23 26 67 
1 12 23 26 67 
1 17 52 12 23 67 
1 58 12 23 64 67 
1 60 12 25 23 67 
1 17 52 12 23 67 
1 52 12 23 65 25 67 
1 45 12 23 19 60 67 
1 45 12 23 19 60 67 
1 53 12 23 64 67 
52 18 1 12 23 67 
1 52 12 23 39 64 67 
1 65 12 23 40 17 67 
1 53 8 12 25 23 67 
1 12 39 23 67 
1 12 25 23 67 
1 12 23 52 67 
1 12 25 23 67 
1 12 25 23 67 
1 12 25 23 67 
1 17 8 65 12 67 
54 45 1 12 25 67 
1 65 64 12 8 67 
1 45 8 53 39 67 
1 65 64 12 25 67 
54 45 8 5 1 67 
1 19 8 52 60 67 
1 65 8 12 41 67 
1 65 8 12 17 67 
1 45 8 60 52 67 
1 45 39 64 65 12 67 
1 45 65 52 12 25 67 
1 53 39 12 8 52 67 
1 19 60 12 25 10 18 67 
1 65 8 17 39 64 25 52 56 67 
1 65 12 8 18 24 13 67 
1 65 60 49 39 64 12 67 
1 65 12 19 52 24 17 67 
1 17 39 12 25 54 67 
1 65 8 45 60 34 25 52 56 67 
1 17 39 12 25 54 67 
1 65 52 12 25 24 13 67 
1 65 8 52 56 67 
1 17 8 12 51 65 67 
1 53 39 64 55 52 34 12 50 67 
1 17 39 64 12 41 24 15 34 67 
1 65 8 45 60 34 25 52 56 67 
1 17 64 12 25 24 18 67 
1 19 60 41 5 34 12 18 67 
1 53 8 52 39 34 12 50 67 
54 52 39 5 1 41 31 25 17 67 
1 65 39 64 12 52 13 24 8 67 
1 45 39 64 17 44 67 
1 12 25 54 67 
1 65 41 13 12 59 25 43 5 67 
35 5 1 65 67 
1 52 39 64 65 41 31 25 17 67 
1 12 17 24 67 
35 5 1 25 67 
1 12 25 48 67 
1 17 39 64 8 52 67 
1 45 39 64 18 56 67 
1 65 39 64 12 34 25 52 56 67 
1 12 39 64 67 
1 12 25 65 67 
54 5 1 39 67 
1 65 8 52 39 56 67 
1 17 39 64 8 65 67 
41 5 1 65 67 
1 19 8 52 39 34 12 18 67 
1 12 25 17 67 
41 5 1 14 67 
1 65 25 10 38 31 46 47 67 
1 19 8 52 39 34 12 18 67 
1 65 25 62 19 24 56 18 67 
1 17 25 10 49 24 18 67 
1 65 52 13 24 8 56 18 67 
1 19 60 41 5 34 12 18 67 
1 17 8 52 56 24 65 67 
1 17 8 52 56 24 18 67 
1 17 64 10 43 24 18 67 
1 65 41 13 43 5 46 47 67 
1 17 8 52 56 24 18 67 
1 65 60 49 17 24 56 18 67 
19 52 65 40 46 24 70 
52 13 24 8 70 
39 64 18 70 
8 45 60 70 
41 24 14 60 70 
25 10 31 69 
