1 12 45 23 59 67 
1 12 40 23 26 67 
1 26 12 23 67 
1 26 12 58 67 
1 26 12 45 67 
1 26 12 40 67 
1 12 4 23 53 67 
1 12 4 23 45 67 
1 12 4 23 45 67 
1 12 45 23 4 67 
1 26 9 12 67 
1 58 12 33 9 23 67 
1 45 24 12 23 59 67 
1 45 24 53 12 23 67 
1 12 45 23 59 67 
1 12 45 23 58 67 
1 12 45 23 24 67 
1 12 58 9 23 67 
1 45 12 23 24 13 67 
1 12 58 65 39 67 
1 45 58 24 12 67 
1 12 58 45 24 67 
1 12 58 65 39 67 
1 45 54 56 46 67 
1 45 58 39 18 67 
1 45 58 39 18 67 
1 45 54 34 62 67 
18 39 58 14 35 41 40 1 50 33 12 23 67 
65 39 59 14 35 41 40 43 1 50 12 23 67 
65 43 41 1 35 31 34 18 50 12 23 19 67 
65 39 18 14 35 41 40 43 1 50 12 23 67 
59 65 41 14 35 13 47 1 12 52 44 55 67 
59 39 41 40 19 53 1 12 58 45 46 67 
56 41 58 14 35 31 1 50 12 55 45 20 67 
45 53 56 1 50 12 41 33 67 
25 41 40 1 49 12 44 55 67 
19 39 58 40 43 1 13 50 12 60 44 67 
45 17 13 53 34 60 32 5 1 50 12 67 
1 45 47 54 59 39 53 67 
59 39 53 15 35 13 1 50 25 58 33 55 67 
45 32 41 1 33 62 19 67 
59 39 58 14 35 41 49 1 62 57 40 38 67 
65 39 18 1 50 12 41 67 
1 45 47 13 24 53 15 67 
45 24 41 1 50 12 19 67 
24 39 41 14 35 13 1 50 12 60 44 55 67 
59 39 58 14 35 24 13 1 50 12 60 44 67 
58 39 41 1 50 12 42 46 67 
1 39 58 14 35 41 45 47 13 24 20 59 67 
19 55 13 1 12 59 47 38 20 67 
45 17 5 53 1 50 12 41 33 67 
24 39 41 13 1 50 12 60 44 55 67 
24 39 41 13 1 50 12 60 44 55 67 
59 39 47 13 1 12 52 67 
1 45 24 50 12 59 67 
56 41 31 1 50 12 58 55 45 20 67 
45 39 41 1 24 58 40 55 67 
45 17 5 53 1 12 41 67 
59 39 58 14 35 41 49 1 62 52 55 10 67 
59 39 13 48 1 50 12 53 34 67 
39 41 40 13 1 8 44 55 67 
59 39 41 40 38 58 44 1 55 45 12 67 
65 39 53 34 62 46 41 1 67 
24 39 13 1 50 12 60 44 55 45 67 
1 45 47 13 24 20 59 67 
1 45 12 33 58 59 67 
1 45 13 12 41 59 67 
59 39 41 1 48 55 50 12 67 
59 39 41 48 1 50 12 55 45 67 
59 39 41 58 40 45 1 55 46 67 
65 39 47 38 59 46 41 1 62 67 
39 41 40 38 59 58 44 1 55 67 
1 45 17 5 53 41 33 62 67 
1 45 53 38 59 41 33 62 19 67 
24 1 50 12 67 
1 45 53 44 31 59 67 
19 39 41 40 43 1 44 55 45 46 67 
59 39 41 1 34 25 44 55 45 46 67 
20 1 41 12 67 
19 55 58 1 45 40 47 38 59 20 67 
59 39 41 49 46 58 40 1 55 45 67 
1 45 53 41 33 62 67 
24 1 49 12 67 
59 39 13 53 34 60 32 1 55 45 46 67 
1 45 24 12 13 59 67 
59 39 41 40 38 58 44 1 55 45 46 67 
24 1 50 12 67 
59 39 41 40 38 58 44 1 55 45 46 67 
58 40 9 1 67 
58 40 45 1 67 
59 39 41 40 38 58 44 1 55 45 46 67 
49 1 62 52 67 
1 45 24 15 53 62 67 
58 40 43 1 67 
53 49 50 70 
44 31 58 48 69 
15 53 62 52 58 69 
15 20 42 18 24 39 44 60 64 5 40 69 
1 45 24 33 65 59 67 
53 34 62 70 
