1 59 24 12 23 67 
1 59 24 12 23 67 
1 59 24 12 23 67 
1 59 24 12 23 67 
8 1 43 31 12 67 
1 59 24 12 23 67 
1 31 56 44 12 23 9 18 67 
19 31 1 41 12 23 67 
44 31 1 12 23 26 67 
19 31 1 60 48 12 67 
56 44 34 70 
19 31 17 1 12 23 41 67 
44 31 1 12 23 26 67 
44 31 1 12 23 26 67 
44 31 1 12 23 26 67 
44 31 1 12 23 26 67 
8 1 43 31 12 67 
8 1 43 48 12 67 
8 1 43 48 12 67 
42 31 54 50 17 1 12 23 67 
42 50 33 1 31 12 56 48 44 8 60 38 67 
19 60 50 31 1 12 23 41 67 
42 50 33 1 31 12 56 48 44 10 54 13 67 
19 50 1 41 31 12 67 
31 50 33 1 58 46 54 17 12 19 40 41 67 
8 1 43 31 12 67 
42 31 17 1 12 23 56 67 
50 31 48 38 1 12 23 42 67 
47 50 1 41 12 15 67 
19 60 48 31 1 12 23 41 67 
50 31 17 1 12 23 42 67 
54 60 1 39 50 12 67 
42 31 48 44 65 1 12 14 67 
54 50 33 1 31 12 23 42 41 38 10 35 67 
47 65 56 44 42 1 12 41 67 
44 31 1 41 12 23 67 
50 31 1 12 23 42 67 
54 56 48 50 44 60 1 12 67 
31 50 33 1 58 46 54 17 12 23 40 41 67 
31 50 33 1 47 44 65 42 12 13 40 41 67 
31 50 17 1 12 23 44 67 
42 31 56 44 48 1 12 67 
31 50 33 1 47 32 65 42 12 23 40 41 67 
54 60 1 13 50 12 67 
54 31 40 60 50 1 12 65 67 
42 38 48 44 65 1 12 67 
42 60 56 44 17 64 1 12 47 41 67 
42 56 48 44 41 31 1 12 10 54 67 
44 31 48 41 45 1 14 62 10 12 67 
54 50 17 1 12 23 40 67 
19 31 1 12 23 41 67 
31 44 56 33 51 60 1 18 12 67 
42 31 56 44 48 33 1 18 12 67 
42 31 56 44 48 64 1 12 47 41 67 
54 60 50 1 12 65 41 40 25 10 35 67 
54 50 56 45 60 1 12 67 
31 33 42 1 18 56 44 12 60 14 35 67 
42 31 56 44 48 1 12 65 14 67 
42 31 48 44 56 1 12 67 
31 50 33 1 58 46 54 17 12 23 40 41 67 
31 33 42 1 8 56 44 12 60 14 35 67 
54 60 50 1 12 65 41 40 45 10 35 67 
54 60 50 65 41 40 1 31 67 
54 60 48 44 31 42 1 10 67 
42 31 40 41 48 64 59 1 67 
42 31 56 51 44 17 1 33 67 
62 44 65 17 1 67 
42 56 48 44 31 1 12 10 54 67 
44 31 1 41 12 23 67 
42 31 48 45 1 14 49 44 41 62 10 35 67 
54 50 43 65 1 67 
54 40 17 1 58 52 49 14 50 45 44 41 67 
42 31 56 44 48 64 47 41 1 67 
47 44 65 42 1 67 
42 56 48 44 31 1 34 10 54 67 
54 50 33 1 58 52 49 44 41 38 10 35 67 
42 56 48 44 31 1 34 10 14 67 
42 31 48 41 45 52 49 14 62 1 10 35 67 
47 44 65 42 1 67 
31 44 56 33 42 60 1 14 35 67 
54 50 48 41 45 38 1 17 10 35 67 
42 31 48 41 45 1 14 62 10 35 67 
62 40 17 1 31 48 44 45 14 49 43 67 
54 50 45 44 41 38 1 58 10 35 67 
42 56 48 44 45 1 14 62 10 35 67 
54 50 5 44 65 1 67 
42 31 1 52 65 14 67 
54 50 65 41 40 1 67 
42 31 48 44 65 45 1 14 62 10 35 67 
50 56 45 44 54 52 17 1 58 10 35 67 
42 31 56 44 48 45 1 14 62 10 35 67 
42 31 48 44 45 1 14 67 
54 50 56 45 60 1 58 67 
54 50 48 15 45 1 58 67 
42 31 1 41 65 14 67 
42 31 56 44 25 1 14 67 
56 44 34 70 
48 44 65 70 
48 41 64 69 
56 44 17 70 
