51 13 65 41 60 46 10 70 
51 3 22 27 68 
12 7 28 52 66 
12 7 2 28 66 
12 56 46 28 66 
52 18 8 25 20 1 12 23 67 
35 49 17 56 13 46 51 45 32 1 54 67 
12 7 28 3 66 
58 49 17 56 19 13 1 60 12 52 54 67 
52 56 18 1 12 8 67 
52 18 8 38 1 12 25 23 32 67 
17 56 60 1 51 12 13 67 
17 56 60 51 20 1 12 13 67 
52 18 1 12 8 25 23 32 10 9 67 
17 58 18 56 13 1 60 12 52 67 
52 18 1 12 8 25 51 31 43 46 67 
52 56 39 51 40 1 67 
8 52 18 1 51 31 32 67 
56 17 18 51 20 35 1 45 67 
51 52 8 20 32 25 56 1 44 67 
51 52 32 45 41 8 25 56 1 44 67 
6 3 22 27 68 
6 3 22 27 68 
6 3 22 27 68 
6 3 22 27 68 
6 3 22 27 68 
6 3 22 27 68 
6 3 22 27 68 
6 3 22 27 68 
6 3 22 27 68 
6 3 22 27 68 
6 3 22 27 68 
6 3 22 27 68 
6 3 22 27 68 
6 3 22 27 68 
6 3 22 27 68 
6 3 22 27 68 
6 3 22 27 68 
6 3 22 27 68 
6 3 22 27 68 
6 3 22 27 68 
6 3 22 27 68 
6 3 22 27 68 
6 3 22 27 68 
6 3 22 27 68 
6 3 22 27 68 
6 3 22 27 68 
6 3 22 27 68 
6 3 22 27 68 
6 3 22 27 68 
6 3 22 27 68 
6 3 22 27 68 
6 3 22 27 68 
6 3 22 27 68 
6 3 22 27 68 
6 3 22 27 68 
6 3 22 27 68 
6 3 22 27 68 
6 3 22 27 68 
6 3 22 27 68 
6 3 22 27 68 
6 3 22 27 68 
6 3 22 27 68 
6 3 22 27 68 
6 3 22 27 68 
6 3 22 27 68 
6 3 22 27 68 
6 3 22 27 68 
6 3 22 27 68 
6 3 22 27 68 
6 3 22 27 68 
6 3 22 27 68 
6 3 22 27 68 
6 3 22 27 68 
6 3 22 27 68 
6 3 22 27 68 
6 3 22 27 68 
6 3 22 27 68 
6 3 22 27 68 
6 3 22 27 68 
6 3 22 27 68 
6 3 22 27 68 
6 3 22 27 68 
6 3 22 27 68 
6 3 22 27 68 
6 3 22 27 68 
6 3 22 27 68 
6 3 22 27 68 
6 3 22 27 68 
6 3 22 27 68 
6 3 22 27 68 
6 3 22 27 68 
6 3 22 27 68 
6 3 22 27 68 
6 3 22 27 68 
6 3 22 27 68 
6 3 22 27 68 
6 3 22 27 68 
6 3 22 27 68 
6 3 22 27 68 
