1 42 12 9 44 23 47 62 67 
1 42 34 12 44 52 62 23 67 
1 42 12 9 44 23 56 33 67 
1 42 12 9 44 23 56 33 67 
1 42 34 12 44 23 56 33 67 
1 42 12 9 44 23 56 33 67 
4 1 12 67 
4 1 12 67 
4 1 12 67 
4 1 12 67 
4 1 12 67 
4 1 12 67 
17 1 12 67 
20 1 12 67 
62 1 12 67 
34 1 12 67 
1 42 62 44 52 12 40 67 
5 38 1 42 57 12 13 67 
1 47 62 42 12 56 18 67 
62 1 42 67 
1 53 5 42 12 38 32 67 
34 1 40 67 
62 1 12 67 
1 53 5 42 12 50 18 67 
1 42 32 14 12 13 54 45 44 67 
1 12 40 14 20 41 67 
41 18 32 1 52 42 62 67 
1 38 59 42 49 18 33 62 12 67 
1 38 35 12 14 18 67 
1 38 44 42 56 32 67 
65 44 25 32 24 1 34 67 
1 12 33 46 32 8 5 38 25 67 
5 38 62 1 32 42 44 67 
1 12 8 5 38 25 67 
5 38 62 1 44 42 67 
1 42 12 9 44 38 56 33 67 
1 42 49 18 33 62 12 40 67 
1 42 12 52 18 32 62 40 67 
1 38 25 32 14 12 18 67 
8 38 33 42 1 12 9 44 67 
58 53 34 1 12 52 62 50 67 
62 1 42 67 
1 46 9 18 51 52 32 12 34 53 67 
1 25 56 32 46 38 67 
32 1 43 67 
49 46 59 42 54 38 1 12 62 9 67 
65 44 24 1 32 67 
1 42 12 9 44 56 62 40 67 
1 25 56 32 46 52 67 
38 44 64 1 56 67 
1 38 32 14 12 18 54 45 44 67 
34 1 12 67 
65 44 24 1 32 67 
62 1 44 67 
1 42 62 56 18 67 
1 14 32 12 51 67 
1 12 8 42 56 18 67 
38 56 33 46 15 51 42 60 1 12 67 
38 56 33 46 15 51 1 12 40 18 67 
5 38 59 42 40 64 32 44 1 67 
1 42 8 65 44 56 62 12 40 67 
1 42 32 46 9 18 67 
1 42 52 18 32 12 67 
32 46 56 18 33 42 60 64 1 67 
32 46 59 42 40 64 1 12 62 9 67 
3 2 28 66 
5 38 40 1 52 42 44 67 
1 14 32 12 18 67 
62 1 32 67 
32 46 5 14 31 54 65 44 1 67 
1 42 32 12 13 67 
1 14 32 12 8 67 
1 42 56 18 12 40 67 
65 44 24 1 9 67 
1 51 12 56 18 67 
5 38 40 1 9 42 44 67 
3 2 28 66 
3 2 28 66 
1 42 12 56 18 67 
5 38 59 42 40 64 32 44 1 67 
3 2 28 66 
32 46 59 42 40 64 1 54 34 25 67 
32 46 56 52 51 64 1 54 34 53 67 
38 5 33 46 32 54 42 65 1 67 
5 38 31 32 54 65 44 1 67 
5 38 9 18 40 45 44 1 67 
5 38 25 32 54 42 44 1 67 
32 46 9 18 15 64 1 54 34 53 67 
5 38 25 32 54 45 44 1 67 
32 46 59 42 40 64 1 25 34 5 67 
3 2 28 66 
5 38 25 32 54 42 44 1 67 
32 46 59 42 40 64 1 54 34 5 67 
3 2 28 66 
24 48 40 9 65 17 54 70 
40 5 33 42 53 69 
56 18 33 70 
40 14 20 41 34 70 
50 59 15 70 
43 48 64 53 40 70 
