43 1 12 23 67 
43 1 12 23 67 
43 1 12 23 67 
43 1 12 23 67 
43 1 12 23 67 
41 57 1 12 23 67 
41 57 1 12 23 67 
43 1 12 23 67 
41 57 1 12 23 67 
41 57 1 12 23 67 
42 49 1 14 12 23 67 
43 49 1 10 12 23 67 
55 49 1 14 12 23 67 
42 49 1 14 12 23 67 
42 49 1 14 12 23 67 
42 49 1 14 12 23 67 
62 57 1 12 23 67 
41 57 1 12 23 67 
50 45 1 12 10 67 
49 45 1 12 19 67 
1 49 13 10 44 12 67 
43 49 48 1 10 12 67 
43 45 1 12 40 67 
43 45 1 12 41 67 
1 49 13 10 44 12 67 
1 49 14 10 44 12 67 
19 50 10 1 12 48 24 45 54 67 
31 50 13 48 1 53 60 10 14 12 67 
43 9 10 1 12 41 24 45 54 67 
43 45 1 12 41 67 
31 50 13 48 1 53 60 10 43 12 67 
38 50 17 1 10 43 12 9 19 5 67 
48 34 38 1 58 20 44 12 56 67 
31 50 58 1 60 59 19 44 56 12 67 
31 50 58 1 38 53 60 10 43 12 67 
1 54 19 58 60 12 33 50 67 
31 1 12 18 67 
38 50 60 10 43 1 12 9 56 67 
1 49 19 58 44 12 67 
48 9 1 49 24 59 44 12 67 
42 34 51 48 1 59 44 12 67 
43 1 12 41 67 
31 50 38 1 58 10 43 12 56 67 
13 44 1 67 
54 48 1 67 
46 13 17 48 24 52 1 33 49 58 67 
43 1 10 12 67 
41 57 13 44 1 60 39 24 18 67 
46 13 17 1 38 53 60 41 49 58 67 
31 18 17 19 1 48 24 59 44 67 
1 54 45 42 14 12 33 50 67 
31 18 13 48 1 9 38 19 5 67 
1 54 45 42 14 12 33 50 67 
41 57 17 1 19 44 60 39 24 5 67 
1 42 14 12 67 
31 18 59 1 58 9 38 19 5 67 
1 49 48 19 10 44 12 67 
38 50 10 43 1 12 9 67 
31 18 17 19 1 58 24 38 5 67 
46 13 17 1 38 53 60 41 49 58 67 
19 49 48 1 58 24 12 67 
31 18 17 1 24 49 9 38 19 5 67 
48 58 34 1 59 44 12 67 
43 1 12 9 67 
53 19 1 10 41 67 
1 41 57 31 50 10 48 24 67 
1 49 48 24 59 44 12 67 
1 42 14 12 67 
13 10 1 67 
48 24 1 38 9 67 
24 52 59 44 1 10 67 
1 50 10 19 44 38 67 
49 41 57 1 33 60 39 24 67 
31 50 51 48 24 52 13 1 67 
31 50 10 1 48 24 33 67 
13 48 1 67 
31 50 10 1 24 25 9 67 
1 50 10 60 62 54 19 67 
19 1 58 44 67 
1 58 59 19 44 38 67 
38 50 10 1 60 62 54 67 
1 41 57 19 44 60 39 24 67 
44 24 52 1 10 67 
19 1 58 60 67 
1 19 44 60 67 
48 24 1 33 50 67 
44 9 10 55 13 33 50 70 
14 41 57 46 1 55 39 24 67 
44 1 10 41 67 
46 13 38 53 60 41 49 70 
31 9 38 53 60 50 64 70 
38 50 10 1 60 62 54 67 
1 19 44 38 67 
48 24 59 44 52 1 67 
13 44 1 67 
31 9 44 55 5 65 64 70 
48 24 59 44 52 1 67 
44 9 38 55 5 65 64 70 
48 24 52 1 33 67 
31 9 38 53 60 50 64 70 
