34 41 39 70 
5 1 34 12 23 67 
2 12 55 22 28 66 
3 1 12 34 23 26 67 
2 12 3 22 28 66 
2 12 23 28 20 66 
51 20 55 41 18 25 62 43 54 1 50 67 
62 1 12 50 23 49 67 
5 1 34 12 42 67 
42 1 12 58 25 23 48 67 
51 32 19 17 18 25 62 8 1 45 12 67 
62 1 12 50 55 41 67 
62 1 12 58 23 48 39 46 67 
62 1 12 53 34 58 9 67 
62 1 12 58 25 48 39 46 67 
2 12 21 28 58 66 
2 12 6 18 28 66 
51 32 19 17 8 1 45 12 50 67 
2 12 4 22 28 66 
51 32 19 43 54 1 45 12 8 50 67 
19 43 54 1 67 
62 1 34 40 39 67 
62 1 34 9 51 41 67 
51 20 55 62 43 54 1 67 
19 20 55 43 54 1 31 50 67 
45 64 60 19 43 54 1 5 52 67 
51 32 19 20 55 43 54 1 31 50 67 
2 12 6 22 28 66 
2 12 6 22 28 66 
2 12 6 22 28 66 
2 12 6 22 28 66 
2 12 6 22 28 66 
2 12 6 22 28 66 
2 12 6 22 28 66 
2 12 6 22 28 66 
2 12 6 22 28 66 
2 12 6 22 28 66 
2 12 6 22 28 66 
2 12 6 22 28 66 
2 12 6 22 28 66 
2 12 6 22 28 66 
2 12 6 22 28 66 
2 12 6 22 28 66 
2 12 6 22 28 66 
2 12 6 22 28 66 
2 12 6 22 28 66 
2 12 6 22 28 66 
2 12 6 22 28 66 
2 12 6 22 28 66 
2 12 6 22 28 66 
2 12 6 22 28 66 
2 12 6 22 28 66 
2 12 6 22 28 66 
2 12 6 22 28 66 
2 12 6 22 28 66 
2 12 6 22 28 66 
2 12 6 22 28 66 
2 12 6 22 28 66 
2 12 6 22 28 66 
2 12 6 22 28 66 
2 12 6 22 28 66 
2 12 6 22 28 66 
2 12 6 22 28 66 
2 12 6 22 28 66 
2 12 6 22 28 66 
2 12 6 22 28 66 
2 12 6 22 28 66 
2 12 6 22 28 66 
2 12 6 22 28 66 
2 12 6 22 28 66 
2 12 6 22 28 66 
2 12 6 22 28 66 
2 12 6 22 28 66 
2 12 6 22 28 66 
2 12 6 22 28 66 
2 12 6 22 28 66 
2 12 6 22 28 66 
2 12 6 22 28 66 
2 12 6 22 28 66 
2 12 6 22 28 66 
2 12 6 22 28 66 
2 12 6 22 28 66 
2 12 6 22 28 66 
2 12 6 22 28 66 
2 12 6 22 28 66 
2 12 6 22 28 66 
2 12 6 22 28 66 
2 12 6 22 28 66 
2 12 6 22 28 66 
2 12 6 22 28 66 
2 12 6 22 28 66 
2 12 6 22 28 66 
2 12 6 22 28 66 
2 12 6 22 28 66 
2 12 6 22 28 66 
2 12 6 22 28 66 
2 12 6 22 28 66 
2 12 6 22 28 66 
2 12 6 22 28 66 
2 12 6 22 28 66 
