64 39 54 45 9 56 17 69 
1 12 23 26 67 
64 39 54 45 9 56 31 69 
1 12 23 26 67 
1 12 23 26 48 67 
43 39 34 25 45 44 15 35 20 24 1 67 
1 12 23 10 67 
1 42 12 23 26 67 
1 43 25 12 23 55 67 
1 12 64 23 55 67 
1 12 20 34 67 
1 19 14 12 23 67 
1 12 23 43 67 
1 39 34 25 19 43 57 35 20 24 32 67 
1 43 12 23 8 48 67 
1 12 64 48 31 67 
47 1 53 8 67 
14 19 1 39 12 67 
47 1 12 39 67 
1 39 54 12 15 42 20 48 17 34 56 67 
1 43 25 9 12 56 67 
1 43 33 12 15 25 67 
1 39 54 45 12 25 31 67 
20 64 43 1 25 9 12 67 
1 39 49 33 5 12 20 64 67 
43 39 1 12 15 25 46 47 67 
20 1 12 56 43 10 45 25 9 67 
43 1 20 64 12 35 56 42 17 67 
1 39 25 14 54 45 12 31 34 41 67 
20 1 48 43 52 10 45 25 12 9 67 
1 43 55 53 44 67 
1 19 64 15 39 67 
64 1 48 12 15 42 52 31 45 34 56 67 
47 1 20 64 67 
1 43 64 52 10 14 67 
19 43 33 9 1 48 67 
42 39 47 1 53 8 41 67 
20 34 43 1 14 47 39 67 
39 34 25 64 1 48 45 44 67 
8 39 45 64 1 20 54 47 67 
51 1 20 19 64 15 39 42 17 67 
10 19 25 20 39 46 43 1 47 67 
1 57 53 39 24 64 9 55 15 35 67 
1 39 34 25 64 48 45 44 56 53 67 
57 39 34 25 64 9 54 35 20 32 69 
1 12 23 26 67 
1 12 64 23 26 67 
1 12 20 64 23 67 
1 12 23 43 67 
1 39 34 25 45 44 15 35 20 24 32 67 
1 19 25 39 12 23 67 
1 20 64 12 48 67 
47 1 12 19 67 
1 43 25 19 12 55 67 
1 39 54 12 20 48 17 67 
1 39 54 33 5 12 45 25 67 
43 1 20 64 12 35 56 42 17 67 
1 39 47 53 52 12 45 44 56 35 67 
25 19 43 1 48 67 
64 1 48 12 15 42 52 31 45 34 56 67 
55 1 53 44 67 
62 1 14 10 47 64 67 
20 64 43 1 9 56 25 67 
25 39 45 64 1 20 54 9 67 
43 1 47 53 39 33 17 42 56 67 
1 57 53 39 24 64 9 55 15 35 67 
39 24 64 9 54 69 
1 12 23 26 67 
1 12 23 26 48 67 
1 20 64 12 23 67 
1 12 23 39 67 
20 1 14 47 64 35 18 32 40 54 57 67 
1 43 25 39 12 23 67 
25 19 43 1 12 67 
1 12 45 43 67 
20 1 12 39 54 8 67 
1 39 25 14 62 12 54 67 
20 64 43 1 12 19 39 14 67 
20 1 39 14 52 12 15 47 64 67 
1 39 34 47 53 12 45 44 56 35 67 
1 42 39 25 14 67 
43 39 34 25 45 44 15 35 1 47 12 67 
55 1 53 43 67 
20 43 15 62 1 39 67 
20 1 64 39 54 45 9 67 
39 34 25 64 1 48 45 44 67 
43 1 47 35 39 46 41 8 56 67 
1 39 34 43 52 47 45 44 15 35 67 
64 39 54 45 9 56 17 69 
1 12 23 26 67 
39 1 12 23 26 67 
39 24 1 12 23 67 
1 12 23 39 67 
1 39 34 25 45 44 15 35 38 24 32 67 
1 43 12 23 8 48 67 
1 19 14 39 12 67 
1 12 15 25 67 
20 1 12 39 54 8 67 
1 39 54 45 12 25 31 67 
1 12 19 39 25 64 31 45 67 
