5 54 38 69 
1 12 39 23 26 67 
1 12 39 23 26 67 
5 54 38 69 
43 25 44 58 33 40 51 1 53 49 19 32 67 
1 33 12 23 67 
1 35 53 25 12 23 67 
1 12 39 23 56 67 
1 33 12 60 67 
1 12 39 23 35 67 
1 5 12 23 67 
43 25 44 8 1 9 14 15 39 38 19 32 67 
1 35 53 12 25 23 67 
1 25 53 12 48 67 
1 25 12 5 54 67 
1 60 12 18 67 
44 43 8 1 67 
43 25 44 1 42 5 8 9 12 38 19 32 67 
1 35 53 12 55 59 67 
1 59 49 43 25 53 12 23 48 32 51 9 67 
33 64 1 35 53 25 12 67 
1 38 42 10 64 12 20 65 67 
41 15 43 10 59 1 9 12 67 
1 35 53 12 55 59 67 
1 18 12 38 42 33 44 25 64 67 
25 53 1 33 12 48 54 38 44 67 
38 18 1 35 53 12 51 67 
44 55 1 53 35 12 43 25 49 59 67 
44 55 1 53 35 12 43 25 49 59 67 
1 25 8 55 44 67 
1 25 17 43 44 67 
1 54 38 42 50 32 12 39 20 49 43 67 
1 38 18 60 12 25 64 20 65 51 9 67 
1 55 44 60 51 25 67 
1 35 53 62 55 59 67 
8 55 44 43 45 1 51 67 
54 38 1 33 44 42 58 67 
54 38 43 10 1 33 44 42 67 
1 59 42 33 49 43 25 53 67 
1 18 44 25 35 53 62 49 59 67 
8 55 1 33 40 44 51 48 25 67 
44 25 58 33 40 43 51 1 53 49 67 
43 25 44 1 42 55 5 49 59 17 67 
43 8 9 1 18 44 25 39 38 19 32 67 
1 33 41 60 67 
25 53 38 42 50 33 44 1 35 54 43 67 
1 59 49 18 12 33 44 25 48 32 51 9 67 
1 25 55 35 12 65 58 23 38 19 32 51 67 
1 12 39 23 26 67 
5 54 43 69 
1 12 39 23 35 67 
1 33 12 23 67 
43 25 44 1 53 33 8 9 39 38 19 32 67 
1 12 5 54 19 23 67 
1 25 8 12 14 67 
1 60 12 25 67 
41 15 43 10 59 1 9 12 67 
1 35 53 55 33 12 67 
25 53 1 33 12 48 43 51 59 67 
54 38 1 33 44 42 12 67 
43 25 44 1 42 12 38 19 32 17 67 
1 25 8 55 44 67 
44 25 53 1 55 32 12 39 33 49 45 67 
25 35 55 24 1 59 67 
8 55 44 43 1 41 25 67 
19 34 5 54 44 1 25 55 67 
1 18 44 25 55 35 14 60 15 67 
42 55 1 33 40 43 51 10 44 25 67 
1 42 54 38 67 
44 25 53 1 55 33 49 45 35 8 58 67 
1 38 18 12 33 44 25 64 20 65 51 9 67 
55 59 35 1 53 33 10 64 38 12 23 48 67 
1 12 39 23 26 67 
5 54 19 69 
1 12 39 23 59 67 
1 42 12 23 67 
55 45 49 43 25 35 14 1 15 32 51 9 67 
1 12 38 57 39 23 67 
1 25 33 12 39 67 
1 42 12 38 67 
35 38 5 40 44 1 53 12 67 
1 35 53 62 32 12 67 
42 55 1 44 25 12 43 49 59 67 
33 64 1 35 53 12 59 67 
1 54 38 42 12 40 39 20 49 43 67 
1 25 38 18 44 67 
1 54 38 42 50 32 12 39 20 49 43 67 
45 35 38 57 1 41 67 
33 64 1 34 53 55 59 67 
25 53 42 33 44 1 35 54 67 
42 55 1 44 25 19 43 49 59 67 
41 25 58 33 40 43 51 10 1 8 67 
44 43 53 1 67 
43 25 44 8 1 9 39 38 19 32 51 67 
1 35 38 5 59 53 12 39 20 42 32 51 67 
55 59 35 1 53 25 14 15 65 12 23 48 67 
64 42 5 43 69 
1 12 39 23 26 67 
1 25 33 12 23 67 
1 42 12 23 67 
