2 12 28 66 
2 12 28 66 
35 12 28 66 
41 49 34 40 1 31 67 
31 34 32 64 1 67 
31 34 64 1 54 59 14 67 
2 12 23 66 
2 12 28 66 
2 12 28 66 
31 34 12 1 23 67 
31 34 42 1 12 67 
31 34 39 64 1 54 12 23 67 
31 34 32 1 12 23 67 
31 51 64 39 35 1 12 54 67 
2 12 28 66 
31 34 39 42 59 1 12 67 
31 53 39 34 64 1 12 54 59 67 
31 34 64 9 1 12 67 
2 12 23 66 
2 12 23 66 
2 12 23 66 
2 12 23 66 
2 12 23 66 
31 34 42 1 12 67 
31 34 32 1 12 67 
31 34 64 1 12 23 67 
31 34 32 1 12 67 
31 58 64 1 12 23 67 
31 34 64 1 12 67 
31 34 64 1 12 23 67 
31 34 64 1 12 23 67 
31 34 32 1 12 67 
31 34 12 1 23 67 
31 34 64 1 12 23 67 
31 34 12 1 23 67 
32 64 38 45 1 12 67 
31 34 12 1 23 67 
31 34 64 1 54 12 67 
31 34 12 1 23 67 
31 34 64 1 54 12 23 67 
32 64 54 45 1 12 67 
31 34 64 1 54 12 23 67 
31 34 51 1 54 12 23 67 
31 34 64 1 50 12 23 67 
31 34 64 1 54 12 23 67 
31 12 64 1 23 67 
32 64 54 45 1 12 67 
31 34 64 1 54 12 67 
31 19 39 32 1 15 12 23 67 
31 35 24 32 1 18 12 23 67 
31 34 39 64 1 54 12 23 67 
31 34 64 1 54 39 12 67 
31 53 20 42 51 1 12 54 59 67 
31 34 64 1 54 12 24 67 
31 53 20 42 51 62 64 1 12 67 
45 32 64 54 19 40 1 12 24 67 
31 53 39 46 54 62 64 1 12 67 
31 34 39 32 1 15 12 67 
13 51 39 54 1 15 12 19 67 
31 34 64 39 35 40 1 12 67 
31 34 39 64 1 54 12 53 67 
31 34 39 32 1 15 12 23 67 
31 34 39 64 1 54 12 23 67 
31 34 64 39 35 40 1 12 67 
31 53 39 62 64 1 12 54 59 67 
31 34 64 1 54 12 24 67 
45 32 64 1 54 12 24 67 
31 34 64 1 54 12 23 67 
31 34 64 39 35 1 12 59 67 
41 49 34 40 1 45 67 
31 34 49 45 1 35 67 
31 32 34 40 1 14 67 
45 32 51 24 5 1 67 
31 62 34 40 1 42 67 
59 51 39 46 54 19 40 1 18 67 
31 51 39 54 19 40 1 34 42 67 
31 53 39 54 19 40 1 24 49 67 
31 51 39 54 19 40 1 24 49 67 
45 24 32 5 1 67 
59 46 39 54 19 40 51 1 18 67 
49 34 32 1 18 67 
31 34 51 62 33 40 1 54 67 
31 24 32 1 18 67 
31 34 39 49 59 40 1 54 67 
49 34 32 1 18 67 
31 62 64 1 54 17 24 67 
45 5 32 1 64 67 
50 55 40 1 54 14 20 67 
31 34 39 42 45 40 1 54 67 
31 34 64 33 39 35 1 67 
31 34 39 48 45 40 1 54 67 
31 34 64 24 43 40 1 54 67 
31 34 64 1 54 59 14 67 
31 34 64 1 54 59 14 67 
39 42 59 70 
9 24 18 65 15 5 70 
39 42 44 70 
51 24 43 69 
17 24 5 8 31 45 15 70 
39 42 8 70 
