41 9 52 70 
1 32 12 60 23 67 
9 1 60 12 23 26 67 
1 32 57 42 41 47 25 5 31 51 19 67 
32 1 12 60 47 23 67 
1 32 60 12 24 67 
32 1 17 12 46 23 47 67 
1 32 33 42 60 5 19 35 64 51 12 67 
32 1 60 42 5 12 67 
19 55 60 42 1 5 12 23 67 
1 32 60 17 12 41 57 67 
47 1 41 9 54 51 12 55 67 
47 1 51 17 40 54 44 12 55 67 
47 46 42 57 1 51 17 44 55 12 67 
1 32 60 42 5 67 
1 32 47 33 42 9 67 
32 1 60 65 15 14 47 67 
19 55 60 42 54 51 14 1 67 
19 15 60 42 54 1 32 47 33 67 
19 43 14 42 1 58 10 45 40 57 67 
1 32 12 23 26 67 
1 32 12 23 26 67 
32 1 12 23 26 67 
1 32 12 23 26 67 
32 1 12 23 26 67 
1 32 12 23 26 67 
20 1 12 23 26 67 
32 1 12 23 26 67 
32 1 12 23 26 67 
32 1 12 23 26 67 
1 32 12 23 26 67 
1 32 12 23 26 67 
52 1 12 23 26 67 
1 32 12 23 26 67 
17 1 12 23 26 67 
32 1 12 23 26 67 
32 1 12 23 26 67 
1 24 12 23 26 67 
24 1 12 23 26 67 
32 1 12 23 26 67 
32 1 12 23 26 67 
1 32 12 23 26 67 
1 32 12 23 26 67 
1 32 12 23 26 67 
32 1 12 23 26 67 
52 1 12 23 26 67 
52 1 12 23 26 67 
1 32 12 23 26 67 
1 32 12 23 26 67 
32 1 12 23 26 67 
1 47 12 23 26 67 
32 1 12 23 26 67 
1 32 12 23 26 67 
32 1 12 23 26 67 
1 32 12 23 26 67 
1 32 12 23 26 67 
1 32 12 23 26 67 
32 1 12 23 26 67 
1 32 12 23 26 67 
1 44 12 23 26 67 
1 32 12 23 26 67 
1 32 12 23 26 67 
1 32 12 23 26 67 
1 10 12 23 26 67 
1 32 12 23 26 67 
32 1 12 23 26 67 
32 1 12 23 26 67 
32 1 12 23 26 67 
1 32 12 23 26 67 
32 1 12 23 26 67 
20 1 12 23 26 67 
32 1 12 23 26 67 
1 24 12 23 26 67 
32 1 12 23 26 67 
32 1 12 23 26 67 
32 1 12 23 26 67 
32 1 12 23 26 67 
44 1 12 23 26 67 
52 1 12 23 26 67 
1 32 12 23 26 67 
1 32 12 23 26 67 
32 1 12 23 26 67 
52 1 12 23 26 67 
32 1 12 23 26 67 
1 32 12 23 26 67 
32 1 12 23 26 67 
1 32 12 23 26 67 
1 32 12 23 26 67 
58 1 12 23 26 67 
32 1 12 23 26 67 
1 32 12 23 26 67 
1 32 12 23 26 67 
1 32 12 23 26 67 
32 1 12 23 26 67 
24 1 12 23 26 67 
32 1 12 23 26 67 
1 32 12 23 26 67 
52 1 12 23 26 67 
32 1 12 23 26 67 
32 1 12 23 26 67 
