1 57 12 23 67 
1 18 12 23 67 
1 18 12 23 67 
1 62 12 23 67 
10 12 23 67 
1 41 50 65 51 12 59 39 67 
1 62 12 23 67 
1 41 38 12 39 67 
41 39 1 38 57 12 67 
10 12 23 67 
44 12 23 67 
38 12 23 67 
9 12 23 67 
1 41 60 12 31 67 
1 41 57 12 38 67 
2 12 23 67 
1 41 9 64 38 67 
2 12 23 67 
1 41 60 12 31 67 
1 41 60 38 47 67 
1 41 57 50 65 67 
1 41 57 12 50 67 
1 41 57 50 65 67 
2 12 23 67 
2 12 23 67 
2 12 23 67 
1 62 12 60 67 
1 62 12 65 67 
1 31 12 65 67 
1 31 41 12 67 
1 41 39 31 64 14 42 65 12 54 23 59 67 
1 41 39 38 51 10 42 65 12 54 23 59 67 
1 41 38 17 52 8 60 9 12 54 65 23 67 
41 38 45 1 31 12 64 67 
1 41 56 9 20 39 12 67 
41 39 45 10 1 12 59 51 67 
1 41 46 48 51 12 59 10 67 
1 41 56 9 20 39 12 67 
1 41 38 48 51 10 56 9 12 54 65 23 67 
1 46 48 51 31 41 12 67 
1 41 50 65 39 12 59 64 67 
1 31 41 12 67 
41 38 9 14 20 39 1 67 
1 41 9 64 38 13 51 67 
41 39 1 38 12 59 67 
1 12 50 31 38 46 67 
1 47 46 48 51 10 18 65 12 59 67 
41 38 9 14 20 39 1 67 
1 41 8 48 51 12 67 
1 41 12 31 64 13 52 8 57 15 67 
1 41 8 48 51 12 59 25 18 67 
59 38 45 52 8 1 41 12 67 
60 38 45 1 31 41 39 67 
1 41 38 12 39 51 33 59 34 5 67 
1 41 47 48 62 38 13 12 39 67 
41 39 1 12 59 64 67 
41 39 1 50 65 33 67 
1 41 50 65 53 48 67 
1 31 41 38 67 
1 41 18 13 62 38 12 39 59 67 
1 41 38 48 56 18 12 54 58 65 59 67 
1 41 12 39 51 33 59 34 5 67 
1 31 41 38 67 
1 41 38 43 59 5 56 54 67 
1 41 46 48 51 10 18 65 12 59 67 
1 41 12 59 39 34 5 46 49 18 31 67 
1 41 46 48 52 8 51 12 59 17 64 67 
60 38 45 52 8 20 39 1 67 
1 41 50 65 51 10 18 58 67 
1 41 64 52 51 14 20 8 25 65 67 
1 41 56 9 12 54 58 65 59 18 31 15 67 
41 39 1 38 5 46 67 
1 41 38 19 64 48 67 
1 41 46 48 51 12 59 17 64 8 31 15 67 
1 31 58 10 67 
1 41 12 59 64 14 20 57 49 18 31 38 67 
1 31 64 14 67 
1 41 62 38 13 12 59 39 50 32 31 67 
1 41 12 59 64 14 20 57 49 18 31 19 67 
1 41 50 65 51 10 18 20 31 15 67 
1 41 5 56 54 19 59 43 31 15 67 
1 41 38 43 59 5 56 54 67 
1 41 38 13 52 8 57 64 15 67 
1 41 50 65 33 20 56 55 31 15 67 
60 38 50 9 53 20 39 52 1 67 
1 41 38 48 51 10 18 65 56 31 15 67 
1 41 50 65 33 10 42 49 18 31 19 67 
1 41 50 65 51 10 42 49 18 31 19 67 
1 41 38 48 51 10 18 65 58 31 15 67 
1 41 38 13 52 8 57 64 15 67 
60 38 47 41 14 20 39 52 1 67 
1 41 38 48 51 10 42 39 20 65 59 18 67 
1 41 38 48 51 10 42 65 49 18 31 19 67 
1 41 38 48 51 10 42 65 59 18 31 15 67 
50 65 53 69 
57 13 43 41 39 50 32 70 
50 65 35 69 
51 10 42 65 38 69 
64 14 20 41 69 
10 45 54 39 62 20 1 49 31 24 59 15 67 
