40 64 35 70 
23 1 12 67 
14 1 12 67 
2 4 6 67 
60 40 64 38 52 49 54 5 13 8 43 1 67 
38 1 14 12 55 49 67 
60 40 42 1 52 49 12 5 13 8 34 10 67 
38 1 41 12 60 49 40 23 67 
38 1 35 62 60 49 12 40 23 67 
38 1 19 12 60 49 40 67 
40 64 14 1 12 32 38 44 67 
38 1 35 62 60 12 34 49 59 23 67 
38 1 40 64 60 49 12 42 52 67 
38 1 39 64 44 49 13 42 12 60 67 
38 1 39 64 44 49 12 60 40 42 52 67 
38 1 40 64 35 49 67 
60 40 42 38 43 1 12 8 34 10 53 23 67 
38 1 19 34 60 49 40 67 
1 35 5 40 38 64 39 44 67 
60 40 62 38 13 42 43 1 53 67 
60 62 40 64 53 38 13 42 43 1 67 
60 40 38 64 44 49 48 13 42 39 1 67 
2 6 22 67 
2 6 22 67 
2 6 22 67 
2 6 22 67 
2 6 22 67 
2 6 22 67 
2 6 22 67 
2 6 22 67 
2 6 22 67 
2 6 22 67 
2 6 22 67 
2 6 22 67 
2 6 22 67 
2 6 22 67 
2 6 22 67 
2 6 22 67 
2 6 22 67 
2 6 22 67 
2 6 22 67 
2 6 22 67 
2 6 22 67 
2 6 22 67 
2 6 22 67 
2 6 22 67 
2 6 22 67 
2 6 22 67 
2 6 22 67 
2 6 22 67 
2 6 22 67 
2 6 22 67 
2 6 22 67 
2 6 22 67 
2 6 22 67 
2 6 22 67 
2 6 22 67 
2 6 22 67 
2 6 22 67 
2 6 22 67 
2 6 22 67 
2 6 22 67 
2 6 22 67 
2 6 22 67 
2 6 22 67 
2 6 22 67 
2 6 22 67 
2 6 22 67 
2 6 22 67 
2 6 22 67 
2 6 22 67 
2 6 22 67 
2 6 22 67 
2 6 22 67 
2 6 22 67 
2 6 22 67 
2 6 22 67 
2 6 22 67 
2 6 22 67 
2 6 22 67 
2 6 22 67 
2 6 22 67 
2 6 22 67 
2 6 22 67 
2 6 22 67 
2 6 22 67 
2 6 22 67 
2 6 22 67 
2 6 22 67 
2 6 22 67 
2 6 22 67 
2 6 22 67 
2 6 22 67 
2 6 22 67 
2 6 22 67 
2 6 22 67 
2 6 22 67 
2 6 22 67 
2 6 22 67 
2 6 22 67 
