53 35 45 70 
18 1 12 67 
13 20 60 1 58 64 49 25 56 32 67 
20 13 1 12 67 
20 13 18 1 12 67 
20 54 18 1 32 9 25 13 31 12 67 
40 8 18 1 12 42 67 
20 8 49 1 12 54 65 67 
20 54 18 1 12 64 60 45 67 
20 54 18 1 12 9 35 13 31 67 
20 13 1 46 67 
45 8 18 1 20 67 
20 1 53 64 35 54 67 
18 1 14 67 
38 33 45 1 56 35 48 67 
20 13 64 49 1 25 56 32 67 
20 54 62 25 13 31 45 64 1 67 
12 1 23 67 
12 1 23 67 
12 1 23 67 
12 1 23 67 
12 1 23 67 
12 1 23 67 
12 1 23 67 
12 1 23 67 
12 1 23 67 
12 1 23 67 
12 1 23 67 
12 1 23 67 
12 1 23 67 
12 1 23 67 
12 1 23 67 
12 1 23 67 
12 1 23 67 
12 1 23 67 
12 1 23 67 
12 1 23 67 
12 1 23 67 
12 1 23 67 
12 1 23 67 
12 1 23 67 
12 1 23 67 
12 1 23 67 
12 1 23 67 
12 1 23 67 
12 1 23 67 
12 1 23 67 
12 1 23 67 
12 1 23 67 
12 1 23 67 
12 1 23 67 
12 1 23 67 
12 1 23 67 
12 1 23 67 
12 1 23 67 
12 1 23 67 
12 1 23 67 
12 1 23 67 
12 1 23 67 
12 1 23 67 
12 1 23 67 
12 1 23 67 
12 1 23 67 
12 1 23 67 
12 1 23 67 
12 1 23 67 
12 1 23 67 
12 1 23 67 
12 1 23 67 
12 1 23 67 
12 1 23 67 
12 1 23 67 
12 1 23 67 
12 1 23 67 
12 1 23 67 
12 1 23 67 
12 1 23 67 
12 1 23 67 
12 1 23 67 
12 1 23 67 
12 1 23 67 
12 1 23 67 
12 1 23 67 
12 1 23 67 
12 1 23 67 
12 1 23 67 
12 1 23 67 
12 1 23 67 
12 1 23 67 
12 1 23 67 
12 1 23 67 
12 1 23 67 
12 1 23 67 
12 1 23 67 
12 1 23 67 
12 1 23 67 
12 1 23 67 
12 1 23 67 
12 1 23 67 
12 1 23 67 
