33 47 41 69 
1 12 23 67 
1 12 23 67 
33 47 31 69 
35 47 46 1 15 43 50 45 8 33 58 51 67 
50 1 12 23 67 
1 12 65 67 
50 1 12 23 67 
1 12 65 67 
35 1 53 12 67 
35 47 32 46 15 1 25 5 60 53 14 51 67 
50 1 12 33 67 
35 15 1 53 12 67 
50 10 1 15 12 67 
35 1 51 13 67 
56 1 44 15 12 35 67 
35 47 32 46 1 12 64 24 60 53 14 51 67 
50 1 12 23 39 14 53 42 9 57 51 60 67 
35 64 44 1 53 12 62 67 
1 12 33 56 31 44 15 18 67 
1 12 33 56 31 62 19 50 67 
35 64 44 1 53 12 62 67 
48 1 35 15 12 31 50 55 19 67 
53 1 35 15 12 50 52 45 19 67 
65 15 1 52 58 67 
48 1 44 12 31 51 15 50 33 58 67 
49 1 14 12 64 47 67 
50 10 1 35 51 67 
47 1 44 54 13 15 18 53 50 12 67 
48 31 44 64 59 51 15 9 1 53 12 67 
48 47 35 15 50 1 67 
15 1 35 44 43 25 50 10 12 58 14 67 
48 31 51 15 50 1 67 
46 1 50 35 47 44 33 67 
5 64 35 17 46 1 15 67 
35 15 44 31 24 53 1 42 67 
15 65 58 64 1 50 14 53 67 
49 1 19 47 65 15 40 53 58 67 
47 1 43 15 50 45 8 33 58 67 
35 1 44 15 52 50 60 19 53 59 67 
51 1 35 13 44 9 50 43 19 31 67 
15 1 35 44 39 25 50 10 49 45 9 67 
15 1 35 53 46 25 50 10 49 45 9 67 
50 1 12 23 39 14 53 51 33 54 56 55 67 
50 1 35 15 67 
50 1 48 31 47 12 53 42 9 57 51 10 67 
1 12 23 67 
19 47 65 69 
31 1 12 23 67 
1 12 46 67 
35 47 46 1 15 52 25 33 44 39 50 51 67 
35 1 12 47 67 
15 10 1 12 65 67 
15 1 44 64 24 25 12 58 67 
35 64 44 1 53 12 62 67 
1 12 51 35 64 62 19 50 33 67 
48 31 50 1 47 12 67 
35 15 1 52 50 67 
50 1 47 53 35 12 52 20 14 55 67 
50 1 42 44 33 58 49 12 15 40 53 67 
31 1 44 15 18 53 67 
46 1 50 35 15 25 47 67 
15 10 65 47 35 1 52 53 67 
49 1 35 15 44 31 50 45 19 67 
51 1 35 13 44 9 50 43 14 31 67 
50 1 47 44 33 58 49 38 15 40 53 67 
50 1 12 23 39 14 53 42 9 57 51 46 67 
50 1 33 47 67 
50 1 12 10 58 14 53 42 9 39 57 51 67 
1 12 23 67 
19 47 15 69 
50 1 12 23 67 
1 12 35 67 
35 47 46 1 15 52 25 5 60 53 14 51 67 
51 1 12 15 67 
50 44 1 12 51 67 
50 1 33 41 12 15 39 14 67 
5 64 1 12 46 51 35 67 
49 1 14 12 47 15 40 53 58 67 
31 1 44 15 12 35 67 
47 15 35 1 52 67 
49 1 12 51 44 54 53 58 14 31 67 
35 1 44 64 59 58 60 19 50 53 12 67 
48 31 35 15 50 1 67 
44 64 35 15 53 1 42 67 
15 1 33 35 44 39 25 50 67 
35 1 44 51 50 8 65 33 58 67 
51 1 35 13 8 9 50 43 14 31 67 
15 1 35 44 43 25 50 10 49 45 9 67 
50 1 12 23 39 14 53 51 33 54 59 55 67 
50 1 51 10 67 
15 1 50 12 35 14 53 42 8 45 9 40 67 
1 12 23 67 
53 47 35 69 
51 1 12 23 67 
1 12 35 67 
51 1 35 13 44 50 56 42 9 43 14 31 67 
51 1 12 60 67 
50 10 1 12 35 67 
47 1 33 41 64 15 12 18 67 
