56 38 55 70 
18 41 65 57 9 52 50 40 1 67 
51 32 49 64 50 65 45 5 1 35 63 17 67 
40 64 35 1 12 8 11 67 
15 1 62 50 49 35 67 
65 33 10 8 25 48 40 1 12 67 
13 2 4 6 66 
65 50 25 1 9 67 
1 35 26 67 
55 25 39 24 57 47 1 67 
65 52 45 55 51 1 41 20 67 
65 1 59 52 67 
31 12 54 65 25 48 10 1 32 58 16 67 
25 65 60 12 56 1 10 13 31 38 67 
57 62 65 58 46 49 1 31 55 19 67 
12 47 7 66 
5 65 1 13 23 19 67 
61 65 12 23 15 67 
65 63 48 54 1 43 13 23 67 
31 51 43 1 4 12 67 
3 6 26 23 11 66 
18 65 55 39 30 1 5 9 12 19 67 
