38 34 46 70 
23 12 28 66 
64 17 50 32 1 15 67 
59 1 23 12 67 
50 1 9 12 67 
50 1 9 12 23 67 
5 47 9 50 1 12 67 
32 9 50 1 12 23 67 
17 18 44 1 12 67 
60 1 38 42 67 
50 64 44 1 15 67 
2 12 28 66 
2 12 28 66 
2 12 28 66 
2 12 28 66 
2 12 28 66 
2 12 28 66 
2 12 28 66 
2 12 28 66 
2 12 28 66 
2 12 28 66 
2 12 28 66 
2 12 28 66 
2 12 28 66 
2 12 28 66 
2 12 28 66 
2 12 28 66 
2 12 28 66 
2 12 28 66 
2 12 28 66 
2 12 28 66 
2 12 28 66 
2 12 28 66 
2 12 28 66 
2 12 28 66 
2 12 28 66 
2 12 28 66 
2 12 28 66 
2 12 28 66 
2 12 28 66 
2 12 28 66 
2 12 28 66 
2 12 28 66 
2 12 28 66 
2 12 28 66 
2 12 28 66 
2 12 28 66 
2 12 28 66 
2 12 28 66 
2 12 28 66 
2 12 28 66 
2 12 28 66 
2 12 28 66 
2 12 28 66 
2 12 28 66 
2 12 28 66 
2 12 28 66 
2 12 28 66 
2 12 28 66 
2 12 28 66 
2 12 28 66 
2 12 28 66 
2 12 28 66 
2 12 28 66 
2 12 28 66 
2 12 28 66 
2 12 28 66 
2 12 28 66 
2 12 28 66 
2 12 28 66 
2 12 28 66 
2 12 28 66 
2 12 28 66 
2 12 28 66 
2 12 28 66 
2 12 28 66 
2 12 28 66 
2 12 28 66 
2 12 28 66 
2 12 28 66 
2 12 28 66 
2 12 28 66 
2 12 28 66 
2 12 28 66 
2 12 28 66 
2 12 28 66 
2 12 28 66 
2 12 28 66 
2 12 28 66 
2 12 28 66 
2 12 28 66 
2 12 28 66 
2 12 28 66 
2 12 28 66 
2 12 28 66 
2 12 28 66 
2 12 28 66 
2 12 28 66 
2 12 28 66 
2 12 28 66 
