52 1 12 23 26 67 
1 12 58 18 54 14 67 
1 12 23 31 67 
1 12 23 34 67 
1 12 23 18 67 
1 12 58 18 32 23 67 
1 12 23 59 67 
1 12 5 52 50 67 
1 12 31 23 67 
58 40 1 12 67 
40 5 50 45 51 52 69 
8 60 10 52 1 5 53 59 47 14 62 67 
1 12 20 31 23 67 
35 5 34 59 50 10 41 57 64 14 62 1 67 
1 12 18 31 23 67 
1 12 62 50 23 67 
1 12 20 18 23 67 
17 1 42 18 5 44 57 9 47 67 
1 12 62 50 23 67 
18 32 1 59 41 58 64 47 44 9 67 
57 1 42 39 55 18 32 67 
41 57 59 52 38 1 9 50 67 
1 58 9 59 12 52 24 67 
34 1 62 18 32 55 67 
18 1 41 60 59 67 
1 12 62 18 32 23 67 
1 12 62 18 20 23 67 
1 12 62 18 32 23 67 
58 1 42 14 12 67 
1 12 58 18 32 23 67 
62 1 12 59 52 67 
18 1 58 40 12 67 
58 40 1 12 67 
60 1 42 39 12 67 
58 40 1 12 67 
18 31 1 12 67 
18 1 41 50 34 67 
1 12 59 52 38 42 18 32 67 
45 5 51 52 50 18 1 59 12 43 23 62 67 
60 1 42 39 5 67 
18 56 34 5 55 1 12 59 67 
1 12 58 5 52 18 67 
1 12 58 5 60 51 67 
1 12 59 52 38 42 18 32 67 
18 1 42 38 32 67 
34 5 55 64 1 12 59 51 23 47 52 50 67 
34 5 55 64 1 12 59 51 23 47 32 42 67 
8 1 60 5 53 59 67 
18 33 51 52 50 10 25 1 42 47 12 43 67 
10 5 55 18 1 12 38 34 32 15 46 45 67 
1 41 51 52 50 10 57 31 65 39 12 58 67 
52 1 41 58 14 12 67 
34 5 55 18 1 12 59 51 23 47 32 42 67 
1 12 58 5 52 24 67 
58 18 1 54 31 51 32 12 67 
18 1 60 5 52 15 67 
42 1 32 55 34 15 57 19 12 67 
60 5 62 52 1 42 59 31 64 14 18 12 67 
18 32 59 57 39 5 1 9 67 
17 1 42 18 57 5 12 47 35 20 67 
18 19 25 52 1 42 47 12 43 62 67 
1 18 41 50 54 31 51 32 12 55 67 
52 10 58 5 41 59 57 1 67 
34 1 32 55 64 12 25 47 20 67 
58 18 19 51 39 5 1 34 67 
8 53 59 57 1 58 12 19 24 15 62 67 
10 5 38 1 34 32 15 46 45 12 33 67 
62 1 41 50 65 46 42 12 58 20 67 
60 5 10 52 1 42 18 12 47 14 62 67 
1 12 59 58 19 5 18 32 42 67 
50 55 57 1 42 39 18 32 59 67 
52 41 59 57 1 9 50 56 12 58 10 67 
18 14 1 41 67 
1 12 41 50 34 47 18 32 42 67 
18 32 59 1 47 44 57 9 42 67 
1 5 58 51 47 52 14 17 8 67 
58 14 1 12 67 
1 18 54 31 51 32 12 67 
58 38 1 40 67 
52 1 42 18 12 5 47 67 
58 19 1 34 67 
18 1 60 32 41 8 67 
34 1 55 59 12 25 47 67 
18 32 59 57 1 9 42 65 46 62 10 67 
15 5 57 1 42 39 55 18 32 14 62 67 
40 5 51 52 50 10 57 31 64 14 62 1 67 
58 19 1 5 67 
1 18 32 42 65 46 62 10 35 20 67 
58 5 34 59 41 57 64 14 62 1 67 
55 5 41 50 52 34 59 57 14 62 1 67 
58 5 51 55 52 34 59 57 64 14 62 1 67 
57 1 42 39 55 18 32 67 
15 5 51 44 39 55 59 31 64 14 62 1 67 
18 1 41 50 10 62 32 67 
1 18 32 42 50 46 62 10 35 20 67 
18 1 42 47 46 62 32 67 
25 19 53 45 64 14 69 
41 50 34 70 
5 52 50 10 44 69 
55 59 31 70 
