64 15 54 45 38 60 70 
1 27 12 23 67 
1 27 12 23 67 
64 15 54 39 38 60 70 
1 33 12 23 67 
1 15 31 44 48 39 13 64 19 33 10 52 67 
1 19 33 12 23 67 
1 45 56 33 12 23 67 
1 15 12 32 67 
1 14 12 33 23 67 
1 59 12 23 67 
1 19 12 64 51 67 
1 19 33 41 12 23 67 
1 20 31 44 48 39 13 64 19 33 52 40 67 
1 33 10 45 67 
1 19 20 12 18 67 
1 33 12 15 67 
1 15 31 44 56 43 12 14 19 33 52 40 67 
1 17 19 12 65 33 67 
1 52 31 25 12 48 64 41 23 15 50 43 67 
1 49 19 31 44 12 15 67 
1 15 19 12 32 48 67 
65 1 33 12 64 48 45 56 67 
65 1 33 12 64 15 54 45 67 
1 19 33 12 48 45 60 55 44 67 
1 38 19 33 10 58 12 50 31 67 
1 49 19 31 44 12 40 67 
1 44 15 64 65 58 41 52 12 18 67 
43 52 31 1 51 33 15 12 48 40 67 
1 19 33 10 45 67 
1 42 33 58 32 67 
65 1 51 12 10 38 48 15 19 59 44 67 
1 15 31 33 10 38 51 12 48 19 59 67 
65 15 56 33 54 1 67 
1 59 56 33 54 41 67 
1 54 15 56 33 19 51 67 
1 54 15 19 35 64 51 67 
1 15 45 52 31 56 25 64 67 
1 15 45 52 31 56 25 64 67 
1 59 41 50 15 64 54 38 60 67 
1 59 41 45 15 49 42 51 19 67 
1 33 10 15 67 
59 56 31 1 51 33 54 41 57 40 67 
49 15 31 19 33 10 1 51 12 48 59 44 67 
1 57 15 64 65 58 49 52 10 60 67 
1 52 31 45 56 25 64 18 60 48 32 67 
1 52 31 25 12 48 64 41 23 15 50 43 67 
1 49 40 56 33 10 45 13 24 54 52 67 
1 27 12 23 67 
57 52 31 9 15 56 64 39 54 70 
1 18 59 12 23 67 
1 33 12 23 67 
1 19 33 41 12 23 67 
1 15 31 19 33 10 44 48 39 13 64 52 67 
1 19 12 64 33 67 
1 33 60 12 67 
1 45 19 38 18 12 67 
65 1 33 12 64 48 45 56 67 
65 1 51 12 48 15 19 59 44 67 
1 41 52 12 18 33 38 67 
43 1 51 33 15 12 48 40 59 44 67 
65 19 33 1 55 67 
1 15 31 33 10 45 12 14 19 52 40 67 
1 15 56 33 54 19 67 
58 1 33 32 60 64 41 67 
1 18 19 45 24 44 48 39 67 
1 59 41 45 15 49 42 51 33 67 
1 33 41 52 67 
1 57 19 54 58 12 45 49 52 10 60 40 67 
45 52 31 1 56 25 64 46 60 48 67 
1 33 43 19 12 23 44 48 39 13 64 52 67 
1 49 40 19 33 10 45 20 50 15 31 67 
1 27 12 23 67 
57 52 31 9 15 56 62 54 14 70 
1 42 33 12 23 67 
1 59 12 23 67 
1 19 33 41 12 23 67 
1 15 31 44 48 39 13 64 19 33 52 40 67 
1 18 33 12 19 67 
1 33 12 15 67 
64 35 54 1 33 12 67 
1 15 19 12 64 48 45 62 67 
65 1 51 12 48 15 19 59 44 67 
1 15 19 31 44 12 53 67 
1 57 19 12 54 58 49 52 10 60 67 
65 19 33 1 59 67 
38 1 51 33 10 12 48 15 19 59 44 67 
1 19 33 41 49 39 67 
45 1 33 32 60 52 56 67 
1 15 19 45 24 44 48 39 67 
1 52 19 33 10 50 49 15 31 67 
1 15 64 65 67 
1 57 64 41 52 12 45 56 33 55 44 40 67 
1 52 19 8 57 50 49 33 10 15 67 
1 52 31 19 12 64 51 41 23 15 50 34 67 
1 49 40 19 33 10 45 13 24 54 52 67 
1 27 12 23 67 
57 52 31 9 15 56 62 54 14 70 
1 19 33 12 23 67 
1 33 12 23 67 
