44 60 39 69 
1 48 12 23 67 
48 42 18 44 69 
1 48 12 23 67 
52 55 44 60 39 1 62 19 45 10 54 31 67 
1 50 12 48 23 10 67 
1 39 12 50 67 
48 46 1 12 23 67 
50 57 1 12 23 67 
52 55 44 60 39 1 62 19 45 10 54 31 67 
50 48 1 39 12 23 67 
57 46 1 62 12 67 
62 46 1 12 8 67 
1 39 12 48 67 
1 10 44 60 67 
1 50 12 48 8 44 67 
48 1 46 59 12 38 52 18 43 19 51 55 67 
52 14 45 24 1 62 12 10 23 51 65 40 67 
18 44 1 10 62 60 12 67 
45 55 1 39 12 46 10 44 67 
8 48 44 10 1 12 59 55 67 
18 50 1 10 55 46 12 67 
35 45 24 1 46 52 59 12 50 67 
18 55 1 59 65 20 14 12 32 67 
48 8 1 19 18 67 
1 14 55 50 12 45 67 
18 55 1 48 12 25 32 47 44 57 67 
10 46 1 44 14 67 
18 55 1 59 12 50 32 47 44 57 67 
32 14 1 55 47 12 45 48 57 17 33 67 
50 48 1 41 14 45 67 
1 55 46 48 17 12 50 8 43 54 42 67 
18 8 1 10 44 60 67 
46 48 1 10 62 38 39 67 
48 46 1 10 62 14 19 67 
50 9 1 34 18 44 8 62 67 
50 9 1 38 18 56 19 57 67 
18 32 45 55 46 52 1 13 44 67 
18 40 45 55 46 52 1 13 44 67 
44 55 1 59 65 60 9 50 41 39 67 
32 50 48 57 17 1 33 18 19 14 67 
48 46 1 14 50 8 44 60 32 34 31 67 
1 55 44 15 46 60 41 65 39 14 59 67 
50 55 46 59 48 1 39 12 23 10 54 31 67 
1 10 44 60 67 
48 1 46 59 12 38 52 14 45 10 54 31 67 
1 48 12 23 67 
50 8 44 60 39 34 69 
50 57 1 12 23 67 
52 55 46 59 18 1 62 19 45 10 54 31 67 
18 59 1 48 12 23 67 
56 46 1 12 18 67 
1 48 12 18 67 
1 48 44 59 12 55 50 43 67 
51 44 1 10 62 60 12 67 
18 55 1 59 65 20 14 12 32 67 
18 8 1 50 12 48 67 
10 46 1 44 60 67 
57 48 46 1 39 65 32 44 10 12 67 
45 17 18 1 12 53 58 60 59 50 39 67 
18 8 1 32 39 14 67 
18 44 60 9 58 1 47 67 
50 9 1 34 18 56 19 57 67 
1 8 48 59 55 46 34 17 56 67 
18 55 1 59 65 20 32 47 44 57 67 
18 43 19 51 1 55 46 40 39 14 49 67 
41 14 45 24 46 1 62 12 23 51 65 40 67 
1 48 52 33 67 
32 14 45 24 1 62 12 50 48 57 17 33 67 
1 48 12 23 67 
48 42 18 50 69 
48 46 1 12 23 67 
45 55 18 53 19 14 1 39 57 54 31 35 67 
50 48 1 10 12 23 67 
57 46 1 12 60 67 
1 48 12 25 67 
57 48 44 10 1 12 50 43 67 
18 44 1 10 62 60 12 67 
35 45 24 1 59 65 12 14 39 67 
18 8 1 32 39 12 67 
18 48 1 55 46 67 
18 55 46 1 49 44 50 48 12 57 67 
45 17 18 1 12 59 50 39 57 54 34 67 
18 8 1 32 39 14 67 
18 32 60 9 58 1 39 67 
58 9 62 18 1 46 10 48 67 
55 10 1 47 44 57 46 13 34 67 
32 50 48 57 17 1 33 18 19 35 67 
48 46 1 14 19 50 9 34 18 57 31 67 
52 45 24 62 18 14 1 39 57 12 10 23 67 
1 48 49 60 67 
18 55 46 59 44 1 10 62 60 12 54 31 67 
1 48 12 23 67 
48 10 18 49 69 
40 48 1 12 23 67 
48 46 1 14 19 18 53 39 34 54 31 50 67 
50 48 1 39 12 23 67 
57 46 1 62 12 67 
1 59 12 50 67 
18 32 1 39 12 50 46 43 67 
