10 42 20 54 70 
1 12 23 67 
1 12 23 67 
31 42 41 62 70 
49 1 54 18 65 51 52 31 55 59 40 67 
65 1 12 23 67 
1 12 65 67 
65 1 12 23 67 
1 12 49 67 
65 1 12 34 67 
49 1 54 18 65 51 42 24 60 10 40 67 
10 42 1 12 67 
34 33 43 1 12 67 
51 18 43 1 12 67 
10 1 49 18 67 
35 5 65 1 12 45 67 
49 1 54 18 65 55 41 12 10 57 40 67 
35 5 65 1 12 45 67 
55 41 1 12 18 10 52 67 
55 41 1 12 18 10 57 67 
18 34 1 12 56 20 54 31 67 
31 33 1 12 56 51 18 34 67 
44 1 54 12 10 53 20 60 40 67 
10 1 51 57 65 8 55 12 18 67 
34 33 43 1 32 67 
31 1 12 13 5 10 65 43 59 33 67 
18 33 43 1 31 67 
34 1 59 43 18 33 12 40 65 48 67 
18 33 1 43 31 34 67 
31 1 12 38 42 53 54 43 59 33 10 67 
65 1 34 59 67 
56 57 10 65 1 8 67 
44 45 1 42 18 57 59 67 
32 43 18 10 1 49 34 67 
32 1 54 10 49 57 13 65 67 
10 9 17 1 33 31 52 51 67 
10 1 54 42 20 51 60 33 55 67 
49 1 54 18 65 60 10 40 51 67 
49 1 10 9 17 33 31 52 51 40 67 
34 1 59 43 18 33 50 40 65 48 67 
1 12 23 67 
31 42 53 20 70 
65 1 12 23 67 
1 12 18 67 
9 1 59 10 42 53 54 40 65 48 33 67 
65 1 12 34 67 
31 5 18 1 12 67 
62 18 1 10 42 12 67 
55 51 31 33 1 12 13 67 
31 33 34 43 1 12 10 49 67 
49 1 18 12 51 60 10 40 59 67 
51 33 43 1 18 67 
51 18 1 12 34 43 10 32 31 65 67 
31 1 12 38 42 53 54 43 59 33 10 67 
62 42 1 18 67 
33 57 10 65 1 8 67 
32 18 1 49 54 31 5 67 
32 1 54 31 10 33 13 5 67 
49 1 18 55 51 60 10 40 59 67 
49 1 54 31 59 53 10 24 60 40 67 
1 12 23 67 
44 42 18 57 70 
31 1 12 23 67 
1 12 13 67 
49 1 54 18 65 51 42 52 60 10 40 67 
44 1 12 10 67 
65 5 52 1 12 67 
34 43 18 1 33 12 67 
32 18 1 43 12 33 34 67 
31 33 1 12 13 5 10 49 67 
31 1 59 33 10 65 12 43 48 67 
32 33 43 1 34 67 
1 18 31 12 51 50 42 20 55 59 67 
9 1 12 38 42 53 54 43 65 48 33 67 
10 1 49 57 67 
62 18 1 56 65 13 67 
31 45 1 47 52 33 59 67 
49 1 54 31 10 18 43 60 67 
49 1 54 18 31 5 33 34 59 67 
10 18 31 1 32 5 42 20 54 59 67 
1 12 23 67 
31 42 53 10 70 
65 1 12 23 67 
1 12 57 67 
9 1 59 10 42 53 54 43 65 48 33 67 
10 42 1 12 67 
34 41 43 1 12 67 
18 51 65 1 12 24 67 
32 43 18 1 12 33 34 67 
49 1 54 51 12 18 65 24 67 
51 18 31 42 20 65 1 12 24 67 
31 5 33 34 1 67 
32 18 33 13 5 65 1 12 64 49 67 
49 1 54 18 65 64 12 24 60 10 40 67 
10 1 49 57 67 
33 34 18 65 1 51 67 
32 18 1 49 39 9 13 67 
43 1 34 31 10 32 48 39 67 
57 51 65 34 43 1 53 60 10 67 
52 18 31 33 51 1 59 49 40 32 67 
