56 12 28 66 
2 12 28 66 
24 12 28 66 
24 12 28 66 
2 12 28 66 
59 12 28 66 
2 12 28 66 
24 12 28 66 
2 12 28 66 
33 1 40 20 10 12 23 56 67 
15 1 57 12 31 14 32 56 10 67 
15 1 65 57 12 31 14 47 67 
20 55 46 24 32 1 12 67 
32 24 46 1 12 60 67 
15 1 47 12 31 67 
13 1 4 12 26 67 
15 1 4 12 26 67 
15 1 4 12 26 67 
13 1 4 12 26 67 
46 1 4 12 26 67 
33 1 10 12 23 67 
10 55 46 1 12 23 67 
46 1 10 12 23 67 
55 1 20 33 47 12 23 67 
1 15 46 65 12 23 8 67 
33 1 10 12 23 67 
1 55 46 10 12 23 67 
32 1 12 56 10 23 20 67 
10 55 46 24 1 12 23 67 
33 1 64 10 12 23 67 
33 1 64 58 12 23 67 
1 55 46 10 12 23 67 
33 1 10 12 23 67 
57 14 46 1 10 12 23 19 67 
1 10 46 20 12 23 54 25 67 
14 1 31 65 46 12 23 57 67 
46 1 10 12 23 67 
24 1 31 65 46 12 23 56 67 
32 1 12 56 10 23 20 67 
8 1 64 24 12 31 67 
52 1 10 12 60 67 
8 1 64 24 12 31 67 
40 1 60 56 15 12 67 
13 1 10 12 50 67 
24 1 65 57 12 31 51 60 67 
24 1 48 10 20 60 64 12 67 
14 60 1 19 8 56 12 25 67 
15 1 65 57 12 31 14 47 67 
13 1 10 12 64 67 
20 1 64 48 38 44 67 
24 1 46 56 38 53 5 12 40 67 
55 1 46 20 15 24 54 12 25 67 
24 1 20 48 10 12 47 8 65 67 
33 1 64 9 15 40 67 
15 1 20 55 46 67 
20 55 46 24 1 40 12 67 
19 1 31 14 65 60 67 
15 1 57 12 31 14 65 47 35 67 
56 42 31 34 32 1 67 
24 1 10 64 47 67 
13 1 10 12 64 67 
24 1 10 64 47 67 
55 1 20 46 24 40 12 67 
40 1 64 9 15 12 67 
57 14 20 54 65 48 60 1 19 67 
24 1 56 38 53 60 12 67 
10 52 64 9 55 46 24 1 49 20 8 67 
15 1 10 60 20 67 
20 55 46 24 1 40 12 67 
24 1 64 20 46 9 48 65 40 67 
24 1 55 65 44 43 5 14 9 67 
33 1 64 9 60 46 40 52 35 5 56 67 
56 42 32 1 20 60 64 9 14 12 45 67 
15 52 64 9 60 46 65 40 14 1 8 67 
32 1 64 52 9 14 40 39 25 43 12 67 
39 5 64 20 48 1 40 60 56 38 51 67 
24 1 46 58 55 35 5 14 65 9 67 
24 1 40 60 56 38 12 14 65 52 42 67 
32 1 20 60 64 9 14 67 
32 1 64 9 35 38 51 43 12 39 67 
17 55 46 24 1 40 54 67 
24 1 15 42 46 35 5 14 65 9 67 
24 1 31 65 57 51 60 56 67 
32 1 20 60 64 9 14 67 
24 1 40 60 56 52 42 65 47 25 67 
24 1 64 20 48 65 40 60 56 12 19 67 
10 55 46 24 1 49 20 67 
15 60 46 65 40 14 1 8 67 
24 1 15 12 40 60 56 32 25 50 67 
24 1 40 20 34 51 60 56 67 
15 60 46 59 40 14 65 1 67 
15 1 8 60 56 12 19 25 14 35 67 
33 1 40 60 42 9 32 38 14 53 67 
57 14 20 54 65 47 25 42 1 67 
32 1 40 60 56 38 51 43 12 39 67 
20 48 38 44 70 
33 25 44 18 51 70 
31 65 46 69 
38 14 65 47 25 31 69 
64 9 35 69 
