40 42 60 17 10 69 
1 12 39 23 67 
64 34 40 47 1 5 67 
51 1 5 12 67 
1 12 2 23 67 
40 41 1 12 23 67 
41 34 43 40 1 12 67 
39 34 43 1 12 23 67 
34 41 1 12 35 67 
40 43 5 1 67 
34 41 51 48 1 67 
1 12 23 26 67 
1 12 23 26 67 
1 12 23 26 67 
1 12 23 26 67 
1 12 23 26 67 
1 12 23 26 67 
1 12 23 26 67 
1 12 23 26 67 
1 12 23 26 67 
1 12 23 26 67 
1 12 23 26 67 
1 12 23 26 67 
1 12 23 26 67 
1 12 23 26 67 
1 12 23 26 67 
1 12 23 26 67 
1 12 23 26 67 
1 12 23 26 67 
1 12 23 26 67 
1 12 23 26 67 
1 12 23 26 67 
1 12 23 26 67 
1 12 23 26 67 
1 12 23 26 67 
1 12 23 26 67 
1 12 23 26 67 
1 12 23 26 67 
1 12 23 26 67 
1 12 23 26 67 
1 12 23 26 67 
1 12 23 26 67 
1 12 23 26 67 
1 12 23 26 67 
1 12 23 26 67 
1 12 23 26 67 
1 12 23 26 67 
1 12 23 26 67 
1 12 23 26 67 
1 12 23 26 67 
1 12 23 26 67 
1 12 23 26 67 
1 12 23 26 67 
1 12 23 26 67 
1 12 23 26 67 
1 12 23 26 67 
1 12 23 26 67 
1 12 23 26 67 
1 12 23 26 67 
1 12 23 26 67 
1 12 23 26 67 
1 12 23 26 67 
1 12 23 26 67 
1 12 23 26 67 
1 12 23 26 67 
1 12 23 26 67 
1 12 23 26 67 
1 12 23 26 67 
1 12 23 26 67 
1 12 23 26 67 
1 12 23 26 67 
1 12 23 26 67 
1 12 23 26 67 
1 12 23 26 67 
1 12 23 26 67 
1 12 23 26 67 
1 12 23 26 67 
1 12 23 26 67 
1 12 23 26 67 
1 12 23 26 67 
1 12 23 26 67 
1 12 23 26 67 
1 12 23 26 67 
1 12 23 26 67 
1 12 23 26 67 
1 12 23 26 67 
1 12 23 26 67 
1 12 23 26 67 
1 12 23 26 67 
1 12 23 26 67 
1 12 23 26 67 
1 12 23 26 67 
1 12 23 26 67 
1 12 23 26 67 
1 12 23 26 67 
1 12 23 26 67 
1 12 23 26 67 
1 12 23 26 67 
1 12 23 26 67 
1 12 23 26 67 
