1 2 23 12 26 67 
1 2 23 12 26 67 
1 2 23 12 26 67 
1 2 23 12 26 67 
1 2 23 12 26 67 
1 8 32 12 23 26 67 
1 8 47 12 23 26 67 
1 8 42 12 23 26 67 
1 8 32 12 23 26 67 
1 15 19 12 23 67 
1 15 19 12 23 67 
1 15 19 12 23 67 
1 8 23 12 26 67 
1 15 19 12 23 67 
1 8 32 12 23 26 67 
1 8 23 12 26 67 
1 8 23 12 26 67 
1 15 19 12 23 67 
1 8 23 12 26 67 
1 8 23 12 26 67 
1 20 32 12 10 23 67 
1 8 42 12 23 13 67 
1 20 42 12 50 23 67 
1 20 32 12 50 23 67 
1 13 42 59 20 12 23 67 
1 20 59 42 12 23 32 67 
1 20 32 12 50 23 67 
1 13 20 32 12 10 62 23 67 
1 20 13 59 42 12 23 54 67 
1 13 65 42 12 23 20 32 67 
1 13 59 42 12 23 54 67 
1 13 59 12 62 34 42 23 67 
1 13 59 42 19 54 12 24 15 5 51 67 
1 18 12 20 32 8 52 24 15 5 59 67 
1 15 19 12 18 67 
1 20 18 12 10 34 65 62 67 
1 18 19 35 12 67 
1 20 45 15 18 19 12 43 67 
1 20 18 12 10 34 65 62 67 
1 20 45 42 12 15 41 35 67 
1 20 45 32 53 12 51 25 67 
1 20 32 12 8 47 67 
1 18 12 20 32 8 47 64 35 56 59 67 
1 13 59 46 35 42 15 47 65 33 10 67 
1 13 59 20 32 62 18 24 15 5 51 67 
1 15 19 18 12 67 
1 20 47 12 18 13 67 
1 18 24 19 54 12 38 67 
1 9 19 59 20 32 12 67 
1 18 12 10 20 32 62 65 58 42 59 67 
1 13 65 42 12 23 62 10 67 
1 18 24 45 15 12 54 67 
1 18 59 46 35 65 42 62 44 33 10 67 
1 18 19 12 10 24 67 
1 18 13 19 54 12 43 67 
1 13 59 42 19 54 12 67 
1 20 19 54 12 51 25 18 64 67 
1 13 35 19 62 48 42 15 47 65 67 
1 18 12 10 58 15 47 65 50 67 
1 13 59 45 19 53 9 15 47 65 67 
1 20 19 54 12 51 25 18 64 67 
1 20 32 18 47 64 35 56 67 
1 13 59 42 12 23 62 67 
1 18 19 54 12 67 
1 51 64 8 19 33 9 60 67 
1 18 12 10 20 32 62 42 65 59 67 
1 20 45 15 18 52 32 24 67 
1 18 12 10 34 51 54 53 44 50 67 
1 18 19 54 12 10 67 
1 13 59 10 60 52 42 15 47 65 67 
1 20 45 15 38 24 31 51 67 
1 20 32 9 12 51 25 18 64 67 
1 18 12 10 20 32 62 42 65 59 67 
1 8 38 13 19 67 
1 15 47 65 51 67 
1 15 19 54 9 67 
1 13 45 18 51 64 8 24 10 34 67 
1 20 32 62 18 24 15 31 51 67 
1 20 32 45 19 58 46 31 51 67 
1 18 12 10 24 41 43 42 65 50 67 
65 9 19 59 20 18 1 67 
1 15 47 65 12 67 
1 13 59 46 35 48 41 65 58 24 10 67 
1 20 32 62 18 24 15 31 51 67 
1 8 19 54 38 67 
1 13 59 42 12 23 62 67 
1 20 32 12 10 62 67 
1 18 51 64 8 24 67 
1 18 51 64 8 65 67 
1 18 24 41 43 42 65 67 
1 18 51 42 62 56 67 
45 19 15 13 69 
1 20 32 62 18 24 15 31 51 67 
1 18 52 32 24 15 31 67 
1 18 51 64 8 65 67 
35 48 41 65 58 69 
1 18 24 15 31 51 65 67 
35 40 9 13 55 48 17 69 
19 54 13 69 
45 19 15 65 69 
