64 58 45 69 
17 1 12 23 67 
47 1 12 23 67 
64 55 45 69 
44 17 38 52 41 1 50 64 20 60 48 67 
55 13 17 1 12 23 67 
17 1 12 46 67 
1 17 55 12 23 67 
1 17 55 12 23 67 
44 17 38 41 52 1 50 64 20 60 48 67 
46 35 17 1 12 23 67 
1 17 55 12 50 67 
1 17 65 12 24 67 
17 1 12 46 67 
60 25 41 1 67 
20 64 38 1 50 52 13 54 17 24 12 67 
17 65 1 55 12 50 67 
17 65 18 1 55 12 67 
44 10 65 1 55 13 12 67 
44 17 65 1 12 9 20 67 
60 17 64 35 5 1 55 12 67 
39 10 55 65 1 12 35 13 67 
5 39 65 1 47 12 14 24 52 67 
5 39 65 1 47 12 55 24 52 67 
1 17 64 58 45 67 
64 38 41 60 52 13 55 8 1 12 67 
65 60 17 1 19 67 
64 38 41 60 52 13 55 8 1 12 67 
20 64 38 41 18 48 51 1 12 43 9 67 
17 65 1 55 62 50 67 
17 1 64 58 67 
55 13 17 1 60 64 67 
24 17 65 48 35 57 1 67 
44 17 65 1 57 60 38 67 
17 60 64 1 50 58 54 55 67 
24 17 48 35 5 65 1 47 67 
60 24 38 20 65 1 35 44 46 67 
17 10 64 58 45 44 50 1 13 67 
47 65 1 57 17 55 18 20 43 9 67 
60 24 38 20 1 35 65 44 46 55 67 
64 58 45 69 
54 1 12 23 67 
1 17 55 12 23 67 
44 17 38 1 50 52 64 20 41 60 48 67 
64 35 17 1 12 23 67 
1 60 17 12 55 67 
17 1 12 46 67 
55 65 17 1 12 35 67 
44 17 65 1 55 12 34 67 
17 10 64 1 12 24 50 13 67 
60 46 55 49 20 1 12 64 25 67 
17 65 19 44 1 67 
17 24 38 20 1 35 65 44 12 18 67 
20 64 38 41 60 48 51 1 12 43 44 67 
65 1 45 9 67 
17 65 1 19 44 60 67 
5 17 65 1 57 39 18 67 
24 17 48 35 5 65 1 55 67 
48 10 44 17 38 20 1 50 65 67 
20 64 38 1 17 19 44 42 47 35 67 
47 1 12 23 67 
64 58 17 69 
1 17 47 12 23 67 
20 64 38 41 52 13 5 1 42 47 35 67 
48 39 1 65 12 23 67 
1 17 55 12 60 67 
65 1 12 9 67 
17 65 1 55 12 24 67 
17 64 38 1 12 24 9 67 
60 17 64 35 5 1 55 12 67 
48 10 17 35 65 1 12 44 18 67 
1 17 19 44 60 67 
5 39 18 1 13 65 55 24 12 17 67 
20 64 38 41 60 48 51 1 12 43 9 67 
47 1 25 60 67 
44 17 1 60 38 20 67 
60 17 65 1 57 55 18 67 
24 17 64 35 5 1 65 55 67 
44 17 60 18 65 1 39 20 53 67 
60 65 1 57 17 55 18 20 43 9 67 
47 1 12 23 67 
17 60 64 58 54 55 43 65 69 
1 17 47 12 23 67 
64 38 41 60 17 55 65 48 24 44 1 67 
55 13 17 1 12 23 67 
1 17 24 14 12 67 
65 1 17 12 67 
60 46 20 1 12 64 67 
24 17 65 1 55 12 50 67 
60 17 64 35 5 1 55 12 67 
48 10 55 49 52 13 65 1 12 67 
44 17 55 1 13 67 
1 18 17 42 47 60 12 20 10 33 67 
44 64 38 20 1 13 18 17 24 12 43 67 
52 1 13 18 67 
17 35 1 60 52 45 67 
52 13 5 1 55 47 35 67 
25 60 17 35 1 52 65 38 67 
17 10 64 58 45 44 50 1 13 67 
44 17 38 20 1 50 65 53 43 9 67 
