57 54 42 70 
3 7 6 27 66 
3 7 6 27 66 
57 54 49 70 
48 49 17 1 39 54 59 58 57 42 45 25 67 
3 7 28 27 66 
44 1 12 23 26 67 
3 7 28 27 66 
1 12 44 23 67 
20 1 12 23 26 67 
60 1 12 23 19 67 
49 55 20 1 12 23 67 
1 12 15 58 67 
60 1 12 23 33 67 
1 12 44 23 67 
48 1 59 12 20 67 
49 45 20 1 67 
31 58 57 45 20 1 12 54 59 49 40 9 67 
49 55 20 1 12 23 67 
14 1 12 24 42 67 
1 12 44 49 67 
48 58 57 54 42 59 45 25 49 24 1 39 67 
58 49 20 1 12 48 67 
60 18 51 1 12 57 67 
48 58 57 45 20 1 12 54 23 53 10 51 67 
48 5 41 1 49 65 12 67 
58 49 48 18 1 14 43 12 67 
48 58 45 20 1 62 57 12 67 
20 48 39 54 58 1 12 62 57 67 
20 48 39 54 58 1 12 57 42 67 
58 49 48 18 43 1 12 62 57 20 67 
19 65 1 58 48 39 20 12 31 10 67 
20 42 49 45 1 67 
48 18 49 24 20 1 12 67 
25 49 48 20 1 41 19 24 9 12 43 67 
18 48 57 49 24 20 1 12 46 10 51 67 
48 1 59 18 49 67 
58 49 48 1 19 18 67 
60 55 51 1 45 57 67 
49 45 1 48 67 
1 49 57 54 42 40 18 67 
20 48 57 42 44 59 54 1 46 12 10 51 67 
19 65 1 58 48 20 39 67 
58 48 39 45 1 55 31 14 67 
64 48 39 49 45 20 1 59 67 
42 48 39 54 1 14 24 44 57 67 
48 58 57 45 20 49 55 1 12 23 35 51 67 
38 54 1 17 19 24 46 39 62 67 
25 49 1 20 51 48 59 41 31 10 67 
13 42 59 20 1 33 58 48 39 54 67 
38 57 45 31 59 48 1 53 49 58 10 67 
31 58 59 49 45 20 1 40 9 13 54 67 
3 7 6 27 66 
57 54 42 70 
3 7 28 27 66 
51 1 12 23 26 67 
14 1 12 23 10 67 
1 12 20 23 67 
1 55 51 12 44 23 67 
60 1 12 57 55 67 
1 12 44 49 67 
14 1 24 42 44 59 57 20 39 43 10 51 67 
1 55 51 12 39 59 67 
58 49 48 18 1 14 43 12 67 
20 48 39 54 58 1 12 62 57 67 
25 49 39 1 59 12 19 24 9 43 67 
48 18 49 47 60 1 12 67 
46 39 54 58 48 1 12 18 35 49 19 67 
42 1 14 24 44 67 
31 59 48 1 53 49 67 
1 15 44 49 67 
59 13 42 58 48 39 54 20 1 12 31 10 67 
1 49 48 65 25 40 18 67 
48 58 45 1 55 31 14 59 67 
38 57 45 20 1 12 23 54 5 58 53 10 67 
20 48 57 54 42 1 46 39 58 67 
31 48 59 20 1 41 19 53 10 24 67 
31 48 59 49 45 20 1 40 9 53 10 67 
3 7 6 27 66 
57 54 49 70 
3 7 28 27 66 
20 1 12 23 26 67 
25 1 12 23 34 67 
1 12 44 23 67 
1 55 51 12 19 23 67 
39 1 59 12 49 67 
1 12 49 42 67 
48 58 57 54 42 59 45 50 1 35 55 8 67 
64 24 42 1 12 44 67 
58 49 48 45 20 1 43 12 67 
20 48 57 54 42 1 59 46 12 67 
38 18 1 12 49 58 54 5 31 51 67 
1 49 48 65 12 14 43 67 
38 39 54 1 12 19 24 62 57 31 18 67 
20 42 49 45 1 67 
20 39 48 1 19 54 67 
1 15 44 49 67 
8 58 57 1 12 49 20 46 65 53 10 51 67 
48 5 41 1 18 49 24 67 
19 65 5 48 20 1 39 55 67 
