50 40 10 53 69 
14 1 45 12 67 
1 46 8 12 23 67 
42 65 46 56 49 14 54 64 13 1 9 67 
8 46 32 1 12 23 67 
45 14 1 12 9 67 
45 8 46 56 49 14 54 64 1 12 25 67 
1 46 14 45 12 50 67 
10 46 56 1 42 18 12 67 
45 8 46 1 18 35 12 25 67 
45 8 65 54 38 64 1 12 43 67 
45 8 40 14 49 54 64 1 12 25 67 
14 1 18 35 67 
1 46 8 62 55 67 
45 46 56 1 48 54 67 
10 46 13 9 1 65 50 67 
14 8 1 18 35 64 38 25 67 
14 8 50 1 45 35 64 38 25 67 
45 8 14 56 46 64 43 1 53 54 67 
8 1 12 23 67 
8 1 12 23 67 
8 1 12 23 67 
8 1 12 23 67 
8 1 12 23 67 
8 1 12 23 67 
8 1 12 23 67 
8 1 12 23 67 
8 1 12 23 67 
45 1 12 23 67 
41 1 12 23 67 
8 1 12 23 67 
35 1 12 23 67 
38 1 12 23 67 
60 1 12 23 67 
60 1 12 23 67 
8 1 12 23 67 
45 1 12 23 67 
8 1 12 23 67 
8 1 12 23 67 
8 1 12 23 67 
8 1 12 23 67 
45 1 12 23 67 
45 1 12 23 67 
60 1 12 23 67 
8 1 12 23 67 
45 1 12 23 67 
8 1 12 23 67 
8 1 12 23 67 
8 1 12 23 67 
8 1 12 23 67 
38 1 12 23 67 
8 1 12 23 67 
8 1 12 23 67 
45 1 12 23 67 
8 1 12 23 67 
45 1 12 23 67 
45 1 12 23 67 
8 1 12 23 67 
8 1 12 23 67 
8 1 12 23 67 
62 1 12 23 67 
38 1 12 23 67 
8 1 12 23 67 
8 1 12 23 67 
8 1 12 23 67 
45 1 12 23 67 
8 1 12 23 67 
45 1 12 23 67 
8 1 12 23 67 
38 1 12 23 67 
55 1 12 23 67 
38 1 12 23 67 
59 1 12 23 67 
8 1 12 23 67 
8 1 12 23 67 
48 1 12 23 67 
8 1 12 23 67 
8 1 12 23 67 
35 1 12 23 67 
38 1 12 23 67 
8 1 12 23 67 
8 1 12 23 67 
38 1 12 23 67 
8 1 12 23 67 
45 1 12 23 67 
38 1 12 23 67 
8 1 12 23 67 
8 1 12 23 67 
38 1 12 23 67 
54 1 12 23 67 
8 1 12 23 67 
31 1 12 23 67 
8 1 12 23 67 
8 1 12 23 67 
32 1 12 23 67 
62 1 12 23 67 
8 1 12 23 67 
45 1 12 23 67 
45 1 12 23 67 
38 1 12 23 67 
