43 18 35 69 
59 1 12 52 23 67 
34 1 50 12 23 26 67 
58 8 13 40 59 31 9 34 1 5 38 60 67 
57 1 50 24 12 23 67 
34 51 33 1 12 67 
34 1 39 31 12 23 54 67 
49 31 43 1 12 35 24 52 59 5 38 19 67 
57 1 34 51 33 12 67 
59 20 32 1 12 52 23 5 67 
57 1 59 31 12 25 51 67 
1 8 32 56 13 12 47 5 67 
13 1 43 18 12 47 31 15 24 67 
13 1 43 46 12 47 24 52 59 14 67 
13 31 43 1 12 35 24 59 52 38 19 67 
43 1 24 64 33 67 
57 1 34 51 31 53 67 
1 8 13 12 47 43 33 31 59 5 38 23 67 
58 40 59 31 9 34 1 67 
1 8 32 18 44 33 58 5 67 
47 1 43 18 58 52 40 15 24 67 
13 1 43 46 64 47 24 52 59 14 67 
14 31 57 40 43 1 35 53 24 59 52 67 
34 1 12 23 26 67 
34 1 12 23 26 67 
34 1 12 23 26 67 
34 1 12 23 26 67 
34 1 12 23 26 67 
34 1 12 23 26 67 
34 1 12 23 26 67 
34 1 12 23 26 67 
34 1 12 23 26 67 
34 1 12 23 26 67 
34 1 12 23 26 67 
34 1 12 23 26 67 
34 1 12 23 26 67 
34 1 12 23 26 67 
34 1 12 23 26 67 
34 1 12 23 26 67 
34 1 12 23 26 67 
34 1 12 23 26 67 
34 1 12 23 26 67 
34 1 12 23 26 67 
50 1 12 23 26 67 
34 1 12 23 26 67 
50 1 12 23 26 67 
34 1 12 23 26 67 
34 1 12 23 26 67 
20 1 12 23 26 67 
34 1 12 23 26 67 
34 1 12 23 26 67 
34 1 12 23 26 67 
34 1 12 23 26 67 
50 1 12 23 26 67 
32 1 12 23 26 67 
34 1 12 23 26 67 
34 1 12 23 26 67 
34 1 12 23 26 67 
34 1 12 23 26 67 
34 1 12 23 26 67 
34 1 12 23 26 67 
34 1 12 23 26 67 
34 1 12 23 26 67 
34 1 12 23 26 67 
34 1 12 23 26 67 
34 1 12 23 26 67 
34 1 12 23 26 67 
34 1 12 23 26 67 
34 1 12 23 26 67 
34 1 12 23 26 67 
34 1 12 23 26 67 
34 1 12 23 26 67 
50 1 12 23 26 67 
34 1 12 23 26 67 
34 1 12 23 26 67 
34 1 12 23 26 67 
34 1 12 23 26 67 
62 1 12 23 26 67 
34 1 12 23 26 67 
34 1 12 23 26 67 
34 1 12 23 26 67 
34 1 12 23 26 67 
50 1 12 23 26 67 
20 1 12 23 26 67 
34 1 12 23 26 67 
34 1 12 23 26 67 
50 1 12 23 26 67 
34 1 12 23 26 67 
34 1 12 23 26 67 
34 1 12 23 26 67 
34 1 12 23 26 67 
34 1 12 23 26 67 
34 1 12 23 26 67 
34 1 12 23 26 67 
34 1 12 23 26 67 
34 1 12 23 26 67 
57 1 12 23 26 67 
34 1 12 23 26 67 
34 1 12 23 26 67 
32 1 12 23 26 67 
