15 51 39 69 
1 12 64 23 67 
56 8 15 51 39 49 52 69 
64 1 12 23 67 
34 1 45 41 55 40 8 18 53 38 67 
8 1 12 14 23 59 67 
8 1 12 14 67 
8 1 12 14 23 67 
64 1 12 23 8 67 
8 15 45 49 1 48 59 58 55 42 67 
31 1 12 38 23 59 67 
31 1 38 12 25 67 
64 1 12 43 59 67 
1 12 8 14 67 
15 51 1 67 
44 1 12 39 34 18 67 
8 1 12 14 49 59 67 
24 1 34 45 12 38 55 51 60 44 67 
8 1 17 31 12 14 49 67 
44 51 17 15 1 12 38 67 
41 55 38 1 67 
1 62 64 34 67 
1 53 41 55 31 8 12 14 67 
31 1 55 40 38 12 25 46 67 
8 15 42 55 38 1 12 45 41 67 
56 8 53 55 38 1 12 32 15 67 
64 1 46 8 15 67 
64 1 46 15 51 67 
31 1 14 34 55 8 67 
49 1 48 59 58 55 67 
8 20 56 1 45 49 51 67 
8 20 17 31 1 14 24 67 
15 51 1 67 
34 1 25 40 49 48 59 58 67 
1 53 41 55 59 15 49 52 67 
8 33 20 41 55 38 1 45 49 67 
59 15 20 41 55 38 1 31 45 67 
8 1 45 15 12 38 55 51 60 44 67 
64 1 12 23 67 
56 8 15 51 39 49 52 69 
64 1 12 23 40 67 
59 15 20 10 58 52 8 1 31 45 67 
8 1 12 14 23 59 67 
31 1 8 12 14 67 
1 12 8 64 67 
34 1 45 12 39 41 67 
34 55 8 1 12 40 18 67 
34 45 8 1 67 
58 1 55 12 31 38 15 33 67 
8 15 42 55 38 1 51 12 25 67 
15 1 8 45 49 67 
49 1 48 59 58 55 67 
8 20 17 15 10 1 51 67 
15 51 1 67 
58 1 19 54 59 51 31 62 67 
8 1 15 51 47 64 58 62 44 67 
59 15 20 33 58 52 8 1 12 45 67 
64 1 12 23 67 
56 8 15 51 39 49 52 69 
64 1 12 23 40 67 
8 15 45 41 38 39 51 1 47 64 67 
64 1 12 23 34 18 67 
58 1 38 12 19 67 
1 12 8 14 67 
8 1 44 12 39 34 67 
8 51 17 15 1 58 12 67 
41 55 59 1 67 
58 1 55 40 12 39 15 46 67 
8 15 42 55 38 1 12 25 52 67 
64 1 8 15 51 67 
8 1 44 20 39 34 67 
59 47 17 15 1 58 51 67 
38 1 8 67 
58 1 38 15 59 51 31 62 67 
1 53 38 39 17 15 49 59 52 67 
8 1 45 41 12 34 15 38 60 44 67 
64 1 12 23 67 
15 51 38 69 
64 1 12 23 40 67 
1 15 46 59 39 52 31 25 10 44 67 
15 1 12 38 23 51 67 
5 1 12 38 25 67 
59 1 12 20 67 
31 1 12 24 38 25 67 
58 52 8 1 12 59 20 67 
1 62 64 59 67 
56 1 55 40 8 12 32 15 67 
8 1 15 51 12 64 58 62 50 67 
31 1 25 51 8 67 
31 1 14 24 38 25 67 
64 1 55 58 52 38 49 67 
38 1 58 67 
34 1 55 40 31 15 49 52 67 
8 1 15 51 47 64 58 62 44 67 
8 15 45 41 38 39 51 1 12 25 67 
1 12 64 23 67 
59 47 15 51 39 52 10 69 
64 1 12 23 40 67 
59 15 20 10 17 64 1 53 41 45 67 
8 1 12 14 23 59 67 
