3 22 27 68 
3 22 27 68 
3 22 27 68 
3 22 27 68 
3 22 27 68 
3 22 52 68 
3 22 60 68 
3 22 60 68 
3 22 38 68 
3 22 52 68 
35 9 1 12 23 62 67 
1 12 23 48 9 13 67 
35 39 1 12 23 67 
1 12 15 50 23 35 67 
1 12 15 50 23 54 67 
35 39 1 12 23 67 
31 38 1 12 23 62 39 67 
1 46 35 50 12 23 48 67 
35 50 1 12 23 67 
35 50 1 12 23 67 
1 46 12 55 31 20 23 67 
1 46 12 55 31 20 23 67 
1 46 12 62 35 39 23 48 67 
1 46 12 62 35 57 23 14 67 
1 46 12 62 35 57 23 20 67 
50 25 52 48 24 1 9 38 67 
60 50 31 20 58 54 1 52 34 67 
52 31 46 20 1 48 14 49 67 
52 48 14 31 1 46 56 58 54 67 
43 50 31 20 58 54 1 52 34 67 
1 46 12 62 35 57 23 20 67 
14 48 46 20 39 52 1 49 67 
60 50 31 20 58 54 1 52 34 67 
31 43 20 58 41 1 12 60 47 23 49 54 67 
1 46 12 55 20 9 62 48 67 
1 48 14 9 12 17 56 58 54 67 
52 31 46 20 1 48 14 49 67 
1 12 43 48 46 20 8 9 67 
60 48 9 56 53 1 12 19 8 23 49 54 67 
10 48 14 20 58 41 24 49 9 1 12 38 67 
60 38 52 48 1 12 9 42 34 67 
1 48 46 52 12 9 38 10 34 67 
60 48 9 13 49 62 1 12 64 14 52 34 67 
1 46 12 62 9 13 48 20 67 
8 48 46 20 31 62 1 49 10 52 12 17 67 
1 46 12 62 9 13 31 20 67 
31 39 60 62 65 48 1 12 9 8 54 67 
60 48 14 9 1 12 38 34 54 67 
52 48 55 20 1 12 9 13 57 25 67 
1 12 31 13 9 20 55 56 42 62 54 67 
35 39 1 12 23 67 
60 48 9 56 34 1 12 19 8 23 49 54 67 
60 39 9 47 48 1 12 17 10 33 54 67 
52 38 1 42 12 55 20 67 
60 38 46 20 31 62 1 42 48 12 9 34 67 
1 13 9 52 55 20 67 
60 38 1 13 57 52 55 67 
19 39 9 13 41 24 49 10 33 1 54 67 
1 48 46 20 19 9 31 58 10 52 34 67 
31 38 1 20 58 54 45 67 
55 39 20 58 41 24 49 10 33 1 54 67 
60 38 1 52 62 12 20 67 
31 38 1 42 48 65 45 67 
56 48 9 64 1 12 14 52 34 54 67 
31 39 60 62 65 48 1 12 9 33 54 67 
1 13 9 56 20 31 12 19 8 23 49 54 67 
60 38 1 52 31 62 9 20 10 34 67 
60 48 46 52 9 1 12 38 10 34 67 
1 12 31 20 58 54 67 
52 48 55 20 1 12 9 13 57 25 67 
52 31 1 46 48 67 
14 39 52 48 1 67 
1 13 9 31 20 12 67 
1 13 9 62 55 20 67 
60 38 1 42 48 12 46 67 
50 40 9 13 31 19 60 38 1 52 67 
52 48 24 1 9 67 
60 48 9 34 1 67 
60 48 9 64 14 62 1 52 34 54 67 
1 13 9 52 55 20 67 
60 38 1 42 48 12 46 67 
60 48 46 20 31 62 1 52 9 34 54 67 
1 12 17 56 14 58 67 
14 39 46 56 20 43 24 49 10 33 1 54 67 
60 38 1 52 9 31 20 67 
1 13 9 31 20 58 67 
55 31 1 12 20 67 
14 39 46 56 20 43 24 49 10 33 1 54 67 
52 48 1 12 9 67 
1 12 9 31 20 58 67 
52 48 1 12 9 67 
60 48 1 12 17 67 
31 39 46 20 58 41 24 49 10 33 1 54 67 
50 40 9 13 31 19 51 62 1 25 67 
14 39 46 56 20 43 24 49 10 33 1 54 67 
31 20 58 41 69 
58 44 54 49 51 32 15 69 
9 13 49 70 
9 13 31 70 
31 20 58 54 69 
