24 45 32 54 70 
14 20 1 12 23 67 
59 31 54 15 20 1 38 56 47 32 33 48 67 
40 8 1 12 23 46 67 
15 20 1 12 56 67 
48 31 52 25 14 33 20 1 15 10 56 12 67 
48 20 56 15 1 12 67 
20 33 1 10 62 56 12 67 
48 31 52 53 1 56 12 10 67 
48 31 52 41 1 12 15 10 56 67 
15 31 52 1 34 57 20 19 56 12 67 
48 31 52 1 12 59 25 14 33 20 15 67 
15 20 1 38 56 67 
40 20 56 15 1 46 67 
59 31 54 1 12 5 23 38 47 32 33 43 67 
14 33 1 38 47 59 32 67 
15 1 34 57 67 
15 31 41 1 17 34 19 56 67 
15 31 52 41 1 59 34 19 56 67 
48 31 52 20 1 14 41 15 10 56 67 
59 31 15 52 25 14 33 1 38 47 32 67 
20 1 12 23 67 
20 1 12 23 67 
50 1 12 23 67 
54 1 12 23 67 
54 1 12 23 67 
50 1 12 23 67 
20 1 12 23 67 
35 1 12 23 67 
54 1 12 23 67 
50 1 12 23 67 
54 1 12 23 67 
50 1 12 23 67 
20 1 12 23 67 
52 1 12 23 67 
20 1 12 23 67 
20 1 12 23 67 
20 1 12 23 67 
50 1 12 23 67 
20 1 12 23 67 
20 1 12 23 67 
60 1 12 23 67 
20 1 12 23 67 
20 1 12 23 67 
50 1 12 23 67 
50 1 12 23 67 
54 1 12 23 67 
54 1 12 23 67 
54 1 12 23 67 
20 1 12 23 67 
20 1 12 23 67 
31 1 12 23 67 
50 1 12 23 67 
42 1 12 23 67 
50 1 12 23 67 
20 1 12 23 67 
20 1 12 23 67 
54 1 12 23 67 
60 1 12 23 67 
20 1 12 23 67 
20 1 12 23 67 
50 1 12 23 67 
50 1 12 23 67 
17 1 12 23 67 
50 1 12 23 67 
50 1 12 23 67 
17 1 12 23 67 
20 1 12 23 67 
17 1 12 23 67 
20 1 12 23 67 
49 1 12 23 67 
20 1 12 23 67 
52 1 12 23 67 
20 1 12 23 67 
20 1 12 23 67 
20 1 12 23 67 
50 1 12 23 67 
50 1 12 23 67 
20 1 12 23 67 
53 1 12 23 67 
50 1 12 23 67 
54 1 12 23 67 
50 1 12 23 67 
54 1 12 23 67 
50 1 12 23 67 
20 1 12 23 67 
20 1 12 23 67 
50 1 12 23 67 
20 1 12 23 67 
20 1 12 23 67 
32 1 12 23 67 
50 1 12 23 67 
50 1 12 23 67 
20 1 12 23 67 
20 1 12 23 67 
41 1 12 23 67 
20 1 12 23 67 
49 1 12 23 67 
20 1 12 23 67 
46 1 12 42 67 
