60 24 44 69 
1 12 4 23 67 
1 12 4 23 67 
60 24 39 69 
24 20 1 14 5 44 62 31 17 57 9 52 67 
1 12 23 24 67 
9 10 56 1 12 23 67 
31 1 12 56 23 67 
1 12 14 47 67 
49 1 12 23 31 67 
1 12 15 23 67 
49 60 24 43 44 50 1 31 48 9 33 40 67 
35 1 12 43 23 34 67 
14 1 58 5 12 67 
54 1 12 10 43 67 
1 12 9 10 67 
24 14 5 1 67 
35 60 46 24 59 1 12 8 44 10 31 14 67 
60 10 55 1 12 35 67 
5 60 43 24 44 50 1 12 58 14 23 8 67 
35 1 31 56 42 12 14 67 
59 1 12 8 44 10 67 
1 43 60 24 44 34 35 12 67 
60 1 24 20 44 55 12 35 67 
1 9 35 12 24 44 55 42 34 67 
1 17 12 38 24 44 34 60 14 67 
60 1 24 44 10 55 12 67 
14 60 1 58 5 12 19 44 24 49 67 
49 1 35 48 31 14 12 50 9 33 67 
60 1 49 17 31 67 
10 1 17 43 59 67 
1 9 35 60 43 24 42 34 12 39 65 67 
1 34 60 24 14 5 41 17 12 50 44 67 
60 18 1 31 55 8 67 
35 48 1 31 24 44 67 
60 1 31 24 43 20 44 67 
49 1 31 24 56 43 48 67 
1 17 60 24 44 56 33 38 67 
60 43 24 20 44 48 35 1 67 
33 50 43 1 14 31 44 5 47 67 
1 17 24 59 14 56 33 60 38 67 
35 1 31 14 44 43 10 24 50 33 67 
35 60 1 58 41 42 19 44 24 49 67 
60 1 55 8 44 62 10 31 38 9 33 67 
60 14 5 1 67 
33 60 49 1 17 31 12 41 42 19 50 14 67 
1 34 60 24 14 5 41 33 43 18 47 67 
5 60 43 35 1 9 52 12 49 33 23 8 67 
60 24 44 69 
1 12 4 23 67 
49 1 12 23 31 67 
1 12 56 23 67 
14 20 1 60 8 44 62 31 17 57 9 52 67 
9 10 56 1 12 23 67 
49 1 12 35 60 67 
1 12 14 56 67 
35 48 1 31 14 12 67 
59 1 35 12 44 34 40 54 67 
59 1 35 12 40 56 44 5 49 67 
35 1 31 56 42 12 14 67 
1 9 35 12 55 24 42 34 39 65 67 
35 1 58 17 31 67 
60 10 43 24 55 1 12 8 42 33 18 67 
9 10 56 1 5 60 67 
35 1 31 9 10 24 50 67 
14 1 24 20 44 34 35 60 67 
1 17 60 24 38 44 31 10 56 67 
35 1 31 14 44 43 10 24 50 33 67 
1 56 9 10 67 
35 60 46 24 44 50 1 12 58 9 31 14 67 
49 1 60 24 44 43 31 50 48 9 33 67 
14 20 1 12 56 23 62 31 17 57 9 52 67 
60 24 33 69 
1 12 4 23 67 
48 1 12 23 60 67 
1 12 56 23 67 
35 60 43 24 1 9 44 31 42 33 18 8 67 
35 1 12 43 23 60 67 
49 1 17 31 12 67 
1 12 60 24 67 
60 1 12 8 44 62 67 
60 1 35 24 10 55 12 44 67 
1 17 12 38 24 44 31 10 56 67 
35 1 31 14 48 12 56 67 
35 18 49 9 44 1 31 14 12 65 67 
49 1 17 31 56 67 
1 9 35 60 43 24 42 34 12 39 65 67 
9 10 24 14 1 58 67 
35 1 31 9 10 24 50 67 
10 43 1 24 33 56 58 35 67 
10 43 1 59 14 8 56 58 35 67 
33 60 1 58 41 42 19 50 43 14 67 
43 34 49 1 67 
40 43 42 35 1 9 52 12 49 56 24 44 67 
49 1 60 24 44 43 31 50 48 9 33 67 
5 60 43 48 44 50 1 24 12 58 57 23 67 
8 24 14 69 
1 12 4 23 67 
60 1 12 56 23 67 
1 12 56 23 67 
