1 41 12 23 67 
1 41 12 23 67 
1 41 12 23 67 
1 12 23 67 
1 50 12 23 67 
1 12 23 67 
1 12 23 67 
1 12 23 67 
1 41 12 23 67 
1 12 23 67 
1 41 12 49 67 
1 41 12 5 67 
1 41 65 49 67 
1 41 12 54 67 
1 41 33 32 67 
1 41 13 32 67 
1 41 50 17 67 
1 41 12 49 67 
1 50 12 56 67 
1 12 49 67 
1 12 47 67 
1 12 56 67 
1 12 55 67 
1 38 51 12 60 67 
1 47 17 13 12 67 
1 38 51 12 60 67 
1 12 56 67 
1 38 51 12 13 67 
1 50 17 13 56 67 
1 41 60 38 48 67 
59 38 51 1 58 67 
1 41 17 56 55 67 
55 38 1 17 12 19 67 
1 41 17 13 12 67 
56 32 1 13 17 12 23 39 33 49 60 41 67 
47 55 44 1 17 54 58 12 23 32 39 34 67 
56 32 1 13 17 12 23 39 33 55 62 53 67 
56 32 1 13 17 12 23 39 49 60 41 52 67 
60 38 54 42 1 10 12 67 
55 38 1 58 60 25 12 67 
55 51 1 58 60 44 39 12 67 
1 12 59 58 47 32 40 54 67 
1 12 59 58 60 38 54 42 67 
38 13 55 42 1 12 50 67 
56 33 51 1 25 49 42 43 12 67 
1 12 35 54 58 25 34 38 8 67 
33 55 62 53 1 12 5 25 19 67 
19 13 59 38 1 20 8 12 67 
38 1 13 55 12 50 62 39 56 8 67 
55 18 1 12 5 25 9 67 
1 38 62 39 12 50 59 58 33 67 
55 38 54 49 1 62 60 56 8 12 67 
49 38 62 39 1 31 59 58 33 67 
44 1 55 38 49 32 5 67 
58 24 1 53 51 60 38 54 35 67 
60 38 54 42 1 10 59 67 
56 55 62 51 1 44 39 12 9 33 67 
56 55 54 46 1 62 60 41 52 8 67 
54 24 60 58 42 25 55 38 1 46 67 
51 58 55 38 1 10 56 67 
55 18 56 32 40 54 46 1 25 67 
56 55 60 38 1 49 59 57 25 14 67 
60 38 54 1 42 59 17 55 67 
38 55 62 60 51 1 46 52 9 33 67 
56 32 40 54 46 1 25 55 62 60 41 52 67 
1 12 59 58 17 35 38 33 67 
47 55 62 51 42 25 59 38 13 58 1 34 67 
55 38 54 49 1 62 60 56 8 12 67 
1 38 33 55 54 60 46 14 56 8 12 67 
19 38 13 1 12 5 25 34 55 18 8 67 
38 1 13 55 54 62 60 14 56 8 12 67 
60 38 62 54 49 51 1 44 33 13 58 55 67 
54 24 60 58 55 38 1 25 67 
38 55 62 39 1 60 54 46 59 58 33 67 
56 32 40 54 46 1 25 55 62 60 41 52 67 
55 51 1 44 39 12 67 
1 12 5 25 34 55 67 
56 55 62 60 54 46 41 52 1 9 33 67 
56 55 62 54 60 58 38 1 25 51 43 12 67 
60 55 62 54 49 51 1 44 33 24 43 12 67 
55 38 1 53 51 60 54 46 35 67 
47 32 40 54 46 1 25 55 5 60 8 12 67 
54 24 59 38 1 49 58 44 67 
47 38 5 42 1 25 55 17 67 
1 55 62 51 42 25 59 12 58 60 54 46 67 
42 59 1 49 12 58 67 
60 38 13 58 55 1 25 34 18 8 12 67 
56 55 62 60 54 46 41 52 1 9 33 67 
55 38 1 60 39 12 67 
56 55 62 39 54 38 1 49 59 58 33 67 
54 38 1 49 59 58 67 
60 58 55 38 1 25 34 67 
47 38 1 25 55 5 67 
47 38 1 25 55 5 67 
55 38 1 25 34 60 67 
54 49 8 18 70 
42 38 33 55 25 14 56 70 
49 51 42 62 32 69 
54 49 14 60 70 
59 58 13 69 
