14 59 5 49 39 51 69 
1 12 23 26 67 
1 12 23 26 67 
33 59 14 47 48 62 5 46 69 
1 25 12 23 26 67 
10 34 1 51 46 32 58 56 15 42 18 55 67 
1 12 23 33 67 
1 50 12 23 26 67 
57 24 1 53 12 23 67 
33 62 1 12 23 67 
1 12 13 33 67 
33 1 12 23 62 67 
1 12 23 5 67 
1 51 46 32 58 56 15 42 18 55 14 25 67 
24 43 5 1 12 23 67 
1 57 24 12 56 67 
25 62 1 12 58 67 
1 55 43 12 67 
1 55 43 40 67 
32 51 46 1 62 24 12 33 42 25 14 38 67 
57 20 44 1 12 33 67 
10 34 48 1 62 24 12 23 42 25 14 38 67 
1 31 25 62 33 12 24 67 
1 32 58 55 43 40 12 19 67 
57 32 58 55 24 1 53 12 67 
10 24 1 53 12 32 67 
57 58 1 24 12 56 8 43 42 67 
33 1 12 62 24 14 58 59 64 67 
1 31 25 62 12 58 15 67 
33 55 1 59 32 12 42 19 43 46 67 
40 58 1 55 25 59 24 12 49 65 67 
1 57 24 13 33 67 
1 57 58 55 43 67 
44 1 59 5 24 12 32 8 60 46 19 67 
33 47 48 1 62 55 57 24 59 12 38 67 
57 24 9 10 1 51 67 
57 24 9 62 1 51 67 
33 13 58 1 59 14 32 67 
48 32 35 1 51 24 46 67 
64 34 48 38 43 1 53 40 67 
33 1 58 39 8 24 55 25 67 
57 58 1 24 14 33 46 42 65 67 
14 47 48 62 5 46 1 49 39 67 
10 34 48 33 55 1 57 59 5 24 67 
58 1 59 14 32 5 48 49 40 33 67 
33 24 25 58 17 8 32 47 1 10 31 67 
1 55 32 58 67 
1 57 59 5 24 14 33 8 60 46 19 67 
10 34 48 25 1 32 58 57 24 12 56 18 67 
48 24 46 1 12 23 33 45 42 25 14 38 67 
1 12 23 26 67 
33 59 58 17 8 32 57 24 69 
1 25 12 23 26 67 
1 65 12 25 23 67 
1 12 23 33 67 
33 24 50 1 55 43 40 49 47 25 10 31 67 
33 50 1 65 12 23 67 
1 60 24 12 14 67 
1 12 5 24 67 
1 32 58 55 43 40 12 19 67 
57 24 44 1 42 12 67 
57 58 1 24 12 56 46 42 39 67 
33 55 1 57 24 59 12 67 
33 55 1 59 32 12 56 19 43 46 67 
1 57 24 14 33 67 
25 1 59 5 62 12 58 8 60 46 19 67 
24 43 5 49 8 1 67 
48 32 35 1 51 24 46 67 
10 34 48 38 43 40 62 1 67 
57 58 1 24 43 56 46 42 65 67 
10 34 48 33 55 49 18 1 59 24 67 
1 13 33 62 67 
33 58 1 59 49 57 55 46 14 47 48 67 
31 1 59 5 48 24 57 33 46 52 12 19 67 
33 50 48 1 62 65 12 23 42 25 14 38 67 
33 59 58 17 8 32 24 25 69 
1 12 23 26 67 
1 65 12 23 26 67 
1 25 12 23 34 67 
1 12 23 65 67 
33 24 1 55 43 40 57 49 47 25 10 31 67 
57 24 1 53 12 23 67 
32 62 1 51 12 67 
1 12 33 62 67 
1 32 58 55 43 40 12 24 67 
53 57 1 32 56 12 67 
24 57 33 59 5 46 1 52 12 67 
33 55 1 59 24 12 49 67 
33 58 1 55 25 12 46 24 42 65 67 
1 57 58 55 43 67 
33 1 34 53 57 32 51 12 58 59 18 67 
57 24 44 1 17 5 67 
1 32 51 34 33 56 15 67 
33 25 58 17 8 32 47 1 67 
10 32 47 19 1 59 5 57 24 67 
10 34 48 33 55 49 1 59 5 25 67 
1 13 33 62 67 
14 47 48 58 1 59 32 5 49 40 46 67 
48 24 46 1 62 53 12 45 42 25 14 38 67 
10 34 48 25 62 1 12 23 47 24 32 18 67 
