25 64 43 69 
57 1 12 67 
6 1 12 67 
2 4 6 67 
50 39 32 47 53 1 8 64 14 20 67 
53 56 1 8 12 67 
50 39 32 47 1 8 19 12 52 13 67 
47 1 8 19 12 52 67 
53 60 39 1 38 12 23 8 67 
41 8 53 1 24 56 12 67 
50 39 53 1 8 19 12 35 67 
39 32 47 46 1 50 43 12 19 67 
56 1 41 44 67 
34 40 57 1 55 67 
53 1 8 64 14 20 67 
51 1 41 67 
1 8 53 19 40 32 47 67 
41 33 18 54 1 8 46 62 67 
50 40 56 39 49 19 1 41 53 67 
2 6 22 67 
2 6 22 67 
2 6 22 67 
2 6 22 67 
2 6 22 67 
2 6 22 67 
2 6 22 67 
2 6 22 67 
2 6 22 67 
2 6 22 67 
2 6 22 67 
2 6 22 67 
2 6 22 67 
2 6 22 67 
2 6 22 67 
2 6 22 67 
2 6 22 67 
2 6 22 67 
2 6 22 67 
2 6 22 67 
2 6 22 67 
2 6 22 67 
2 6 22 67 
2 6 22 67 
2 6 22 67 
2 6 22 67 
2 6 22 67 
2 6 22 67 
2 6 22 67 
2 6 22 67 
2 6 22 67 
2 6 22 67 
2 6 22 67 
2 6 22 67 
2 6 22 67 
2 6 22 67 
2 6 22 67 
2 6 22 67 
2 6 22 67 
2 6 22 67 
2 6 22 67 
2 6 22 67 
2 6 22 67 
2 6 22 67 
2 6 22 67 
2 6 22 67 
2 6 22 67 
2 6 22 67 
2 6 22 67 
2 6 22 67 
2 6 22 67 
2 6 22 67 
2 6 22 67 
2 6 22 67 
2 6 22 67 
2 6 22 67 
2 6 22 67 
2 6 22 67 
2 6 22 67 
2 6 22 67 
2 6 22 67 
2 6 22 67 
2 6 22 67 
2 6 22 67 
2 6 22 67 
2 6 22 67 
2 6 22 67 
2 6 22 67 
2 6 22 67 
2 6 22 67 
2 6 22 67 
2 6 22 67 
2 6 22 67 
2 6 22 67 
2 6 22 67 
2 6 22 67 
2 6 22 67 
2 6 22 67 
2 6 22 67 
2 6 22 67 
2 6 22 67 
