0.0010395204330140234
6.436097740289676E-5
1.8819077293396057E-4
0.0010308300292832817
1.759154707838219E-4
0.0010354758492268465
0.0010304841919234213
2.0203686081753314E-4
1.7958118613660678E-4
0.001036652078731441
0.001030895869550071
2.0587890061360094E-4
0.0010160524655270585
0.0010313560274218612
2.3712192508783058E-4
0.001016529492758921
0.001022863604257484
2.0346806379335916E-4
1.9992697893692565E-4
0.0010308143209052114
2.019195784161156E-4
2.0032123723157062E-4
0.001030449033573565
0.0010242947009887254
0.001030870568315327
1.8038382347290523E-4
1.990392142208396E-4
1.8007070169567994E-4
1.8439982287342656E-4
0.001020872105237384
