-0.0 -0.9999468085106383 
-0.0 -0.9999468085106383 
-0.7693528492982 -0.9293749227122469 
-0.5000046953206492 -0.999841304347826 
-0.7291987423684675 -0.9389410325851063 
-0.7152373452661517 -0.9457672919843935 
-0.7141800514857792 -0.9563034419693902 
-0.6859731969727414 -0.9812120546017722 
-0.6876776253254999 -0.9735201816770361 
-0.7439015626271575 -0.9318982847768855 
-0.6363885801078234 -0.9961294418556531 
-0.6734422069634034 -0.986473451104906 
-0.6909416537677044 -0.9678450385610564 
-0.6785950509492333 -0.9815344180002813 
-0.6940305232025398 -0.9673176984238584 
-0.6404834755468042 -0.9909342264200031 
-0.6947776079989193 -0.9620202891978571 
-0.688511191098045 -0.9732262968048428 
-0.7230833174687493 -0.9433265544628162 
-0.7489247580627282 -0.9294018546087428 
-0.7439015626271575 -0.9318982847768855 
-0.7230833174687493 -0.9433265544628162 
-0.7024177447325693 -0.9598769493162892 
-0.6627712601467861 -0.9888392009129064 
-0.5000046953206492 -0.999841304347826 
-0.7049655122081812 -0.9574842213881428 
-0.6640632805895427 -0.9871089970131485 
-0.6511697434858305 -0.9899652328375366 
-0.6158041920480982 -0.9973620368315135 
-0.5273879907057624 -0.9993286638946646 
-0.7152373452661517 -0.9457672919843935 
-0.6969627453217037 -0.9600114447811418 
-0.5440962310962162 -0.9992807002679948 
-0.6158041920480982 -0.9973620368315135 
-0.6012861663487746 -0.997693485445031 
-0.5659017097064563 -0.9984935180440478 
-0.5659017097064563 -0.9984935180440478 
-0.6947776079989193 -0.9620202891978571 
-0.5440962310962162 -0.9992807002679948 
-0.5807398447749113 -0.9983791610172191 
-0.5273879907057624 -0.9993286638946646 
-0.6012861663487746 -0.997693485445031 
-0.5807398447749113 -0.9983791610172191 
-0.6363885801078234 -0.9961294418556531 
-0.6627712601467861 -0.9888392009129064 
-0.70740736057562 -0.9572002878836154 
-0.6734422069634034 -0.986473451104906 
-0.7141800514857792 -0.9563034419693902 
-0.6404834755468042 -0.9909342264200031 
-0.6442864348214682 -0.9903310158143563 
-0.70740736057562 -0.9572002878836154 
-0.6785950509492333 -0.9815344180002813 
-0.6640632805895427 -0.9871089970131485 
-0.6909416537677044 -0.9678450385610564 
-0.6442864348214682 -0.9903310158143563 
-0.6478377279567749 -0.9900363565928708 
-0.6940305232025398 -0.9673176984238584 
-0.7049655122081812 -0.9574842213881428 
-0.688511191098045 -0.9732262968048428 
-0.6478377279567749 -0.9900363565928708 
-0.7024177447325693 -0.9598769493162892 
-0.6969627453217037 -0.9600114447811418 
-0.0 -0.9999468085106383 
-0.7230833174687493 -0.9433265544628162 
-0.5000046953206492 -0.999841304347826 
-0.7152373452661517 -0.9457672919843935 
-0.6158041920480982 -0.9973620368315135 
-0.5659017097064563 -0.9984935180440478 
-0.5440962310962162 -0.9992807002679948 
-0.5273879907057624 -0.9993286638946646 
-0.5807398447749113 -0.9983791610172191 
-0.6012861663487746 -0.997693485445031 
-0.6947776079989193 -0.9620202891978571 
-0.6363885801078234 -0.9961294418556531 
-0.7439015626271575 -0.9318982847768855 
-0.6627712601467861 -0.9888392009129064 
-0.6404834755468042 -0.9909342264200031 
-0.7141800514857792 -0.9563034419693902 
-0.70740736057562 -0.9572002878836154 
-0.6442864348214682 -0.9903310158143563 
-0.6940305232025398 -0.9673176984238584 
-0.7049655122081812 -0.9574842213881428 
-0.6478377279567749 -0.9900363565928708 
-0.7024177447325693 -0.9598769493162892 
-0.6969627453217037 -0.9600114447811418 
-0.0 -0.9999468085106383 
-0.7230833174687493 -0.9433265544628162 
-0.5000046953206492 -0.999841304347826 
-0.7152373452661517 -0.9457672919843935 
-0.6158041920480982 -0.9973620368315135 
-0.5659017097064563 -0.9984935180440478 
-0.5440962310962162 -0.9992807002679948 
-0.5273879907057624 -0.9993286638946646 
-0.5807398447749113 -0.9983791610172191 
-0.6012861663487746 -0.997693485445031 
-0.6363885801078234 -0.9961294418556531 
-0.7439015626271575 -0.9318982847768855 
-0.6404834755468042 -0.9909342264200031 
-0.0 -0.9999468085106383 
-0.5000046953206492 -0.999841304347826 
