-0.0 -0.9999404761904762 
-0.7657597903614769 -0.9814532803041827 
-0.7657597903614769 -0.9814532803041827 
-0.0 -0.9999404761904762 
-0.5000046953206492 -0.9992058799452034 
-0.7257802368235206 -0.9857025038814109 
-0.6909416537677044 -0.9857713962492932 
-0.6876776253254999 -0.9891342816909366 
-0.6245015291042992 -0.9957453317644505 
-0.6319507871557013 -0.9927528921230628 
-0.6511697434858305 -0.9922456869183539 
-0.6053241831200087 -0.9965462803069479 
-0.5000046953206492 -0.9992058799452034 
-0.6558131990931002 -0.9908998081283232 
-0.6640632805895427 -0.9891447526354069 
-0.5867357397754421 -0.9975552928377294 
-0.5273879907057624 -0.9988827809404075 
-0.6158041920480982 -0.9959691863820551 
-0.5273879907057624 -0.9988827809404075 
-0.6627712601467861 -0.9897662918874018 
-0.5807398447749113 -0.9980379333668491 
-0.5562709617402561 -0.9987690479472102 
-0.6012861663487746 -0.9970289208360676 
-0.6558131990931002 -0.9908998081283232 
-0.6572771698514329 -0.9904242476464921 
-0.5659017097064563 -0.9984354013306689 
-0.5920758574142158 -0.9971426538292649 
-0.5659017097064563 -0.9984354013306689 
-0.661448289552017 -0.9901876935497159 
-0.5738942469018073 -0.9980960141749299 
-0.5440962310962162 -0.998827128755291 
-0.6627712601467861 -0.9897662918874018 
-0.6158041920480982 -0.9959691863820551 
-0.6404834755468042 -0.9923851493820292 
-0.5440962310962162 -0.998827128755291 
-0.5562709617402561 -0.9987690479472102 
-0.6572771698514329 -0.9904242476464921 
-0.661448289552017 -0.9901876935497159 
-0.6511697434858305 -0.9922456869183539 
-0.5738942469018073 -0.9980960141749299 
-0.6245015291042992 -0.9957453317644505 
-0.6319507871557013 -0.9927528921230628 
-0.6217617476670066 -0.9958034125725312 
-0.6342162505223877 -0.9926961288380387 
-0.5807398447749113 -0.9980379333668491 
-0.6217617476670066 -0.9958034125725312 
-0.6404834755468042 -0.9923851493820292 
-0.5920758574142158 -0.9971426538292649 
-0.6363885801078234 -0.992629691680095 
-0.5968939260213346 -0.9970870016441484 
-0.6384754136289494 -0.9925055858797346 
-0.6384754136289494 -0.9925055858797346 
-0.5968939260213346 -0.9970870016441484 
-0.6012861663487746 -0.9970289208360676 
-0.6909416537677044 -0.9857713962492932 
-0.6363885801078234 -0.992629691680095 
-0.6876776253254999 -0.9891342816909366 
-0.6640632805895427 -0.9891447526354069 
-0.7657597903614769 -0.9814532803041827 
-0.0 -0.9999404761904762 
-0.5000046953206492 -0.9992058799452034 
-0.5273879907057624 -0.9988827809404075 
-0.6558131990931002 -0.9908998081283232 
-0.5659017097064563 -0.9984354013306689 
-0.6627712601467861 -0.9897662918874018 
-0.6158041920480982 -0.9959691863820551 
-0.5440962310962162 -0.998827128755291 
-0.6572771698514329 -0.9904242476464921 
-0.661448289552017 -0.9901876935497159 
-0.6511697434858305 -0.9922456869183539 
-0.5738942469018073 -0.9980960141749299 
-0.6245015291042992 -0.9957453317644505 
-0.6319507871557013 -0.9927528921230628 
-0.5807398447749113 -0.9980379333668491 
-0.6217617476670066 -0.9958034125725312 
-0.6404834755468042 -0.9923851493820292 
-0.5920758574142158 -0.9971426538292649 
-0.6384754136289494 -0.9925055858797346 
-0.5968939260213346 -0.9970870016441484 
-0.6012861663487746 -0.9970289208360676 
-0.6909416537677044 -0.9857713962492932 
-0.6363885801078234 -0.992629691680095 
-0.6876776253254999 -0.9891342816909366 
-0.6640632805895427 -0.9891447526354069 
-0.7657597903614769 -0.9814532803041827 
-0.0 -0.9999404761904762 
-0.5000046953206492 -0.9992058799452034 
-0.5273879907057624 -0.9988827809404075 
-0.6558131990931002 -0.9908998081283232 
-0.5659017097064563 -0.9984354013306689 
-0.6627712601467861 -0.9897662918874018 
-0.6158041920480982 -0.9959691863820551 
-0.5440962310962162 -0.998827128755291 
-0.6572771698514329 -0.9904242476464921 
-0.661448289552017 -0.9901876935497159 
-0.5738942469018073 -0.9980960141749299 
-0.6245015291042992 -0.9957453317644505 
-0.6319507871557013 -0.9927528921230628 
-0.5807398447749113 -0.9980379333668491 
-0.6217617476670066 -0.9958034125725312 
