-0.0 -0.9999404761904762 
-0.7439015626271575 -0.9513154011532748 
-0.7439015626271575 -0.9513154011532748 
-0.0 -0.9999404761904762 
-0.5000046953206492 -0.9996533194656849 
-0.7221568601381951 -0.9555259426993665 
-0.719288627216111 -0.9708317889167875 
-0.7055855413580514 -0.9843453217413255 
-0.7097520697029548 -0.9776119911488294 
-0.6511697434858305 -0.9950476726876535 
-0.716276210124215 -0.9772875438229722 
-0.7178013803731882 -0.9742800237474862 
-0.7187969708021018 -0.9709513681503815 
-0.6572771698514329 -0.9919384859003663 
-0.5000046953206492 -0.9996533194656849 
-0.5440962310962162 -0.999329680862 
-0.7178013803731882 -0.9742800237474862 
-0.7324351234282586 -0.9543726856827559 
-0.7425795999783616 -0.9517112234517314 
-0.6932736616051567 -0.9860587860320174 
-0.6665602522977072 -0.9900870968177584 
-0.6917295149123063 -0.9881264569616837 
-0.6188689541744995 -0.9973704639788923 
-0.6640632805895427 -0.9911203349610915 
-0.6983751116312127 -0.9846075775061557 
-0.6217617476670066 -0.9960691093161804 
-0.6158041920480982 -0.9978775426924339 
-0.5659017097064563 -0.9987694106590967 
-0.6587030276101307 -0.9916266554226457 
-0.5807398447749113 -0.9986642416820758 
-0.6940305232025398 -0.985700639299846 
-0.5562709617402561 -0.9991030572756381 
-0.6833172585137518 -0.9889616199276132 
-0.7324351234282586 -0.9543726856827559 
-0.6012861663487746 -0.9979307341817956 
-0.5440962310962162 -0.999329680862 
-0.6814752453925828 -0.9897488733643763 
-0.6511697434858305 -0.9950476726876535 
-0.7425795999783616 -0.9517112234517314 
-0.7308384282638103 -0.9548342131094175 
-0.6363885801078234 -0.9957609979035457 
-0.6245015291042992 -0.9958424857298185 
-0.6363885801078234 -0.9957609979035457 
-0.688511191098045 -0.9887487240257552 
-0.5920758574142158 -0.9981039714791725 
-0.6795714749869882 -0.9898295185256667 
-0.7221568601381951 -0.9555259426993665 
-0.5562709617402561 -0.9991030572756381 
-0.7308384282638103 -0.9548342131094175 
-0.5659017097064563 -0.9987694106590967 
-0.5867357397754421 -0.9984376180957139 
-0.6917295149123063 -0.9881264569616837 
-0.6572771698514329 -0.9919384859003663 
-0.6012861663487746 -0.9979307341817956 
-0.6940305232025398 -0.985700639299846 
-0.7097520697029548 -0.9776119911488294 
-0.5867357397754421 -0.9984376180957139 
-0.6983751116312127 -0.9846075775061557 
-0.7055855413580514 -0.9843453217413255 
-0.5920758574142158 -0.9981039714791725 
-0.5807398447749113 -0.9986642416820758 
-0.6319507871557013 -0.9957635353731884 
-0.688511191098045 -0.9887487240257552 
-0.6217617476670066 -0.9960691093161804 
-0.6795714749869882 -0.9898295185256667 
-0.6319507871557013 -0.9957635353731884 
-0.6833172585137518 -0.9889616199276132 
-0.719288627216111 -0.9708317889167875 
-0.6158041920480982 -0.9978775426924339 
-0.7187969708021018 -0.9709513681503815 
-0.7439015626271575 -0.9513154011532748 
-0.0 -0.9999404761904762 
-0.7097520697029548 -0.9776119911488294 
-0.7178013803731882 -0.9742800237474862 
-0.5000046953206492 -0.9996533194656849 
-0.7324351234282586 -0.9543726856827559 
-0.5440962310962162 -0.999329680862 
-0.6511697434858305 -0.9950476726876535 
-0.7221568601381951 -0.9555259426993665 
-0.5562709617402561 -0.9991030572756381 
-0.7308384282638103 -0.9548342131094175 
-0.5659017097064563 -0.9987694106590967 
-0.6917295149123063 -0.9881264569616837 
-0.6572771698514329 -0.9919384859003663 
-0.6012861663487746 -0.9979307341817956 
-0.6940305232025398 -0.985700639299846 
-0.5867357397754421 -0.9984376180957139 
-0.5920758574142158 -0.9981039714791725 
-0.5807398447749113 -0.9986642416820758 
-0.6795714749869882 -0.9898295185256667 
-0.6319507871557013 -0.9957635353731884 
-0.6833172585137518 -0.9889616199276132 
-0.719288627216111 -0.9708317889167875 
-0.6158041920480982 -0.9978775426924339 
-0.7187969708021018 -0.9709513681503815 
-0.0 -0.9999404761904762 
-0.7097520697029548 -0.9776119911488294 
-0.7178013803731882 -0.9742800237474862 
-0.5000046953206492 -0.9996533194656849 
-0.7324351234282586 -0.9543726856827559 
