-0.7394976122450161 -0.9170314606897481 
-0.0 -0.999591346258789 
-0.7394976122450161 -0.9170314606897481 
-0.0 -0.999591346258789 
-0.5000046953206492 -0.9995157160066882 
-0.7097520697029548 -0.9833868132310849 
-0.7114515325213546 -0.9584092873033948 
-0.7351326603368505 -0.9176641469013529 
-0.7339911114291262 -0.9331757621168936 
-0.7320398519168473 -0.944372658030698 
-0.7339911114291262 -0.9331757621168936 
-0.699754012301401 -0.9876112870401825 
-0.7187969708021018 -0.9543403108779795 
-0.7287818172223021 -0.9499134485488956 
-0.7320398519168473 -0.944372658030698 
-0.7230833174687493 -0.9534565503756584 
-0.7114515325213546 -0.9584092873033948 
-0.7287818172223021 -0.9499134485488956 
-0.6723524546743632 -0.990330064622314 
-0.6245015291042992 -0.9972778862017134 
-0.5273879907057624 -0.9994548079225243 
-0.5000046953206492 -0.9995157160066882 
-0.6404834755468042 -0.9946084271210685 
-0.5440962310962162 -0.9993493037597121 
-0.6460913567354767 -0.9921929247555092 
-0.6543089294608667 -0.9908148493450413 
-0.6805313484934384 -0.9885047170894683 
-0.5807398447749113 -0.9983381255256503 
-0.5968939260213346 -0.9977156665903635 
-0.5273879907057624 -0.9994548079225243 
-0.5562709617402561 -0.9985203044115623 
-0.6090627412164059 -0.9975941117767709 
-0.6868317554601097 -0.9881293690494699 
-0.5659017097064563 -0.9983977845702924 
-0.6090627412164059 -0.9975941117767709 
-0.6319507871557013 -0.996400459068594 
-0.6404834755468042 -0.9946084271210685 
-0.5562709617402561 -0.9985203044115623 
-0.5440962310962162 -0.9993493037597121 
-0.6723524546743632 -0.990330064622314 
-0.5920758574142158 -0.9977812153708513 
-0.5807398447749113 -0.9983381255256503 
-0.6805313484934384 -0.9885047170894683 
-0.6868317554601097 -0.9881293690494699 
-0.6363885801078234 -0.9955101027015199 
-0.5659017097064563 -0.9983977845702924 
-0.6319507871557013 -0.996400459068594 
-0.5920758574142158 -0.9977812153708513 
-0.6342162505223877 -0.995559092881507 
-0.6511697434858305 -0.9913835309498562 
-0.6511697434858305 -0.9913835309498562 
-0.6460913567354767 -0.9921929247555092 
-0.6543089294608667 -0.9908148493450413 
-0.7351326603368505 -0.9176641469013529 
-0.6478377279567749 -0.9919463998915209 
-0.6478377279567749 -0.9919463998915209 
-0.6363885801078234 -0.9955101027015199 
-0.6342162505223877 -0.995559092881507 
-0.7394976122450161 -0.9170314606897481 
-0.0 -0.999591346258789 
-0.7339911114291262 -0.9331757621168936 
-0.7320398519168473 -0.944372658030698 
-0.7114515325213546 -0.9584092873033948 
-0.7287818172223021 -0.9499134485488956 
-0.5000046953206492 -0.9995157160066882 
-0.5273879907057624 -0.9994548079225243 
-0.6090627412164059 -0.9975941117767709 
-0.5562709617402561 -0.9985203044115623 
-0.5440962310962162 -0.9993493037597121 
-0.6723524546743632 -0.990330064622314 
-0.5807398447749113 -0.9983381255256503 
-0.6805313484934384 -0.9885047170894683 
-0.6868317554601097 -0.9881293690494699 
-0.5659017097064563 -0.9983977845702924 
-0.6319507871557013 -0.996400459068594 
-0.5920758574142158 -0.9977812153708513 
-0.6511697434858305 -0.9913835309498562 
-0.6460913567354767 -0.9921929247555092 
-0.6543089294608667 -0.9908148493450413 
-0.7351326603368505 -0.9176641469013529 
-0.6478377279567749 -0.9919463998915209 
-0.6363885801078234 -0.9955101027015199 
-0.7394976122450161 -0.9170314606897481 
-0.0 -0.999591346258789 
-0.7339911114291262 -0.9331757621168936 
-0.7320398519168473 -0.944372658030698 
-0.7114515325213546 -0.9584092873033948 
-0.5000046953206492 -0.9995157160066882 
-0.5273879907057624 -0.9994548079225243 
-0.6090627412164059 -0.9975941117767709 
-0.5562709617402561 -0.9985203044115623 
-0.5440962310962162 -0.9993493037597121 
-0.5807398447749113 -0.9983381255256503 
-0.5659017097064563 -0.9983977845702924 
-0.6319507871557013 -0.996400459068594 
-0.5920758574142158 -0.9977812153708513 
-0.6511697434858305 -0.9913835309498562 
-0.6460913567354767 -0.9921929247555092 
-0.7351326603368505 -0.9176641469013529 
-0.6478377279567749 -0.9919463998915209 
