-0.0 -0.9998814120242692 
-0.7524432972207956 -0.9073563087787908 
-0.0 -0.9998814120242692 
-0.5000046953206492 -0.9994466484902155 
-0.6572771698514329 -0.9949037169265115 
-0.7373538883654327 -0.9206739795549691 
-0.7358820419368018 -0.9341512162458546 
-0.6587030276101307 -0.9831776922765433 
-0.7312415399793359 -0.9377971727456801 
-0.72708487380271 -0.9484127186424454 
-0.715759039409586 -0.9618608954540685 
-0.7207398637547451 -0.9540915674469372 
-0.7432441081853103 -0.9164840182083067 
-0.7080023263983042 -0.9699811499393347 
-0.6969627453217037 -0.9710145431404887 
-0.7147110444794824 -0.9643483527007154 
-0.7483185811062287 -0.9134722569033695 
-0.7515820338405147 -0.9078961527848285 
-0.7244468359096616 -0.9533211118819171 
-0.724894580476355 -0.9491937285568286 
-0.7373538883654327 -0.9206739795549691 
-0.7312415399793359 -0.9377971727456801 
-0.5738942469018073 -0.9985654578117613 
-0.5440962310962162 -0.99923437507508 
-0.7358820419368018 -0.9341512162458546 
-0.5000046953206492 -0.9994466484902155 
-0.6776014705208607 -0.9762935269199224 
-0.6925067528161659 -0.9742363658640504 
-0.5273879907057624 -0.9993151538883261 
-0.6363885801078234 -0.9953355953924518 
-0.7147110444794824 -0.9643483527007154 
-0.715759039409586 -0.9618608954540685 
-0.5968939260213346 -0.9975146894349292 
-0.6342162505223877 -0.996107188728706 
-0.5562709617402561 -0.9987827019329316 
-0.5867357397754421 -0.9984305050452297 
-0.7473981205384302 -0.9140834222307286 
-0.6859731969727414 -0.9751305277069167 
-0.6053241831200087 -0.9971907721402006 
-0.5273879907057624 -0.9993151538883261 
-0.5920758574142158 -0.9982420759033122 
-0.6188689541744995 -0.9964275370579668 
-0.7080023263983042 -0.9699811499393347 
-0.6600927829561894 -0.983109152975873 
-0.661448289552017 -0.9815195660808331 
-0.5562709617402561 -0.9987827019329316 
-0.6627712601467861 -0.9814069137035222 
-0.6640632805895427 -0.9801807484513155 
-0.6755602425538313 -0.9774981974273477 
-0.6125446875297936 -0.9971085320635954 
-0.6701071872370147 -0.9787095251023656 
-0.72708487380271 -0.9484127186424454 
-0.721688228652756 -0.9535842235289508 
-0.6925067528161659 -0.9742363658640504 
-0.7473981205384302 -0.9140834222307286 
-0.7207398637547451 -0.9540915674469372 
-0.6665602522977072 -0.9795202396179319 
-0.6665602522977072 -0.9795202396179319 
-0.671241085758055 -0.9778330834921494 
-0.7483185811062287 -0.9134722569033695 
-0.6701071872370147 -0.9787095251023656 
-0.7515820338405147 -0.9078961527848285 
-0.6893328198684835 -0.9748836761911811 
-0.724894580476355 -0.9491937285568286 
-0.6158041920480982 -0.9966581925970636 
-0.6640632805895427 -0.9801807484513155 
-0.6363885801078234 -0.9953355953924518 
-0.6188689541744995 -0.9964275370579668 
-0.6876776253254999 -0.9750347402973535 
-0.6158041920480982 -0.9966581925970636 
-0.6572771698514329 -0.9949037169265115 
-0.6342162505223877 -0.996107188728706 
-0.6893328198684835 -0.9748836761911811 
-0.6125446875297936 -0.9971085320635954 
-0.6755602425538313 -0.9774981974273477 
-0.6734422069634034 -0.9776866030376195 
-0.6734422069634034 -0.9776866030376195 
-0.7244468359096616 -0.9533211118819171 
-0.661448289552017 -0.9815195660808331 
-0.6587030276101307 -0.9831776922765433 
-0.6600927829561894 -0.983109152975873 
-0.6723524546743632 -0.9777723012511346 
-0.671241085758055 -0.9778330834921494 
-0.6723524546743632 -0.9777723012511346 
-0.0 -0.9998814120242692 
-0.7373538883654327 -0.9206739795549691 
-0.7312415399793359 -0.9377971727456801 
-0.7358820419368018 -0.9341512162458546 
-0.5000046953206492 -0.9994466484902155 
-0.7147110444794824 -0.9643483527007154 
-0.715759039409586 -0.9618608954540685 
-0.5273879907057624 -0.9993151538883261 
-0.5562709617402561 -0.9987827019329316 
-0.72708487380271 -0.9484127186424454 
-0.6925067528161659 -0.9742363658640504 
-0.7473981205384302 -0.9140834222307286 
-0.7207398637547451 -0.9540915674469372 
-0.6665602522977072 -0.9795202396179319 
-0.6701071872370147 -0.9787095251023656 
-0.724894580476355 -0.9491937285568286 
