-0.0 -0.9999418604651162 
-0.760963661314325 -0.9207378118907943 
-0.0 -0.9999418604651162 
-0.760963661314325 -0.9207378118907943 
-0.7439015626271575 -0.9827094394390369 
-0.7464638524375014 -0.9267561627112867 
-0.5000021798982867 -0.9987712210035227 
-0.7067138329616951 -0.9851604840060493 
-0.6876776253254999 -0.9910645367450732 
-0.6543089294608667 -0.992771682724029 
-0.7489247580627282 -0.9221006396791159 
-0.7464638524375014 -0.9267561627112867 
-0.6511697434858305 -0.9962829526088569 
-0.7067138329616951 -0.9851604840060493 
-0.6721964626647009 -0.9912754131258313 
-0.525380609869206 -0.9987117601155734 
-0.5000046953206492 -0.9987428840231171 
-0.6876776253254999 -0.9910645367450732 
-0.6389954018697317 -0.996368020101533 
-0.6721964626647009 -0.9912754131258313 
-0.5920758574142158 -0.9981673622405408 
-0.7489247580627282 -0.9221006396791159 
-0.6067061765302306 -0.9980786172797809 
-0.6245015291042992 -0.9973409681829069 
-0.5408190580271792 -0.9986600202441491 
-0.5273879907057624 -0.9986819759389531 
-0.6217617476670066 -0.9979683503277166 
-0.6363885801078234 -0.997207955362394 
-0.5000021798982867 -0.9987712210035227 
-0.6067061765302306 -0.9980786172797809 
-0.6158041920480982 -0.9980338991082044 
-0.5682692155322392 -0.9984321571874456 
-0.6327208801131252 -0.9972731323639807 
-0.5520471636397453 -0.9986005593562 
-0.5440962310962162 -0.9986291510299198 
-0.5867357397754421 -0.9982772174414863 
-0.5807398447749113 -0.9983381255256503 
-0.6158041920480982 -0.9980338991082044 
-0.5745608674752889 -0.9983756261452852 
-0.5807398447749113 -0.9983381255256503 
-0.5920758574142158 -0.9981673622405408 
-0.5867357397754421 -0.9982772174414863 
-0.5738942469018073 -0.9983959603348218 
-0.5659017097064563 -0.9985058155357674 
-0.5609166435988 -0.998539651272036 
-0.5609166435988 -0.998539651272036 
-0.5562709617402561 -0.9985682429457559 
-0.5520471636397453 -0.9986005593562 
-0.5562709617402561 -0.9985682429457559 
-0.6327208801131252 -0.9972731323639807 
-0.6511697434858305 -0.9962829526088569 
-0.5440962310962162 -0.9986291510299198 
-0.5408190580271792 -0.9986600202441491 
-0.6389954018697317 -0.996368020101533 
-0.6245015291042992 -0.9973409681829069 
-0.6217617476670066 -0.9979683503277166 
-0.6363885801078234 -0.997207955362394 
-0.5659017097064563 -0.9985058155357674 
-0.525380609869206 -0.9987117601155734 
-0.5273879907057624 -0.9986819759389531 
-0.5745608674752889 -0.9983756261452852 
-0.5738942469018073 -0.9983959603348218 
-0.5000046953206492 -0.9987428840231171 
-0.0 -0.9999418604651162 
-0.760963661314325 -0.9207378118907943 
-0.7464638524375014 -0.9267561627112867 
-0.7067138329616951 -0.9851604840060493 
-0.6876776253254999 -0.9910645367450732 
-0.6721964626647009 -0.9912754131258313 
-0.7489247580627282 -0.9221006396791159 
-0.5000021798982867 -0.9987712210035227 
-0.6067061765302306 -0.9980786172797809 
-0.6158041920480982 -0.9980338991082044 
-0.5807398447749113 -0.9983381255256503 
-0.5920758574142158 -0.9981673622405408 
-0.5867357397754421 -0.9982772174414863 
-0.5609166435988 -0.998539651272036 
-0.5520471636397453 -0.9986005593562 
-0.5562709617402561 -0.9985682429457559 
-0.6327208801131252 -0.9972731323639807 
-0.6511697434858305 -0.9962829526088569 
-0.5440962310962162 -0.9986291510299198 
-0.5408190580271792 -0.9986600202441491 
-0.6389954018697317 -0.996368020101533 
-0.6245015291042992 -0.9973409681829069 
-0.6363885801078234 -0.997207955362394 
-0.5659017097064563 -0.9985058155357674 
-0.525380609869206 -0.9987117601155734 
-0.5273879907057624 -0.9986819759389531 
-0.5745608674752889 -0.9983756261452852 
-0.5738942469018073 -0.9983959603348218 
-0.5000046953206492 -0.9987428840231171 
-0.760963661314325 -0.9207378118907943 
-0.0 -0.9999418604651162 
-0.7067138329616951 -0.9851604840060493 
-0.7464638524375014 -0.9267561627112867 
-0.6721964626647009 -0.9912754131258313 
-0.6511697434858305 -0.9962829526088569 
-0.7489247580627282 -0.9221006396791159 
-0.5000021798982867 -0.9987712210035227 
