-0.7812805365926451 -0.8797935955784693 
-0.0 -0.9998814120242692 
-0.7812805365926451 -0.8797935955784693 
-0.0 -0.9998814120242692 
-0.5000046953206492 -0.9997279044650833 
-0.7706499273060142 -0.9009014817367809 
-0.7755915053299142 -0.8810191867849104 
-0.7291987423684675 -0.9321567679416315 
-0.7279392791162101 -0.9480341519028663 
-0.759705821986536 -0.9035857846457445 
-0.753573551892992 -0.9190884590977569 
-0.6511697434858305 -0.9965762405523968 
-0.6527619786509369 -0.988830843808805 
-0.7091745606296822 -0.9631972420017396 
-0.7230833174687493 -0.9555426264424617 
-0.7011010580770073 -0.9766069692154903 
-0.7085913523418435 -0.9700845366805599 
-0.6969627453217037 -0.9824679639416048 
-0.7244468359096616 -0.949148364716531 
-0.6158041920480982 -0.9976550415249983 
-0.7024177447325693 -0.9725072879022317 
-0.5867357397754421 -0.9985400449484094 
-0.7347545042749206 -0.9281012591315567 
-0.7655283727822652 -0.9021145742434521 
-0.5000046953206492 -0.9997279044650833 
-0.5273879907057624 -0.9994102118438759 
-0.7291987423684675 -0.9321567679416315 
-0.6158041920480982 -0.9976550415249983 
-0.7347545042749206 -0.9281012591315567 
-0.7498231265183287 -0.920192298726315 
-0.7373538883654327 -0.9254672392184322 
-0.6363885801078234 -0.9966330587342149 
-0.6363885801078234 -0.9966330587342149 
-0.7017631069970578 -0.975572182032141 
-0.688511191098045 -0.9839779559221803 
-0.7458331204419107 -0.9230923792337576 
-0.5273879907057624 -0.9994102118438759 
-0.5659017097064563 -0.9986795354089202 
-0.7097520697029548 -0.9615884870403603 
-0.6805313484934384 -0.9854690512538923 
-0.5440962310962162 -0.999329680862 
-0.661448289552017 -0.988700631967723 
-0.5562709617402561 -0.9992540506098991 
-0.759705821986536 -0.9035857846457445 
-0.5807398447749113 -0.9986009530325733 
-0.6723524546743632 -0.9868205306472205 
-0.6969627453217037 -0.9824679639416048 
-0.7425795999783616 -0.9249851009510577 
-0.7763795192577793 -0.8802290558478343 
-0.753573551892992 -0.9190884590977569 
-0.7030651420546692 -0.9708534113703745 
-0.7706499273060142 -0.9009014817367809 
-0.5440962310962162 -0.999329680862 
-0.5867357397754421 -0.9985400449484094 
-0.7498231265183287 -0.920192298726315 
-0.7152373452661517 -0.9594408049386696 
-0.715759039409586 -0.957948014317598 
-0.7055855413580514 -0.9705815294852007 
-0.5659017097064563 -0.9986795354089202 
-0.5562709617402561 -0.9992540506098991 
-0.7755915053299142 -0.8810191867849104 
-0.6876776253254999 -0.9841084743575309 
-0.6665602522977072 -0.9877140158347948 
-0.6851015467656751 -0.9849842782574109 
-0.7451959220266173 -0.9236640965376404 
-0.6734422069634034 -0.9865176082106354 
-0.7120073587788069 -0.9608708420644875 
-0.7244468359096616 -0.949148364716531 
-0.7279392791162101 -0.9480341519028663 
-0.6734422069634034 -0.9865176082106354 
-0.6814752453925828 -0.9850434570013722 
-0.7458331204419107 -0.9230923792337576 
-0.6653258221367045 -0.9882746320454907 
-0.7131036343315342 -0.9598852114679491 
-0.7017631069970578 -0.975572182032141 
-0.6665602522977072 -0.9877140158347948 
-0.7197762836596874 -0.9563482168506082 
-0.5807398447749113 -0.9986009530325733 
-0.7451959220266173 -0.9236640965376404 
-0.7120073587788069 -0.9608708420644875 
-0.7425795999783616 -0.9249851009510577 
-0.7373538883654327 -0.9254672392184322 
-0.7197762836596874 -0.9563482168506082 
-0.7141800514857792 -0.9595816559959414 
-0.719288627216111 -0.9568597569769297 
-0.716788938360871 -0.9574471014506178 
-0.6653258221367045 -0.9882746320454907 
-0.7085913523418435 -0.9700845366805599 
-0.715759039409586 -0.957948014317598 
-0.7178013803731882 -0.9571384790450997 
-0.7131036343315342 -0.9598852114679491 
-0.716788938360871 -0.9574471014506178 
-0.6851015467656751 -0.9849842782574109 
-0.7178013803731882 -0.9571384790450997 
-0.6527619786509369 -0.988830843808805 
-0.7030651420546692 -0.9708534113703745 
-0.719288627216111 -0.9568597569769297 
-0.7152373452661517 -0.9594408049386696 
-0.7812805365926451 -0.8797935955784693 
-0.0 -0.9998814120242692 
