-0.7626837537358457 -0.9032570479753665 
-0.0 -0.9999404761904762 
-0.7626837537358457 -0.9032570479753665 
-0.0 -0.9999404761904762 
-0.5000046953206492 -0.9993906597202588 
-0.7489247580627282 -0.9738272587191722 
-0.7546838228855679 -0.933121064968822 
-0.7546838228855679 -0.933121064968822 
-0.7571125456693378 -0.903657594945681 
-0.7257802368235206 -0.9829452356601208 
-0.7489247580627282 -0.9738272587191722 
-0.5867357397754421 -0.9968739696284009 
-0.7257802368235206 -0.9829452356601208 
-0.6158041920480982 -0.9967978011496124 
-0.5273879907057624 -0.9993416756854256 
-0.5000046953206492 -0.9993906597202588 
-0.6909416537677044 -0.9864963014489605 
-0.6893328198684835 -0.9897613439052128 
-0.6677678444227887 -0.9917038276672909 
-0.5807398447749113 -0.9978221496424406 
-0.7049655122081812 -0.9852568877631529 
-0.6677678444227887 -0.9917038276672909 
-0.6876776253254999 -0.9898260902054241 
-0.7049655122081812 -0.9852568877631529 
-0.5440962310962162 -0.9987329842779655 
-0.5273879907057624 -0.9993416756854256 
-0.5440962310962162 -0.9987329842779655 
-0.6876776253254999 -0.9898260902054241 
-0.6527619786509369 -0.992989516085704 
-0.5659017097064563 -0.9983328841365471 
-0.6217617476670066 -0.9952212160638938 
-0.5659017097064563 -0.9983328841365471 
-0.6188689541744995 -0.9954550957156324 
-0.7011010580770073 -0.9859436167868594 
-0.6342162505223877 -0.9951072243706272 
-0.5562709617402561 -0.998390964944628 
-0.5562709617402561 -0.998390964944628 
-0.6442864348214682 -0.9941558471327075 
-0.6442864348214682 -0.9941558471327075 
-0.6527619786509369 -0.992989516085704 
-0.5807398447749113 -0.9978221496424406 
-0.6587030276101307 -0.991833478709706 
-0.6925067528161659 -0.9863760499304531 
-0.642418717883985 -0.9945852775364147 
-0.6543089294608667 -0.9921245577857843 
-0.6363885801078234 -0.9950397479873614 
-0.7011010580770073 -0.9859436167868594 
-0.6363885801078234 -0.9950397479873614 
-0.7037054638240761 -0.9853771392816602 
-0.7571125456693378 -0.903657594945681 
-0.642418717883985 -0.9945852775364147 
-0.6925067528161659 -0.9863760499304531 
-0.6188689541744995 -0.9954550957156324 
-0.6217617476670066 -0.9952212160638938 
-0.6158041920480982 -0.9967978011496124 
-0.7037054638240761 -0.9853771392816602 
-0.6342162505223877 -0.9951072243706272 
-0.6558131990931002 -0.9920755737509513 
-0.6572771698514329 -0.9918943867938699 
-0.6587030276101307 -0.991833478709706 
-0.6893328198684835 -0.9897613439052128 
-0.6572771698514329 -0.9918943867938699 
-0.6543089294608667 -0.9921245577857843 
-0.6558131990931002 -0.9920755737509513 
-0.0 -0.9999404761904762 
-0.7626837537358457 -0.9032570479753665 
-0.7546838228855679 -0.933121064968822 
-0.7489247580627282 -0.9738272587191722 
-0.7257802368235206 -0.9829452356601208 
-0.5000046953206492 -0.9993906597202588 
-0.6677678444227887 -0.9917038276672909 
-0.7049655122081812 -0.9852568877631529 
-0.5273879907057624 -0.9993416756854256 
-0.5440962310962162 -0.9987329842779655 
-0.6876776253254999 -0.9898260902054241 
-0.5562709617402561 -0.998390964944628 
-0.6527619786509369 -0.992989516085704 
-0.5807398447749113 -0.9978221496424406 
-0.7011010580770073 -0.9859436167868594 
-0.6363885801078234 -0.9950397479873614 
-0.7571125456693378 -0.903657594945681 
-0.642418717883985 -0.9945852775364147 
-0.6925067528161659 -0.9863760499304531 
-0.6188689541744995 -0.9954550957156324 
-0.6217617476670066 -0.9952212160638938 
-0.6158041920480982 -0.9967978011496124 
-0.7037054638240761 -0.9853771392816602 
-0.6342162505223877 -0.9951072243706272 
-0.6587030276101307 -0.991833478709706 
-0.6893328198684835 -0.9897613439052128 
-0.6572771698514329 -0.9918943867938699 
-0.6543089294608667 -0.9921245577857843 
-0.0 -0.9999404761904762 
-0.7626837537358457 -0.9032570479753665 
-0.7546838228855679 -0.933121064968822 
-0.7489247580627282 -0.9738272587191722 
-0.7257802368235206 -0.9829452356601208 
-0.5000046953206492 -0.9993906597202588 
-0.6677678444227887 -0.9917038276672909 
-0.7049655122081812 -0.9852568877631529 
