-0.7183012454512104 -0.9596087762094107 
-0.0 -0.9998843555093555 
-0.7183012454512104 -0.9596087762094107 
-0.0 -0.9998843555093555 
-0.5000021798982867 -0.9995273623505927 
-0.7141800514857792 -0.9784067702173738 
-0.6940305232025398 -0.9948233645857285 
-0.7049655122081812 -0.9792590569576853 
-0.6721964626647009 -0.996207316584889 
-0.6389954018697317 -0.9978495427953435 
-0.5408190580271792 -0.9992819989999384 
-0.6785950509492333 -0.9950743341252873 
-0.525380609869206 -0.9994240430973595 
-0.5000046953206492 -0.9995157160066882 
-0.6217617476670066 -0.9978569596209057 
-0.6602375023667126 -0.9964820775848063 
-0.5867357397754421 -0.9983797006709098 
-0.6067061765302306 -0.9983604547765362 
-0.641855370242182 -0.9972316623466773 
-0.6582751474814352 -0.9971764327548406 
-0.5520471636397453 -0.9992710863015257 
-0.6158041920480982 -0.9983234931879165 
-0.7067138329616951 -0.9790226475631815 
-0.7049655122081812 -0.9792590569576853 
-0.7127290686772504 -0.9787549659269608 
-0.5745608674752889 -0.9988141796888047 
-0.5273879907057624 -0.9994102118438759 
-0.6940305232025398 -0.9948233645857285 
-0.6843720370309544 -0.9949434322423982 
-0.5807398447749113 -0.9984910952287328 
-0.5562709617402561 -0.9988975713907144 
-0.6721964626647009 -0.996207316584889 
-0.5609166435988 -0.9988703424611651 
-0.6511697434858305 -0.9972119281261819 
-0.6067061765302306 -0.9983604547765362 
-0.5659017097064563 -0.9988452675500409 
-0.6785950509492333 -0.9950743341252873 
-0.5807398447749113 -0.9984910952287328 
-0.6843720370309544 -0.9949434322423982 
-0.7141349347253247 -0.9786014182924921 
-0.7141800514857792 -0.9784067702173738 
-0.6511697434858305 -0.9972119281261819 
-0.6602375023667126 -0.9964820775848063 
-0.5745608674752889 -0.9988141796888047 
-0.6158041920480982 -0.9983234931879165 
-0.5000021798982867 -0.9995273623505927 
-0.5867357397754421 -0.9983797006709098 
-0.6217617476670066 -0.9978569596209057 
-0.5659017097064563 -0.9988452675500409 
-0.5562709617402561 -0.9988975713907144 
-0.5520471636397453 -0.9992710863015257 
-0.5273879907057624 -0.9994102118438759 
-0.525380609869206 -0.9994240430973595 
-0.641855370242182 -0.9972316623466773 
-0.6389954018697317 -0.9978495427953435 
-0.6582751474814352 -0.9971764327548406 
-0.5000046953206492 -0.9995157160066882 
-0.7183012454512104 -0.9596087762094107 
-0.0 -0.9998843555093555 
-0.7049655122081812 -0.9792590569576853 
-0.6067061765302306 -0.9983604547765362 
-0.6785950509492333 -0.9950743341252873 
-0.5807398447749113 -0.9984910952287328 
-0.7141800514857792 -0.9784067702173738 
-0.6511697434858305 -0.9972119281261819 
-0.6602375023667126 -0.9964820775848063 
-0.5745608674752889 -0.9988141796888047 
-0.6158041920480982 -0.9983234931879165 
-0.5000021798982867 -0.9995273623505927 
-0.5867357397754421 -0.9983797006709098 
-0.6217617476670066 -0.9978569596209057 
-0.5659017097064563 -0.9988452675500409 
-0.5562709617402561 -0.9988975713907144 
-0.5273879907057624 -0.9994102118438759 
-0.525380609869206 -0.9994240430973595 
-0.6582751474814352 -0.9971764327548406 
-0.5000046953206492 -0.9995157160066882 
-0.0 -0.9998843555093555 
-0.7183012454512104 -0.9596087762094107 
-0.7049655122081812 -0.9792590569576853 
-0.6785950509492333 -0.9950743341252873 
-0.5659017097064563 -0.9988452675500409 
-0.6067061765302306 -0.9983604547765362 
-0.5807398447749113 -0.9984910952287328 
-0.6511697434858305 -0.9972119281261819 
-0.6602375023667126 -0.9964820775848063 
-0.5745608674752889 -0.9988141796888047 
-0.6158041920480982 -0.9983234931879165 
-0.5000021798982867 -0.9995273623505927 
-0.5867357397754421 -0.9983797006709098 
-0.6217617476670066 -0.9978569596209057 
-0.5562709617402561 -0.9988975713907144 
-0.5273879907057624 -0.9994102118438759 
-0.525380609869206 -0.9994240430973595 
-0.6582751474814352 -0.9971764327548406 
-0.5000046953206492 -0.9995157160066882 
-0.7183012454512104 -0.9596087762094107 
-0.0 -0.9998843555093555 
-0.7049655122081812 -0.9792590569576853 
-0.6785950509492333 -0.9950743341252873 
