-0.0 -0.9995518807959037 
-0.7657597903614769 -0.9006240436449848 
-0.0 -0.9995518807959037 
-0.7657597903614769 -0.9006240436449848 
-0.5000046953206492 -0.9994466484902155 
-0.7120073587788069 -0.9532453048397743 
-0.6723524546743632 -0.9942949060440914 
-0.753573551892992 -0.9156129617215041 
-0.7619522701230637 -0.9013411453938338 
-0.7369892214940721 -0.9355564808104089 
-0.6955151754766763 -0.9633773225514961 
-0.7412287786363739 -0.9231139230364874 
-0.6876776253254999 -0.9834658551231821 
-0.6932736616051567 -0.9734761541527739 
-0.6876776253254999 -0.9834658551231821 
-0.688511191098045 -0.9752603496115793 
-0.6983751116312127 -0.9611106144251359 
-0.7291987423684675 -0.9413463256676355 
-0.7141800514857792 -0.9476679631405569 
-0.7291987423684675 -0.9413463256676355 
-0.6363885801078234 -0.9944115617365352 
-0.7141800514857792 -0.9476679631405569 
-0.7369892214940721 -0.9355564808104089 
-0.7464638524375014 -0.9170634599371393 
-0.742244651076418 -0.9224217990042105 
-0.6983751116312127 -0.9611106144251359 
-0.5000046953206492 -0.9994466484902155 
-0.5273879907057624 -0.9993262119925101 
-0.6342162505223877 -0.9970399332052503 
-0.6319507871557013 -0.9971766037905765 
-0.753573551892992 -0.9156129617215041 
-0.5659017097064563 -0.9990308383956266 
-0.5273879907057624 -0.9993262119925101 
-0.5440962310962162 -0.99923437507508 
-0.6158041920480982 -0.9973496820283081 
-0.5738942469018073 -0.9989071242395138 
-0.6723524546743632 -0.9942949060440914 
-0.6053241831200087 -0.9975797701798699 
-0.7464638524375014 -0.9170634599371393 
-0.7619522701230637 -0.9013411453938338 
-0.5562709617402561 -0.9991291427693917 
-0.5440962310962162 -0.99923437507508 
-0.6917295149123063 -0.9744885687778169 
-0.5562709617402561 -0.9991291427693917 
-0.6932736616051567 -0.9734761541527739 
-0.5867357397754421 -0.9986165161641641 
-0.7412287786363739 -0.9231139230364874 
-0.742244651076418 -0.9224217990042105 
-0.5968939260213346 -0.9980043730824935 
-0.5920758574142158 -0.9981248095801988 
-0.5968939260213346 -0.9980043730824935 
-0.6158041920480982 -0.9973496820283081 
-0.5807398447749113 -0.9987191201742408 
-0.6917295149123063 -0.9744885687778169 
-0.5807398447749113 -0.9987191201742408 
-0.6090627412164059 -0.9975043154823878 
-0.688511191098045 -0.9752603496115793 
-0.5920758574142158 -0.9981248095801988 
-0.5867357397754421 -0.9986165161641641 
-0.6090627412164059 -0.9975043154823878 
-0.6363885801078234 -0.9944115617365352 
-0.0 -0.9995518807959037 
-0.7657597903614769 -0.9006240436449848 
-0.6876776253254999 -0.9834658551231821 
-0.6983751116312127 -0.9611106144251359 
-0.7291987423684675 -0.9413463256676355 
-0.7141800514857792 -0.9476679631405569 
-0.7369892214940721 -0.9355564808104089 
-0.5000046953206492 -0.9994466484902155 
-0.753573551892992 -0.9156129617215041 
-0.5273879907057624 -0.9993262119925101 
-0.7464638524375014 -0.9170634599371393 
-0.7619522701230637 -0.9013411453938338 
-0.6932736616051567 -0.9734761541527739 
-0.5440962310962162 -0.99923437507508 
-0.5562709617402561 -0.9991291427693917 
-0.742244651076418 -0.9224217990042105 
-0.5968939260213346 -0.9980043730824935 
-0.6917295149123063 -0.9744885687778169 
-0.5807398447749113 -0.9987191201742408 
-0.688511191098045 -0.9752603496115793 
-0.5920758574142158 -0.9981248095801988 
-0.6090627412164059 -0.9975043154823878 
-0.7657597903614769 -0.9006240436449848 
-0.0 -0.9995518807959037 
-0.6876776253254999 -0.9834658551231821 
-0.6983751116312127 -0.9611106144251359 
-0.7291987423684675 -0.9413463256676355 
-0.7141800514857792 -0.9476679631405569 
-0.7369892214940721 -0.9355564808104089 
-0.5000046953206492 -0.9994466484902155 
-0.753573551892992 -0.9156129617215041 
-0.5273879907057624 -0.9993262119925101 
-0.7464638524375014 -0.9170634599371393 
-0.7619522701230637 -0.9013411453938338 
-0.6932736616051567 -0.9734761541527739 
-0.5440962310962162 -0.99923437507508 
-0.5562709617402561 -0.9991291427693917 
-0.5968939260213346 -0.9980043730824935 
-0.688511191098045 -0.9752603496115793 
