-0.0 -0.9999468085106383 
-0.7657597903614769 -0.9419238947673819 
-0.7657597903614769 -0.9419238947673819 
-0.0 -0.9999468085106383 
-0.7355084964051994 -0.9446354147544059 
-0.7324351234282586 -0.984254770268647 
-0.5000046953206492 -0.9994386757254838 
-0.5440962310962162 -0.998566474381392 
-0.7257802368235206 -0.9843212154513713 
-0.7141800514857792 -0.9883600003235113 
-0.5000046953206492 -0.9994386757254838 
-0.6876776253254999 -0.99020077224216 
-0.6868317554601097 -0.9929465714834054 
-0.7355084964051994 -0.9446354147544059 
-0.5562709617402561 -0.9966132454669779 
-0.6723524546743632 -0.9947132964365002 
-0.5440962310962162 -0.998566474381392 
-0.6805313484934384 -0.9935533597260845 
-0.6363885801078234 -0.9955654769449528 
-0.6627712601467861 -0.9953171273651755 
-0.7141800514857792 -0.9883600003235113 
-0.699754012301401 -0.9894981817286055 
-0.6271042502223728 -0.9960159302991177 
-0.7097520697029548 -0.9888847907815783 
-0.6805313484934384 -0.9935533597260845 
-0.6723524546743632 -0.9947132964365002 
-0.6511697434858305 -0.9953805523123214 
-0.6940305232025398 -0.990137347295014 
-0.6511697434858305 -0.9953805523123214 
-0.699754012301401 -0.9894981817286055 
-0.5562709617402561 -0.9966132454669779 
-0.6053241831200087 -0.9960913947238798 
-0.7097520697029548 -0.9888847907815783 
-0.7257802368235206 -0.9843212154513713 
-0.5807398447749113 -0.9964344058100134 
-0.5920758574142158 -0.9963169845617477 
-0.6363885801078234 -0.9955654769449528 
-0.6158041920480982 -0.9960765363597237 
-0.6158041920480982 -0.9960765363597237 
-0.5659017097064563 -0.9965577413041656 
-0.6627712601467861 -0.9953171273651755 
-0.6271042502223728 -0.9960159302991177 
-0.6868317554601097 -0.9929465714834054 
-0.5738942469018073 -0.9964968332200018 
-0.5659017097064563 -0.9965577413041656 
-0.5807398447749113 -0.9964344058100134 
-0.5738942469018073 -0.9964968332200018 
-0.6940305232025398 -0.990137347295014 
-0.6012861663487746 -0.996253105351527 
-0.5920758574142158 -0.9963169845617477 
-0.5968939260213346 -0.9962555722032076 
-0.5968939260213346 -0.9962555722032076 
-0.6053241831200087 -0.9960913947238798 
-0.6012861663487746 -0.996253105351527 
-0.7324351234282586 -0.984254770268647 
-0.6876776253254999 -0.99020077224216 
-0.7657597903614769 -0.9419238947673819 
-0.0 -0.9999468085106383 
-0.5000046953206492 -0.9994386757254838 
-0.7355084964051994 -0.9446354147544059 
-0.5440962310962162 -0.998566474381392 
-0.7141800514857792 -0.9883600003235113 
-0.6805313484934384 -0.9935533597260845 
-0.6723524546743632 -0.9947132964365002 
-0.6511697434858305 -0.9953805523123214 
-0.699754012301401 -0.9894981817286055 
-0.5562709617402561 -0.9966132454669779 
-0.7097520697029548 -0.9888847907815783 
-0.7257802368235206 -0.9843212154513713 
-0.6363885801078234 -0.9955654769449528 
-0.6158041920480982 -0.9960765363597237 
-0.6627712601467861 -0.9953171273651755 
-0.6271042502223728 -0.9960159302991177 
-0.6868317554601097 -0.9929465714834054 
-0.5659017097064563 -0.9965577413041656 
-0.5807398447749113 -0.9964344058100134 
-0.5738942469018073 -0.9964968332200018 
-0.6940305232025398 -0.990137347295014 
-0.5920758574142158 -0.9963169845617477 
-0.5968939260213346 -0.9962555722032076 
-0.6053241831200087 -0.9960913947238798 
-0.6012861663487746 -0.996253105351527 
-0.7324351234282586 -0.984254770268647 
-0.6876776253254999 -0.99020077224216 
-0.7657597903614769 -0.9419238947673819 
-0.0 -0.9999468085106383 
-0.7355084964051994 -0.9446354147544059 
-0.5440962310962162 -0.998566474381392 
-0.7141800514857792 -0.9883600003235113 
-0.6805313484934384 -0.9935533597260845 
-0.6723524546743632 -0.9947132964365002 
-0.6511697434858305 -0.9953805523123214 
-0.699754012301401 -0.9894981817286055 
-0.5562709617402561 -0.9966132454669779 
-0.7097520697029548 -0.9888847907815783 
-0.7257802368235206 -0.9843212154513713 
-0.6363885801078234 -0.9955654769449528 
-0.6158041920480982 -0.9960765363597237 
-0.6627712601467861 -0.9953171273651755 
-0.6271042502223728 -0.9960159302991177 
