-0.0 -0.9999468085106383 
-0.78481435433173 -0.8963620547100801 
-0.78481435433173 -0.8963620547100801 
-0.0 -0.9999468085106383 
-0.5000046953206492 -0.999841304347826 
-0.7439015626271575 -0.9410615326889008 
-0.7283620100772837 -0.9586311587020718 
-0.7657597903614769 -0.9344758402569404 
-0.7693528492982 -0.9127427221456891 
-0.6876776253254999 -0.9833452257515309 
-0.7097520697029548 -0.9686557040387312 
-0.7693528492982 -0.9127427221456891 
-0.7820027828414726 -0.8972652466537178 
-0.7257802368235206 -0.9663606867826283 
-0.6876776253254999 -0.9833452257515309 
-0.7657597903614769 -0.9344758402569404 
-0.5440962310962162 -0.9996851431138493 
-0.6511697434858305 -0.9886457589752383 
-0.5000046953206492 -0.999841304347826 
-0.6600927829561894 -0.9877827491729309 
-0.5807398447749113 -0.9990197039339251 
-0.6442864348214682 -0.9934774039646811 
-0.7097520697029548 -0.9686557040387312 
-0.5440962310962162 -0.9996851431138493 
-0.6600927829561894 -0.9877827491729309 
-0.6158041920480982 -0.9969813680465793 
-0.6012861663487746 -0.9982719168149378 
-0.6363885801078234 -0.9955128718897623 
-0.6158041920480982 -0.9969813680465793 
-0.5807398447749113 -0.9990197039339251 
-0.6012861663487746 -0.9982719168149378 
-0.7257802368235206 -0.9663606867826283 
-0.7820027828414726 -0.8972652466537178 
-0.6363885801078234 -0.9955128718897623 
-0.6442864348214682 -0.9934774039646811 
-0.6511697434858305 -0.9886457589752383 
-0.6404834755468042 -0.9945086980849452 
-0.6404834755468042 -0.9945086980849452 
-0.78481435433173 -0.8963620547100801 
-0.0 -0.9999468085106383 
-0.6876776253254999 -0.9833452257515309 
-0.7657597903614769 -0.9344758402569404 
-0.5000046953206492 -0.999841304347826 
-0.7097520697029548 -0.9686557040387312 
-0.5440962310962162 -0.9996851431138493 
-0.6600927829561894 -0.9877827491729309 
-0.6158041920480982 -0.9969813680465793 
-0.5807398447749113 -0.9990197039339251 
-0.6012861663487746 -0.9982719168149378 
-0.7257802368235206 -0.9663606867826283 
-0.7820027828414726 -0.8972652466537178 
-0.6363885801078234 -0.9955128718897623 
-0.6511697434858305 -0.9886457589752383 
-0.6404834755468042 -0.9945086980849452 
-0.78481435433173 -0.8963620547100801 
-0.0 -0.9999468085106383 
-0.6876776253254999 -0.9833452257515309 
-0.7657597903614769 -0.9344758402569404 
-0.5000046953206492 -0.999841304347826 
-0.7097520697029548 -0.9686557040387312 
-0.5440962310962162 -0.9996851431138493 
-0.6600927829561894 -0.9877827491729309 
-0.5807398447749113 -0.9990197039339251 
-0.6012861663487746 -0.9982719168149378 
-0.7257802368235206 -0.9663606867826283 
-0.7820027828414726 -0.8972652466537178 
-0.6363885801078234 -0.9955128718897623 
-0.6511697434858305 -0.9886457589752383 
-0.6404834755468042 -0.9945086980849452 
-0.78481435433173 -0.8963620547100801 
-0.0 -0.9999468085106383 
-0.6876776253254999 -0.9833452257515309 
-0.7657597903614769 -0.9344758402569404 
-0.5000046953206492 -0.999841304347826 
-0.7097520697029548 -0.9686557040387312 
-0.5440962310962162 -0.9996851431138493 
-0.6600927829561894 -0.9877827491729309 
-0.5807398447749113 -0.9990197039339251 
-0.6012861663487746 -0.9982719168149378 
-0.7257802368235206 -0.9663606867826283 
-0.6363885801078234 -0.9955128718897623 
-0.6511697434858305 -0.9886457589752383 
-0.6404834755468042 -0.9945086980849452 
-0.0 -0.9999468085106383 
-0.6876776253254999 -0.9833452257515309 
-0.7657597903614769 -0.9344758402569404 
-0.5000046953206492 -0.999841304347826 
-0.7097520697029548 -0.9686557040387312 
-0.5440962310962162 -0.9996851431138493 
-0.6600927829561894 -0.9877827491729309 
-0.5807398447749113 -0.9990197039339251 
-0.6012861663487746 -0.9982719168149378 
-0.7257802368235206 -0.9663606867826283 
-0.6363885801078234 -0.9955128718897623 
-0.6511697434858305 -0.9886457589752383 
-0.6404834755468042 -0.9945086980849452 
-0.0 -0.9999468085106383 
-0.6876776253254999 -0.9833452257515309 
-0.7657597903614769 -0.9344758402569404 
-0.5000046953206492 -0.999841304347826 
