-0.0 -0.9999418604651162 
-0.7492256525786711 -0.9330797236357515 
-0.7492256525786711 -0.9330797236357515 
-0.0 -0.9999418604651162 
-0.5000046953206492 -0.9996533194656849 
-0.7257802368235206 -0.9723057187853567 
-0.72708487380271 -0.9577192562194028 
-0.7391454694067165 -0.9446356488685759 
-0.7312415399793359 -0.9551021838928551 
-0.70740736057562 -0.973914770479575 
-0.6876776253254999 -0.9863508089475036 
-0.7037054638240761 -0.9787549532993448 
-0.7467768359550174 -0.9358106625975913 
-0.7458331204419107 -0.9403707010162274 
-0.7391454694067165 -0.9446356488685759 
-0.6909416537677044 -0.982547406990909 
-0.7451959220266173 -0.940773033047251 
-0.5408190580271792 -0.9993115719300436 
-0.5745608674752889 -0.9988862239813945 
-0.5807398447749113 -0.9968210988410099 
-0.7283620100772837 -0.9555956519494635 
-0.6295834644252494 -0.9925081633668311 
-0.6478377279567749 -0.9923115331847965 
-0.6587030276101307 -0.9901207275919782 
-0.6600927829561894 -0.9881124129844785 
-0.72708487380271 -0.9577192562194028 
-0.6511697434858305 -0.9916564573076602 
-0.6627712601467861 -0.9868228616063242 
-0.7467768359550174 -0.9358106625975913 
-0.7489247580627282 -0.9337869284528827 
-0.70740736057562 -0.973914770479575 
-0.6217617476670066 -0.9939440158440409 
-0.5807398447749113 -0.9968210988410099 
-0.7257802368235206 -0.9723057187853567 
-0.6067061765302306 -0.9939491272713599 
-0.7037054638240761 -0.9787549532993448 
-0.7030651420546692 -0.9800770533558987 
-0.6721964626647009 -0.986669657971782 
-0.699754012301401 -0.9811143172857985 
-0.6947776079989193 -0.9815688341644915 
-0.6600927829561894 -0.9881124129844785 
-0.5849679567095176 -0.9956357007243053 
-0.6909416537677044 -0.982547406990909 
-0.6245015291042992 -0.9934428480011849 
-0.7312415399793359 -0.9551021838928551 
-0.6721964626647009 -0.986669657971782 
-0.7030651420546692 -0.9800770533558987 
-0.6543089294608667 -0.9907060285594597 
-0.6012861663487746 -0.9948585271596353 
-0.7451959220266173 -0.940773033047251 
-0.7489247580627282 -0.9337869284528827 
-0.6271042502223728 -0.9931694931073313 
-0.5934130455224904 -0.9949757115043164 
-0.5562709617402561 -0.9992344262886171 
-0.5745608674752889 -0.9988862239813945 
-0.5920758574142158 -0.9955334978182898 
-0.6947776079989193 -0.9815688341644915 
-0.5659017097064563 -0.9991650806271662 
-0.699754012301401 -0.9811143172857985 
-0.5440962310962162 -0.9992953343727811 
-0.5659017097064563 -0.9991650806271662 
-0.5520471636397453 -0.9992440955467777 
-0.6053241831200087 -0.9942914790292591 
-0.6053241831200087 -0.9942914790292591 
-0.5408190580271792 -0.9993115719300436 
-0.6543089294608667 -0.9907060285594597 
-0.6876776253254999 -0.9863508089475036 
-0.7283620100772837 -0.9555956519494635 
-0.6558131990931002 -0.9903622428737249 
-0.5609166435988 -0.9991846346588285 
-0.6271042502223728 -0.9931694931073313 
-0.6478377279567749 -0.9923115331847965 
-0.7458331204419107 -0.9403707010162274 
-0.6012861663487746 -0.9948585271596353 
-0.5609166435988 -0.9991846346588285 
-0.5520471636397453 -0.9992440955467777 
-0.5849679567095176 -0.9956357007243053 
-0.5968939260213346 -0.9949664496879135 
-0.6295834644252494 -0.9925081633668311 
-0.5968939260213346 -0.9949664496879135 
-0.6627712601467861 -0.9868228616063242 
-0.6558131990931002 -0.9903622428737249 
-0.6587030276101307 -0.9901207275919782 
-0.5440962310962162 -0.9992953343727811 
-0.5867357397754421 -0.995592958706239 
-0.589386886992521 -0.9955747926401414 
-0.589386886992521 -0.9955747926401414 
-0.6217617476670066 -0.9939440158440409 
-0.5867357397754421 -0.995592958706239 
-0.5920758574142158 -0.9955334978182898 
-0.5934130455224904 -0.9949757115043164 
-0.6067061765302306 -0.9939491272713599 
-0.0 -0.9999418604651162 
-0.7492256525786711 -0.9330797236357515 
-0.7391454694067165 -0.9446356488685759 
-0.72708487380271 -0.9577192562194028 
-0.7467768359550174 -0.9358106625975913 
-0.70740736057562 -0.973914770479575 
-0.5807398447749113 -0.9968210988410099 
-0.7037054638240761 -0.9787549532993448 
