-0.0 -1.0 
-0.7579017646310316 -0.9463419846916643 
-0.0 -1.0 
-0.7579017646310316 -0.9463419846916643 
-0.5000021798982867 -0.9990123484826688 
-0.7489247580627282 -0.9465058502378828 
-0.7439015626271575 -0.9580135663668284 
-0.7355084964051994 -0.9662493114130057 
-0.7439015626271575 -0.9580135663668284 
-0.7257802368235206 -0.9673557955019617 
-0.6295834644252494 -0.9949735290286227 
-0.6319507871557013 -0.9900945526367136 
-0.7183012454512104 -0.9716315140613958 
-0.6805313484934384 -0.9779670360329631 
-0.6876776253254999 -0.9749584207133462 
-0.6363885801078234 -0.9893095339902077 
-0.6765900934759559 -0.9808963386522493 
-0.6785950509492333 -0.9781582538374719 
-0.6478377279567749 -0.9871115554972858 
-0.649529371527523 -0.984826745806027 
-0.642418717883985 -0.9874717163616937 
-0.6969627453217037 -0.9748028322266494 
-0.6723524546743632 -0.9812987166398028 
-0.5000046953206492 -0.9989834491821089 
-0.525380609869206 -0.9989580488372788 
-0.6245015291042992 -0.9965719876947666 
-0.6295834644252494 -0.9949735290286227 
-0.7355084964051994 -0.9662493114130057 
-0.699754012301401 -0.9735188695791057 
-0.7141800514857792 -0.9724188652405095 
-0.7049655122081812 -0.9733979833226255 
-0.6627712601467861 -0.9821410431552577 
-0.7183012454512104 -0.9716315140613958 
-0.6125446875297936 -0.9969796156818589 
-0.6572771698514329 -0.9838718304395729 
-0.7141800514857792 -0.9724188652405095 
-0.6600927829561894 -0.9828005329602838 
-0.6090627412164059 -0.9976224095301763 
-0.6012861663487746 -0.9980906412278506 
-0.525380609869206 -0.9989580488372788 
-0.5408190580271792 -0.9989494316640866 
-0.6342162505223877 -0.9898683554444261 
-0.6627712601467861 -0.9821410431552577 
-0.6217617476670066 -0.9968591444195578 
-0.6600927829561894 -0.9828005329602838 
-0.7049655122081812 -0.9733979833226255 
-0.5920758574142158 -0.9981980419008858 
-0.6090627412164059 -0.9976224095301763 
-0.6876776253254999 -0.9749584207133462 
-0.6012861663487746 -0.9980906412278506 
-0.6245015291042992 -0.9965719876947666 
-0.6572771698514329 -0.9838718304395729 
-0.5807398447749113 -0.9984826664515702 
-0.5520471636397453 -0.9989013883377413 
-0.5440962310962162 -0.9989254781676161 
-0.5867357397754421 -0.998312765778535 
-0.6543089294608667 -0.984304418172586 
-0.5867357397754421 -0.998312765778535 
-0.6734422069634034 -0.9809889186897256 
-0.6460913567354767 -0.9873767581999885 
-0.5745608674752889 -0.9985162834010002 
-0.642418717883985 -0.9874717163616937 
-0.5682692155322392 -0.9986342663665441 
-0.7489247580627282 -0.9465058502378828 
-0.5920758574142158 -0.9981980419008858 
-0.5738942469018073 -0.9986035090236323 
-0.5659017097064563 -0.998755651560721 
-0.5807398447749113 -0.9984826664515702 
-0.5609166435988 -0.9987834053721975 
-0.6319507871557013 -0.9900945526367136 
-0.5562709617402561 -0.998876494132783 
-0.6511697434858305 -0.984681567281017 
-0.6527619786509369 -0.9844163645783143 
-0.6125446875297936 -0.9969796156818589 
-0.5609166435988 -0.9987834053721975 
-0.5562709617402561 -0.998876494132783 
-0.6969627453217037 -0.9748028322266494 
-0.6785950509492333 -0.9781582538374719 
-0.5520471636397453 -0.9989013883377413 
-0.6543089294608667 -0.984304418172586 
-0.699754012301401 -0.9735188695791057 
-0.6217617476670066 -0.9968591444195578 
-0.649529371527523 -0.984826745806027 
-0.6511697434858305 -0.984681567281017 
-0.5440962310962162 -0.9989254781676161 
-0.5408190580271792 -0.9989494316640866 
-0.6765900934759559 -0.9808963386522493 
-0.6527619786509369 -0.9844163645783143 
-0.6460913567354767 -0.9873767581999885 
-0.5682692155322392 -0.9986342663665441 
-0.5659017097064563 -0.998755651560721 
-0.6734422069634034 -0.9809889186897256 
-0.5745608674752889 -0.9985162834010002 
-0.5738942469018073 -0.9986035090236323 
-0.5000046953206492 -0.9989834491821089 
-0.0 -1.0 
-0.7579017646310316 -0.9463419846916643 
-0.6295834644252494 -0.9949735290286227 
-0.6627712601467861 -0.9821410431552577 
-0.6572771698514329 -0.9838718304395729 
