-0.0 -0.9999468085106383 
-0.7530109692621234 -0.9494588543409114 
-0.7530109692621234 -0.9494588543409114 
-0.0 -0.9999468085106383 
-0.7439015626271575 -0.9737986737098048 
-0.5000046953206492 -0.999841304347826 
-0.7266531110566533 -0.9923955942619417 
-0.7464638524375014 -0.9569854827888093 
-0.7512922945969188 -0.9551844342353463 
-0.7257802368235206 -0.9943470811943456 
-0.5440962310962162 -0.9996851431138493 
-0.6627712601467861 -0.9961575719340128 
-0.5807398447749113 -0.998960616965095 
-0.7266531110566533 -0.9923955942619417 
-0.5000046953206492 -0.999841304347826 
-0.5440962310962162 -0.9996851431138493 
-0.6158041920480982 -0.9980870563789276 
-0.5920758574142158 -0.9982719168149378 
-0.6363885801078234 -0.9973103834085083 
-0.6969627453217037 -0.9953684697397249 
-0.7464638524375014 -0.9569854827888093 
-0.7512922945969188 -0.9551844342353463 
-0.6876776253254999 -0.9955542843994096 
-0.6363885801078234 -0.9973103834085083 
-0.6969627453217037 -0.9953684697397249 
-0.6511697434858305 -0.9965228094688122 
-0.6158041920480982 -0.9980870563789276 
-0.5807398447749113 -0.998960616965095 
-0.6511697434858305 -0.9965228094688122 
-0.6876776253254999 -0.9955542843994096 
-0.5920758574142158 -0.9982719168149378 
-0.7530109692621234 -0.9494588543409114 
-0.0 -0.9999468085106383 
-0.7266531110566533 -0.9923955942619417 
-0.5000046953206492 -0.999841304347826 
-0.5440962310962162 -0.9996851431138493 
-0.7464638524375014 -0.9569854827888093 
-0.7512922945969188 -0.9551844342353463 
-0.6363885801078234 -0.9973103834085083 
-0.6158041920480982 -0.9980870563789276 
-0.5807398447749113 -0.998960616965095 
-0.6511697434858305 -0.9965228094688122 
-0.6876776253254999 -0.9955542843994096 
-0.5920758574142158 -0.9982719168149378 
-0.7530109692621234 -0.9494588543409114 
-0.0 -0.9999468085106383 
-0.7266531110566533 -0.9923955942619417 
-0.5000046953206492 -0.999841304347826 
-0.5440962310962162 -0.9996851431138493 
-0.7512922945969188 -0.9551844342353463 
-0.6363885801078234 -0.9973103834085083 
-0.5807398447749113 -0.998960616965095 
-0.6511697434858305 -0.9965228094688122 
-0.6876776253254999 -0.9955542843994096 
-0.5920758574142158 -0.9982719168149378 
-0.7530109692621234 -0.9494588543409114 
-0.0 -0.9999468085106383 
-0.7266531110566533 -0.9923955942619417 
-0.5000046953206492 -0.999841304347826 
-0.5440962310962162 -0.9996851431138493 
-0.7512922945969188 -0.9551844342353463 
-0.6363885801078234 -0.9973103834085083 
-0.5807398447749113 -0.998960616965095 
-0.6511697434858305 -0.9965228094688122 
-0.6876776253254999 -0.9955542843994096 
-0.5920758574142158 -0.9982719168149378 
-0.0 -0.9999468085106383 
-0.7530109692621234 -0.9494588543409114 
-0.7266531110566533 -0.9923955942619417 
-0.5000046953206492 -0.999841304347826 
-0.5440962310962162 -0.9996851431138493 
-0.7512922945969188 -0.9551844342353463 
-0.5807398447749113 -0.998960616965095 
-0.6511697434858305 -0.9965228094688122 
-0.6876776253254999 -0.9955542843994096 
-0.5920758574142158 -0.9982719168149378 
-0.7530109692621234 -0.9494588543409114 
-0.0 -0.9999468085106383 
-0.7266531110566533 -0.9923955942619417 
-0.5000046953206492 -0.999841304347826 
-0.5440962310962162 -0.9996851431138493 
-0.5807398447749113 -0.998960616965095 
-0.6511697434858305 -0.9965228094688122 
-0.6876776253254999 -0.9955542843994096 
-0.5920758574142158 -0.9982719168149378 
-0.7530109692621234 -0.9494588543409114 
-0.0 -0.9999468085106383 
-0.7266531110566533 -0.9923955942619417 
-0.5000046953206492 -0.999841304347826 
-0.6876776253254999 -0.9955542843994096 
-0.5440962310962162 -0.9996851431138493 
-0.5807398447749113 -0.998960616965095 
-0.6511697434858305 -0.9965228094688122 
-0.5920758574142158 -0.9982719168149378 
-0.0 -0.9999468085106383 
-0.7266531110566533 -0.9923955942619417 
-0.5000046953206492 -0.999841304347826 
-0.6876776253254999 -0.9955542843994096 
-0.5440962310962162 -0.9996851431138493 
-0.5807398447749113 -0.998960616965095 
