0.8367349324901745
0.7585658781510477
0.7706639724234048
0.8357440249251142
0.7788801418619519
0.7405352058521483
0.7235114341224684
0.7466889753967879
0.762144196665058
0.7531282578013172
0.7629094047342466
0.744336171906727
0.7680962269133834
0.7569246216458982
0.7643723574860363
0.7758805258510535
0.7730073959658972
0.7398748214368269
0.741776875710181
0.7876301608579768
0.755019485940539
0.775604179779645
0.7545260637006406
0.7508893341055133
0.7828271776754222
0.7965478621162064
0.7411162699987466
0.7781517555215601
0.7990569233181937
0.7709545548373915
