-0.6459151268884279 -0.9121926608190344 
-0.7270311366890221 -0.8148301789785299 
-0.7212814492884057 -0.838776333556553 
-0.7212814492884057 -0.838776333556553 
-0.6459151268884279 -0.9121926608190344 
-0.7212814492884057 -0.838776333556553 
-0.6459151268884279 -0.9121926608190344 
-0.6459151268884279 -0.9121926608190344 
-0.708544999396637 -0.8500912548989473 
-0.6459151268884279 -0.9121926608190344 
-0.7212814492884057 -0.838776333556553 
-0.7212814492884057 -0.838776333556553 
-0.7212814492884057 -0.838776333556553 
-0.6459151268884279 -0.9121926608190344 
-0.708544999396637 -0.8500912548989473 
-0.7447094151065248 -0.8037516055373193 
-0.7447094151065248 -0.8037516055373193 
-0.7447094151065248 -0.8037516055373193 
-0.7447094151065248 -0.8037516055373193 
-0.7447094151065248 -0.8037516055373193 
-0.708544999396637 -0.8500912548989473 
-0.708544999396637 -0.8500912548989473 
-0.7447094151065248 -0.8037516055373193 
-0.6383976650740996 -0.9226085270041313 
-0.6383976650740996 -0.9226085270041313 
-0.6895076154493899 -0.8817799416700518 
-0.6895076154493899 -0.8817799416700518 
-0.6895076154493899 -0.8817799416700518 
-0.6383976650740996 -0.9226085270041313 
-0.6383976650740996 -0.9226085270041313 
-0.6895076154493899 -0.8817799416700518 
-0.6895076154493899 -0.8817799416700518 
-0.6383976650740996 -0.9226085270041313 
-0.6383976650740996 -0.9226085270041313 
-0.6895076154493899 -0.8817799416700518 
-0.5000488543689853 -0.9915589904600893 
-0.675680135216122 -0.9090335946105174 
-0.675680135216122 -0.9090335946105174 
-0.675680135216122 -0.9090335946105174 
-0.7375443077231316 -0.8108493155196455 
-0.675680135216122 -0.9090335946105174 
-0.7375443077231316 -0.8108493155196455 
-0.675680135216122 -0.9090335946105174 
-0.7375443077231316 -0.8108493155196455 
-0.7375443077231316 -0.8108493155196455 
-0.7375443077231316 -0.8108493155196455 
-0.7375443077231316 -0.8108493155196455 
-0.675680135216122 -0.9090335946105174 
-0.701419118788297 -0.8706134524815846 
-0.701419118788297 -0.8706134524815846 
-0.701419118788297 -0.8706134524815846 
-0.701419118788297 -0.8706134524815846 
-0.701419118788297 -0.8706134524815846 
-0.701419118788297 -0.8706134524815846 
-0.6300973836750365 -0.9467487640564564 
-0.6300973836750365 -0.9467487640564564 
-0.6300973836750365 -0.9467487640564564 
-0.6300973836750365 -0.9467487640564564 
-0.6300973836750365 -0.9467487640564564 
-0.6300973836750365 -0.9467487640564564 
-0.6208177516759259 -0.970386298683002 
-0.6208177516759259 -0.970386298683002 
-0.6208177516759259 -0.970386298683002 
-0.6074663709930894 -0.9725969085859196 
-0.6074663709930894 -0.9725969085859196 
-0.6208177516759259 -0.970386298683002 
-0.6074663709930894 -0.9725969085859196 
-0.6074663709930894 -0.9725969085859196 
-0.6074663709930894 -0.9725969085859196 
-0.6208177516759259 -0.970386298683002 
-0.6208177516759259 -0.970386298683002 
-0.6074663709930894 -0.9725969085859196 
-0.5650382096671698 -0.9816522762951334 
-0.5581161145103294 -0.982992190959224 
-0.5581161145103294 -0.982992190959224 
-0.5581161145103294 -0.982992190959224 
-0.5650382096671698 -0.9816522762951334 
-0.5650382096671698 -0.9816522762951334 
-0.5581161145103294 -0.982992190959224 
-0.5650382096671698 -0.9816522762951334 
-0.5581161145103294 -0.982992190959224 
-0.5581161145103294 -0.982992190959224 
-0.5001086248440816 -0.9909079016221873 
-0.5650382096671698 -0.9816522762951334 
-0.5001086248440816 -0.9909079016221873 
-0.5001086248440816 -0.9909079016221873 
-0.5650382096671698 -0.9816522762951334 
-0.5000488543689853 -0.9915589904600893 
-0.5000488543689853 -0.9915589904600893 
-0.5001086248440816 -0.9909079016221873 
-0.5000488543689853 -0.9915589904600893 
-0.5000488543689853 -0.9915589904600893 
-0.5000488543689853 -0.9915589904600893 
-0.5001086248440816 -0.9909079016221873 
-0.0 -1.0 
-0.0 -1.0 
-0.0 -1.0 
-0.0 -1.0 
-0.0 -1.0 
-0.0 -1.0 
