-0.675680135216122 -0.9090335946105174 
-0.7119035343545801 -0.8398016818346488 
-0.6851424735286561 -0.8817799416700518 
-0.7491966989681834 -0.7907592407592405 
-0.675680135216122 -0.9090335946105174 
-0.7513621277650855 -0.78992559638164 
-0.7297749104162429 -0.8267669601460805 
-0.6851424735286561 -0.8817799416700518 
-0.6851424735286561 -0.8817799416700518 
-0.652791728393491 -0.9412618059596082 
-0.7447094151065248 -0.8037516055373193 
-0.6851424735286561 -0.8817799416700518 
-0.7119035343545801 -0.8398016818346488 
-0.7297749104162429 -0.8267669601460805 
-0.675680135216122 -0.9090335946105174 
-0.7491966989681834 -0.7907592407592405 
-0.6208177516759259 -0.970386298683002 
-0.7575745502925596 -0.7744294167371086 
-0.675680135216122 -0.9090335946105174 
-0.7324385586131339 -0.8125839819521137 
-0.7491966989681834 -0.7907592407592405 
-0.7324385586131339 -0.8125839819521137 
-0.7182631822368314 -0.838776333556553 
-0.7706619355267307 -0.762451102011541 
-0.7182631822368314 -0.838776333556553 
-0.7182631822368314 -0.838776333556553 
-0.701419118788297 -0.8706134524815846 
-0.7706619355267307 -0.762451102011541 
-0.7706619355267307 -0.762451102011541 
-0.7575745502925596 -0.7744294167371086 
-0.7706619355267307 -0.762451102011541 
-0.7575745502925596 -0.7744294167371086 
-0.701419118788297 -0.8706134524815846 
-0.7575745502925596 -0.7744294167371086 
-0.7050540637197311 -0.8588509475872118 
-0.7050540637197311 -0.8588509475872118 
-0.701419118788297 -0.8706134524815846 
-0.7050540637197311 -0.8588509475872118 
-0.7399948010633891 -0.80458524991492 
-0.7399948010633891 -0.80458524991492 
-0.7399948010633891 -0.80458524991492 
-0.659133480046852 -0.9160301694642353 
-0.659133480046852 -0.9160301694642353 
-0.659133480046852 -0.9160301694642353 
-0.715139904330141 -0.8395444299290451 
-0.659133480046852 -0.9160301694642353 
-0.715139904330141 -0.8395444299290451 
-0.715139904330141 -0.8395444299290451 
-0.7242019356143219 -0.8275350565185726 
-0.7242019356143219 -0.8275350565185726 
-0.7242019356143219 -0.8275350565185726 
-0.652791728393491 -0.9412618059596082 
-0.639597377278284 -0.9496557128768668 
-0.639597377278284 -0.9496557128768668 
-0.652791728393491 -0.9412618059596082 
-0.652791728393491 -0.9412618059596082 
-0.6208177516759259 -0.970386298683002 
-0.639597377278284 -0.9496557128768668 
-0.6208177516759259 -0.970386298683002 
-0.6208177516759259 -0.970386298683002 
-0.6265943089513741 -0.9530093176323784 
-0.6074663709930894 -0.9725969085859196 
-0.6265943089513741 -0.9530093176323784 
-0.6074663709930894 -0.9725969085859196 
-0.6074663709930894 -0.9725969085859196 
-0.5967829151850388 -0.9744997333252827 
-0.6265943089513741 -0.9530093176323784 
-0.5967829151850388 -0.9744997333252827 
-0.5967829151850388 -0.9744997333252827 
-0.5880356792451895 -0.9761549812232585 
-0.5880356792451895 -0.9761549812232585 
-0.5581161145103294 -0.982992190959224 
-0.5650382096671698 -0.9816522762951334 
-0.5581161145103294 -0.982992190959224 
-0.5650382096671698 -0.9816522762951334 
-0.5650382096671698 -0.9816522762951334 
-0.5581161145103294 -0.982992190959224 
-0.552540283967241 -0.9841493328100471 
-0.5880356792451895 -0.9761549812232585 
-0.552540283967241 -0.9841493328100471 
-0.552540283967241 -0.9841493328100471 
-0.547947494835577 -0.9851587750484809 
-0.547947494835577 -0.9851587750484809 
-0.547947494835577 -0.9851587750484809 
-0.5000488543689853 -0.9915589904600893 
-0.5000488543689853 -0.9915589904600893 
-0.5000101738715135 -0.9926160848954967 
-0.5000101738715135 -0.9926160848954967 
-0.5000222005154896 -0.9921229068550497 
-0.5000101738715135 -0.9926160848954967 
-0.5000222005154896 -0.9921229068550497 
-0.5001086248440816 -0.9909079016221873 
-0.5000488543689853 -0.9915589904600893 
-0.5001086248440816 -0.9909079016221873 
-0.5000222005154896 -0.9921229068550497 
-0.5001086248440816 -0.9909079016221873 
-0.0 -1.0 
-0.0 -1.0 
-0.0 -1.0 
-0.0 -1.0 
