0.811488195675877
0.813730972475887
0.813730972475887
0.8433274826445498
0.8437089612489649
0.813730972475887
0.834465259015908
0.810106894211201
0.8492449321935277
0.8388852044502108
0.813730972475887
0.7935396824039467
0.813730972475887
0.813730972475887
0.8433693076122318
0.813730972475887
0.8262994474756999
0.813730972475887
0.8567345155696491
0.8358380839389953
0.813730972475887
0.8524195867615422
0.8282461236274707
0.813730972475887
0.8223111188519531
0.7935396824039467
0.8293788955805036
0.813730972475887
0.813730972475887
0.813730972475887
