0.0012484191270879703
0.0014770987321409816
0.0014770987321409816
4.3989209613411173E-4
5.708182845102554E-4
0.0014770997714235168
4.974180682723405E-4
0.0014807512021652643
4.0783731417904593E-4
6.428198280899173E-4
0.0014770995278417364
0.0015432837216769362
0.0014770994369831922
0.0014770987321409816
5.537470216961757E-4
0.0014770987321409816
4.680036933874579E-4
0.0014770987321409816
2.6882537870184467E-4
6.480402276602376E-4
0.0014770987321409816
3.27568603022817E-4
5.869459696014173E-4
0.0014770987321409816
7.237727284718268E-4
0.0015432837216769362
3.436821016545058E-4
0.0014770987321409816
0.0014770987321409816
0.0014770987321409816
