0.6228062193195706
0.6186502227987208
0.6181053563915214
0.6199002104387671
0.6175441136900701
0.5767021240834808
0.5714391269672757
0.5551262000885158
0.6239132199149259
0.6199002104387671
0.6251632075549721
0.6199002104387671
0.6228062193195706
0.5767021240834808
0.5714391269672757
0.6089227124626287
0.6251632075549721
0.6215467903228736
0.6251632075549721
0.6162941260500239
0.6175441136900701
0.6251632075549721
0.6239132199149259
0.5767021240834808
0.6251632075549721
0.6094675788698282
0.5767021240834808
0.6251632075549721
0.6251632075549721
0.6228062193195706
