300 126 195 105 85 97 239 114 19 125 104 55 611 134 544 372 297 556 558 100 646 
300 327 105 239 104 195 298 114 55 125 134 544 372 297 594 99 556 558 559 85 646 
599 467 97 239 37 629 100 631 256 158 379 354 594 598 125 107 164 588 536 587 662 
261 327 239 195 85 114 113 19 544 125 134 379 558 110 97 594 99 556 559 372 646 
300 327 239 114 195 134 85 110 97 99 372 297 556 558 299 19 594 289 511 427 646 
261 327 239 195 85 114 113 19 125 134 544 379 110 97 594 99 556 558 559 372 646 
8 636 105 513 195 134 479 85 100 19 183 546 225 97 594 484 517 99 556 558 646 
8 636 195 419 24 102 134 163 100 19 485 105 85 379 513 297 556 558 594 289 646 
300 327 195 105 85 97 239 19 125 114 134 379 558 100 393 630 594 556 529 113 646 
578 327 239 195 134 479 85 208 379 513 485 546 511 225 97 594 99 556 558 71 646 
137 58 97 332 37 629 100 112 642 158 379 354 594 598 125 107 164 588 114 113 662 
300 327 105 239 104 195 85 114 55 611 134 544 372 297 556 558 100 19 594 379 646 
300 327 105 239 195 134 479 85 100 19 569 546 225 97 594 99 556 558 559 114 646 
114 467 97 239 37 629 100 631 587 8 158 598 379 354 594 195 125 194 433 390 650 
578 327 239 195 134 479 85 379 513 546 485 309 97 594 100 19 511 99 556 558 646 
8 636 105 513 195 134 479 85 100 19 183 546 225 97 594 484 517 99 556 558 646 
23 1 21 24 27 561 94 298 241 347 184 46 531 93 70 35 56 98 230 551 652 
300 327 105 239 104 195 298 114 55 125 134 544 372 297 594 99 556 558 559 100 646 
578 327 239 195 134 479 85 100 379 513 485 546 511 225 97 594 99 556 558 71 646 
300 327 239 114 195 134 85 110 99 372 297 556 125 130 97 594 379 558 100 19 289 646 
300 327 105 239 104 195 298 114 55 125 134 544 372 297 594 99 556 558 559 100 646 
137 97 58 114 113 85 100 594 317 489 9 3 354 77 407 158 598 125 107 164 662 
248 636 195 105 85 114 113 19 125 134 379 479 225 97 485 513 546 594 99 556 558 646 
8 636 105 513 195 134 479 85 100 224 546 225 97 484 485 594 99 517 556 558 646 
23 1 21 24 27 561 94 298 414 347 472 46 531 93 70 35 56 98 230 599 652 
599 467 97 239 37 629 100 631 8 158 379 354 594 598 125 107 536 588 565 195 662 
578 327 239 195 134 479 85 100 379 513 19 546 485 225 97 594 99 556 558 581 646 
23 1 561 21 348 414 467 14 46 531 70 93 10 25 98 614 66 230 551 465 652 
300 327 105 513 195 134 479 85 485 546 225 97 594 239 100 517 99 556 558 559 646 
300 327 239 114 195 479 85 19 125 134 544 379 558 154 97 594 100 393 343 556 529 646 
137 97 58 332 37 629 100 631 8 158 178 354 642 379 594 598 593 472 164 588 662 
23 1 21 24 27 561 94 298 414 347 472 46 531 93 70 35 56 98 230 551 652 
300 327 105 513 195 134 479 85 485 546 225 97 594 239 100 517 99 556 558 559 646 
8 636 195 105 85 379 134 479 225 97 485 513 546 594 99 556 558 387 100 544 646 
300 327 239 114 195 134 196 289 85 19 97 594 125 379 558 100 99 372 556 511 646 
599 467 97 239 37 629 100 631 8 158 379 354 594 598 125 107 536 588 587 195 662 
261 327 239 195 85 114 113 19 125 134 544 379 110 97 594 99 556 558 559 372 646 
300 327 105 239 104 195 85 114 55 125 134 544 372 297 556 558 100 19 594 379 646 
137 97 58 332 37 629 100 631 642 158 379 354 594 598 125 472 164 8 588 114 662 
137 97 58 114 113 85 100 594 317 489 9 3 354 77 407 158 598 125 107 164 662 
300 327 105 513 195 134 198 85 485 546 225 97 594 239 100 517 99 556 558 559 646 
114 467 97 332 37 629 100 631 8 158 379 354 594 598 9 125 107 164 397 588 662 
137 97 58 332 37 629 100 631 642 158 379 354 594 598 125 472 164 8 588 114 662 
114 467 97 332 37 85 9 3 317 158 547 354 594 598 125 107 164 77 629 100 662 
8 636 195 419 24 102 105 85 379 513 134 546 225 118 594 99 556 558 125 479 646 
300 327 239 195 85 114 113 125 134 544 372 297 556 558 100 19 594 379 254 97 646 
300 327 105 513 195 134 479 85 485 546 225 97 594 239 100 517 99 556 558 559 646 
137 58 97 332 37 629 100 631 642 158 379 354 594 598 125 107 164 588 114 113 662 
23 1 21 24 27 561 94 298 414 347 184 46 531 93 70 35 56 98 230 551 652 
300 327 239 195 85 114 113 125 134 544 372 297 556 558 100 19 594 379 254 97 646 
300 327 239 114 195 479 85 19 125 134 544 379 558 154 97 594 100 393 113 556 529 646 
8 636 105 513 195 134 479 85 100 19 485 546 225 97 594 484 517 99 556 558 646 
300 327 239 114 195 479 85 19 125 134 544 379 558 100 393 343 154 97 594 556 646 
137 97 58 114 113 85 100 594 317 489 9 3 354 77 407 158 598 125 107 164 662 
300 327 239 114 195 479 85 19 125 134 544 379 558 154 97 594 100 393 343 556 529 646 
23 1 248 24 27 561 21 298 414 498 93 70 25 35 149 14 46 531 98 614 652 
300 327 239 114 195 479 85 19 125 134 544 379 558 154 97 594 100 393 343 556 529 646 
599 467 97 239 37 629 100 631 8 158 379 354 594 598 125 107 536 588 587 195 662 
23 1 561 21 35 56 98 298 414 347 14 46 531 93 70 230 551 66 465 603 652 
300 327 239 114 195 134 85 110 97 289 594 99 372 556 558 100 19 511 427 559 646 
114 467 314 239 37 629 100 631 587 8 158 598 379 354 594 195 125 194 433 390 650 
300 327 195 105 85 97 239 114 19 125 134 379 558 100 393 343 594 556 529 113 646 
23 1 21 24 27 561 94 298 414 347 14 46 531 93 70 35 56 98 230 551 652 
300 327 239 114 195 134 85 110 97 99 113 19 125 544 379 558 594 372 289 556 646 
300 327 239 114 195 134 85 110 97 99 372 297 556 558 100 19 511 343 594 427 646 
300 327 239 114 195 134 85 110 97 594 125 372 289 556 379 558 100 329 581 99 646 
300 327 239 114 195 134 85 110 97 99 372 297 556 558 100 19 594 289 511 427 646 
23 1 21 24 27 561 94 298 414 347 14 46 531 93 70 35 56 98 230 551 652 
8 636 195 419 24 102 105 85 379 513 134 479 485 546 225 97 594 99 556 558 646 
114 467 97 332 37 629 100 631 8 158 178 354 594 99 598 125 107 164 397 588 662 
8 636 105 513 195 134 479 85 100 19 485 546 225 97 594 484 517 99 556 558 646 
300 327 239 195 85 114 113 19 125 134 544 379 558 110 97 594 99 372 289 556 100 646 
114 467 97 239 37 629 100 631 8 158 547 354 594 598 125 107 164 588 587 195 662 
23 1 21 24 27 561 94 298 414 347 14 46 531 93 70 35 56 98 230 551 652 
23 1 21 24 27 561 94 298 414 347 14 46 531 93 70 35 56 98 230 551 652 
300 327 195 105 85 97 239 114 19 125 134 379 558 100 393 343 594 556 529 113 646 
23 1 21 24 27 561 94 298 414 347 472 46 531 93 70 35 56 98 230 551 652 
300 327 239 114 195 134 85 110 97 99 372 297 556 558 100 19 511 343 594 427 646 
300 327 239 114 195 134 85 110 329 581 97 594 99 556 372 558 100 289 19 511 646 
300 327 239 114 195 134 85 110 97 594 125 372 289 556 379 558 100 19 511 427 646 
137 97 58 114 113 85 100 594 317 489 9 3 354 77 407 158 598 125 107 164 662 
300 327 239 114 195 134 479 85 19 110 97 594 125 379 558 100 393 343 556 529 646 
114 467 97 332 37 629 100 631 8 158 178 354 594 99 598 125 107 164 397 588 662 
114 467 97 332 37 629 100 631 8 158 379 354 594 99 598 125 107 164 397 588 662 
23 1 561 21 348 414 467 14 46 531 70 93 10 25 98 614 66 230 551 465 652 
300 327 239 195 85 114 113 19 125 134 544 379 558 110 97 594 99 372 289 556 100 646 
300 327 239 114 195 134 85 110 97 594 99 372 289 556 558 100 19 511 427 559 646 
300 327 239 195 85 114 113 19 125 134 544 379 558 110 97 594 99 372 289 556 100 646 
300 327 195 105 85 97 239 114 19 125 134 379 558 100 393 343 594 556 529 113 646 
114 467 97 332 37 629 100 631 8 158 379 354 594 598 125 107 164 588 587 195 662 
300 327 239 114 195 134 85 110 97 594 99 372 289 556 558 100 19 511 427 559 646 
23 1 561 21 348 414 467 14 46 531 70 93 10 25 98 614 66 230 551 465 652 
300 327 195 97 105 85 239 114 113 19 125 134 544 379 558 100 393 343 594 556 646 
300 327 239 114 195 134 85 110 97 594 99 556 372 558 100 289 19 511 427 559 646 
114 467 97 239 37 629 100 631 8 158 547 354 594 598 125 107 164 588 587 195 662 
114 467 97 239 85 629 100 631 587 8 158 598 379 354 594 195 125 194 433 390 650 
114 467 97 239 37 629 100 631 8 158 379 354 594 598 125 107 164 588 587 195 662 
114 467 97 239 37 629 100 631 8 158 379 354 594 598 125 107 164 588 587 195 662 
114 467 97 239 37 629 100 631 587 8 158 598 379 354 594 195 125 194 433 390 650 
114 467 97 239 85 629 100 631 587 8 158 598 379 354 594 195 125 194 433 390 650 
