59 313 278 202 383 545 455 87 245 547 533 552 472 369 501 194 137 49 439 183 645 
1 24 45 13 33 6 28 25 66 60 67 65 36 526 76 98 77 465 533 549 673 
59 313 278 202 383 545 455 87 245 547 533 552 472 369 501 194 137 49 439 183 645 
1 24 45 13 33 6 28 25 66 60 67 65 36 526 76 98 77 465 533 549 673 
59 313 278 202 342 545 455 87 245 547 533 383 552 285 369 501 194 439 183 104 645 
1 24 45 13 33 6 25 66 28 60 65 76 77 232 101 104 98 465 533 549 673 
1 106 45 13 33 6 28 25 66 60 67 65 36 526 76 98 77 465 533 549 673 
23 24 45 13 6 25 60 28 116 66 76 232 65 77 311 102 83 101 298 549 673 
1 24 45 88 23 33 6 25 66 28 76 232 65 77 311 102 83 101 493 57 673 
2 24 45 6 13 25 60 66 28 246 76 232 65 116 77 311 102 83 101 493 673 
23 24 45 6 13 60 28 327 66 76 232 65 116 77 478 102 83 101 493 464 673 
1 24 45 13 33 6 28 25 66 60 67 65 36 104 76 74 77 465 533 549 673 
1 24 45 6 23 598 60 66 28 65 116 308 76 232 77 311 102 83 101 493 644 
85 392 3 13 6 456 87 66 28 278 245 547 62 611 552 7 57 104 77 642 646 
1 24 45 13 33 6 25 28 66 60 67 65 36 104 76 74 495 465 533 549 673 
1 24 45 13 33 6 28 25 66 60 67 65 36 104 76 74 77 465 533 549 673 
1 24 45 88 23 33 6 25 66 28 57 232 60 526 76 77 65 101 252 549 673 
1 24 45 13 33 6 212 66 28 60 65 76 77 232 101 104 616 465 533 549 673 
23 24 45 6 13 43 28 116 66 60 65 76 232 77 311 102 83 101 493 464 644 
1 24 45 88 23 33 6 25 66 28 76 232 57 60 526 77 65 101 161 549 673 
1 24 45 13 33 6 25 66 28 60 65 76 77 232 101 104 616 465 533 549 673 
23 24 45 6 13 60 28 116 327 66 76 232 65 77 311 102 83 101 493 464 673 
1 24 45 13 33 6 25 28 66 60 67 65 36 104 76 74 495 465 533 549 673 
515 217 3 13 6 375 66 7 43 28 57 232 150 526 76 510 445 77 80 309 644 
1 24 45 13 33 6 28 25 66 116 65 76 77 232 101 104 55 465 533 549 673 
1 24 45 13 23 33 6 25 66 336 57 186 65 311 76 77 101 104 466 493 673 
1 24 45 13 33 6 25 66 28 60 65 76 77 232 101 104 98 465 533 549 673 
23 24 45 13 33 6 25 66 28 60 65 76 77 232 101 104 186 311 466 493 673 
85 529 3 13 6 392 456 87 278 245 547 7 80 62 348 552 57 104 342 642 646 
1 24 45 13 33 6 25 28 66 60 67 65 36 104 76 98 77 465 533 549 673 
1 24 45 13 33 633 25 28 66 60 67 65 36 520 76 98 77 465 533 549 673 
2 70 45 299 375 116 6 25 66 28 65 76 77 169 57 501 232 211 101 493 644 
59 313 278 202 383 545 455 87 245 547 533 552 285 369 501 194 439 183 104 286 645 
2 70 45 299 375 6 186 190 66 116 65 76 77 232 101 280 245 104 342 493 644 
59 313 278 202 342 545 455 87 245 547 533 383 552 285 369 501 194 439 183 104 645 
23 24 45 13 33 6 25 66 28 60 65 76 77 232 101 104 186 311 466 493 673 
2 4 45 6 13 375 25 66 28 60 232 65 116 299 43 510 137 76 77 104 644 
2 4 45 6 375 299 25 66 116 43 510 28 137 76 65 77 232 104 193 342 644 
23 24 45 13 6 25 60 66 76 28 232 65 116 77 311 102 83 447 298 549 673 
2 70 45 299 375 6 25 66 28 116 65 76 77 232 193 104 342 101 493 464 644 
23 24 45 6 13 60 43 28 66 76 232 65 116 77 311 101 102 569 493 464 644 
85 529 3 13 6 456 87 278 245 547 533 611 104 552 7 49 369 567 558 172 646 
2 70 45 299 375 116 6 25 66 28 65 76 77 169 57 68 342 101 493 464 644 
1 24 45 13 33 633 25 28 66 60 67 65 36 104 76 98 77 465 533 549 673 
23 24 45 6 13 60 334 116 327 66 76 232 65 77 311 102 83 101 493 464 644 
1 24 45 6 23 598 60 66 28 65 116 43 76 232 77 311 102 83 101 493 644 
1 24 45 13 23 33 6 25 66 28 60 186 65 311 76 77 101 104 466 493 673 
23 24 45 6 13 232 25 60 298 66 76 77 65 101 252 626 104 466 493 465 673 
85 529 3 13 106 456 87 32 245 547 533 552 472 357 104 7 80 309 141 642 646 
23 24 45 6 609 60 43 28 66 76 232 65 116 77 311 101 102 569 493 464 644 
2 70 45 299 375 6 542 25 66 116 65 76 77 169 57 68 342 101 493 464 644 
8 217 3 13 6 456 49 278 245 369 183 232 104 285 7 511 567 640 80 318 646 
421 313 459 588 245 181 43 66 611 501 449 340 472 369 7 49 104 342 567 558 645 
2 70 45 6 375 299 25 66 76 116 77 57 28 65 501 232 342 101 493 464 644 
2 298 45 6 375 299 25 66 28 60 232 65 116 76 77 101 169 104 342 493 644 
2 24 45 6 13 60 246 28 66 76 232 65 116 77 311 102 83 101 493 239 644 
2 291 45 6 375 299 25 66 287 547 7 116 77 65 342 232 104 101 105 493 644 
23 24 45 13 232 6 25 60 66 76 298 77 65 394 311 102 43 83 101 549 644 
85 320 3 13 6 28 375 399 60 490 7 32 332 80 625 398 287 519 77 123 646 
59 313 278 202 383 545 455 558 245 547 533 552 49 369 638 194 439 183 104 286 645 
23 24 45 13 6 25 60 66 76 28 232 65 116 77 311 102 83 447 5 549 673 
2 70 45 299 375 6 25 66 76 28 232 65 237 116 77 311 101 102 565 493 644 
2 70 45 299 375 6 186 25 66 116 65 76 54 245 232 104 342 77 101 493 644 
59 313 278 202 383 545 455 87 245 547 533 552 285 369 501 194 439 183 104 286 645 
23 24 45 13 6 25 60 28 116 66 76 232 65 77 311 102 83 101 298 549 644 
2 70 45 299 375 6 28 25 66 116 65 76 77 169 57 104 342 101 493 464 644 
1 106 45 13 33 6 28 25 66 60 67 65 36 526 76 98 77 465 533 549 673 
421 313 85 598 588 456 87 369 11 629 533 104 286 383 79 7 49 609 567 558 645 
85 529 3 576 6 456 87 278 245 547 7 80 625 398 287 32 533 611 104 552 646 
85 392 3 13 6 456 87 278 245 547 62 611 552 7 57 104 342 642 369 395 646 
421 185 460 3 383 545 558 87 621 369 183 232 104 575 7 511 567 640 80 625 646 
23 24 45 13 232 6 25 60 66 76 298 77 65 252 311 102 43 83 101 549 673 
2 4 45 6 375 299 25 66 43 76 232 65 116 77 311 101 510 102 28 622 644 
1 24 45 88 23 33 6 25 66 28 76 232 65 77 311 102 83 101 493 57 673 
2 291 287 116 375 6 25 66 70 45 299 77 65 101 256 342 232 104 493 155 644 
421 313 278 202 87 547 460 245 533 49 369 501 232 552 143 589 567 640 104 558 645 
85 529 3 13 6 456 87 608 245 547 533 611 104 552 7 80 309 141 642 369 646 
59 313 278 202 383 545 455 558 245 547 533 552 49 369 501 599 439 183 104 286 645 
421 313 490 43 588 456 87 383 6 460 228 91 533 104 545 558 137 49 369 11 645 
85 529 3 13 106 456 87 608 245 547 533 552 472 357 104 7 80 309 141 642 646 
85 529 3 13 6 456 87 278 245 547 533 611 104 552 7 642 369 384 558 172 646 
85 392 3 13 6 456 87 278 245 547 7 80 62 348 552 57 104 342 642 369 646 
1 24 45 13 33 6 25 66 28 60 65 76 77 232 101 104 498 465 533 549 673 
2 70 45 6 264 299 25 66 542 116 65 76 77 169 57 68 83 101 342 493 644 
2 190 45 6 375 299 25 66 116 65 76 169 77 232 104 342 101 28 493 155 644 
2 70 45 299 375 6 542 25 66 116 65 76 77 169 57 102 83 101 493 68 644 
85 392 3 13 6 456 87 278 245 547 62 611 552 7 57 104 342 642 369 395 646 
515 217 3 13 6 375 66 7 43 28 57 232 60 526 76 510 445 77 80 309 644 
421 313 459 588 245 181 43 66 611 501 449 552 7 49 369 104 342 567 558 60 645 
421 313 459 588 245 181 43 66 611 501 449 552 7 49 369 104 342 567 558 60 645 
421 313 278 202 87 547 460 245 533 49 369 501 232 552 143 589 567 640 104 558 645 
2 70 45 299 375 6 542 25 66 116 65 76 77 169 57 102 83 101 493 68 644 
2 4 45 6 375 299 25 66 43 76 232 65 116 77 311 101 510 102 28 622 644 
421 313 85 598 588 456 87 266 11 629 533 104 286 383 79 7 49 609 567 558 645 
2 70 45 299 375 6 542 25 66 116 65 76 77 169 57 68 83 101 342 493 644 
23 24 45 13 232 6 25 60 66 76 298 77 65 394 311 102 43 83 101 549 644 
421 313 490 43 588 456 87 383 6 460 228 91 533 104 545 558 137 49 369 11 645 
2 24 45 6 13 60 43 28 66 76 232 65 116 77 311 102 83 101 493 239 644 
85 529 3 13 106 6 456 87 278 245 547 533 611 104 552 7 642 369 384 558 646 
515 217 3 13 6 375 66 7 43 28 57 232 60 526 76 510 445 77 80 309 644 
