10 81 583 567 17 100 54 58 1 90 640 25 98 28 542 94 522 464 559 36 647 
459 168 320 375 83 466 607 68 462 350 494 247 70 643 102 101 578 343 196 358 676 
70 225 631 14 67 472 485 31 542 266 80 37 100 96 82 261 75 101 50 535 676 
453 152 643 245 631 108 87 237 518 304 332 357 458 138 484 164 173 311 82 50 8 670 
41 454 643 42 170 637 204 294 474 369 407 409 197 173 512 606 137 113 8 139 674 
60 20 23 2 48 72 200 7 238 17 371 377 113 146 489 101 502 600 522 428 647 
643 185 612 636 183 496 403 127 190 131 300 476 242 494 639 40 590 474 9 130 15 658 
256 415 447 432 350 17 628 217 392 136 587 642 10 348 353 279 643 596 582 12 28 586 671 
442 315 120 309 214 472 204 265 96 149 396 322 74 97 164 340 628 219 226 14 676 
96 446 437 500 60 24 361 83 273 460 191 6 321 488 223 536 371 390 242 10 676 
193 519 604 258 153 434 42 7 358 643 459 368 205 539 299 55 257 11 311 261 668 
74 87 110 127 150 3 129 228 266 389 70 137 6 352 131 37 612 624 206 540 676 
643 226 312 582 115 206 164 423 200 340 5 518 19 109 323 318 596 221 105 126 85 663 
20 309 643 569 270 25 362 360 398 180 345 211 227 201 212 29 84 27 44 493 652 
643 316 100 185 567 242 418 225 10 275 484 353 607 591 203 587 224 529 155 588 662 
88 643 589 454 81 498 137 128 514 314 168 176 232 377 508 161 159 221 132 199 669 
111 293 501 337 125 561 65 62 66 513 116 367 310 179 151 2 208 253 141 144 165 676 
213 186 47 83 538 35 643 268 40 495 4 453 91 231 350 526 627 114 139 355 676 
643 197 187 91 375 2 526 237 83 6 156 80 148 575 81 521 544 191 572 507 676 
436 143 375 380 383 439 38 453 319 34 563 428 347 194 329 352 454 20 56 10 557 676 
138 68 314 383 119 64 620 390 77 472 431 559 199 110 4 75 101 432 528 275 676 
183 385 431 205 114 233 149 285 217 324 643 482 373 130 389 477 499 411 222 163 670 
127 9 52 69 4 34 219 8 556 244 517 334 514 439 444 392 355 68 347 199 676 
540 72 45 54 514 226 643 33 50 83 202 62 321 248 18 185 497 396 468 77 676 
102 404 606 501 108 370 461 222 643 332 45 369 591 132 397 4 430 588 60 406 671 
199 323 123 546 611 45 105 146 159 247 17 96 172 152 77 308 20 390 24 53 644 
108 4 57 84 77 303 219 520 14 146 367 584 431 199 137 111 475 308 615 626 676 
296 4 643 256 527 125 227 58 7 8 414 562 442 359 630 314 321 332 375 58 676 
187 217 613 211 292 160 35 82 315 37 579 53 525 424 61 178 197 548 117 627 676 
188 7 117 368 529 352 81 240 18 57 14 229 196 281 598 483 234 237 317 120 676 
