217 1 21 36 90 68 65 334 67 463 544 77 82 93 102 74 464 61 519 627 644 
148 430 335 59 440 88 305 413 636 621 448 178 106 638 194 185 361 183 609 544 654 
148 430 335 59 440 88 305 413 636 621 448 178 106 638 194 185 361 183 609 544 654 
3 148 45 330 395 20 24 13 67 569 77 82 544 102 76 74 402 93 90 464 644 
217 353 21 62 153 544 249 36 339 68 65 334 67 113 77 82 93 102 74 464 644 
148 430 335 59 239 88 305 413 636 621 448 178 106 638 194 185 361 183 609 544 654 
3 148 45 24 214 544 12 66 76 20 67 68 569 77 82 102 93 558 211 617 644 
3 148 45 330 395 20 24 13 67 569 621 82 544 102 76 74 402 93 90 464 644 
217 1 21 36 90 68 65 334 67 113 544 77 82 93 141 74 464 61 519 627 644 
217 353 21 36 339 68 65 334 67 113 544 77 82 93 102 74 464 61 519 627 644 
217 1 21 36 268 68 65 334 67 113 544 77 70 93 102 74 464 61 519 627 644 
217 124 21 36 339 68 65 530 67 113 544 77 90 82 386 201 93 102 74 464 644 
217 1 21 101 110 68 65 334 67 113 544 77 82 93 102 74 464 61 519 627 644 
148 367 433 440 217 88 305 413 636 621 448 178 106 638 194 185 361 183 370 609 654 
217 1 114 36 90 68 65 12 67 38 544 77 82 93 102 74 464 61 519 627 644 
162 1 201 36 197 199 65 291 67 149 77 82 544 543 289 74 464 487 463 627 644 
217 1 21 36 339 68 65 334 67 113 544 459 82 93 102 74 464 61 519 627 644 
217 353 21 36 339 68 65 306 67 113 544 77 82 93 102 74 464 61 519 627 644 
3 62 45 265 214 544 12 66 76 65 67 68 569 77 82 608 138 558 211 617 644 
3 148 45 430 440 85 621 50 183 569 571 77 340 361 386 370 173 307 299 249 654 
217 1 21 158 90 68 65 334 67 113 544 77 82 93 102 74 464 624 519 627 644 
162 1 201 36 197 199 65 291 67 149 77 82 544 543 93 74 464 487 463 627 644 
148 367 433 440 217 88 305 413 636 621 370 173 307 386 201 299 448 364 41 638 654 
217 1 21 158 90 68 65 334 67 113 544 77 82 93 102 74 464 61 519 627 644 
148 367 433 217 440 249 88 305 413 636 621 448 364 100 638 194 185 361 183 370 654 
3 148 45 330 395 20 24 277 67 569 77 82 544 102 76 74 402 93 90 464 644 
3 62 559 265 214 544 12 60 76 147 441 67 569 77 82 423 138 281 211 617 644 
3 148 45 62 153 544 249 556 569 194 571 210 340 11 386 442 82 196 452 370 654 
3 148 45 62 153 544 249 556 569 194 571 77 340 11 386 442 82 196 452 370 654 
3 62 45 265 214 544 12 66 76 147 65 67 569 77 82 423 138 557 211 617 644 
3 148 45 62 153 544 249 556 569 194 571 77 340 361 386 442 151 324 452 370 654 
3 148 45 24 214 544 12 66 76 20 67 68 569 77 82 93 558 102 471 211 644 
3 62 45 265 214 544 12 66 76 67 68 569 81 77 82 102 138 558 211 617 644 
3 62 45 265 412 544 12 60 76 147 441 67 569 77 82 423 138 281 211 617 644 
3 62 45 265 214 544 12 66 76 67 68 569 65 77 82 102 138 558 211 617 644 
206 148 45 24 214 544 12 66 76 20 67 68 569 77 82 102 93 558 211 617 644 
217 1 21 36 90 68 65 334 67 113 544 77 82 93 102 74 464 61 519 627 644 
3 148 45 430 440 85 74 50 183 569 370 173 307 386 299 251 366 367 543 82 654 
3 62 45 265 214 544 12 66 76 569 514 147 51 77 82 102 457 558 211 617 644 
367 59 440 609 538 85 457 148 71 194 370 173 307 569 386 299 251 636 315 217 654 
3 430 440 45 366 361 74 249 556 77 436 370 561 386 201 17 569 617 623 82 654 
148 367 433 440 217 88 305 413 636 621 448 364 106 370 173 307 386 201 299 638 654 
3 62 153 45 544 361 118 622 77 580 76 370 34 386 201 17 569 617 623 74 654 
217 40 21 36 339 68 65 530 67 113 544 77 90 82 386 334 93 102 74 464 644 
3 62 153 45 544 74 556 569 249 77 37 370 34 361 386 201 17 617 623 85 654 
3 62 45 265 214 544 12 66 76 67 68 569 433 77 82 102 371 558 211 617 644 
217 1 21 36 339 68 65 334 67 113 544 77 82 93 102 305 464 61 519 627 644 
3 62 45 261 407 544 12 66 76 569 67 147 51 77 82 102 457 558 211 617 644 
162 1 201 36 197 199 65 291 67 149 77 82 544 40 93 74 464 307 463 627 644 
148 367 433 440 217 88 305 363 214 395 609 209 315 308 366 370 390 364 386 173 654 
3 62 45 265 214 544 12 66 76 569 67 147 65 77 82 102 93 558 211 617 644 
367 59 440 609 538 85 457 148 71 194 173 307 127 386 366 370 299 251 636 315 654 
3 62 45 265 214 544 12 66 76 147 441 67 569 77 82 423 138 281 211 617 644 
217 124 21 36 339 68 65 334 67 113 544 77 90 82 93 102 74 464 308 519 644 
3 371 45 24 214 544 12 66 76 20 67 68 569 77 82 102 109 558 211 617 644 
3 148 45 62 153 544 249 556 569 194 571 77 340 361 386 442 82 324 452 370 654 
3 62 45 361 153 544 249 556 569 77 74 580 370 34 386 201 17 617 623 85 654 
367 59 363 440 217 209 315 214 544 308 386 593 364 173 134 243 366 370 74 299 654 
148 367 433 440 217 88 305 363 214 395 609 209 315 308 366 370 390 364 386 173 654 
99 1 21 101 110 68 65 334 67 113 544 77 82 93 102 74 464 61 519 627 644 
3 62 45 265 214 79 66 76 67 113 544 569 65 77 82 102 93 558 211 617 644 
3 62 45 265 214 12 66 76 569 67 544 77 147 643 82 102 93 558 211 617 644 
3 62 45 265 214 12 66 76 621 113 544 65 67 77 82 122 93 558 211 617 644 
217 1 21 36 268 68 65 334 67 113 544 77 70 93 102 74 464 61 519 627 644 
363 59 440 217 214 209 315 308 386 593 364 173 134 243 366 370 74 367 299 87 654 
194 148 45 59 440 217 405 391 315 308 364 173 307 386 299 593 251 366 370 367 654 
3 62 45 265 214 544 12 66 76 569 65 67 77 82 122 93 330 211 617 147 644 
3 62 45 265 407 544 12 66 76 569 147 67 77 82 51 102 457 37 211 617 644 
217 1 21 36 268 68 65 334 67 113 637 77 82 93 102 74 464 61 519 627 644 
217 1 21 3 90 68 65 334 67 113 544 77 82 93 102 74 464 61 519 627 644 
3 148 45 430 440 85 74 50 183 569 571 77 340 361 386 370 173 307 299 251 654 
3 430 440 45 366 361 74 249 556 77 436 370 307 569 386 561 201 131 617 623 654 
194 148 45 59 440 217 405 287 315 308 364 173 134 386 593 251 366 370 74 367 654 
3 62 153 45 544 74 556 569 249 77 37 370 34 361 386 201 17 355 623 85 654 
194 148 45 59 440 217 405 391 315 308 364 173 307 386 299 593 251 366 370 367 654 
3 148 45 430 440 249 569 386 217 77 448 364 106 194 7 183 370 366 361 74 654 
3 148 45 430 440 85 74 50 183 569 370 173 307 386 299 251 196 367 543 82 654 
194 148 45 59 440 217 405 287 315 308 364 173 134 386 593 251 366 370 74 367 654 
3 328 45 330 214 348 118 457 148 430 440 249 569 364 386 217 564 7 183 370 654 
217 1 21 3 90 68 65 334 67 113 544 77 82 93 102 303 464 61 519 627 644 
3 148 45 330 214 361 74 249 556 569 77 562 370 483 386 201 17 617 623 529 654 
3 148 45 62 153 544 249 556 569 194 571 77 340 361 386 442 151 324 452 370 654 
3 62 153 45 544 361 74 556 569 249 77 37 370 34 386 201 17 617 623 85 654 
3 328 45 330 214 348 118 457 148 430 440 249 569 364 386 217 564 7 183 370 654 
3 148 45 62 153 544 249 556 569 194 571 77 340 361 386 442 82 324 452 370 654 
3 148 45 330 395 20 24 277 67 569 77 82 544 102 76 74 402 93 90 464 644 
3 148 45 430 153 544 440 85 74 249 183 569 370 173 307 386 299 251 366 367 654 
3 62 153 45 544 361 118 241 77 541 370 34 386 201 76 74 17 569 617 623 654 
217 1 21 36 339 68 65 334 67 113 544 459 82 93 102 74 464 61 519 627 644 
3 148 45 59 440 217 405 391 315 430 306 74 249 183 113 370 367 609 85 457 654 
3 148 45 430 440 85 74 249 59 217 405 391 315 306 183 113 370 367 146 457 654 
162 1 201 36 197 199 65 291 67 149 77 82 181 543 289 74 464 487 463 627 644 
3 148 45 24 214 544 12 66 76 20 67 68 569 77 82 102 93 558 211 617 644 
3 62 45 265 407 544 12 66 76 569 67 147 51 77 82 102 457 37 211 617 644 
3 148 45 330 395 20 24 13 67 569 621 82 544 102 76 74 402 93 90 464 644 
217 1 21 36 90 68 65 334 67 113 544 77 82 93 102 74 464 61 519 627 644 
3 148 45 113 440 249 569 364 386 217 77 7 183 370 366 361 74 363 214 395 654 
3 148 45 430 153 544 440 85 74 249 183 569 370 173 307 386 299 251 366 367 654 
3 148 45 62 153 544 249 556 569 194 571 210 340 11 386 442 82 196 452 370 654 
3 62 45 265 214 544 12 66 76 147 65 67 569 77 82 423 138 557 211 617 644 
