2 21 42 89 556 75 95 19 100 62 527 24 548 503 463 643 92 566 72 84 32 673 
13 14 268 376 2 18 23 460 44 386 404 407 58 48 77 38 6 3 467 155 673 
230 87 485 250 62 367 396 425 264 78 58 229 273 185 643 535 347 221 224 83 126 676 
233 215 68 94 224 99 472 151 313 101 575 45 18 624 427 521 553 334 632 466 676 
178 256 192 578 272 191 48 296 599 354 8 270 97 216 489 643 210 546 598 37 670 
402 230 83 35 74 510 14 18 19 13 640 466 385 476 514 164 344 125 592 11 676 
430 273 643 82 81 124 404 136 248 164 558 544 298 333 4 382 245 77 184 631 676 
542 243 575 31 5 42 308 442 562 306 74 401 330 239 246 565 51 215 633 28 586 671 
64 250 13 330 278 7 570 104 87 124 624 137 634 351 643 235 466 275 240 642 350 676 
66 431 67 93 282 58 20 367 106 79 475 447 10 567 504 464 150 267 17 347 676 
149 4 203 214 173 66 616 622 266 240 521 249 332 352 390 565 264 200 393 526 676 
278 552 235 3 468 7 172 373 331 123 233 529 279 442 59 164 382 146 253 49 38 676 
3 181 152 4 48 13 369 596 185 404 35 346 240 475 605 7 102 94 6 479 424 676 
66 62 227 179 323 219 595 446 38 267 77 525 199 374 229 524 306 568 332 549 676 
4 493 545 80 25 31 623 9 57 292 637 643 20 525 78 328 146 13 140 66 676 
52 280 233 350 198 643 423 232 375 192 367 412 541 131 347 150 242 99 14 30 144 141 660 
400 557 28 73 309 377 132 498 581 281 437 538 606 540 562 630 268 269 432 643 276 87 135 648 
72 488 52 425 9 557 7 120 70 80 77 148 15 234 138 617 179 373 549 472 676 
42 165 9 120 432 210 393 12 330 410 324 3 61 552 228 339 10 62 496 312 662 
163 8 50 643 137 196 154 420 587 542 151 300 622 116 183 135 111 109 299 45 670 
39 70 179 269 638 396 149 564 83 643 495 104 63 623 111 16 549 116 59 12 676 
227 199 257 643 314 229 165 82 454 202 309 252 259 642 179 615 75 43 106 76 676 
302 643 587 45 76 396 415 167 311 141 102 114 236 294 281 630 642 189 436 546 676 
191 392 150 225 487 125 480 182 49 284 416 289 151 404 341 99 450 73 365 149 184 656 
219 123 12 37 581 205 643 4 393 414 267 88 77 157 361 105 19 343 558 75 30 676 
