397 566 400 530 567 3 413 157 204 278 447 13 244 313 618 7 156 71 142 442 662 
164 485 567 618 204 313 413 157 97 397 142 509 545 625 37 156 185 633 356 40 588 662 
97 599 3 256 278 447 567 618 13 244 7 156 385 117 208 62 68 559 77 509 80 662 
397 566 413 204 400 530 567 3 313 157 618 278 447 13 244 7 156 71 142 442 642 662 
3 485 282 112 244 400 7 356 413 142 539 231 530 442 119 599 207 591 469 185 642 662 
506 3 148 307 485 447 13 244 7 511 313 567 118 539 529 618 62 625 156 442 97 642 662 
506 3 148 307 485 447 13 244 7 511 313 567 118 539 529 618 62 625 156 442 97 642 662 
545 485 204 112 567 244 7 356 413 142 533 231 400 530 442 119 599 207 591 313 185 642 662 
289 485 413 204 400 530 567 244 7 142 442 356 539 618 156 625 397 243 185 198 37 642 662 
506 3 447 204 112 13 591 88 567 244 7 142 442 485 529 82 77 564 385 642 662 
397 566 3 204 278 7 567 447 485 413 618 297 244 317 545 156 142 400 530 442 642 662 
383 621 3 62 68 172 633 182 7 567 309 13 231 313 593 77 116 194 89 92 617 642 662 
506 3 447 13 351 244 7 356 413 142 539 231 400 530 442 119 599 140 591 625 485 642 662 
506 3 40 204 112 244 7 618 307 485 511 313 356 539 142 231 400 530 442 156 591 662 
36 621 3 62 68 172 633 182 188 567 309 13 231 313 593 77 116 194 89 92 617 642 662 
164 485 204 313 567 618 413 157 97 397 142 509 625 545 112 37 156 185 356 210 588 194 662 
506 3 40 204 112 244 7 356 539 567 618 156 485 142 231 400 530 442 591 148 307 662 
383 621 3 62 68 172 633 182 7 567 309 13 231 313 593 77 116 194 89 92 617 642 662 
413 204 545 625 485 175 112 244 7 356 539 119 599 142 231 400 530 442 185 207 591 469 662 
97 397 485 313 280 567 618 413 142 509 625 545 37 156 185 356 7 588 194 442 662 
383 621 3 62 68 172 633 182 7 567 309 13 231 313 593 77 116 194 89 92 617 642 662 
397 566 413 204 400 530 567 3 313 157 618 278 447 13 244 7 156 71 142 442 642 662 
164 204 7 485 157 567 618 413 142 509 545 313 231 97 397 625 37 156 185 356 588 194 662 
397 545 3 313 323 618 413 157 204 278 447 13 244 7 142 231 400 530 442 591 662 
545 485 413 204 530 231 618 313 112 244 7 356 539 119 599 142 400 442 185 207 591 469 662 
545 485 413 204 400 530 567 244 7 142 442 356 539 618 156 625 397 243 185 198 37 642 662 
506 3 447 13 591 88 567 244 7 142 442 485 529 82 112 77 564 385 642 618 662 
3 485 413 204 112 244 7 356 539 142 231 400 530 442 119 599 207 591 469 185 662 
397 566 3 204 278 447 297 7 567 618 485 413 244 317 530 442 185 207 591 545 662 
397 545 3 313 323 618 413 157 204 278 447 13 244 7 142 231 400 530 442 591 662 
397 566 3 204 278 447 13 244 7 567 618 297 485 413 317 545 156 142 400 530 442 642 662 
506 3 447 13 351 244 7 356 413 142 539 231 400 530 442 119 599 140 591 625 485 642 662 
97 599 3 256 278 447 567 618 13 244 7 156 385 117 208 62 68 559 77 509 80 662 
164 485 204 313 567 618 413 157 97 397 142 509 545 625 37 156 185 633 356 40 588 194 662 
397 55 3 204 278 447 231 88 205 413 266 244 7 567 485 156 142 618 400 530 442 642 662 
506 3 447 13 591 88 567 244 7 142 442 485 529 82 112 618 156 625 19 385 642 662 
97 599 3 204 278 447 13 244 7 567 385 117 370 361 68 559 618 156 77 509 80 642 662 
545 485 413 204 400 530 567 244 7 142 442 185 356 539 618 156 625 397 243 37 642 662 
397 566 3 204 278 447 297 485 7 567 385 413 244 317 545 156 142 618 400 530 442 642 662 
397 566 3 204 278 7 567 618 447 297 485 413 244 317 545 156 142 400 530 442 642 662 
545 485 413 204 112 244 7 356 539 119 599 142 231 400 530 442 185 207 591 469 625 662 
545 485 413 204 112 244 7 356 539 142 231 400 530 442 119 599 207 591 469 185 662 
36 621 3 62 68 172 633 182 7 567 309 13 231 313 593 77 116 194 89 92 617 642 662 
397 566 3 204 278 447 13 244 7 297 485 529 567 618 156 400 530 413 142 442 231 642 662 
97 599 3 204 278 447 13 244 7 567 385 503 370 361 68 559 618 156 77 509 80 642 662 
397 566 3 204 278 447 13 244 7 297 485 529 567 618 156 400 530 413 142 442 231 642 662 
545 485 413 204 112 244 356 539 7 567 142 231 400 530 442 119 599 207 591 313 185 662 
97 599 3 256 278 447 567 618 13 244 7 156 385 117 208 62 68 559 77 509 80 662 
545 485 413 204 112 244 7 356 539 142 231 400 530 442 119 599 207 591 313 185 662 
97 599 3 204 278 447 13 244 7 567 385 117 370 361 68 559 618 156 77 509 80 642 662 
36 621 3 62 68 172 633 182 7 567 309 13 231 313 593 77 116 194 89 92 617 642 662 
97 599 3 204 278 447 13 244 7 567 385 117 370 62 68 559 618 156 77 509 80 642 662 
97 582 3 204 278 447 13 244 7 567 385 117 370 62 68 559 618 156 77 509 80 642 662 
397 566 3 204 278 447 297 244 567 485 7 142 413 618 156 400 530 442 185 231 662 
97 599 3 204 278 447 13 244 7 567 385 117 370 62 68 559 618 156 77 509 80 642 662 
397 566 3 204 278 447 297 7 485 529 244 567 618 156 400 530 413 142 442 231 662 
97 397 485 313 157 567 618 413 142 509 625 545 37 156 185 356 7 588 194 442 662 
639 506 243 3 447 231 88 413 13 244 7 68 599 618 156 77 564 385 642 567 662 
506 3 447 13 148 7 307 485 511 313 567 118 539 529 618 62 625 156 442 97 662 
397 566 3 204 278 447 297 7 567 485 413 244 317 545 156 142 618 400 530 442 662 
506 3 447 13 148 7 307 485 511 313 567 118 599 618 539 473 62 625 156 442 662 
397 566 3 204 278 447 297 244 7 567 485 413 142 618 156 400 530 442 185 231 662 
97 397 485 313 157 567 618 413 142 509 625 545 112 37 156 185 356 210 588 194 662 
97 397 40 156 485 313 157 567 413 142 509 545 625 154 185 633 618 356 588 194 662 
97 599 3 204 278 447 567 618 13 244 7 156 385 36 370 62 68 373 77 509 80 662 
397 566 3 204 278 447 231 88 205 413 266 244 7 567 618 156 485 400 530 142 442 662 
545 485 204 567 618 413 157 142 231 400 536 313 593 327 244 7 588 194 530 442 185 662 
545 485 204 567 618 413 157 142 231 400 536 313 593 327 244 7 588 194 530 442 185 662 
97 397 157 567 413 307 485 511 7 142 231 400 246 442 185 356 156 313 244 599 662 
97 599 3 204 278 447 567 618 13 244 7 156 385 36 370 62 68 373 77 509 80 662 
545 485 204 313 567 618 413 157 7 142 231 400 530 442 185 356 539 156 625 397 588 37 662 
397 566 3 204 278 447 297 244 7 567 618 156 485 400 530 413 142 442 231 313 59 662 
397 566 3 204 278 447 13 413 266 244 7 567 618 156 485 400 530 142 442 231 662 
97 599 3 204 278 447 13 244 7 567 618 156 385 36 370 62 68 373 77 509 80 662 
397 566 3 313 157 567 618 413 204 278 447 13 244 7 156 71 400 530 142 442 662 
397 204 400 530 567 485 313 618 413 142 231 509 545 625 327 19 16 185 356 114 588 37 662 
506 3 447 13 591 88 567 244 7 142 442 485 529 82 112 618 156 625 19 385 642 662 
545 485 204 313 567 618 413 157 7 142 231 400 530 442 185 356 156 625 19 539 662 
545 485 413 204 400 530 112 244 7 142 442 356 539 313 599 185 618 156 625 397 243 662 
97 397 485 313 567 157 297 413 536 509 545 625 37 280 511 599 618 356 40 588 194 185 662 
545 485 413 204 400 530 567 244 7 142 442 185 356 539 618 156 625 397 243 37 642 662 
97 397 545 485 204 313 567 618 413 157 7 142 231 400 530 442 185 356 539 156 625 662 
545 485 204 313 567 618 413 157 7 142 231 400 530 442 185 356 539 156 625 397 588 37 662 
639 506 243 3 447 231 88 413 13 244 7 68 599 618 156 77 564 385 642 567 662 
639 506 243 3 447 231 88 413 13 244 7 68 599 618 156 77 564 385 642 567 662 
97 397 485 157 297 413 536 509 545 625 37 280 511 313 599 618 356 40 588 194 185 662 
506 3 447 13 148 7 567 618 307 485 511 313 244 599 545 62 68 625 37 156 642 662 
97 397 485 313 157 567 413 142 509 545 625 37 156 185 633 618 356 40 588 194 231 662 
506 3 447 13 148 7 567 618 307 485 511 313 244 599 545 62 68 625 37 156 642 662 
599 397 485 204 313 327 19 157 161 142 231 509 545 625 37 156 185 511 567 618 413 400 662 
97 397 485 157 413 536 509 545 530 231 567 59 625 37 280 511 249 611 185 618 156 662 
397 485 566 400 399 231 618 313 59 37 385 244 599 545 156 625 19 185 511 567 662 
397 545 625 485 413 204 400 530 567 633 7 142 536 313 593 327 244 588 194 185 662 
97 397 485 157 567 413 536 509 545 59 231 625 37 280 511 249 599 185 618 156 356 662 
397 485 566 400 399 231 618 313 59 37 385 244 599 545 625 156 185 511 567 19 662 
97 397 485 313 157 567 413 142 509 545 625 37 185 618 156 356 7 588 194 231 662 
397 119 204 400 530 567 633 618 413 142 231 509 545 625 37 156 185 511 536 313 593 327 662 
397 485 566 400 530 231 618 313 59 156 37 385 567 244 599 545 625 19 564 593 327 413 662 
397 383 545 625 485 175 327 19 231 567 342 413 204 576 313 593 156 37 385 509 244 108 662 
397 485 566 400 530 231 618 313 59 156 37 385 567 244 599 545 625 19 564 593 327 413 662 
