323 637 426 582 136 151 105 79 578 99 330 536 290 529 445 485 480 557 567 393 508 38 19 556 123 660 
49 14 2 13 60 25 545 3 44 538 360 69 38 70 384 118 83 34 602 623 652 
31 637 426 582 136 151 105 79 546 580 578 99 330 536 284 353 19 441 38 508 589 561 290 557 123 660 
49 14 2 13 60 25 282 3 44 58 360 69 38 17 567 118 83 34 602 623 652 
323 637 426 136 151 566 412 10 6 38 401 13 315 567 304 112 590 204 457 489 623 79 660 
323 637 426 136 151 566 79 578 359 391 536 99 582 278 330 412 563 290 221 567 590 250 284 353 660 
323 637 426 582 151 566 399 136 105 79 330 536 284 128 19 546 441 38 508 578 278 589 557 391 290 660 
8 2 14 3 10 38 401 13 567 69 569 491 44 60 87 83 77 640 466 465 673 
19 23 24 6 35 376 501 65 58 69 569 44 440 3 349 83 77 128 465 635 673 
8 2 14 204 304 112 79 315 412 10 260 38 401 13 567 457 590 19 118 489 623 367 216 660 
323 637 426 582 136 151 566 79 578 359 391 536 290 99 330 412 563 221 567 590 250 284 353 19 660 
8 2 14 369 359 582 79 315 412 10 260 38 401 13 567 304 112 590 204 457 19 118 489 216 660 
8 2 14 3 10 38 401 13 426 69 569 6 44 199 60 87 83 77 640 466 673 
49 14 2 13 60 25 545 3 44 538 360 69 38 70 384 118 83 34 602 623 652 
88 2 14 3 10 6 38 401 13 567 199 44 60 87 83 77 640 466 465 594 673 
8 2 14 150 10 6 38 508 7 457 401 13 315 567 304 112 590 19 118 489 623 660 
8 2 14 3 10 38 401 13 567 69 569 6 44 199 60 87 83 77 640 466 673 
8 2 14 412 10 590 180 457 6 38 401 13 315 567 304 112 521 118 489 623 660 
8 137 14 399 136 151 412 6 10 38 401 13 315 567 304 112 590 204 457 19 338 489 660 
49 14 2 13 60 6 282 3 370 44 58 185 69 17 481 567 642 83 34 623 652 
49 14 2 60 6 282 3 370 44 13 58 185 69 17 481 567 118 83 34 623 652 
323 637 426 582 136 151 566 79 578 19 441 359 391 536 290 99 330 284 353 38 529 561 118 590 660 
19 14 24 35 26 6 3 472 58 69 444 44 60 206 83 77 640 466 465 635 673 
8 137 14 399 136 151 412 10 6 38 401 13 315 567 304 112 590 204 457 19 118 489 660 
323 637 426 136 151 105 79 578 99 639 38 401 582 278 330 412 563 221 567 590 250 129 660 
19 23 24 6 35 376 501 360 58 69 569 3 44 60 87 83 77 128 465 635 673 
49 14 2 13 60 23 6 108 3 44 153 38 416 69 17 78 118 83 34 623 652 
323 637 426 582 566 79 290 441 315 99 561 136 151 578 547 330 536 633 576 128 186 659 
323 637 426 369 136 151 285 105 79 578 290 99 582 278 330 412 563 221 567 590 250 129 107 566 660 
8 2 14 412 10 590 180 457 6 38 401 13 315 567 304 112 521 118 489 623 660 
19 24 14 3 35 26 283 472 27 69 569 44 60 603 83 77 640 466 465 635 673 
49 14 2 60 6 282 3 366 44 13 58 185 69 17 481 567 642 83 34 623 652 
8 2 14 399 136 151 412 10 6 38 401 13 315 567 304 112 590 204 457 19 128 489 660 
323 637 426 582 136 151 566 79 491 150 578 359 391 536 290 99 330 284 353 19 441 38 529 505 123 660 
8 491 150 582 2 594 51 412 10 629 38 401 13 315 567 304 112 590 204 457 118 489 623 377 660 
323 491 150 582 637 426 136 79 578 99 330 536 290 151 566 359 391 284 353 19 441 38 529 561 123 660 
8 2 14 19 118 151 412 10 6 150 38 401 315 567 508 7 13 304 112 457 342 489 660 
323 637 426 369 136 151 639 105 79 578 290 99 582 278 330 284 353 19 412 563 221 567 590 250 129 660 
323 637 426 369 136 151 639 105 79 578 290 99 582 278 330 412 563 221 567 590 250 129 107 566 660 
8 491 150 582 2 282 251 412 10 38 401 13 315 567 304 450 437 112 590 204 118 489 660 
8 491 150 582 2 282 251 412 10 38 401 13 315 567 304 450 437 112 590 204 118 489 660 
8 491 150 582 2 594 51 412 10 437 38 401 13 315 563 304 112 590 204 118 489 457 623 660 
323 637 426 582 136 151 105 79 578 99 330 536 290 529 445 485 480 557 567 393 508 38 19 556 123 660 
323 491 150 582 637 426 136 151 566 79 578 359 391 536 290 99 330 284 353 19 441 38 529 561 660 
14 23 49 2 6 60 108 30 44 244 38 416 69 290 13 78 118 83 34 623 652 
8 491 150 582 2 594 251 412 10 38 401 13 450 567 304 437 315 112 590 204 118 489 457 660 
49 14 2 13 60 23 6 108 3 44 153 38 416 69 17 78 118 83 34 623 652 
8 491 150 582 2 594 251 412 10 38 401 13 450 567 304 437 315 112 590 204 118 489 457 660 
8 491 150 582 2 594 51 412 10 629 38 401 13 315 567 304 112 590 204 457 118 489 623 377 660 
8 2 14 369 359 582 79 315 412 10 260 38 401 13 567 304 112 590 204 457 19 118 489 216 660 
323 637 426 582 136 547 566 79 578 359 391 536 290 99 330 284 353 19 441 38 529 561 8 491 150 660 
19 14 24 35 26 6 3 472 58 69 444 44 60 603 83 77 640 466 465 635 673 
323 637 426 136 151 105 79 578 99 639 582 278 330 412 563 221 567 590 250 129 107 566 359 391 536 660 
8 2 14 19 118 151 412 10 6 38 401 13 315 567 304 112 590 204 457 489 623 582 660 
8 491 150 582 2 594 51 412 10 437 38 401 13 315 567 304 112 590 204 118 489 457 623 660 
8 2 14 19 118 151 412 10 6 38 401 13 315 567 304 112 590 204 457 489 623 582 660 
8 2 14 399 136 151 412 10 6 38 401 13 315 567 304 112 590 204 457 19 118 489 660 
323 637 426 136 151 105 79 578 99 639 582 278 330 412 563 150 567 590 250 129 107 480 19 399 536 660 
323 637 426 582 136 151 105 79 578 99 330 639 412 563 150 567 590 250 129 107 480 19 399 536 290 660 
49 14 2 13 60 25 282 3 44 58 360 69 38 17 20 118 83 34 602 623 652 
31 637 426 582 136 151 105 79 546 580 578 99 330 536 284 353 19 441 38 508 589 561 290 557 123 660 
19 14 24 35 26 6 3 472 58 69 444 44 60 206 83 77 640 466 465 635 673 
8 2 14 19 118 151 412 10 6 150 38 401 315 567 508 7 13 304 112 457 342 489 660 
323 637 426 582 136 151 566 79 578 359 391 536 290 99 330 284 353 19 441 38 529 561 118 590 123 660 
19 14 24 35 26 6 3 472 58 69 444 44 60 603 83 77 640 466 465 635 673 
323 637 426 582 136 151 105 79 578 99 330 639 412 563 150 567 590 250 129 107 480 19 399 536 556 660 
49 14 2 13 60 25 282 3 44 58 360 69 38 17 567 118 83 384 602 623 652 
8 2 14 369 359 582 79 315 412 10 260 38 401 13 567 304 112 590 204 457 19 118 489 623 660 
14 23 49 2 6 60 108 30 44 244 38 416 69 290 13 78 118 83 34 623 652 
31 637 426 582 136 151 105 79 611 99 330 536 284 128 19 546 441 38 508 589 561 290 557 567 107 660 
49 14 2 60 6 578 3 370 44 13 456 185 69 17 481 567 118 83 329 623 652 
323 637 426 582 136 151 639 105 79 578 412 99 563 150 567 590 250 129 107 480 19 399 330 536 556 660 
8 2 14 3 10 6 38 401 13 567 199 44 60 87 83 77 640 466 465 594 673 
19 23 24 6 35 376 501 65 58 69 569 44 60 3 401 83 77 128 465 635 673 
323 637 426 369 136 151 639 105 79 578 290 99 330 536 284 353 452 445 485 480 557 567 393 508 660 
323 637 426 369 136 151 639 105 79 578 290 99 330 536 284 353 452 445 485 480 557 567 393 508 660 
31 637 426 582 136 151 105 79 611 99 330 536 284 128 19 546 441 38 508 589 561 290 557 567 107 660 
49 14 2 13 60 25 282 3 44 58 360 69 38 17 567 118 83 34 602 623 652 
476 2 14 3 285 10 6 38 315 7 401 13 567 304 590 19 118 489 623 112 654 
19 23 24 6 35 376 501 65 58 69 569 44 60 3 401 83 77 128 465 635 673 
8 2 14 3 10 38 401 13 567 69 569 6 44 60 87 83 77 640 466 465 673 
19 23 24 6 35 376 501 65 58 69 569 44 60 3 349 83 77 128 465 635 673 
476 2 14 3 285 10 6 38 315 7 401 13 567 304 590 19 118 489 623 112 654 
19 23 24 6 35 376 501 65 58 69 569 44 60 3 349 83 77 128 465 635 673 
8 2 14 412 10 6 38 401 13 315 567 304 112 457 590 19 118 489 623 367 654 
19 24 14 3 35 26 283 472 27 69 569 44 60 603 83 77 640 466 465 635 673 
162 6 3 38 191 582 13 567 424 315 508 7 590 138 207 200 594 605 240 367 615 654 
162 6 3 38 191 582 13 567 424 315 508 7 590 138 207 200 594 605 240 367 615 654 
323 637 426 582 136 151 105 79 578 99 330 536 290 3 445 485 480 557 567 393 508 38 19 556 123 660 
19 23 24 6 35 376 501 639 58 69 569 44 3 60 87 83 77 128 465 635 673 
323 637 426 582 136 151 105 79 578 99 330 536 290 3 445 485 480 557 567 393 508 38 19 556 123 660 
19 23 24 6 35 376 501 360 58 69 569 44 60 3 349 83 77 128 465 635 673 
19 23 24 6 35 376 501 639 58 69 569 44 3 60 87 83 77 128 465 635 673 
8 2 14 412 10 6 38 401 13 315 567 304 112 457 590 19 118 489 623 367 654 
49 14 2 60 6 282 3 370 44 13 58 185 69 17 481 567 118 83 34 623 652 
8 2 14 3 10 38 401 13 567 69 569 6 44 60 87 83 77 640 466 313 673 
8 2 14 3 10 38 401 13 567 69 569 6 44 60 87 83 77 640 466 313 673 
8 2 14 3 10 38 401 13 567 69 6 569 44 60 87 83 77 640 466 465 673 
19 23 24 6 35 376 501 360 58 69 569 44 60 3 349 83 77 128 465 635 673 
8 2 14 3 10 6 38 401 13 567 569 44 60 87 83 77 640 466 465 594 673 
