1 46 26 84 66 552 70 83 11 76 360 274 107 614 102 488 555 466 521 524 647 
1 46 26 84 66 552 70 83 11 76 360 274 107 614 102 488 555 466 521 524 647 
577 37 16 380 100 312 40 264 306 412 539 446 565 587 527 154 107 350 448 79 51 669 
126 37 468 380 100 312 40 264 306 49 539 446 565 587 335 79 51 372 81 59 605 669 
1 46 26 84 66 552 70 83 11 69 76 102 78 542 592 558 274 466 579 617 647 
1 46 26 84 66 552 70 83 11 537 360 274 107 614 102 488 139 466 521 524 647 
2 457 584 6 480 123 70 11 120 66 69 413 102 22 101 264 18 592 558 579 644 
1 46 6 84 436 70 101 11 66 69 76 102 83 78 592 558 579 617 274 466 647 
1 46 26 84 66 552 70 83 11 69 76 102 78 542 592 558 274 466 579 617 647 
1 46 6 84 66 559 70 11 83 436 101 69 76 102 78 592 558 579 617 274 644 
1 46 6 84 436 70 101 11 66 69 76 102 83 78 592 558 579 617 274 466 644 
2 306 37 4 6 123 70 11 66 69 76 102 78 592 558 579 617 274 466 527 644 
618 46 37 4 6 123 70 11 66 321 76 102 78 592 558 579 617 274 466 635 644 
23 46 37 4 253 123 70 11 66 69 76 102 78 592 558 579 617 274 466 635 644 
23 46 37 4 253 123 70 11 66 69 76 102 83 78 592 558 579 617 274 466 644 
383 46 37 4 6 123 70 11 66 69 76 102 78 592 83 558 579 617 274 466 644 
126 527 37 16 107 380 100 19 479 587 61 539 205 79 51 178 81 59 342 141 669 
2 457 584 6 480 123 70 11 120 66 69 413 102 22 101 579 367 81 264 18 644 
126 37 16 380 100 312 40 264 306 412 539 587 448 79 51 372 81 59 291 148 669 
1 46 6 84 66 552 70 83 11 94 360 436 101 43 76 102 78 592 558 579 647 
577 107 37 16 335 391 61 621 587 175 401 6 69 631 70 537 535 81 49 141 669 
1 46 37 4 6 123 70 11 134 66 69 76 102 332 78 464 274 466 558 635 644 
23 46 37 4 253 123 70 11 66 69 76 102 78 592 558 579 617 274 466 635 644 
618 46 37 4 6 123 70 422 66 69 76 102 78 592 83 558 579 617 274 466 644 
618 46 37 4 6 123 70 11 66 69 76 102 83 78 122 558 579 617 274 466 644 
1 46 6 84 66 559 70 11 83 436 101 69 76 102 78 592 558 579 617 274 647 
23 46 37 4 253 123 70 11 66 69 340 466 102 78 592 558 579 617 274 635 647 
2 527 37 4 6 11 176 392 100 369 81 264 238 587 107 16 479 367 61 539 644 
105 40 37 4 6 123 70 11 66 69 76 102 79 78 488 558 141 466 579 635 644 
618 306 37 57 158 6 123 70 11 66 321 76 102 78 592 558 579 617 274 466 644 
1 46 6 84 436 70 101 11 66 69 76 321 102 78 592 558 579 433 274 466 647 
116 37 16 380 100 312 40 264 306 587 539 69 79 51 372 81 59 642 141 2 527 669 
618 46 37 4 6 123 70 11 66 139 76 102 83 78 122 558 579 617 274 466 644 
126 527 37 100 16 107 380 61 479 587 539 69 79 51 372 81 59 342 141 19 291 669 
105 40 37 4 6 123 70 11 66 69 76 102 79 78 342 558 274 466 579 635 644 
126 527 37 16 107 380 100 19 479 587 61 539 620 79 51 372 81 59 342 141 669 
1 46 6 84 436 70 101 11 66 69 76 102 78 592 558 579 617 274 466 555 647 
23 46 37 4 253 123 70 11 66 69 76 102 83 78 592 558 579 617 274 466 644 
2 527 584 6 480 123 4 11 66 75 76 22 301 592 239 238 479 558 579 367 644 
126 37 16 380 100 312 40 264 306 587 539 69 79 51 372 81 59 642 141 19 412 669 
618 46 37 4 6 123 70 11 66 321 76 102 78 592 558 579 617 274 466 635 644 
1 46 6 84 436 70 101 11 66 69 76 102 78 592 558 579 617 274 466 321 647 
2 457 153 4 6 123 106 11 66 100 264 238 69 479 367 81 16 587 107 120 644 
2 527 584 6 480 123 366 11 66 75 76 22 264 238 239 479 558 579 367 81 644 
1 46 26 84 66 552 70 83 11 537 360 274 107 614 102 488 139 466 521 524 647 
1 46 6 84 66 552 70 83 436 101 11 43 76 102 78 592 558 579 617 274 647 
2 527 584 6 480 123 4 11 66 75 261 22 301 592 239 238 479 558 579 367 644 
126 37 16 70 6 380 100 19 479 151 539 69 79 107 411 372 81 59 291 141 669 
1 46 26 84 66 552 70 83 11 76 360 274 107 614 641 488 555 466 521 524 647 
2 457 584 6 480 123 4 11 66 69 22 264 238 479 558 397 367 81 16 587 644 
2 527 37 4 6 176 392 11 66 100 369 81 508 238 587 107 16 479 367 61 644 
2 527 37 4 6 123 70 11 66 69 100 264 238 171 16 587 107 120 479 367 644 
105 40 37 4 6 123 70 11 66 69 76 102 79 78 17 558 274 466 579 635 644 
2 457 584 4 6 123 480 11 66 517 76 100 264 238 479 558 579 367 81 16 644 
618 158 37 4 6 123 70 11 66 321 76 102 78 592 558 579 617 274 466 635 644 
2 527 584 480 6 123 70 11 66 4 75 76 22 239 238 479 558 579 367 81 644 
2 527 584 6 480 123 4 11 66 69 22 239 79 639 488 238 479 558 579 367 644 
105 40 37 4 6 123 70 11 66 69 76 102 79 78 488 558 274 466 579 635 644 
2 527 37 369 81 496 431 13 16 392 444 6 11 479 367 61 539 100 31 123 644 
1 46 6 84 436 70 101 11 66 69 76 321 102 78 592 558 579 433 274 466 647 
618 158 37 4 6 123 70 11 66 612 76 102 78 592 558 579 617 274 466 635 644 
1 46 6 84 436 70 101 11 66 69 76 102 78 592 558 579 617 274 466 321 647 
2 527 584 480 6 123 70 11 66 321 557 264 582 479 558 397 367 4 75 22 644 
126 37 16 70 6 380 100 19 479 587 539 69 79 107 411 372 81 59 291 141 669 
105 40 37 4 6 123 70 11 66 69 76 102 500 78 488 558 274 466 579 635 644 
1 46 26 84 66 552 70 83 240 76 360 274 107 614 102 488 555 466 521 524 647 
2 527 37 369 81 496 431 13 16 392 4 6 11 479 367 61 539 100 31 123 644 
2 527 584 4 6 480 100 392 123 11 472 66 69 264 32 479 367 81 16 587 644 
2 457 584 6 480 123 70 11 120 66 69 413 102 22 101 579 367 81 264 18 644 
2 527 37 369 81 496 431 13 16 392 4 6 11 479 367 61 539 100 31 123 644 
1 46 6 84 66 552 70 83 436 101 11 43 76 102 78 592 558 579 617 274 647 
2 527 37 369 81 496 587 107 16 392 4 6 11 479 367 61 539 100 31 123 644 
2 527 584 480 6 123 70 11 66 321 557 4 75 22 239 238 479 558 579 367 644 
126 527 37 16 107 380 100 19 479 587 61 539 205 79 51 178 81 59 342 141 669 
126 37 16 380 100 19 479 539 587 527 369 69 79 107 51 372 81 59 291 141 669 
2 527 37 4 6 176 392 11 66 100 369 81 508 238 587 107 16 479 367 61 644 
618 46 37 4 6 123 70 11 66 69 76 102 83 78 122 558 579 617 274 466 644 
577 527 126 37 100 16 153 380 19 479 587 61 539 620 79 51 372 81 59 342 141 669 
2 527 584 6 480 123 70 11 66 4 354 76 22 239 238 479 367 81 16 558 644 
2 457 584 6 480 123 453 11 66 69 22 264 238 479 558 397 367 81 16 587 644 
2 457 584 4 6 123 480 11 66 100 264 238 69 479 558 579 367 81 16 587 644 
1 46 26 84 66 552 70 83 11 537 360 274 107 614 102 488 555 466 521 524 647 
577 527 126 37 100 16 153 380 19 479 587 61 539 620 79 51 372 81 59 342 141 669 
2 527 37 4 6 11 176 392 66 100 369 81 264 333 587 107 16 479 367 61 644 
2 527 584 480 6 123 70 11 66 321 557 4 75 22 239 238 479 558 579 367 644 
1 46 26 84 66 552 70 83 11 537 360 274 107 614 102 488 555 466 521 524 647 
1 46 26 84 66 552 70 83 172 537 360 274 107 614 102 488 555 466 521 524 647 
618 158 37 4 6 123 70 11 66 321 76 102 78 592 558 579 617 274 466 635 644 
383 46 37 4 6 123 70 11 66 69 76 102 78 592 83 558 579 617 274 466 644 
618 46 37 4 6 123 70 422 66 69 76 102 78 592 83 558 579 617 274 466 644 
2 527 584 6 480 123 4 11 66 69 22 239 79 639 488 238 479 558 579 367 644 
577 107 37 16 335 391 61 621 587 175 401 6 69 631 70 537 535 81 49 141 669 
2 306 37 4 6 123 70 11 66 69 76 102 78 592 558 579 617 274 466 17 644 
2 457 584 6 100 19 479 539 480 123 4 11 66 69 22 264 238 558 579 367 644 
2 527 584 480 6 123 70 11 66 4 354 76 22 239 238 479 367 81 16 558 644 
2 527 37 4 6 123 11 176 392 100 369 81 264 238 587 107 16 479 367 113 644 
2 457 584 100 6 123 470 479 539 480 4 11 66 69 22 264 238 558 579 367 644 
2 457 584 6 480 123 4 11 66 69 22 264 238 479 367 558 579 81 16 587 644 
2 527 584 480 6 123 70 11 66 4 75 76 22 239 238 479 558 579 367 81 644 
105 40 37 4 6 123 70 11 66 69 76 102 79 78 342 558 274 466 579 635 644 
