62 577 26 90 356 45 87 10 100 23 465 96 16 95 548 476 568 25 82 4 70 647 
87 175 99 21 25 39 79 8 73 548 54 107 59 98 463 617 559 469 1 28 652 
643 68 453 25 11 595 69 16 531 102 574 158 506 83 622 341 412 104 230 614 673 
374 360 69 558 52 491 323 190 501 96 643 420 112 575 126 632 234 396 462 216 676 
8 12 74 116 151 129 34 2 208 271 633 124 334 449 82 395 132 105 155 618 676 
582 643 566 527 266 356 8 180 517 535 9 140 628 546 355 639 97 16 174 556 676 
4 408 469 48 189 568 158 10 472 83 643 226 6 7 11 488 503 626 103 382 676 
281 5 139 86 95 29 30 2 6 98 114 642 583 272 445 168 18 280 566 521 676 
58 28 643 494 86 102 304 616 452 185 539 620 95 383 602 588 465 213 413 576 647 
643 544 53 62 132 289 594 220 387 557 332 182 483 308 588 145 603 456 472 476 662 
643 55 56 138 7 276 126 275 268 233 6 106 3 617 546 235 62 262 623 419 676 
643 29 102 617 414 35 590 211 113 251 227 107 538 142 580 442 464 74 556 410 676 
198 116 208 49 346 219 383 376 327 5 478 339 341 137 586 234 265 350 441 436 671 
6 110 140 175 174 62 13 281 141 65 239 569 179 485 400 498 65 634 624 77 676 
10 179 643 435 146 197 28 539 588 489 621 152 75 12 116 203 112 441 623 382 192 670 
14 643 395 66 61 407 293 239 312 373 100 206 177 55 75 517 49 28 584 412 645 
23 11 1 98 2 224 221 66 233 34 119 69 83 541 331 283 294 515 361 526 676 
458 249 4 172 346 65 148 200 193 131 102 571 476 258 6 327 615 447 203 368 676 
631 419 178 143 250 421 156 87 397 643 498 213 600 129 51 348 204 113 153 49 668 
643 160 636 146 143 129 130 442 111 285 114 533 395 448 577 509 113 248 88 131 666 
643 9 5 206 355 348 249 215 143 12 197 470 40 48 19 314 501 162 286 117 671 
76 60 271 75 633 432 168 575 358 211 470 588 55 14 8 607 556 308 576 45 676 
428 37 288 618 131 244 129 69 199 643 320 414 426 381 228 345 598 122 45 141 671 
643 157 433 366 410 45 588 238 62 325 10 214 228 238 481 298 158 411 513 588 662 
207 66 288 235 138 204 102 37 251 239 475 402 489 311 2 443 559 643 113 8 77 676 
33 155 103 44 68 247 643 481 90 153 459 630 437 77 185 6 29 120 366 211 676 
