337 139 389 150 59 317 100 416 530 455 561 275 99 440 283 61 411 166 425 569 665 
23 24 201 153 287 524 86 36 93 336 96 105 133 179 499 59 517 568 570 626 647 
337 139 389 150 59 317 100 416 530 455 561 275 99 440 283 61 411 166 425 569 665 
23 24 302 153 287 524 86 36 93 336 96 105 133 179 499 59 517 568 570 626 647 
337 139 389 165 59 452 100 416 530 455 561 275 99 440 359 411 61 7 166 425 665 
2 12 333 25 560 157 29 317 212 93 371 60 178 192 603 150 72 185 117 642 662 
2 337 59 100 417 9 180 262 10 99 14 299 503 501 45 150 12 317 642 294 671 
23 91 228 102 455 375 531 105 497 559 96 17 101 179 499 100 104 517 568 570 647 
23 24 467 42 287 11 185 531 93 336 96 105 100 179 499 517 59 568 570 626 647 
23 24 201 503 287 11 64 160 93 336 96 105 150 179 499 517 59 568 570 626 647 
23 110 201 449 598 285 86 552 93 336 96 105 150 179 499 59 517 568 570 626 647 
23 24 201 153 287 326 86 36 93 336 96 566 150 179 499 59 517 568 570 626 647 
23 24 201 153 287 377 86 36 317 336 96 105 133 179 499 369 517 568 570 626 647 
23 110 201 449 598 285 86 552 93 336 96 105 150 179 499 59 517 568 570 626 647 
23 24 201 503 287 11 86 160 93 336 96 105 150 179 499 517 59 568 570 626 647 
23 24 201 153 287 11 86 36 93 336 96 105 493 179 499 517 150 568 570 626 647 
202 337 59 294 150 438 100 146 512 420 455 561 275 103 519 61 283 317 7 642 665 
23 24 201 153 287 380 86 36 93 336 96 105 133 179 499 59 517 568 570 626 647 
188 91 228 102 455 375 551 105 303 559 96 17 101 179 205 499 104 517 568 59 647 
2 12 333 25 560 157 29 317 212 93 371 60 178 192 603 150 72 185 117 642 662 
23 24 201 153 287 11 86 36 93 336 96 105 493 179 499 517 150 568 570 626 647 
337 139 389 165 59 452 100 416 530 455 561 275 99 440 359 411 61 7 166 425 665 
23 24 561 42 287 11 86 531 93 336 96 105 150 179 499 517 59 568 570 626 647 
23 91 228 102 490 375 84 303 559 96 17 105 100 101 179 499 104 517 568 570 647 
23 24 201 503 287 11 86 160 93 336 96 105 150 179 499 517 59 568 570 626 647 
23 24 561 42 287 11 86 531 93 336 96 105 150 179 499 517 59 568 570 626 647 
23 91 228 102 455 375 551 105 497 559 598 17 101 179 531 499 100 104 517 568 647 
23 24 201 153 287 377 86 36 317 336 96 105 133 179 499 369 517 568 570 626 647 
23 24 201 503 287 11 64 160 93 336 96 105 150 179 499 517 59 568 570 626 647 
337 139 389 165 59 452 100 9 10 416 530 455 561 275 99 440 359 411 61 7 671 
23 91 228 102 455 375 84 105 303 559 96 17 101 179 104 517 499 238 100 568 647 
23 24 467 42 287 11 185 531 93 336 96 105 100 179 499 517 59 568 570 626 647 
337 139 389 100 160 31 455 9 247 37 561 567 275 150 12 283 61 7 317 642 671 
324 337 390 59 160 9 10 37 31 455 561 530 567 150 103 12 283 317 61 642 671 
23 91 228 102 490 375 84 303 559 96 639 497 17 266 133 499 100 104 517 568 647 
324 337 100 150 59 317 40 9 111 567 10 180 503 200 275 12 14 299 642 254 671 
2 337 294 150 59 317 417 9 111 567 10 309 448 503 200 275 12 14 299 642 671 
581 337 59 100 417 9 180 262 10 99 14 299 503 501 419 150 12 317 642 357 671 
337 139 417 100 160 31 455 9 10 37 561 567 275 150 12 447 61 7 317 642 671 
2 337 59 100 160 31 417 9 180 262 10 99 14 299 503 501 45 150 12 317 671 
2 337 59 100 417 9 180 262 10 99 14 299 503 501 419 150 12 317 642 357 671 
202 337 59 294 150 438 100 146 512 420 455 561 275 103 519 61 283 317 7 642 665 
23 229 228 102 52 375 84 210 303 559 96 17 101 100 179 499 104 517 568 570 647 
324 337 193 244 160 561 485 9 490 37 31 455 567 103 150 12 283 317 61 642 671 
324 337 59 100 139 389 160 9 178 37 31 455 561 567 275 150 12 283 61 7 671 
337 139 389 100 160 31 455 9 247 37 561 567 275 150 12 283 61 7 317 642 671 
23 91 228 102 490 375 84 105 497 559 96 17 266 179 303 499 100 104 517 568 647 
324 337 390 59 160 9 10 37 31 455 561 530 567 150 103 12 283 317 61 642 671 
23 243 228 91 160 375 551 105 303 559 96 17 101 179 205 499 104 517 568 377 647 
324 337 59 100 139 389 160 9 178 37 31 455 561 567 275 150 12 283 61 7 671 
188 91 228 102 455 375 84 105 303 559 96 17 101 179 104 517 551 205 499 568 647 
23 91 228 102 455 375 84 105 303 281 96 17 101 179 104 517 499 238 100 568 647 
23 243 228 91 160 377 96 551 61 534 461 11 105 150 104 517 179 499 100 568 647 
149 91 228 102 455 375 551 105 303 559 96 17 101 179 499 59 104 517 205 568 647 
324 337 193 59 160 561 485 9 490 37 31 455 567 103 150 12 283 317 61 642 671 
23 91 228 102 455 375 551 105 497 559 96 17 101 179 531 499 100 104 517 568 647 
23 243 228 102 455 375 84 105 303 559 96 17 101 320 499 517 238 104 100 568 647 
337 139 417 100 160 31 455 9 10 37 561 567 275 150 12 447 61 7 317 642 671 
2 337 59 100 417 9 262 99 14 567 10 180 503 200 275 12 299 501 45 150 671 
581 337 249 100 417 9 180 262 503 501 10 99 14 299 419 150 12 317 642 357 671 
23 91 228 102 490 375 84 105 497 559 96 17 266 133 303 499 100 104 517 568 647 
23 229 228 102 455 375 84 210 303 96 435 101 100 559 179 499 104 517 238 568 647 
23 24 469 153 287 205 86 36 93 336 96 105 150 179 499 130 517 568 570 626 647 
23 91 228 102 455 375 551 105 497 559 96 17 101 179 531 499 100 104 517 568 647 
23 24 201 449 287 11 86 36 93 305 96 105 150 179 499 235 517 568 570 626 647 
23 91 228 102 490 375 84 105 497 559 96 17 266 133 303 499 100 104 517 568 647 
23 24 201 153 287 377 86 36 93 336 96 105 133 179 499 369 305 568 570 626 647 
23 91 228 102 455 375 551 105 303 559 96 17 101 179 104 517 205 499 59 568 647 
23 229 228 102 455 375 84 210 303 559 96 17 101 100 179 499 104 517 568 570 647 
23 24 201 153 287 377 86 36 93 336 96 105 133 179 499 369 305 568 570 626 647 
411 91 228 102 455 375 205 105 303 559 96 17 101 179 104 499 547 517 568 570 647 
2 337 59 100 417 9 180 262 10 99 14 299 503 501 45 150 12 317 642 294 671 
23 91 228 102 455 375 551 105 303 340 96 17 101 179 499 59 104 517 205 568 647 
23 229 228 102 455 375 84 210 303 559 96 17 101 100 179 499 104 517 568 570 647 
23 91 228 102 455 375 551 105 303 559 96 17 101 179 104 517 205 499 59 568 647 
2 337 59 100 417 9 180 262 10 99 14 299 503 501 419 150 12 317 642 357 671 
23 229 228 102 455 375 84 210 303 96 17 101 100 559 179 499 104 517 238 568 647 
23 24 469 153 287 205 86 36 93 336 96 105 150 179 499 130 517 568 570 626 647 
2 337 59 100 417 9 262 99 14 567 10 180 503 200 275 12 299 501 45 150 671 
23 24 201 153 287 326 86 36 93 336 96 566 150 179 499 59 517 568 570 626 647 
411 91 228 102 455 375 205 105 303 559 96 17 101 179 104 499 59 517 568 570 647 
23 91 228 102 107 375 84 105 303 559 96 17 101 179 104 517 499 238 100 568 647 
23 243 228 91 160 377 96 551 61 534 461 11 105 179 499 150 104 517 100 568 647 
188 91 228 102 455 375 84 105 303 559 96 17 101 179 104 517 551 205 499 568 647 
2 337 294 150 59 317 417 9 111 567 10 309 448 503 200 275 12 14 299 642 671 
324 337 100 150 59 317 417 9 111 567 10 180 503 200 275 12 14 299 642 254 671 
23 229 228 102 455 375 84 210 303 96 17 101 100 559 179 499 104 517 238 568 647 
23 229 228 102 455 375 84 210 303 96 435 101 100 559 179 499 104 517 238 568 647 
2 337 59 100 160 31 417 9 180 262 10 99 14 299 503 501 45 150 12 317 671 
23 24 201 449 287 11 86 36 93 336 96 105 150 179 499 59 517 568 570 626 647 
23 243 228 102 455 375 84 105 303 559 96 17 101 320 499 517 238 104 100 568 647 
23 24 201 153 287 377 86 36 93 336 96 105 133 179 499 369 517 568 570 626 647 
23 24 302 153 287 524 86 36 93 336 96 105 133 179 499 59 517 568 570 626 647 
337 139 389 150 59 317 100 416 530 455 561 275 99 440 283 61 411 166 425 569 665 
23 110 201 449 598 285 86 552 93 336 96 105 150 179 499 59 517 568 570 626 647 
2 12 333 25 560 157 29 317 212 93 371 60 178 192 603 150 72 185 117 642 662 
23 24 201 153 287 11 86 36 93 336 96 105 493 179 499 517 150 568 570 626 647 
337 139 389 165 59 452 100 416 530 455 561 275 99 440 359 411 61 7 324 150 665 
23 24 201 503 287 11 86 160 93 336 96 105 150 179 499 517 59 568 570 626 647 
23 24 561 42 287 11 86 531 93 336 96 105 150 179 499 517 59 568 570 626 647 
