103 219 637 582 320 88 122 61 506 616 468 221 509 470 559 375 260 180 578 338 660 
3 25 27 288 45 74 88 13 23 7 480 53 57 62 67 65 82 155 250 488 644 
3 25 27 6 74 390 426 13 23 70 53 57 62 67 486 82 155 65 524 523 644 
103 605 637 582 320 88 313 16 105 438 170 168 616 559 375 4 180 468 578 81 660 
3 233 637 591 204 4 74 88 13 367 480 53 440 7 176 67 82 562 250 155 644 
3 25 27 6 39 74 326 13 23 70 250 57 62 67 53 82 155 65 524 523 644 
3 227 27 131 637 74 432 13 367 7 12 318 469 62 67 82 155 417 70 250 644 
3 25 27 129 45 74 88 13 23 7 480 53 57 584 62 67 82 65 250 488 644 
103 605 637 313 16 105 438 88 122 616 468 221 375 260 180 470 559 578 582 81 660 
3 227 27 131 637 74 88 13 367 7 12 318 444 57 62 67 82 333 250 155 644 
3 227 637 591 204 4 74 88 13 367 480 53 440 7 176 67 82 562 250 155 644 
1 25 27 131 74 88 24 39 3 40 506 57 62 66 237 4 343 89 92 98 644 
3 25 27 6 45 74 326 13 176 70 250 57 31 67 53 82 155 65 524 523 644 
103 605 637 313 16 105 438 88 122 170 168 330 559 375 4 180 468 578 582 81 660 
3 350 496 288 45 74 88 13 587 7 480 593 57 62 67 82 155 65 250 488 644 
3 25 27 6 45 74 326 13 176 70 250 57 62 67 53 82 155 65 524 523 644 
3 227 27 6 74 45 88 13 367 7 480 53 57 62 67 82 419 250 114 155 644 
3 25 6 288 74 88 45 13 318 587 7 480 53 57 62 67 82 155 65 250 644 
3 25 496 288 45 74 88 13 587 7 480 367 57 62 67 82 155 65 250 97 644 
3 25 382 6 74 45 426 13 23 70 53 57 62 67 486 82 155 65 524 523 644 
3 227 27 131 637 74 88 13 367 7 12 318 469 62 67 82 155 417 70 250 644 
3 25 27 45 74 265 336 13 23 70 53 57 67 624 62 82 65 493 17 523 673 
3 227 637 591 480 45 74 88 166 4 440 53 13 7 62 67 82 333 250 155 644 
3 227 637 591 480 74 88 13 204 4 440 53 7 62 67 82 562 250 155 143 644 
103 605 637 505 16 105 438 88 122 168 616 221 509 559 375 566 578 582 81 180 660 
3 227 637 307 292 88 45 13 367 7 480 53 57 62 67 82 155 417 562 250 644 
3 25 27 129 45 74 88 13 23 7 480 53 57 584 62 67 82 65 250 488 644 
616 103 637 582 320 88 310 219 375 104 122 61 470 131 195 468 356 231 16 280 660 
3 227 27 131 637 74 88 13 367 7 12 57 62 318 70 67 82 155 250 53 644 
3 25 6 288 45 74 88 13 587 7 12 318 480 53 57 62 67 82 155 65 644 
103 219 637 582 320 88 122 61 506 616 468 221 509 470 559 375 260 180 578 338 660 
3 227 27 131 637 444 88 13 367 7 12 318 57 62 67 82 333 250 155 417 644 
3 25 27 399 473 88 336 13 23 70 383 6 57 62 67 82 250 155 524 523 644 
3 25 27 399 74 88 336 13 173 70 53 57 62 67 82 6 250 155 524 523 644 
103 605 637 313 16 105 438 88 170 168 616 559 375 4 180 468 578 582 81 82 660 
3 227 637 501 88 591 379 13 367 7 480 53 57 473 440 62 67 82 562 250 644 
3 25 27 192 45 74 88 227 13 367 7 480 53 57 62 67 82 155 65 250 644 
3 25 27 6 74 390 426 13 23 70 53 57 62 67 486 82 155 65 524 523 644 
3 227 27 131 637 74 88 13 367 7 12 318 57 62 67 82 155 417 70 250 644 
3 25 496 288 45 74 88 13 587 7 480 367 57 62 67 82 155 65 250 488 644 
616 103 582 281 637 88 310 219 375 104 122 61 470 131 195 468 196 356 231 578 660 
3 25 6 288 175 74 88 13 587 7 480 57 62 67 53 82 155 65 250 488 644 
3 25 496 288 45 74 88 13 587 7 480 593 57 62 67 82 155 65 250 488 644 
103 637 616 582 320 88 310 219 375 104 122 245 470 131 195 559 338 180 468 578 660 
616 103 582 281 637 88 310 219 375 104 122 61 470 131 195 468 196 356 231 578 660 
3 485 637 440 292 88 45 13 318 7 480 343 62 53 67 82 562 250 516 139 644 
3 25 6 288 45 74 88 13 587 7 480 53 57 62 67 82 155 65 250 488 644 
3 25 27 192 45 74 88 227 13 367 7 480 53 57 62 67 82 155 65 250 644 
3 227 637 591 480 45 74 88 379 4 440 53 13 7 62 67 82 333 250 155 644 
103 637 616 582 320 88 310 219 375 104 122 61 470 131 195 559 338 180 468 578 660 
3 227 637 501 88 591 379 13 367 7 480 53 57 4 440 62 67 82 562 250 644 
103 605 637 313 16 105 438 88 122 616 468 221 375 260 180 509 470 559 578 400 660 
3 25 27 6 45 74 326 13 23 70 250 57 62 67 53 82 155 65 524 523 644 
1 25 27 45 74 88 24 103 3 527 187 57 62 66 237 4 343 89 92 98 673 
3 25 27 45 74 88 336 13 23 70 53 57 67 624 62 82 65 493 17 523 673 
3 612 637 440 292 7 88 45 480 13 318 343 527 53 67 356 231 82 562 250 660 
3 485 637 440 292 88 45 13 318 7 480 343 62 53 67 82 562 250 516 139 644 
3 25 27 6 45 74 326 13 23 70 250 57 62 67 53 82 155 65 524 523 644 
3 25 27 6 74 45 426 13 23 70 53 57 62 67 132 82 155 65 524 523 673 
1 25 27 45 74 88 24 103 3 527 187 57 62 66 237 4 314 89 92 98 644 
3 25 27 6 74 45 426 13 23 70 53 57 62 67 486 82 155 65 524 523 673 
3 25 27 399 74 88 336 13 173 193 53 57 62 67 82 6 250 155 524 523 644 
1 24 27 45 74 103 9 62 581 310 100 80 70 67 6 66 545 528 92 98 673 
3 25 27 6 74 45 426 13 169 70 382 57 62 67 486 82 155 65 524 523 673 
3 25 27 399 74 88 336 13 173 70 53 57 62 67 82 6 250 155 524 523 644 
1 25 27 45 74 88 24 103 3 527 187 57 62 66 237 4 343 89 92 98 673 
1 24 27 45 74 103 165 62 581 4 100 471 70 67 6 66 545 528 92 98 673 
103 605 637 313 16 105 438 88 122 616 468 221 509 470 559 375 260 180 578 400 660 
3 146 637 440 292 208 516 140 122 470 506 13 616 559 4 193 67 290 577 82 660 
3 227 637 307 292 88 45 13 367 7 480 53 57 62 67 82 155 417 562 250 644 
103 605 637 313 16 105 438 88 122 168 616 221 509 470 559 375 260 180 468 578 660 
616 103 637 582 320 88 310 219 375 104 122 61 470 131 195 468 356 231 16 280 660 
3 227 27 6 74 45 88 13 367 7 480 53 57 62 67 82 419 250 114 155 644 
3 25 27 6 45 74 88 227 13 367 7 480 53 57 62 67 82 155 65 250 644 
3 25 496 288 587 45 74 88 13 367 480 53 7 57 62 67 82 155 65 250 644 
3 146 637 440 292 208 516 140 122 470 506 13 616 559 4 372 67 290 577 82 660 
3 612 637 440 292 7 88 45 480 13 318 343 527 53 67 356 231 82 562 250 660 
103 605 637 505 16 105 438 88 122 168 616 221 509 559 375 566 180 468 578 582 660 
3 25 27 6 74 45 426 13 297 70 53 57 62 67 486 82 155 65 524 523 673 
3 25 27 6 74 45 426 13 23 70 53 57 62 67 486 82 155 65 524 523 673 
1 25 27 45 74 88 24 103 3 527 187 57 62 66 237 4 343 89 92 98 644 
3 227 637 74 88 591 480 379 4 440 53 13 7 62 67 82 562 250 155 143 644 
1 25 27 131 74 88 24 39 3 40 506 57 62 66 237 4 343 89 92 98 644 
3 25 27 45 74 6 326 13 23 70 250 57 62 67 53 82 155 65 524 523 673 
3 227 637 74 88 591 480 379 4 440 53 13 7 62 67 82 333 250 155 143 644 
103 219 637 582 320 88 122 61 470 506 616 559 375 338 180 468 578 310 195 356 660 
103 219 637 582 320 88 122 61 470 131 616 559 375 338 180 468 578 310 195 356 660 
103 605 637 505 16 105 438 88 122 168 616 470 509 559 375 566 180 468 578 582 660 
103 440 637 313 16 105 438 88 122 168 616 559 292 452 320 61 131 470 375 578 660 
1 24 27 45 74 103 9 62 581 4 100 471 70 67 6 66 545 528 92 98 673 
1 24 27 45 74 103 9 62 581 4 100 80 70 67 6 66 545 528 92 98 673 
1 25 27 45 74 88 24 39 3 9 53 57 62 66 237 4 343 89 92 98 673 
1 25 27 45 74 88 24 39 3 9 53 57 62 66 237 4 343 89 92 98 673 
103 605 637 313 88 265 219 320 122 470 16 105 438 616 559 375 566 180 468 578 660 
103 605 637 505 16 105 438 88 122 470 509 559 375 566 180 468 578 582 616 452 660 
1 24 27 45 74 103 9 62 581 4 100 80 70 67 6 66 545 528 92 98 673 
3 25 27 6 45 74 88 13 23 7 480 53 57 62 67 82 155 65 250 488 644 
3 25 27 6 45 74 88 13 23 7 480 53 57 62 67 82 155 65 250 488 644 
616 103 219 375 637 582 320 88 122 61 470 131 310 195 468 356 231 16 280 469 660 
616 103 219 131 310 88 122 470 375 195 637 582 320 356 231 468 16 280 469 342 660 
