99 561 180 31 165 103 59 593 306 287 484 237 314 187 415 284 174 507 135 504 503 657 
99 561 299 380 12 103 484 87 593 42 237 306 287 240 453 416 503 180 31 314 657 
21 36 13 14 10 369 27 62 44 25 68 45 28 464 56 67 66 240 525 642 647 
10 3 13 14 12 281 27 62 26 25 68 45 28 530 237 67 66 489 7 623 647 
99 561 299 380 453 503 484 87 593 42 180 31 306 287 237 314 7 185 82 442 657 
3 13 299 122 380 12 87 593 453 237 530 158 67 216 151 77 82 501 306 287 644 
10 3 13 14 27 103 12 62 368 417 299 147 237 489 67 7 104 547 624 623 647 
10 3 13 299 147 103 12 62 368 104 547 31 237 67 624 489 7 623 126 642 647 
3 10 13 142 12 27 44 593 453 62 68 530 158 67 7 151 77 82 172 66 644 
10 3 13 299 147 103 12 62 368 104 547 31 237 452 67 7 623 624 633 642 647 
99 328 180 31 165 561 299 380 453 593 503 7 185 490 237 306 287 103 498 155 644 
3 503 299 380 12 218 292 316 185 82 237 43 306 287 103 31 498 250 165 155 644 
3 10 13 605 12 453 362 25 27 62 44 68 158 67 151 530 237 77 7 623 644 
3 299 13 12 453 593 503 7 185 82 237 306 223 103 31 498 165 155 43 250 644 
99 561 299 380 453 593 503 7 185 82 237 306 287 442 31 498 165 155 484 87 644 
99 561 299 380 453 593 503 7 185 82 237 306 287 103 31 498 165 155 484 87 644 
3 503 299 13 103 31 637 453 122 380 12 250 87 593 530 158 67 82 7 501 644 
10 3 13 14 27 103 12 62 368 588 299 147 237 67 66 489 7 623 624 104 647 
3 99 299 13 10 142 12 453 27 62 44 68 530 158 67 7 208 77 82 172 644 
10 3 13 299 2 103 12 62 368 104 547 31 237 489 67 569 623 624 633 642 647 
3 13 299 147 103 12 503 7 62 31 237 368 67 151 172 225 77 352 82 481 644 
99 328 180 165 561 31 637 453 122 380 299 593 503 7 185 490 237 306 287 103 644 
3 503 299 380 12 218 292 453 122 316 185 82 237 43 306 287 103 31 498 250 644 
3 13 299 147 103 12 503 7 62 31 237 368 172 67 151 530 225 77 352 82 644 
3 99 299 13 12 218 292 316 185 82 237 306 287 103 31 250 637 453 122 380 644 
99 299 37 247 12 453 43 7 185 82 237 306 287 103 31 498 165 155 180 314 644 
10 3 13 14 27 103 12 62 368 158 547 31 237 67 66 489 81 624 7 623 647 
99 561 299 380 453 503 7 593 237 314 185 120 287 82 306 103 31 498 165 155 644 
10 3 13 14 12 453 27 103 307 368 104 547 31 139 489 67 158 7 623 624 647 
10 3 13 299 147 103 12 62 368 104 547 444 397 489 67 7 334 624 633 642 647 
3 503 299 380 316 237 306 12 218 292 247 185 82 287 103 31 498 165 155 484 644 
21 36 13 14 27 62 44 25 68 521 33 134 321 489 66 318 72 525 642 523 647 
21 36 13 14 27 62 44 25 68 521 33 134 321 489 66 318 72 525 642 523 647 
21 36 13 14 27 62 44 25 68 521 33 134 321 489 66 343 72 525 642 523 647 
21 36 13 14 27 62 44 25 68 521 33 103 321 489 66 318 67 525 642 523 647 
21 36 13 14 27 62 44 25 68 521 33 103 321 489 66 318 67 525 642 523 647 
21 36 13 14 27 62 44 25 68 521 33 103 321 489 66 318 67 525 642 523 647 
10 369 13 14 27 62 44 25 68 45 28 464 56 67 66 240 525 642 523 104 647 
10 369 13 14 27 62 44 25 68 45 28 464 56 67 66 240 525 642 523 104 647 
10 369 13 14 27 62 44 25 68 45 28 464 56 67 66 240 525 642 523 104 647 
10 369 13 14 27 62 44 25 68 45 28 464 56 67 66 240 525 642 523 104 647 
10 369 13 14 27 62 44 25 68 45 28 464 56 67 66 240 525 642 523 104 647 
10 369 13 14 27 62 44 25 68 45 28 464 56 67 66 240 525 642 523 104 647 
10 369 13 14 27 62 44 25 68 45 28 464 56 67 66 240 525 642 523 104 647 
10 369 13 14 27 62 44 25 68 45 28 464 56 67 66 240 525 642 523 104 647 
10 3 13 14 27 103 12 62 44 25 68 45 28 530 237 67 66 489 7 623 647 
10 3 13 14 27 103 12 62 44 25 68 45 28 530 107 67 66 489 7 623 647 
10 3 13 14 27 103 12 62 44 25 68 45 28 530 237 67 66 489 7 623 647 
10 3 13 14 12 453 27 62 362 25 68 45 28 530 237 67 66 489 7 623 647 
10 3 13 14 12 453 27 62 362 25 68 45 28 530 237 67 66 489 7 623 647 
10 3 13 14 12 453 27 62 362 25 68 45 28 530 237 67 66 489 7 623 647 
10 3 13 14 12 508 27 62 362 25 68 45 28 530 237 67 66 489 7 623 647 
10 3 13 14 142 12 453 27 62 44 68 530 158 67 151 77 7 623 624 633 647 
10 3 13 14 142 12 453 27 62 44 68 530 158 67 151 77 7 623 624 633 647 
3 10 13 142 12 453 27 62 44 68 530 158 67 151 77 7 623 624 633 82 647 
3 10 13 142 12 453 27 62 44 68 530 158 67 151 77 7 623 624 633 82 647 
3 10 13 142 12 453 27 62 44 68 530 158 67 151 77 7 623 624 633 82 647 
3 10 13 142 12 453 27 62 44 68 158 67 151 530 237 77 7 623 624 633 647 
3 10 13 142 12 453 27 62 44 68 151 158 67 530 237 77 7 623 624 633 647 
3 10 13 142 453 103 12 27 62 44 68 530 158 67 151 77 7 623 624 633 647 
10 3 13 14 27 103 12 62 368 158 547 31 237 67 66 489 7 623 624 283 647 
10 3 13 14 27 103 12 62 368 158 547 31 237 67 66 489 7 623 624 283 647 
10 3 13 14 27 103 12 62 368 158 547 31 237 67 66 489 7 623 624 283 647 
10 3 13 14 12 453 27 103 62 368 104 547 245 237 489 67 158 7 623 624 647 
10 3 13 14 453 103 12 27 62 368 104 547 343 237 489 67 158 7 623 624 647 
10 3 13 14 27 103 12 62 368 158 547 31 237 489 67 7 623 624 283 247 647 
10 3 13 14 27 103 12 62 368 158 547 31 237 489 67 7 623 624 283 247 647 
10 3 13 14 27 103 12 62 368 158 547 31 237 489 67 7 623 624 283 247 647 
10 3 13 14 27 103 12 62 368 158 547 31 237 489 67 7 623 624 283 247 647 
10 3 13 14 27 103 12 62 368 158 547 31 237 489 67 7 623 624 283 247 647 
10 3 13 14 27 103 12 62 368 158 547 31 237 489 67 7 623 624 283 247 647 
10 3 13 299 147 103 12 62 368 104 547 31 237 489 67 7 334 624 633 642 647 
10 3 13 299 147 103 12 62 368 104 547 31 237 489 67 7 334 624 633 642 647 
10 3 13 299 147 103 12 62 368 104 547 31 397 489 67 7 334 624 633 642 647 
10 3 13 299 147 103 12 62 368 104 547 31 237 489 67 7 334 624 633 642 647 
3 13 299 122 380 12 87 593 453 62 51 68 530 158 67 7 151 77 82 237 644 
3 13 299 122 380 12 87 593 453 62 51 68 530 158 67 7 151 77 82 237 644 
3 503 299 13 12 453 43 7 185 82 237 306 287 103 31 498 250 637 122 380 644 
3 299 13 12 453 593 503 7 185 82 237 43 306 287 103 31 498 250 637 122 644 
3 503 299 13 12 453 43 7 185 82 237 306 287 103 31 498 250 637 122 380 644 
3 299 13 12 453 593 503 7 185 82 237 43 306 287 103 31 498 250 637 122 644 
3 299 13 12 453 593 503 7 185 82 237 43 501 287 103 31 498 250 637 122 644 
3 503 299 13 12 453 43 7 185 82 237 306 287 103 31 498 250 637 122 380 644 
3 503 299 13 12 453 43 7 185 82 237 306 287 103 31 498 250 637 122 380 644 
3 299 13 12 593 31 379 453 503 7 185 82 237 43 501 287 103 498 250 122 644 
3 299 13 12 453 82 43 31 498 593 503 7 185 490 237 306 287 103 250 637 644 
3 299 13 12 453 82 43 31 498 593 503 7 185 490 237 306 287 103 250 637 644 
3 425 299 13 12 453 43 7 185 82 237 306 287 103 31 498 250 637 122 380 644 
3 299 13 12 453 593 503 7 185 82 237 43 306 260 103 31 498 250 637 122 644 
3 299 13 12 453 593 503 7 185 82 237 43 306 287 103 38 498 250 637 122 644 
3 299 13 12 453 593 503 7 185 82 237 43 306 287 103 38 317 250 637 122 644 
99 299 37 247 12 453 7 185 82 237 165 43 306 287 103 31 498 250 155 180 644 
3 299 13 12 453 77 503 7 185 82 237 43 501 287 103 31 498 250 637 122 644 
10 3 13 14 27 103 12 62 368 158 547 31 237 489 67 7 623 624 283 247 647 
10 369 13 14 27 62 44 25 68 45 28 464 56 501 66 240 525 642 523 104 647 
3 13 299 12 453 77 503 7 484 82 237 43 501 287 103 31 498 250 122 380 644 
10 3 13 14 27 103 12 62 368 158 547 31 237 489 67 7 623 624 283 247 647 
10 3 13 14 12 453 27 103 62 368 104 547 245 237 489 67 158 7 623 624 647 
3 10 13 605 12 453 362 25 27 62 44 68 158 67 151 530 237 77 7 623 644 
