23 24 576 65 101 104 94 413 51 17 96 179 295 340 463 58 465 106 568 570 644 
175 119 527 490 419 198 539 309 182 87 362 299 393 239 142 188 71 562 122 103 646 
175 527 419 198 182 87 362 104 354 239 309 513 517 381 365 636 546 8 490 558 646 
23 101 104 517 239 142 79 513 440 58 489 179 155 463 43 546 195 465 568 558 644 
160 348 527 490 104 539 354 142 419 8 239 593 407 198 500 309 513 517 231 558 646 
188 123 104 517 239 142 79 513 440 58 155 43 179 463 489 546 198 490 558 559 646 
23 101 104 151 440 239 517 513 142 79 504 629 7 169 17 43 365 546 558 559 646 
188 123 104 517 239 142 79 513 440 58 155 43 179 463 489 546 558 559 7 609 644 
456 101 419 198 182 87 362 104 354 239 309 513 517 381 365 636 546 531 558 559 646 
23 368 263 110 101 104 94 348 51 17 96 179 295 102 465 463 58 106 568 570 644 
456 101 104 517 239 142 79 513 440 263 58 489 179 155 463 43 546 558 559 7 646 
123 407 8 500 584 354 571 151 419 175 119 299 393 239 142 188 71 527 79 198 646 
188 123 407 8 500 104 354 239 142 79 151 419 198 169 17 43 244 546 558 119 646 
160 593 407 8 500 104 354 239 309 516 517 419 198 119 490 539 134 87 362 558 646 
188 123 407 8 500 104 354 142 365 609 110 175 119 527 239 79 539 134 263 546 646 
188 104 571 239 123 407 142 309 182 87 362 79 71 556 134 263 615 389 346 422 646 
145 104 571 239 123 407 309 513 142 79 504 629 7 169 17 43 365 546 558 182 646 
188 123 407 8 500 584 354 571 142 151 419 175 119 527 239 79 198 490 539 134 646 
188 123 407 8 500 104 354 142 365 609 110 198 119 490 539 134 87 71 263 239 646 
175 119 527 490 419 198 539 309 182 87 362 263 393 562 122 103 8 104 354 239 646 
188 123 71 419 104 134 263 615 389 97 110 198 119 490 539 473 8 500 354 239 646 
188 8 104 571 239 123 407 500 354 142 79 151 419 198 119 490 539 134 87 362 646 
175 123 71 490 104 539 354 142 419 198 392 134 119 527 8 239 566 79 513 467 646 
188 123 407 8 500 104 354 239 142 79 151 419 198 119 490 539 134 87 362 263 646 
23 101 104 151 440 239 517 513 142 79 504 629 7 58 17 43 365 546 558 559 646 
23 101 104 151 440 239 517 513 142 79 504 629 169 546 7 17 43 244 558 559 644 
188 123 71 490 419 198 104 539 134 263 615 389 97 473 8 500 354 239 142 182 646 
23 101 104 151 440 239 517 513 142 79 58 489 179 155 463 43 546 558 559 7 646 
23 101 104 517 239 142 79 513 120 58 155 43 179 463 489 546 558 559 7 169 644 
175 119 527 8 104 354 239 142 79 539 134 263 419 198 182 7 362 309 513 517 646 
175 119 527 8 104 354 239 142 79 513 7 71 640 195 103 97 151 468 559 307 646 
456 101 104 517 79 513 440 239 142 188 263 58 489 179 141 463 43 546 558 559 646 
23 24 263 418 101 104 94 384 51 17 96 179 463 295 340 465 109 106 568 570 644 
23 101 104 517 239 142 79 513 440 263 58 489 179 155 463 43 546 558 559 169 646 
23 101 263 110 104 517 239 142 79 513 440 318 489 179 155 75 43 546 558 559 644 
23 101 104 517 239 142 79 513 440 58 489 179 155 463 606 546 7 169 558 559 644 
287 101 263 110 104 517 239 142 79 513 440 58 489 179 155 75 291 546 558 559 644 
23 24 263 110 101 104 500 413 51 17 58 96 179 294 290 102 465 106 568 570 644 
23 24 263 110 101 104 94 413 51 17 96 179 463 58 576 102 465 106 568 570 644 
23 24 263 110 101 104 94 413 51 17 96 179 463 58 576 102 465 106 568 570 644 
23 24 263 110 101 104 94 413 458 17 96 179 463 58 576 102 465 106 568 570 644 
23 24 576 110 101 104 94 413 51 263 17 96 179 463 58 102 465 106 568 570 644 
23 24 263 110 101 104 94 413 51 17 96 179 463 58 576 102 465 106 568 570 644 
23 24 263 110 101 104 500 413 51 17 58 96 179 463 290 102 465 106 568 570 644 
23 24 263 110 101 104 500 413 51 17 58 96 179 463 290 102 465 106 568 570 644 
23 24 576 110 101 104 94 413 51 17 96 179 295 340 465 463 50 106 568 570 644 
23 24 576 110 101 104 94 413 51 17 96 179 295 340 465 463 50 106 568 570 644 
23 24 576 110 101 104 94 413 51 17 96 179 295 340 465 463 50 106 568 570 644 
23 16 263 110 101 127 94 413 51 17 96 179 463 58 295 102 465 106 568 570 644 
23 16 263 110 101 127 94 413 51 17 96 179 463 58 295 102 465 106 568 570 644 
23 101 104 517 239 142 79 513 440 17 58 96 489 179 155 463 43 546 558 559 644 
23 101 104 517 239 142 79 513 440 17 58 96 489 179 155 463 43 546 558 559 644 
23 101 104 517 239 142 79 513 440 58 489 179 155 463 43 546 558 559 7 169 644 
23 101 104 517 239 142 79 513 440 58 489 7 169 155 43 179 463 546 558 559 644 
23 101 104 517 239 142 79 513 440 58 489 7 169 155 43 179 463 546 558 559 644 
23 101 104 517 239 142 79 513 440 58 155 43 179 463 489 546 558 559 7 169 644 
23 101 104 517 239 142 79 513 440 58 489 7 169 155 43 179 463 546 558 559 644 
23 101 104 517 239 142 79 513 440 58 169 155 43 179 489 546 558 559 7 463 644 
23 101 104 517 239 142 79 513 440 58 489 7 169 155 43 179 463 546 558 559 644 
23 101 104 517 239 142 79 513 440 58 489 7 169 155 43 179 463 546 558 559 644 
23 101 104 517 239 142 79 513 440 58 489 7 169 155 43 179 463 546 558 559 644 
23 101 104 517 239 142 79 513 440 58 489 155 43 546 558 179 463 559 7 169 644 
23 101 104 517 239 142 79 513 440 58 489 155 43 546 7 169 179 463 558 559 644 
23 101 104 517 239 142 79 513 440 58 489 7 169 155 43 179 463 546 558 559 644 
23 101 104 517 239 142 79 513 440 58 489 7 169 155 43 179 463 546 558 559 644 
23 101 104 517 239 142 79 513 440 58 489 7 169 155 43 179 463 546 558 559 644 
23 101 104 517 239 142 79 513 440 58 489 7 169 155 43 179 463 546 558 559 644 
23 101 104 517 239 142 79 513 440 58 155 43 179 463 489 546 7 169 558 559 644 
23 101 104 517 239 142 79 513 440 58 489 155 43 546 7 169 179 463 558 559 644 
23 101 104 517 239 142 79 513 440 58 155 43 179 463 489 546 558 559 7 169 644 
23 101 104 517 239 142 79 513 440 58 489 7 169 179 155 463 43 546 558 559 644 
23 101 104 517 239 142 79 513 440 58 155 43 179 463 489 7 169 546 558 559 644 
23 101 104 517 239 448 79 513 440 58 489 7 169 155 43 179 463 546 558 559 644 
23 101 104 517 239 142 79 513 440 58 155 489 43 546 7 169 179 463 558 559 644 
23 101 104 517 239 142 79 513 440 58 489 7 169 155 43 179 463 546 558 559 644 
23 101 104 517 239 142 79 513 440 58 489 7 169 155 43 179 463 546 558 559 644 
23 101 104 517 239 142 79 513 440 58 489 7 169 155 43 179 463 546 558 559 644 
23 101 104 517 239 142 79 513 440 58 489 7 169 179 155 463 43 546 558 559 644 
23 101 104 517 239 142 79 513 440 58 155 43 179 489 7 169 463 546 558 559 644 
23 101 104 517 239 142 79 513 440 58 489 155 43 546 558 179 463 559 7 169 644 
23 101 104 517 239 142 79 513 440 58 489 7 169 155 43 179 463 546 558 559 644 
23 101 104 517 239 142 79 513 440 58 489 155 43 546 558 179 463 559 7 169 644 
23 101 104 517 239 142 79 513 440 58 489 7 169 179 88 43 130 546 558 559 644 
23 24 576 110 101 104 94 413 51 17 58 96 179 116 340 465 463 106 568 570 644 
