4 6 23 61 44 178 638 87 397 165 353 518 66 418 65 485 384 629 435 99 646 
14 23 470 22 365 25 29 110 36 68 66 6 60 65 436 78 599 83 95 525 647 
4 6 23 61 242 14 40 22 37 25 29 62 68 60 66 65 465 240 583 588 646 
14 23 40 22 37 25 29 62 44 68 66 65 583 60 133 602 165 620 617 94 647 
4 6 23 44 285 87 14 40 187 25 29 62 369 60 66 37 22 65 583 239 646 
485 353 384 87 239 473 529 578 629 435 99 590 330 593 430 245 326 79 496 100 660 
14 23 470 22 37 25 365 29 62 68 60 66 65 583 93 602 165 626 620 617 647 
4 6 23 61 242 14 40 22 37 25 29 62 68 60 66 65 465 240 602 442 646 
14 23 470 22 365 25 29 110 68 60 66 65 583 93 602 165 626 620 617 6 647 
4 6 23 44 242 25 87 14 40 187 37 343 504 29 62 68 60 66 65 583 646 
14 23 40 22 37 25 29 62 68 60 66 65 583 93 133 602 165 94 620 617 647 
14 23 470 22 365 25 29 62 68 390 6 36 436 60 65 78 599 83 95 525 647 
4 6 23 44 285 87 14 40 187 25 29 62 369 60 66 37 22 65 583 239 646 
14 23 40 22 37 25 29 62 44 68 60 66 65 389 240 117 442 473 620 617 647 
485 353 384 87 239 473 529 578 629 435 99 590 330 593 430 245 326 79 496 100 660 
14 23 40 22 37 25 29 62 68 60 66 65 583 93 133 602 165 94 620 617 647 
14 23 40 22 37 25 29 62 44 68 60 66 65 59 240 602 442 473 620 617 647 
14 23 40 22 37 25 29 62 44 68 66 65 583 60 133 602 165 94 620 617 647 
4 6 23 44 285 87 14 40 187 25 29 62 369 60 66 37 329 65 583 577 646 
14 23 40 22 37 25 29 62 44 68 60 66 65 389 240 137 442 473 620 617 647 
14 23 470 22 37 25 29 365 62 68 66 299 60 65 630 78 599 83 95 525 647 
14 23 40 416 37 25 29 62 44 68 60 66 65 389 240 602 442 473 620 617 647 
14 23 40 22 37 25 29 62 44 68 60 66 65 583 128 602 165 499 620 617 647 
4 6 23 61 242 14 40 22 37 25 29 62 482 60 66 65 465 240 602 442 646 
14 23 40 22 37 25 29 62 44 68 60 66 65 59 240 602 442 473 620 617 647 
14 23 470 22 365 25 29 62 68 60 66 65 583 93 602 165 626 620 617 6 647 
14 23 40 22 305 25 29 62 68 60 66 65 583 93 602 165 473 620 617 526 647 
4 6 266 384 233 44 61 178 638 87 25 165 353 518 66 418 65 485 326 629 646 
547 87 99 564 66 384 239 319 513 473 188 326 558 304 141 15 474 529 578 479 660 
14 23 470 22 37 25 29 365 62 68 66 6 60 65 630 78 599 83 95 525 647 
14 23 40 22 37 25 29 62 585 60 66 65 389 439 602 442 473 620 617 436 647 
14 23 470 22 365 25 29 62 68 60 66 65 583 93 602 165 626 620 617 6 647 
14 23 40 22 37 25 29 62 68 60 66 65 583 93 602 165 473 620 617 526 647 
14 23 470 22 37 25 29 365 62 68 66 6 60 65 630 78 599 83 95 525 647 
4 6 266 384 233 44 61 178 638 87 25 165 353 518 66 418 65 485 326 629 646 
4 6 23 61 242 14 40 22 37 25 29 62 482 60 66 65 465 240 602 442 646 
4 6 23 44 285 87 14 40 187 25 29 62 369 60 66 37 22 65 583 577 646 
87 40 15 474 239 326 99 473 529 578 485 353 384 629 435 631 330 593 564 245 660 
14 23 40 22 37 25 29 62 585 60 66 65 389 439 602 442 473 620 617 436 647 
4 6 23 44 285 87 14 40 187 25 29 62 369 60 66 37 22 65 583 577 646 
14 23 40 416 37 25 29 62 44 68 60 66 65 389 240 602 442 473 620 617 647 
4 6 23 44 61 178 638 87 397 165 353 518 66 418 65 485 384 629 435 99 646 
14 23 40 22 37 25 29 62 44 68 60 72 65 583 93 602 165 473 620 617 647 
485 353 384 87 629 435 99 473 590 330 593 564 245 326 79 496 100 305 639 106 658 
14 23 470 22 365 25 298 62 68 66 6 36 436 60 65 78 599 83 95 525 647 
4 6 380 44 61 178 25 165 353 518 87 66 562 577 428 65 389 591 300 96 646 
14 23 40 22 37 25 29 62 44 68 60 66 65 389 240 602 442 473 620 617 647 
485 353 384 87 629 435 99 473 590 330 593 430 245 326 79 496 100 305 639 106 658 
547 87 210 629 239 326 99 473 384 474 407 478 513 82 558 304 467 299 529 578 660 
14 23 470 22 365 25 29 62 68 66 6 36 436 60 65 78 599 83 95 525 647 
485 353 384 87 629 435 99 473 590 330 593 564 245 326 79 496 100 305 639 106 658 
87 40 15 474 239 473 529 578 326 558 304 210 245 165 353 163 479 547 559 584 660 
14 23 40 22 37 25 29 62 546 60 66 65 389 240 602 442 473 620 617 436 647 
183 609 384 452 474 239 473 529 578 326 558 304 479 210 245 87 629 99 145 165 660 
485 353 384 435 474 239 473 529 578 326 558 304 479 210 245 87 629 99 631 330 660 
4 6 23 61 242 14 40 22 37 25 29 62 68 60 66 65 465 240 602 442 646 
4 6 23 44 61 178 638 87 25 165 353 518 68 60 66 65 389 240 418 485 646 
14 23 40 22 37 25 29 62 68 60 66 65 583 133 602 165 94 620 617 436 647 
66 239 266 384 87 629 513 473 188 326 558 304 245 165 353 163 479 547 559 210 660 
66 239 566 384 87 629 513 473 188 326 558 304 245 165 353 163 479 547 559 474 660 
14 23 470 22 365 25 29 62 68 66 6 36 350 60 65 34 599 83 95 525 647 
445 353 239 384 87 629 513 473 188 326 558 304 479 210 245 99 474 294 266 559 660 
14 23 40 22 37 25 29 62 44 68 60 66 65 389 240 602 442 473 620 617 647 
87 40 15 474 239 326 99 473 529 578 558 304 210 245 165 353 163 479 547 559 660 
14 23 40 22 37 25 29 62 44 68 66 65 583 128 602 165 499 620 617 436 647 
14 23 40 22 37 25 29 62 68 60 66 65 583 133 602 165 94 620 617 436 647 
485 353 384 87 629 435 99 473 631 330 593 564 245 326 79 496 100 305 639 106 658 
14 23 40 22 37 25 29 62 546 60 66 65 389 240 602 442 473 620 617 436 647 
547 87 210 629 239 326 99 473 384 474 407 478 513 82 558 304 467 299 529 578 660 
183 266 384 452 474 239 473 529 578 326 558 304 479 210 245 87 629 99 145 165 660 
4 6 23 44 61 178 638 87 25 165 353 518 66 418 65 485 326 629 435 99 646 
547 40 87 629 239 326 99 473 384 513 474 188 478 304 467 176 529 578 558 479 660 
4 6 23 44 61 178 638 87 25 165 353 518 66 418 65 485 384 629 435 99 646 
14 23 470 22 365 25 29 62 68 66 6 37 60 65 436 78 599 83 95 525 647 
66 239 266 384 87 629 513 473 188 326 558 304 245 165 353 163 479 547 559 210 660 
14 23 40 22 37 25 29 62 44 68 66 65 583 128 602 165 499 620 617 436 647 
4 6 23 44 242 25 87 14 40 187 37 343 504 29 62 68 60 66 65 583 646 
547 87 210 629 239 326 99 473 384 513 474 407 478 304 467 299 529 578 558 40 660 
14 23 40 22 37 25 29 62 68 60 66 65 389 240 602 442 473 620 617 436 647 
14 23 40 22 37 25 29 62 585 60 66 65 389 439 602 442 473 620 617 436 647 
14 23 470 22 365 25 29 62 68 66 6 37 60 65 436 78 599 83 95 525 647 
14 23 470 22 365 25 29 62 68 66 6 36 436 60 65 78 599 83 95 525 647 
14 23 40 22 37 25 29 62 68 60 66 65 583 93 602 165 473 620 617 436 647 
4 6 23 44 61 178 638 87 25 165 353 518 66 418 65 259 547 300 280 453 646 
14 23 40 22 37 25 29 62 68 60 66 65 583 93 602 165 473 620 617 436 647 
66 239 266 384 87 629 513 473 188 326 45 105 432 470 479 210 245 355 517 558 646 
318 353 239 384 87 629 513 473 188 326 558 304 479 210 245 99 474 294 266 559 660 
485 353 384 87 629 435 99 473 631 330 593 564 245 326 79 496 100 305 639 106 658 
14 23 470 22 365 25 29 62 68 66 6 36 436 60 65 34 599 83 95 525 647 
87 40 15 474 239 473 529 578 326 558 304 210 245 165 353 163 479 547 559 584 660 
14 23 40 22 37 25 29 62 68 60 66 65 389 240 602 442 473 620 617 436 647 
4 6 23 61 178 638 87 25 165 353 518 66 418 65 259 547 300 280 228 492 646 
66 266 384 344 629 239 99 473 45 105 467 244 513 82 558 304 107 188 111 559 660 
14 23 470 22 365 25 29 62 68 66 6 36 436 60 65 34 599 83 95 525 647 
485 353 384 87 629 435 99 473 631 330 593 564 245 326 79 496 100 305 639 106 658 
547 87 99 564 66 384 239 319 513 473 188 326 558 304 40 15 474 529 578 479 660 
547 87 99 564 66 239 629 473 384 513 474 188 478 558 304 479 40 15 529 578 660 
66 266 384 344 629 239 99 473 45 105 467 244 513 82 558 304 107 188 111 559 660 
4 6 23 61 178 638 87 25 165 353 518 66 418 65 259 547 300 280 99 492 646 
66 239 266 384 87 629 513 473 188 326 45 105 432 304 479 210 245 355 517 558 646 
