9 528 1 67 498 20 559 24 31 49 466 39 89 57 102 642 291 578 104 78 19 549 91 647 
640 25 1 5 64 87 39 105 548 91 76 611 20 534 61 571 84 558 94 351 98 652 
25 172 124 139 35 255 29 115 229 102 567 643 233 96 5 546 66 433 470 110 676 
75 210 168 459 30 43 14 4 280 245 630 171 120 405 418 59 128 189 70 321 676 
643 409 203 125 622 476 497 619 118 41 247 432 312 158 119 5 96 11 75 553 644 
246 199 342 263 457 421 452 643 380 218 417 14 177 436 136 84 10 517 352 388 670 
289 30 13 49 228 118 423 508 59 85 542 642 298 34 53 381 317 202 374 38 31 665 
384 262 87 59 99 167 8 136 567 275 581 148 641 228 198 103 161 49 569 417 650 
12 52 62 43 17 557 168 624 239 359 246 566 83 299 642 128 336 536 139 185 676 
427 74 505 569 285 624 191 43 239 368 250 41 259 103 81 236 396 351 615 162 676 
487 35 643 144 175 11 502 83 223 398 361 123 525 96 295 53 102 526 275 321 676 
70 133 613 1 8 23 625 156 54 99 30 62 65 526 68 35 633 66 12 570 222 676 
14 640 218 2 435 537 275 322 44 389 164 21 74 241 29 4 26 523 553 60 647 
300 11 159 121 85 76 67 423 66 612 65 255 571 172 584 626 615 312 223 574 676 
249 82 115 50 236 138 254 643 332 157 323 75 509 7 217 275 149 73 375 392 675 
435 312 154 601 440 91 643 448 364 155 176 617 317 200 518 266 497 641 451 31 257 97 663 
48 234 422 518 637 233 294 97 541 316 152 577 480 643 10 120 108 636 567 472 670 
643 581 449 586 146 276 456 49 356 106 532 552 245 505 348 527 318 110 254 37 105 670 
643 25 327 10 99 62 83 196 176 453 125 131 2 261 170 459 602 588 642 633 662 
168 643 367 242 55 457 584 591 414 589 70 285 156 170 538 355 435 483 586 366 654 
643 389 124 210 364 381 468 282 316 38 568 624 462 411 155 123 432 470 81 80 644 
194 533 479 359 124 214 57 367 136 190 11 78 363 215 580 480 352 116 77 61 676 
241 543 643 229 352 252 164 160 19 99 600 43 51 433 388 224 593 174 484 351 5 675 
34 71 189 293 110 197 317 510 28 4 141 511 281 222 601 134 258 5 354 461 232 644 
293 216 459 190 517 317 16 211 75 50 8 515 255 7 435 108 388 80 43 129 81 676 
420 23 552 382 76 26 60 542 211 643 347 613 619 14 57 349 220 521 15 184 676 
