351 4 318 337 391 65 73 94 52 328 278 77 79 141 332 43 380 217 161 431 247 644 
247 382 643 345 228 471 411 485 116 600 469 266 508 564 478 163 536 108 8 438 657 
331 8 1 92 201 487 121 105 28 328 493 485 488 548 462 246 125 583 311 52 676 
408 643 177 484 155 330 182 34 227 352 615 278 29 302 363 510 589 112 421 3 676 
7 57 124 197 164 9 240 489 224 60 52 320 217 640 350 162 609 255 422 326 662 
196 392 120 222 18 10 119 179 245 70 151 476 642 28 515 156 104 41 9 77 66 654 
127 482 484 232 447 236 61 96 314 193 278 444 543 643 176 535 226 250 212 126 663 
43 132 57 227 138 70 297 234 643 261 62 546 255 76 600 266 281 104 161 633 676 
234 6 133 58 107 183 539 11 463 165 75 189 282 55 65 82 105 337 66 553 676 
254 37 97 123 139 392 404 256 221 332 569 601 343 251 643 185 106 469 19 164 5 662 
24 102 54 11 101 341 97 466 522 133 115 436 312 118 110 430 564 169 546 398 676 
23 82 37 54 76 5 3 104 197 101 452 13 211 556 134 481 279 413 274 203 676 
50 95 148 26 77 274 369 242 119 202 580 624 456 520 354 523 39 441 522 609 676 
444 393 16 114 210 32 113 237 538 350 612 455 266 79 125 496 394 519 386 324 471 263 649 
83 24 77 19 52 188 71 38 43 127 89 50 466 585 66 545 603 495 511 336 676 
643 413 284 559 445 41 142 359 490 28 140 31 379 217 487 100 398 236 581 286 646 
643 216 119 354 500 444 434 232 472 410 343 616 310 13 7 369 340 397 358 277 648 
138 123 141 371 643 218 9 247 52 250 537 623 121 190 383 188 519 637 304 480 660 
306 112 337 69 565 185 369 155 29 70 146 462 547 331 4 396 610 390 209 615 676 
6 64 606 95 557 247 25 14 44 80 165 385 251 224 550 381 624 572 274 17 121 676 
24 94 145 26 102 98 31 401 66 309 318 277 181 94 333 396 156 208 492 554 676 
181 14 176 29 39 76 16 219 521 172 411 313 309 610 561 307 337 516 459 465 676 
6 38 257 277 11 643 384 415 131 331 280 217 410 234 19 367 289 581 386 533 676 
46 65 195 292 89 490 643 370 193 559 208 396 66 114 10 623 361 347 125 546 676 
