409 328 416 162 113 421 307 294 373 104 304 593 178 142 547 49 214 468 365 97 129 645 
637 24 102 116 66 105 547 460 186 143 104 239 415 354 546 73 49 558 575 85 646 
2 61 9 11 25 13 383 562 10 27 34 26 57 138 58 442 66 465 17 77 647 
547 264 102 116 194 598 28 96 30 640 377 427 97 5 167 104 239 546 558 163 645 
2 61 9 11 25 13 10 58 27 34 120 105 368 66 575 401 189 77 352 45 647 
2 61 9 11 25 13 383 10 27 34 190 57 138 58 80 66 465 17 77 120 647 
409 328 416 162 30 421 307 294 373 547 129 505 37 104 200 593 142 365 97 239 447 645 
637 24 102 116 66 105 28 30 377 17 104 529 365 97 239 167 37 85 546 323 558 645 
409 598 416 162 421 42 9 328 30 640 427 97 474 167 104 239 546 558 163 338 645 
264 116 102 96 547 336 66 105 625 30 640 427 97 474 263 104 377 194 239 546 558 645 
547 264 102 116 66 105 28 96 30 640 427 97 474 167 104 377 194 239 546 558 645 
2 515 9 11 25 421 198 24 10 26 57 58 395 66 87 272 327 77 93 550 647 
2 61 9 11 25 13 10 58 34 466 383 27 245 57 138 80 66 465 17 77 647 
2 61 9 11 25 13 10 58 27 34 120 105 368 66 465 401 189 77 352 45 647 
637 625 102 96 547 336 180 161 303 369 85 546 337 427 97 5 167 104 239 49 558 645 
409 332 416 162 421 427 629 373 37 30 104 129 390 34 547 49 214 112 365 97 239 645 
2 515 9 11 25 27 421 35 10 30 57 58 120 173 465 17 327 66 77 93 647 
637 24 162 116 66 105 547 211 303 369 161 104 239 85 148 427 546 73 49 558 646 
409 332 416 162 489 427 629 373 37 30 104 129 390 34 547 49 214 112 365 97 239 645 
409 332 416 162 30 294 307 593 42 547 447 178 9 328 129 161 104 365 97 239 85 645 
354 217 102 116 66 105 547 211 186 143 104 239 85 77 546 551 393 558 163 9 646 
547 264 102 116 66 105 625 96 30 640 427 97 474 263 104 377 194 239 546 558 646 
409 598 102 116 66 105 547 211 186 143 104 239 447 75 546 551 393 558 163 416 646 
409 328 102 116 66 105 547 211 186 143 104 239 85 317 546 551 393 558 416 162 646 
409 328 102 116 66 105 547 639 186 143 104 239 85 317 546 551 393 558 416 162 646 
2 515 9 11 25 421 34 10 58 27 225 105 368 66 465 17 120 77 352 45 647 
409 598 416 162 421 42 9 328 30 640 427 97 474 167 104 239 546 581 163 338 645 
637 24 102 116 66 105 547 211 186 143 104 239 447 75 546 551 393 558 163 466 646 
2 61 9 11 25 13 10 58 34 120 105 368 66 465 401 327 27 77 425 45 647 
409 328 416 162 113 421 307 294 373 547 104 129 200 377 17 239 546 598 338 55 332 645 
409 373 416 162 421 42 9 328 30 640 427 97 474 167 104 239 129 294 505 593 645 
354 217 102 116 66 105 547 211 186 160 161 104 239 143 85 77 546 551 393 558 646 
2 61 9 11 25 421 10 13 138 34 26 57 58 80 66 465 17 77 485 120 647 
2 515 9 11 25 421 34 10 58 27 225 120 105 631 66 465 53 77 352 45 647 
2 515 9 11 25 421 198 24 10 26 57 87 80 272 58 327 66 77 93 550 647 
2 515 9 11 25 421 198 24 10 26 57 87 80 272 58 327 66 77 93 550 647 
2 515 9 11 25 421 198 24 10 26 57 87 80 272 58 327 66 77 93 550 647 
2 61 9 11 25 13 383 10 27 34 26 57 138 58 80 327 66 77 93 465 647 
2 61 9 11 25 13 383 10 27 34 26 57 138 58 80 327 66 77 93 465 647 
2 515 9 11 25 27 421 10 138 26 57 58 80 66 465 17 77 120 105 93 647 
2 515 9 11 25 27 421 10 138 26 57 58 80 66 465 17 77 120 105 93 647 
2 515 9 11 25 27 421 10 138 26 57 58 80 66 465 17 77 120 105 93 647 
2 515 9 11 25 27 421 10 138 26 57 58 80 66 465 17 77 120 105 93 647 
2 320 9 11 25 27 421 10 138 26 57 58 80 66 465 17 77 120 105 93 647 
2 506 9 11 25 27 421 10 138 26 57 58 80 66 465 17 77 120 105 93 647 
2 61 9 11 25 562 13 383 10 27 34 26 57 138 58 390 66 465 17 77 647 
2 61 9 11 25 562 13 10 27 383 34 26 57 138 58 390 66 465 17 77 647 
2 61 9 11 25 13 562 10 27 383 34 26 57 176 58 390 66 465 17 77 647 
2 61 9 11 25 421 10 13 138 34 26 57 58 80 66 465 17 77 120 170 647 
2 61 9 11 25 421 10 13 138 34 26 57 58 80 66 465 17 77 120 170 647 
2 61 9 11 25 421 10 13 138 34 26 57 58 80 66 465 17 77 120 170 647 
2 61 9 11 25 421 10 13 138 34 26 57 58 80 66 465 17 77 120 170 647 
2 61 9 11 25 421 10 13 138 34 26 57 58 80 66 465 17 77 120 170 647 
2 61 9 11 25 421 34 10 58 13 138 26 57 80 66 465 515 77 120 170 647 
2 61 9 11 25 421 34 10 58 13 138 26 57 80 66 465 515 77 120 170 647 
2 61 9 11 25 421 34 10 58 13 138 26 57 80 66 465 515 77 120 170 647 
2 515 61 9 11 25 421 34 10 58 13 138 26 57 80 66 465 77 120 170 647 
2 61 9 11 25 13 383 10 27 34 26 137 138 58 80 66 465 17 77 120 647 
2 61 9 11 25 13 383 10 27 34 26 137 138 58 80 66 465 17 77 120 647 
2 61 9 11 25 13 383 10 27 34 26 137 138 58 80 66 465 17 77 120 647 
2 515 9 11 25 27 421 35 10 30 57 58 120 294 465 17 327 66 77 93 647 
2 515 9 11 25 27 421 35 10 30 57 58 120 294 465 17 327 66 77 93 647 
2 61 9 11 25 13 10 58 34 466 62 368 66 465 389 327 27 77 352 45 647 
2 61 9 11 25 13 10 58 34 466 62 368 66 465 389 327 27 77 352 45 647 
2 61 9 11 25 13 10 58 34 120 105 623 66 465 401 327 27 77 352 45 647 
2 61 9 11 25 13 10 58 34 120 105 623 66 465 401 327 27 77 352 45 647 
2 515 9 11 25 421 34 10 58 27 225 120 105 368 66 465 53 77 352 45 647 
2 515 9 11 25 421 34 10 58 27 225 120 105 368 66 465 53 77 352 45 647 
2 515 9 11 25 421 34 10 58 27 225 120 105 368 66 465 53 77 352 45 647 
2 515 9 11 25 421 34 10 58 27 225 120 105 368 66 465 53 77 352 45 647 
2 515 9 11 25 421 34 10 58 27 225 120 105 368 66 465 53 77 352 45 647 
2 515 9 11 25 421 34 10 58 27 225 120 105 368 66 465 53 77 352 45 647 
2 515 9 11 25 421 34 10 58 27 225 120 105 368 66 465 53 77 485 45 647 
2 515 9 11 25 421 34 10 58 27 225 120 105 368 66 465 53 77 485 45 647 
2 515 9 11 25 421 34 10 58 27 225 120 105 368 66 465 53 77 485 45 647 
2 515 9 11 25 421 34 10 58 27 305 120 105 368 66 465 53 77 485 45 647 
2 543 9 11 25 421 34 10 58 27 225 120 105 368 66 465 53 77 485 45 647 
336 24 102 116 66 105 547 211 224 143 104 239 146 44 546 551 77 558 163 466 646 
336 24 102 116 66 105 547 211 224 143 104 239 146 44 546 551 77 558 163 466 646 
336 24 102 116 66 105 547 211 224 143 104 239 146 44 546 551 77 558 163 466 646 
336 24 102 116 66 105 547 211 224 143 104 239 146 44 546 551 77 558 163 466 646 
336 24 102 116 66 105 547 211 224 143 104 239 146 44 546 551 77 558 163 466 646 
336 24 102 116 66 105 547 211 224 143 104 239 146 44 546 551 77 558 163 466 646 
336 24 102 116 66 105 547 211 224 362 104 239 146 44 546 551 77 558 163 466 646 
336 24 102 116 66 105 547 211 224 143 104 239 388 44 546 551 77 558 163 466 646 
637 24 102 116 66 105 547 211 186 143 104 239 85 77 546 551 393 558 589 466 646 
637 24 102 419 66 105 547 211 186 143 104 239 85 77 546 551 393 558 589 466 646 
637 24 102 116 66 105 547 211 186 143 104 239 85 77 546 551 393 558 163 466 646 
637 24 102 116 66 105 547 211 186 143 104 239 85 77 546 551 393 558 163 466 646 
637 24 102 629 66 105 547 211 186 143 104 239 85 77 546 551 393 558 163 466 646 
637 24 102 116 66 105 547 211 186 143 104 239 382 77 546 551 393 558 163 466 646 
637 24 102 116 66 105 547 211 186 143 104 239 85 77 546 551 153 558 163 466 646 
637 24 102 116 66 105 547 211 186 143 104 239 85 77 546 551 393 558 163 466 646 
637 24 102 116 66 105 547 211 186 143 104 239 85 77 546 551 393 558 163 466 646 
637 24 102 116 66 105 547 211 186 143 104 239 382 77 546 551 256 558 163 466 646 
637 24 102 116 66 105 547 211 186 143 104 239 85 77 546 312 393 558 163 466 646 
637 24 102 116 66 105 547 211 186 143 104 239 85 77 546 312 393 558 163 466 646 
637 24 102 116 66 105 547 211 186 143 104 239 85 77 546 312 393 558 163 466 646 
409 598 416 162 421 42 9 30 640 427 97 474 490 328 129 161 104 167 239 546 558 645 
409 598 416 162 421 42 9 30 640 427 97 474 490 328 129 161 104 167 239 546 558 645 
