2 10 22 24 206 142 33 383 520 439 384 57 247 349 3 488 2 526 590 216 673 
415 225 234 119 643 248 217 527 318 598 163 451 166 6 7 332 506 423 327 343 10 28 670 
45 418 180 501 81 8 129 643 485 164 67 336 487 154 509 53 480 560 111 450 671 
78 33 399 317 66 77 144 612 562 20 226 367 521 121 620 125 102 142 74 10 113 676 
276 53 145 254 156 529 452 9 229 75 435 185 101 161 577 105 96 559 168 381 676 
214 226 218 9 257 3 270 174 97 607 6 368 11 374 389 643 163 633 304 284 676 
80 66 102 143 185 392 262 101 256 157 534 642 358 408 352 359 355 604 525 552 676 
239 584 355 458 576 4 105 599 500 271 343 13 81 382 643 30 224 340 400 6 7 644 
643 319 292 172 283 509 576 187 85 410 355 496 161 391 471 418 152 42 194 254 371 670 
374 173 378 188 53 319 586 147 401 300 226 199 3 518 311 643 257 341 301 149 271 157 129 150 15 670 
25 4 21 104 8 41 76 301 604 113 70 160 367 556 298 431 522 267 499 156 676 
168 16 512 138 233 481 417 394 389 239 207 211 374 443 513 209 612 43 11 29 676 
331 396 643 282 227 69 466 193 625 454 559 601 3 4 2 462 45 387 173 273 676 
102 47 643 603 171 329 635 559 523 24 575 570 162 579 540 315 617 568 453 58 676 
183 164 295 38 303 567 638 516 566 291 470 222 643 91 37 184 51 45 79 265 670 
264 603 622 112 175 13 325 500 611 359 240 69 107 185 585 158 322 586 56 219 668 
232 31 105 49 258 80 7 5 4 424 615 122 516 60 219 211 520 198 266 334 676 
44 6 179 61 66 348 430 316 389 583 527 159 277 162 112 535 559 3 530 397 676 
197 511 268 253 500 69 7 514 131 477 81 300 139 127 413 12 335 240 276 18 8 660 
233 632 304 12 122 643 105 338 279 5 74 6 184 551 352 623 283 211 546 170 676 
600 102 14 569 642 223 5 125 260 61 54 174 512 340 147 286 256 242 109 50 668 
201 309 76 4 203 179 284 77 199 40 149 247 108 390 371 452 145 392 307 144 676 
70 78 105 77 515 378 76 83 156 228 274 611 294 503 79 8 1 457 101 472 676 
66 342 120 512 252 56 350 643 69 107 276 42 194 70 11 466 490 4 115 546 676 
71 516 79 419 154 290 160 75 318 483 436 161 157 198 474 122 392 193 149 126 59 651 
27 88 65 209 148 452 642 58 178 465 269 305 619 2 396 160 615 139 576 11 676 
41 142 588 305 439 643 200 409 419 220 245 369 348 190 9 123 332 259 383 109 7 670 
