593 543 569 575 232 491 564 395 249 207 473 19 530 254 40 16 55 148 292 327 660 
24 46 89 95 559 68 464 463 345 25 72 633 83 90 550 263 572 441 51 595 673 
24 46 89 95 559 68 464 463 345 25 72 633 83 90 550 263 572 441 51 595 673 
593 543 569 575 232 491 564 395 249 207 473 19 289 254 40 16 55 148 292 327 660 
593 575 232 564 450 543 569 221 491 571 395 249 207 473 19 530 40 16 55 148 660 
2 13 10 307 251 180 22 28 621 25 72 84 544 29 319 83 24 46 89 95 652 
24 46 89 95 559 68 464 463 502 555 534 606 595 589 564 69 573 405 592 610 673 
24 46 89 95 559 68 464 463 502 572 441 526 595 589 215 471 168 101 592 610 673 
24 46 89 95 559 68 464 463 345 25 554 28 83 90 550 263 572 441 51 595 673 
2 13 10 307 251 180 22 28 621 25 72 84 544 29 640 83 24 5 89 95 652 
24 46 89 95 559 68 464 463 502 555 615 526 595 589 564 69 573 101 592 610 673 
24 46 72 95 559 68 464 463 345 25 554 28 321 90 550 263 572 441 51 595 673 
24 46 498 39 37 25 426 113 2 29 72 84 28 83 96 463 90 101 592 610 673 
22 84 10 530 79 2 48 29 37 25 72 28 83 90 633 60 201 610 101 592 652 
2 290 10 135 267 22 43 25 573 3 60 91 96 28 83 56 90 101 592 610 652 
24 562 22 498 29 113 2 28 56 25 72 84 544 83 150 463 90 101 592 610 652 
24 407 498 22 113 29 2 37 25 28 64 72 84 83 96 463 90 101 592 610 652 
24 407 498 22 113 29 2 37 25 28 64 72 84 83 96 463 90 101 592 610 652 
24 407 498 22 113 29 2 37 25 64 72 84 28 83 96 463 90 101 592 610 673 
24 46 89 95 60 68 464 463 345 25 72 84 28 83 96 90 550 263 572 441 673 
2 178 10 307 272 94 471 29 530 367 58 37 43 152 25 96 60 91 483 610 646 
2 290 10 135 243 22 43 25 473 3 60 91 96 28 83 610 387 602 61 623 652 
24 407 498 22 113 29 2 37 25 28 544 72 84 83 542 463 90 101 592 610 652 
2 290 10 307 251 58 375 292 225 218 633 339 16 352 60 543 30 642 187 576 646 
2 290 10 135 267 22 43 25 221 3 60 336 28 83 139 481 387 88 455 623 652 
24 330 137 22 113 29 2 37 25 28 72 84 544 83 96 463 90 101 592 610 673 
24 46 498 39 37 25 426 113 2 29 72 84 28 83 96 463 90 101 592 610 673 
2 13 10 307 251 180 22 28 621 25 72 84 544 29 640 83 24 46 89 95 652 
24 46 89 95 559 68 464 463 345 25 554 28 83 90 550 263 572 441 51 595 673 
24 46 89 95 559 68 464 463 502 555 534 526 595 589 564 69 573 405 592 610 673 
2 178 10 307 539 251 58 375 292 225 218 633 79 312 286 60 343 482 642 303 646 
2 195 543 13 10 382 186 449 49 135 3 60 340 96 28 83 84 639 61 623 652 
24 46 89 95 60 68 464 463 345 25 91 72 84 28 83 96 90 550 263 572 673 
394 593 569 2 249 58 542 292 225 79 16 589 462 286 60 343 482 642 303 556 646 
2 357 10 135 267 290 22 43 25 573 201 60 91 96 28 83 56 90 101 592 652 
22 84 10 530 79 2 48 29 575 25 72 28 83 90 168 60 503 610 101 592 652 
2 357 10 135 267 22 43 25 221 3 60 91 280 28 83 610 387 88 455 623 652 
232 505 260 590 314 491 564 395 249 207 473 593 543 569 221 114 19 530 145 148 660 
2 290 10 135 243 22 43 25 473 3 60 595 96 28 83 610 387 602 61 623 652 
593 575 232 450 314 491 564 395 249 207 473 569 221 571 19 530 40 16 55 148 660 
2 539 10 307 251 58 375 292 225 218 633 79 462 286 343 60 201 610 482 642 646 
2 290 10 135 243 22 43 25 473 3 60 595 19 28 83 610 387 602 61 623 652 
24 46 22 498 29 113 2 28 56 25 72 84 570 83 150 463 90 101 592 610 652 
2 539 10 307 251 58 375 292 225 218 633 329 462 286 435 60 201 610 482 642 646 
24 46 89 95 559 68 464 463 502 555 48 526 595 589 564 69 573 101 592 610 673 
24 46 22 498 29 113 2 28 56 25 72 84 544 83 150 463 90 101 592 610 652 
24 46 89 95 559 68 464 463 502 555 80 526 595 589 489 69 422 166 592 610 673 
2 290 10 135 267 22 43 25 221 468 60 336 28 83 139 481 387 88 455 623 652 
4 593 543 569 2 249 114 212 221 105 558 19 530 258 13 14 201 148 556 181 660 
24 46 22 498 29 113 2 28 56 25 72 84 544 83 150 463 90 101 592 610 652 
2 290 10 135 267 22 43 25 221 3 60 140 96 28 83 56 90 101 592 610 652 
232 517 543 569 221 249 114 395 381 473 558 19 530 258 40 123 201 589 105 556 660 
2 13 10 382 22 249 49 135 3 60 340 96 28 83 84 195 639 61 623 27 652 
2 195 118 13 10 382 22 449 49 135 3 60 340 619 28 83 84 639 61 623 652 
232 505 260 590 593 543 569 221 491 114 395 249 207 19 530 473 145 148 556 292 660 
2 178 10 307 272 94 471 29 530 367 58 37 43 152 25 96 60 477 483 610 646 
232 505 438 590 593 543 569 221 491 114 395 249 207 473 19 530 145 422 292 479 660 
24 224 137 22 113 29 2 37 25 28 72 84 544 83 96 463 90 101 592 610 673 
232 517 543 569 221 114 381 395 249 473 558 19 530 258 281 16 201 589 142 556 660 
2 290 10 135 267 22 43 25 221 3 60 91 96 28 83 56 90 101 592 610 652 
232 195 543 569 221 105 114 395 249 392 473 558 19 530 511 148 292 16 201 556 660 
2 290 10 135 267 22 43 25 573 3 60 298 96 28 83 56 90 101 592 610 652 
232 505 438 590 221 114 395 511 249 207 473 19 530 258 558 40 16 201 148 556 660 
4 593 543 569 2 249 114 508 221 105 558 589 258 19 530 13 14 201 148 556 660 
2 357 10 135 267 290 22 43 25 573 201 60 91 96 28 83 56 90 101 592 652 
24 46 89 95 559 68 464 463 502 555 80 526 595 589 489 69 168 166 592 610 673 
2 178 10 307 272 94 471 215 530 367 58 37 625 152 25 50 60 109 483 610 646 
2 178 10 307 272 94 471 215 530 295 58 37 43 152 25 50 60 109 483 610 646 
2 290 10 135 243 22 43 25 473 3 60 91 96 28 83 610 387 70 61 623 652 
2 13 10 135 272 271 449 3 60 91 340 28 84 83 96 362 109 116 61 623 652 
2 290 10 307 251 58 375 292 225 218 633 79 352 60 543 30 642 16 201 187 646 
24 46 72 95 559 68 464 463 345 25 554 28 321 90 550 263 572 441 51 595 673 
24 46 89 95 559 68 464 463 502 555 534 606 595 589 564 69 573 405 592 610 673 
232 304 195 121 221 577 249 114 529 381 301 558 19 530 254 40 428 201 148 556 660 
24 46 72 95 559 68 464 463 345 25 554 28 83 90 550 263 572 441 51 595 673 
232 505 260 590 593 543 569 221 491 114 395 249 207 19 530 473 145 148 556 292 660 
318 10 135 292 2 3 25 80 454 58 384 19 264 91 277 589 60 543 30 642 646 
2 357 10 135 267 22 43 25 221 3 60 91 280 28 83 610 387 88 455 623 652 
318 10 135 292 2 3 25 80 454 58 384 19 22 91 277 589 60 543 30 642 646 
2 290 10 135 267 22 43 25 221 3 60 336 28 83 139 481 387 88 455 623 652 
232 505 438 590 221 114 395 511 249 207 473 19 530 258 558 40 16 201 148 556 660 
232 505 438 590 221 114 395 105 249 207 473 19 530 258 558 40 16 201 148 556 660 
232 517 543 569 221 249 114 395 381 473 558 19 530 167 40 16 201 589 105 556 660 
232 304 195 121 221 577 249 114 529 381 301 558 19 530 254 40 428 201 148 556 660 
232 517 543 569 221 114 381 395 249 473 558 19 530 258 239 16 201 589 142 556 660 
2 290 10 135 243 22 43 25 473 3 60 91 96 28 83 610 387 602 61 623 652 
2 290 10 135 243 22 43 25 473 3 60 91 96 28 83 610 387 70 61 623 652 
24 46 89 95 559 68 464 463 502 572 441 526 595 589 215 471 168 101 592 610 673 
318 10 135 292 2 3 25 80 454 58 384 19 151 91 277 589 60 543 30 642 646 
24 46 72 95 559 68 464 463 345 25 554 28 83 90 550 263 572 441 51 595 673 
24 562 22 498 29 113 2 28 56 25 72 84 544 83 150 463 90 101 592 610 652 
318 10 135 292 2 3 25 80 454 58 384 19 22 91 277 589 60 543 30 642 646 
24 46 22 498 29 113 2 28 56 25 72 84 570 83 150 463 90 101 592 610 652 
232 505 438 590 221 114 395 105 249 207 473 19 530 258 558 40 16 201 148 556 660 
232 195 543 569 221 105 114 395 249 207 473 558 19 530 511 148 292 16 201 556 660 
2 290 10 135 243 22 43 25 473 3 60 595 19 28 83 610 387 602 61 623 652 
2 357 10 135 267 22 43 25 221 3 60 91 96 28 83 610 387 88 455 623 652 
2 357 10 135 267 22 43 25 221 3 60 91 96 28 83 610 387 88 455 623 652 
22 84 10 530 79 2 48 29 575 25 72 28 83 90 168 60 201 610 101 592 652 
2 13 10 382 22 249 49 135 3 60 340 96 28 83 84 195 639 61 623 27 652 
