139 267 16 18 355 402 638 228 225 305 299 114 354 254 238 249 343 112 483 528 372 660 
50 24 253 124 66 131 65 112 104 354 305 517 127 138 105 343 546 118 558 556 503 660 
139 267 16 18 221 402 638 228 225 249 343 355 305 299 114 354 254 238 112 483 528 660 
50 197 16 18 66 131 422 65 354 517 305 105 104 483 341 343 546 578 558 567 556 660 
23 24 253 225 66 131 65 276 517 74 105 81 104 343 466 546 240 556 578 558 676 
23 24 253 20 66 131 65 354 517 269 105 26 556 104 343 546 466 240 578 558 559 660 
114 267 16 18 258 402 638 228 354 225 305 105 299 317 513 341 343 546 558 567 556 660 
23 24 25 26 39 35 66 58 343 65 104 105 239 570 240 556 568 333 83 466 676 
23 24 253 20 66 131 65 354 517 74 105 81 556 104 343 546 578 558 567 142 559 660 
23 24 39 150 217 35 66 58 343 65 104 105 87 333 413 466 240 556 76 627 676 
23 24 253 225 66 131 65 276 517 74 105 81 556 104 343 466 546 578 558 240 559 660 
23 24 102 26 39 35 66 58 65 104 343 105 239 570 240 556 568 333 83 466 647 
23 24 202 150 217 35 66 58 343 65 104 105 87 333 413 466 240 556 76 627 676 
139 267 16 18 355 402 638 228 225 305 105 299 317 104 341 343 546 578 558 254 556 660 
139 267 16 18 221 402 638 228 225 249 343 355 151 112 483 372 104 358 299 354 254 660 
23 24 25 26 39 35 66 58 343 65 104 60 333 105 87 466 240 556 497 627 676 
23 24 25 505 148 39 66 384 343 357 102 35 65 104 105 239 570 240 556 568 676 
340 24 253 20 66 131 2 354 517 353 105 81 556 104 343 546 578 558 567 142 559 660 
139 267 16 18 402 638 354 254 7 228 225 249 343 355 112 483 372 104 81 433 578 660 
23 24 25 39 217 35 66 58 343 65 104 105 87 190 466 413 240 556 76 627 676 
23 24 25 2 60 39 35 66 58 65 373 333 104 70 105 239 83 459 464 240 676 
139 267 16 18 355 402 638 249 343 112 483 105 104 81 556 541 578 558 365 354 305 660 
23 24 250 25 217 35 66 58 343 65 104 105 87 333 466 413 240 556 497 627 676 
23 24 25 533 39 35 66 58 65 104 343 105 239 570 240 556 568 333 83 466 676 
50 633 16 18 66 131 552 104 422 354 517 305 105 438 165 343 546 578 558 567 355 660 
23 24 253 225 66 131 65 354 517 74 105 81 556 104 343 546 466 240 578 558 559 660 
139 267 16 18 355 402 638 354 254 7 249 343 347 483 372 104 81 541 578 558 556 660 
50 197 16 18 66 131 65 104 422 354 517 305 105 438 165 343 546 578 558 567 355 660 
114 267 354 18 355 402 638 228 225 305 105 299 317 104 341 343 546 578 558 567 254 660 
50 312 16 18 66 131 422 332 354 517 305 105 104 483 341 546 578 52 558 567 556 660 
23 24 253 225 66 131 65 276 517 74 154 81 556 104 343 466 546 578 558 240 559 660 
340 119 253 20 66 131 2 354 517 353 105 81 556 104 343 546 578 558 567 142 559 660 
139 267 16 18 355 402 638 354 254 7 249 343 112 483 372 104 530 541 578 558 556 660 
50 197 16 18 355 66 640 104 354 369 513 299 556 254 401 343 546 483 578 558 567 660 
50 197 16 18 355 66 58 68 104 354 517 264 254 105 483 299 341 343 546 185 558 660 
50 24 253 124 66 131 65 112 104 354 305 517 127 138 105 343 503 546 578 118 558 660 
139 267 16 18 355 183 66 141 104 105 483 299 354 328 513 341 343 546 578 558 556 660 
139 267 16 18 355 402 638 228 225 305 105 299 104 254 341 556 503 546 578 221 249 660 
23 24 202 150 217 35 66 166 343 65 104 105 87 333 413 466 240 556 76 627 676 
50 197 16 18 66 131 422 332 354 517 305 105 104 483 341 343 546 578 558 567 556 660 
139 267 16 18 355 402 638 228 225 305 105 299 317 513 341 343 546 556 104 578 249 660 
23 24 253 20 66 131 65 354 517 74 105 81 378 104 343 546 578 558 567 142 559 660 
114 267 354 18 355 402 638 228 225 305 299 517 127 138 105 343 546 118 558 556 317 660 
139 267 16 18 245 66 141 104 105 483 299 354 328 513 341 343 546 578 558 556 221 660 
139 267 16 18 355 402 638 228 225 305 105 254 299 104 81 160 341 343 546 578 558 660 
139 267 16 18 355 402 638 354 254 7 372 104 81 541 578 249 343 112 483 528 558 660 
114 267 354 18 355 402 638 228 225 256 105 299 556 104 341 343 546 578 420 483 372 660 
23 24 25 26 39 35 66 58 65 104 343 105 239 570 240 556 568 333 83 466 647 
23 24 25 26 39 35 66 58 65 104 343 105 239 570 240 556 568 333 83 466 647 
23 24 39 25 26 66 58 60 357 102 35 65 104 343 333 105 87 466 240 627 676 
23 24 39 25 26 66 58 60 357 102 35 65 104 343 333 105 87 466 240 627 676 
23 24 102 26 39 35 66 58 343 65 104 105 239 570 240 556 568 333 83 466 676 
23 24 102 26 39 35 66 58 153 65 104 105 239 570 240 556 568 333 83 466 676 
23 24 39 25 217 35 66 58 343 65 104 105 87 333 413 466 240 239 76 627 676 
23 24 253 20 66 131 65 354 517 269 105 26 556 104 343 546 466 240 578 558 559 660 
50 197 16 18 355 66 640 104 354 369 299 114 513 556 254 401 343 546 483 578 558 660 
23 24 253 20 66 131 65 563 517 269 105 26 556 104 343 546 466 240 578 558 559 660 
23 24 253 225 66 131 65 276 517 74 105 81 556 104 343 466 546 578 558 240 559 660 
23 24 253 225 66 131 65 276 517 74 154 81 556 104 343 466 546 578 558 240 559 660 
139 267 16 18 402 305 638 228 225 249 343 355 151 299 114 354 254 238 112 483 528 660 
139 267 16 18 355 402 638 228 225 305 299 114 354 254 238 249 343 112 483 528 372 660 
139 267 16 18 355 402 638 354 254 312 249 343 112 483 372 104 81 541 578 558 556 660 
114 267 354 18 355 402 638 228 225 305 105 299 104 254 256 556 341 343 546 578 420 660 
139 267 16 18 355 402 638 354 254 7 372 104 81 541 578 249 343 112 483 528 558 660 
23 24 25 26 39 35 66 58 65 104 343 239 570 240 333 105 87 466 556 568 647 
139 267 16 18 221 402 638 228 225 249 343 51 151 112 483 372 104 358 299 354 254 660 
23 24 39 25 217 35 66 113 343 65 104 105 87 333 413 466 240 239 76 627 676 
23 24 39 150 217 35 66 58 343 65 104 105 87 333 413 466 240 556 76 627 676 
139 267 16 18 402 305 638 228 225 249 343 355 151 299 114 354 254 238 112 483 528 660 
139 267 208 18 221 402 638 228 225 249 343 355 305 299 372 104 81 541 578 114 354 660 
23 24 102 26 543 35 66 58 343 65 104 105 239 570 240 556 568 333 83 466 676 
23 24 25 26 39 35 66 58 343 65 104 60 333 105 87 466 240 556 497 627 676 
50 633 354 18 16 66 131 552 104 422 517 305 105 438 165 343 546 578 558 567 355 660 
114 267 354 18 355 480 638 228 225 305 105 299 317 104 341 343 546 578 558 567 254 660 
139 267 16 18 355 402 638 354 254 312 249 343 112 483 372 104 81 541 578 558 556 660 
23 24 253 20 66 131 65 354 517 269 105 26 556 104 343 546 466 240 578 558 559 660 
23 24 250 25 375 35 66 58 343 65 104 105 87 333 466 413 240 556 497 627 676 
114 267 354 18 355 402 638 228 225 305 105 299 317 104 341 343 546 578 558 567 254 660 
50 633 16 18 66 131 65 354 517 552 104 422 305 105 438 165 343 546 578 558 567 660 
139 267 16 18 355 402 638 228 225 305 105 299 317 513 341 343 546 556 104 578 249 660 
50 197 16 18 66 131 65 104 422 354 305 105 517 438 165 343 546 578 558 567 221 660 
139 267 253 225 16 18 221 402 638 228 249 343 355 305 299 114 354 254 238 112 483 660 
23 24 202 641 217 35 66 166 343 65 104 105 87 333 413 466 240 556 76 627 676 
139 267 16 18 355 402 638 228 225 305 299 114 354 254 238 249 343 112 483 528 372 660 
23 24 102 26 39 35 66 58 343 65 104 105 239 570 240 556 568 418 83 466 647 
23 24 25 26 39 35 66 58 65 104 343 105 239 570 240 556 568 333 83 466 647 
139 267 16 18 402 638 228 225 305 299 114 354 343 355 112 483 372 254 238 249 528 660 
31 24 253 124 210 504 131 65 104 354 305 105 254 517 556 246 341 503 546 578 558 660 
114 267 354 18 355 139 16 402 638 228 225 305 299 254 238 249 343 112 483 528 372 660 
139 267 16 18 354 402 638 254 7 228 225 249 343 355 112 483 372 104 81 433 578 660 
139 267 16 18 355 402 638 249 343 112 483 105 104 81 556 541 578 558 365 354 305 660 
50 24 253 124 66 131 65 112 104 354 305 517 127 138 105 343 546 578 558 567 503 660 
139 267 16 18 402 638 228 225 305 299 114 354 343 355 506 483 372 254 238 249 528 660 
139 267 16 18 245 66 141 105 483 354 328 299 104 513 341 343 546 578 558 556 221 660 
139 267 208 18 221 402 638 228 225 249 343 355 305 299 372 104 81 541 578 114 354 660 
139 267 16 18 355 402 638 354 254 7 372 104 81 541 578 249 343 112 483 528 558 660 
