203 25 33 54 411 70 268 78 103 30 83 478 396 300 511 562 640 475 315 525 644 
186 529 544 473 547 509 562 455 343 403 454 170 202 640 30 307 302 421 222 519 671 
10 405 14 544 606 25 213 66 393 519 70 640 77 217 445 617 604 81 45 624 671 
203 25 371 54 61 70 100 411 405 78 357 30 83 478 396 300 511 562 640 475 644 
10 157 544 14 388 42 45 640 393 519 70 577 130 77 81 429 217 445 150 624 671 
186 61 544 473 571 509 251 403 562 31 81 180 638 442 307 302 539 616 519 141 671 
10 405 544 606 25 97 14 66 393 519 70 640 77 251 445 553 412 81 45 624 671 
10 405 544 243 547 509 251 403 562 482 81 307 302 616 638 519 141 536 130 442 671 
10 148 49 473 547 544 19 202 45 562 181 640 30 421 452 106 442 478 641 509 671 
10 148 14 544 45 421 621 19 202 640 473 547 302 180 582 562 288 442 106 478 671 
10 148 14 19 547 544 45 421 452 640 30 562 624 455 343 473 202 106 442 478 671 
10 148 599 544 45 421 452 19 202 640 473 547 562 181 307 302 30 106 442 478 671 
10 148 14 544 19 202 45 640 393 519 497 9 409 577 130 473 547 452 106 442 671 
10 148 599 544 421 452 45 640 19 202 473 547 562 181 307 302 30 106 442 478 671 
186 61 544 473 571 509 251 403 562 31 81 307 302 180 638 442 616 519 539 141 671 
10 148 366 544 19 202 45 640 473 547 30 562 421 452 106 181 442 478 641 509 671 
10 148 14 544 19 202 45 640 547 421 452 30 562 624 455 343 473 106 442 478 671 
10 148 49 473 547 544 19 202 45 640 30 562 421 452 106 181 442 478 641 509 671 
10 148 14 544 421 452 45 640 19 202 473 547 30 562 624 455 343 106 442 478 671 
10 148 14 544 45 421 621 19 202 640 483 307 473 547 302 180 582 562 288 442 671 
10 148 14 544 421 452 45 640 19 202 473 9 77 547 30 562 114 442 478 641 671 
10 148 599 544 45 452 19 202 640 547 30 562 421 473 181 307 302 106 442 478 671 
10 148 599 544 421 452 45 640 19 202 81 51 302 180 638 442 473 547 562 181 671 
186 405 544 473 547 509 77 251 249 562 31 81 307 302 180 638 442 616 519 141 671 
10 148 14 544 421 452 45 640 19 202 473 547 30 562 624 455 343 106 442 478 671 
10 405 544 606 25 97 14 66 393 519 70 640 77 251 445 553 412 81 45 624 671 
10 221 544 14 388 42 45 640 393 519 70 9 409 577 130 77 81 429 217 442 671 
186 405 544 473 547 509 77 251 249 562 31 81 307 302 180 638 442 616 519 141 671 
10 148 14 19 547 636 45 421 452 640 30 562 624 455 343 473 202 106 442 478 671 
10 148 544 45 30 562 14 66 393 519 584 640 409 577 130 77 217 445 553 623 671 
10 148 49 473 547 544 19 359 45 562 181 640 30 421 452 106 442 478 641 509 671 
10 148 14 544 19 202 45 421 452 640 473 547 30 562 624 455 343 106 442 478 671 
203 25 33 54 411 70 268 78 103 30 83 478 511 396 300 562 640 475 315 525 644 
203 25 33 54 411 70 268 103 30 78 606 83 478 396 300 511 562 640 475 314 644 
10 148 14 544 421 452 45 640 19 202 473 547 30 562 624 455 343 106 442 478 671 
203 25 33 54 174 70 268 103 30 78 357 83 478 396 300 511 562 640 475 606 644 
10 264 14 544 315 509 45 225 483 562 181 81 307 302 453 130 442 388 42 624 671 
10 405 544 576 25 97 14 66 393 519 70 640 77 251 445 553 412 81 45 624 671 
10 148 544 606 49 473 547 19 202 45 562 181 640 30 421 452 106 442 478 641 671 
10 148 49 599 544 45 421 452 19 202 640 473 547 562 181 307 302 30 106 442 671 
10 148 14 544 421 452 45 640 19 202 473 547 30 562 624 455 343 106 442 478 671 
10 405 14 544 606 25 251 403 562 45 640 213 66 393 519 70 77 600 239 617 671 
10 231 544 148 599 421 452 45 640 19 202 473 547 562 181 307 594 30 106 442 671 
186 61 544 473 571 509 251 403 562 31 81 307 302 180 638 442 616 519 539 141 671 
10 148 14 544 19 45 421 452 640 547 30 562 624 455 343 473 202 106 442 478 671 
10 264 14 544 315 509 45 225 483 562 181 81 307 302 453 516 442 388 42 624 671 
10 405 544 243 547 357 251 403 562 482 81 307 302 180 638 442 616 519 141 536 671 
10 264 14 544 292 148 45 30 562 66 393 640 77 519 584 217 445 553 623 250 671 
10 148 14 19 547 544 202 45 103 393 519 497 9 409 577 130 473 452 106 442 671 
10 148 544 606 547 509 562 49 473 19 202 45 181 640 30 421 452 106 442 478 671 
186 61 544 473 547 509 251 403 562 482 81 307 302 616 638 519 141 536 130 571 671 
10 148 366 544 19 452 45 640 264 473 547 30 562 421 106 181 442 478 641 509 671 
10 148 366 544 202 473 547 19 45 640 30 562 138 452 106 181 442 478 641 509 671 
10 405 451 544 315 509 9 30 181 418 45 562 130 81 180 307 302 638 442 153 671 
203 25 33 54 411 70 268 103 30 78 606 357 83 478 396 300 511 562 640 475 644 
10 148 14 544 19 45 421 452 640 547 30 562 624 455 343 473 202 106 442 478 671 
203 25 371 54 61 70 100 411 405 78 357 30 83 478 396 300 511 562 640 475 644 
10 148 14 544 421 452 45 640 19 202 473 547 30 204 624 455 343 106 442 478 671 
10 148 14 544 19 45 421 452 640 202 473 547 30 562 624 455 343 106 442 478 671 
203 25 33 54 411 70 268 103 30 78 606 83 478 396 300 511 562 640 475 314 644 
10 231 544 148 599 19 45 421 452 640 473 547 30 562 202 181 307 594 106 442 671 
10 157 544 14 388 42 45 640 393 519 70 577 130 77 81 429 217 445 150 624 671 
10 148 14 544 421 45 19 202 452 37 30 562 624 455 473 547 343 106 442 478 671 
10 405 544 576 25 97 14 66 393 519 70 640 77 251 445 553 412 81 45 624 671 
186 529 544 473 547 509 251 403 482 562 31 198 307 302 616 638 519 500 536 455 671 
10 148 14 19 547 433 45 421 452 640 30 562 624 455 343 473 202 106 442 478 671 
10 148 49 473 547 544 19 202 45 562 640 30 421 452 455 181 442 478 641 509 671 
10 405 544 243 547 357 251 403 562 482 81 180 598 442 307 302 616 519 141 536 671 
10 148 49 473 547 544 19 314 45 562 452 30 640 421 455 181 442 478 641 509 671 
