23 24 65 193 93 46 618 153 368 229 66 92 102 522 558 245 513 107 568 595 673 
515 288 511 320 134 569 103 338 314 130 561 425 353 562 609 99 391 232 373 129 646 
609 95 105 380 239 569 134 338 449 513 556 546 425 48 544 558 557 103 559 579 646 
383 105 99 380 104 239 569 134 123 513 472 517 449 103 546 48 556 425 609 558 646 
23 24 65 193 93 46 502 153 368 444 66 59 102 522 558 245 513 107 568 595 673 
23 24 65 193 225 46 618 153 368 88 66 59 102 522 558 245 513 466 568 595 673 
320 391 134 288 104 239 569 338 380 123 99 103 562 546 449 609 166 556 425 558 646 
383 105 380 134 99 472 569 517 449 513 103 546 48 556 425 609 558 245 435 579 646 
515 288 511 154 134 218 338 569 239 449 103 314 130 561 425 353 562 609 99 391 646 
383 105 391 134 104 239 569 338 380 123 513 546 48 556 425 609 558 557 99 478 646 
320 288 391 134 104 239 569 338 380 123 513 546 48 556 425 609 558 449 377 441 646 
609 350 320 134 338 496 449 353 104 569 380 123 389 288 511 239 556 425 558 557 646 
609 515 288 511 320 134 569 338 449 103 556 425 353 562 314 130 391 232 373 129 646 
383 224 134 104 239 569 338 380 123 513 546 48 556 425 314 130 391 609 558 557 646 
515 288 511 320 134 569 103 338 314 130 561 104 239 425 353 562 609 99 391 232 646 
609 515 134 631 104 239 338 314 130 569 380 123 511 320 449 103 195 425 353 562 646 
290 105 391 380 134 123 449 48 104 239 569 338 513 556 377 441 99 558 353 373 646 
515 134 631 372 239 338 314 130 569 380 609 48 556 425 103 99 123 511 320 558 646 
609 320 380 288 391 134 338 449 104 239 556 425 562 353 373 266 99 48 129 103 646 
609 99 320 380 134 288 338 103 562 449 353 104 239 556 425 48 373 129 558 569 646 
609 515 134 631 104 239 338 314 130 569 380 123 389 288 511 320 449 353 556 425 646 
609 320 134 288 104 239 569 338 380 123 99 103 562 195 353 556 425 48 373 129 646 
515 134 631 104 239 338 314 130 569 380 609 48 556 425 103 99 123 511 320 558 646 
609 350 320 134 338 496 449 353 569 380 48 104 239 123 389 288 511 556 425 558 646 
609 515 134 631 338 314 130 569 380 123 511 104 239 556 320 425 103 558 557 559 646 
609 239 99 320 380 134 288 338 449 103 556 425 562 353 373 129 558 48 569 391 646 
320 380 288 391 601 338 104 239 562 609 546 449 48 556 425 166 103 558 557 559 646 
290 105 391 380 134 123 449 569 338 239 513 48 556 377 441 99 558 353 373 129 646 
609 350 105 380 134 123 455 511 320 569 338 314 449 353 104 239 556 425 99 558 646 
320 380 288 631 104 239 338 391 134 562 546 449 609 166 556 425 103 558 557 559 646 
350 105 134 511 320 569 455 338 380 123 513 546 48 556 425 609 558 314 449 353 646 
515 134 631 104 239 338 314 130 569 380 609 48 556 99 425 103 558 557 123 511 646 
609 350 105 134 338 511 320 569 380 123 455 314 449 353 361 239 556 425 99 558 646 
609 320 380 288 391 134 338 449 104 239 562 353 373 556 425 103 558 557 559 266 646 
23 24 65 193 93 46 618 153 368 88 66 59 102 522 558 245 513 466 568 595 673 
23 24 65 193 93 46 618 153 368 88 66 59 102 522 558 245 513 466 568 595 673 
23 24 65 193 93 46 618 153 368 88 66 59 102 522 558 245 513 466 568 595 673 
23 24 65 193 93 46 618 153 368 88 66 59 102 522 558 245 513 466 568 595 673 
23 24 65 193 93 46 618 153 368 88 66 59 102 522 558 245 513 466 568 595 673 
23 24 65 193 93 46 618 153 368 88 66 59 102 522 558 245 513 466 568 595 673 
23 24 65 193 93 46 618 153 368 88 66 59 102 522 558 245 513 466 568 595 673 
23 24 65 193 93 46 618 153 368 88 66 59 102 522 558 245 513 466 568 595 673 
23 24 65 193 93 46 618 153 368 229 66 59 102 522 558 245 513 107 568 595 673 
23 24 65 193 93 46 618 153 368 229 66 182 102 522 558 245 513 107 568 595 673 
23 24 65 193 93 46 618 153 368 229 66 59 102 522 558 245 513 107 568 595 673 
23 24 65 193 93 46 618 153 368 229 66 59 102 522 558 245 513 107 568 595 673 
23 24 65 193 93 46 618 153 368 229 66 182 102 522 558 245 513 107 568 595 673 
23 24 65 193 93 46 618 153 368 229 66 59 102 522 558 245 513 107 568 595 673 
23 24 65 193 93 46 618 153 368 229 66 59 102 522 558 245 513 107 568 595 673 
23 24 65 193 93 46 618 153 368 444 66 59 102 522 558 245 513 107 568 595 673 
23 24 65 193 93 46 618 153 368 444 66 59 102 522 558 245 513 107 568 595 673 
23 24 65 193 93 46 618 153 368 444 66 59 102 522 558 245 513 107 568 595 673 
23 24 65 193 93 46 618 153 368 444 66 59 102 522 558 245 513 107 568 595 673 
23 24 65 193 93 46 618 153 368 444 66 59 102 522 558 343 513 107 568 595 673 
23 24 65 193 93 46 618 153 368 444 66 59 102 522 558 245 513 107 568 595 673 
23 24 65 193 93 46 618 153 368 88 66 59 102 502 558 245 513 107 568 595 673 
23 24 65 193 93 46 618 153 368 88 66 59 102 502 558 245 513 107 568 595 673 
23 24 65 299 93 46 618 153 368 88 66 59 102 502 558 245 513 107 568 595 673 
383 105 380 134 239 517 513 464 449 569 546 556 48 425 103 99 558 139 435 579 646 
383 105 380 134 239 517 513 464 449 569 546 556 48 425 103 99 558 139 435 579 646 
383 105 380 134 239 517 513 464 449 569 546 556 48 425 103 99 558 139 435 579 646 
383 105 134 380 239 180 517 338 449 569 513 546 48 556 425 609 558 557 559 579 646 
383 105 134 380 239 180 517 338 449 569 513 546 48 556 425 609 558 557 559 579 646 
383 105 134 380 239 180 517 469 449 569 513 546 48 556 425 609 558 557 559 579 646 
383 105 134 380 239 180 517 469 449 569 513 546 87 556 425 609 558 557 559 579 646 
383 105 513 289 134 301 569 517 449 546 609 48 556 425 103 99 558 557 435 579 646 
383 105 513 289 134 301 569 517 449 546 609 48 556 425 103 99 558 557 435 579 646 
383 105 513 176 134 301 569 517 449 546 609 48 556 425 103 99 558 557 435 579 646 
609 515 105 380 134 123 569 239 513 338 449 383 517 546 425 556 48 103 99 558 646 
609 515 105 380 134 123 569 239 513 338 449 383 517 546 425 556 48 103 99 558 646 
609 515 105 380 134 239 338 123 569 513 449 383 517 546 425 556 48 103 99 558 646 
383 105 609 515 380 134 123 569 239 513 338 449 517 546 425 446 48 103 99 558 646 
383 105 609 515 380 134 123 569 239 513 338 449 517 546 425 446 48 103 99 558 646 
609 515 447 105 380 134 123 569 239 513 338 449 517 546 425 446 48 103 99 558 646 
609 515 447 105 380 134 123 569 239 513 99 103 338 449 517 546 425 446 48 558 646 
383 105 391 134 104 239 569 338 380 123 103 314 130 513 546 48 556 425 609 558 646 
383 105 391 134 104 239 569 338 123 513 546 48 556 380 425 609 558 357 99 478 646 
383 105 391 134 104 239 569 338 123 513 546 48 556 380 425 99 558 353 373 609 646 
383 105 391 134 104 239 338 123 449 569 513 546 48 556 380 425 99 558 353 373 646 
383 105 391 134 104 239 569 338 123 513 546 48 556 380 425 99 558 353 373 609 646 
383 105 391 134 104 239 338 123 449 569 513 546 556 425 48 380 99 558 353 373 646 
383 105 391 134 104 239 338 123 449 569 513 546 556 425 103 48 380 99 558 353 646 
609 392 105 380 134 123 449 569 239 513 546 260 338 48 556 99 562 373 129 558 646 
392 105 380 134 123 449 569 239 513 546 260 338 48 556 425 609 558 245 435 99 646 
609 392 105 380 134 123 449 569 239 513 546 260 338 48 556 99 562 373 129 558 646 
290 105 391 134 123 569 338 239 513 377 546 449 380 48 556 441 99 558 353 373 646 
392 105 380 134 123 569 239 513 260 609 546 449 48 556 162 99 562 373 129 558 646 
392 105 380 134 123 239 260 338 449 569 513 546 48 556 425 609 558 99 562 373 646 
609 392 105 380 134 123 449 569 239 513 546 260 338 48 556 99 562 373 129 558 646 
290 105 391 134 123 569 338 239 513 377 546 556 48 449 380 441 99 558 353 373 646 
392 105 380 134 260 123 239 569 338 513 546 449 48 556 377 441 99 425 609 558 646 
609 392 105 380 134 123 449 393 239 513 546 260 338 48 556 99 562 373 129 558 646 
392 105 380 134 123 239 288 338 449 569 513 546 48 556 425 609 558 245 435 99 646 
392 105 134 449 569 239 455 338 380 123 513 546 48 556 425 609 558 314 260 99 646 
392 288 105 380 134 123 222 569 239 513 546 260 338 48 556 425 609 558 245 435 646 
320 288 391 134 104 239 569 338 513 546 449 48 556 380 425 103 562 609 166 558 646 
320 288 391 134 104 239 569 338 513 546 449 48 556 380 425 103 562 609 166 558 646 
320 288 391 134 104 239 569 338 513 546 449 48 556 380 425 103 562 609 166 558 646 
320 288 391 134 104 239 569 338 513 546 449 48 556 380 425 103 562 609 166 558 646 
609 515 134 631 104 239 338 314 130 569 513 48 556 377 441 99 558 353 373 380 646 
