7 566 621 193 336 175 468 339 307 106 243 154 470 150 43 308 547 474 232 410 565 671 
26 377 36 399 400 359 63 84 46 125 86 90 314 463 398 85 531 97 465 555 646 
24 26 36 63 96 213 22 179 90 52 123 502 535 463 172 465 105 487 239 568 646 
24 26 36 63 96 362 461 80 390 134 101 442 463 535 104 82 487 239 105 546 646 
417 205 67 621 193 243 558 336 43 308 547 474 442 394 470 150 7 264 363 468 671 
279 24 36 63 96 80 362 82 461 390 101 134 613 535 179 104 487 239 105 558 646 
451 65 406 286 96 457 80 461 390 101 442 487 474 82 104 239 463 105 558 465 646 
24 26 451 65 406 194 96 82 457 134 442 329 463 535 104 401 487 239 105 558 646 
451 65 406 155 96 80 82 457 546 461 390 191 463 535 104 487 239 474 105 558 646 
7 394 621 193 222 31 43 308 547 474 442 410 264 363 468 203 175 307 565 106 243 671 
279 24 36 63 96 80 362 461 82 535 390 442 463 502 105 487 123 558 624 465 646 
7 31 307 394 621 193 243 474 286 565 134 123 5 104 80 82 487 239 105 558 646 
24 26 36 63 96 339 362 461 82 535 390 442 463 502 105 487 531 97 465 134 646 
24 26 36 63 96 213 22 179 90 52 329 535 463 172 465 105 487 123 558 513 646 
24 26 259 286 96 461 636 454 106 80 442 601 12 104 105 487 123 239 535 558 646 
7 362 307 394 621 193 243 474 286 565 134 442 82 104 105 123 487 391 558 239 646 
24 26 36 63 96 213 22 179 90 52 123 329 535 463 172 465 105 487 568 558 646 
26 24 36 183 96 557 461 80 546 82 390 442 463 535 105 123 134 172 624 558 646 
341 102 259 286 96 80 557 461 535 467 134 442 82 239 463 123 487 104 105 558 646 
451 65 406 286 96 457 80 474 461 390 101 442 82 104 105 123 487 239 546 463 646 
7 394 621 193 336 175 468 31 307 106 243 474 566 154 470 150 260 308 547 442 410 671 
24 26 36 63 96 80 362 461 82 535 390 442 463 502 105 487 134 172 123 558 646 
7 410 31 307 394 621 193 243 474 286 565 134 442 82 9 515 487 123 558 239 646 
7 410 259 286 96 389 212 52 454 62 641 123 5 82 104 105 80 558 81 442 646 
7 394 621 193 222 31 43 308 547 474 442 410 264 363 468 203 14 307 565 106 243 671 
26 24 36 63 96 80 362 461 82 390 442 535 211 172 179 105 487 134 123 558 646 
451 65 406 286 96 82 457 80 546 461 390 442 463 9 487 624 104 105 558 465 646 
7 31 307 394 621 193 243 474 286 565 134 442 82 391 457 329 401 336 123 5 646 
24 311 375 65 406 194 96 82 457 134 442 329 463 535 104 401 487 239 105 558 646 
26 24 36 183 96 557 461 427 546 82 134 442 390 463 535 105 123 172 624 558 646 
26 24 221 63 96 80 362 461 82 390 442 535 211 172 179 105 487 134 123 558 646 
24 26 36 63 96 339 362 461 82 535 390 442 463 502 105 487 134 172 123 558 646 
24 26 451 65 406 194 96 82 457 134 442 329 401 535 104 105 172 487 239 558 646 
417 205 67 621 193 243 474 558 394 470 150 7 264 363 468 203 175 565 138 9 339 671 
7 468 566 154 336 470 150 175 308 43 442 82 445 487 239 390 134 406 410 259 671 
451 65 406 286 96 82 457 80 546 461 390 442 463 9 172 465 105 487 558 334 646 
7 102 259 286 96 80 557 461 535 565 134 442 82 9 105 487 123 558 239 390 646 
7 410 259 286 96 80 389 212 546 203 442 329 134 82 535 110 172 104 105 123 646 
7 31 307 394 621 193 243 474 336 175 82 150 442 286 565 134 9 556 487 123 646 
26 24 36 63 96 362 461 80 546 203 134 442 82 535 110 172 104 105 123 558 646 
451 65 406 286 96 457 80 474 461 390 117 442 82 104 105 123 487 239 546 463 646 
7 410 259 286 96 80 389 212 430 454 269 442 82 445 487 535 104 239 105 558 646 
279 24 36 63 96 140 362 461 390 134 101 442 82 535 463 104 487 239 105 558 646 
7 410 259 286 96 389 212 296 454 62 641 166 474 82 104 105 80 558 557 442 646 
7 31 307 394 621 193 243 82 457 134 442 329 401 474 336 175 150 286 565 343 646 
24 26 36 63 96 213 368 179 90 52 123 329 535 463 172 465 105 487 558 513 646 
451 65 406 286 96 457 80 474 461 390 101 442 82 104 105 123 487 239 546 332 646 
24 26 36 63 96 213 22 179 90 121 558 123 474 346 463 465 406 85 531 555 646 
417 65 406 286 96 457 80 474 461 390 101 442 82 391 105 104 123 487 239 546 646 
24 26 259 286 96 461 636 454 106 80 442 201 12 104 487 239 535 105 558 624 646 
7 31 307 394 621 193 243 82 457 134 442 329 401 474 336 286 565 123 5 104 646 
279 24 36 63 96 80 362 82 461 390 134 442 360 535 587 105 487 123 558 624 646 
7 31 307 394 621 193 243 82 457 134 329 401 474 336 442 286 565 9 556 123 646 
451 65 406 286 96 82 457 80 474 461 390 442 463 327 487 104 105 123 239 558 646 
279 24 36 63 468 80 362 461 390 101 134 442 82 535 179 104 487 239 105 558 646 
7 102 259 286 96 80 557 461 82 535 390 134 442 463 172 123 487 624 105 558 646 
24 26 36 63 96 213 111 179 90 52 558 123 329 535 463 465 406 85 531 555 646 
451 65 406 286 96 457 80 474 461 390 101 442 82 487 104 105 123 239 463 558 646 
7 31 307 394 621 193 243 474 286 565 134 442 82 391 105 404 123 558 239 336 646 
279 24 36 63 96 80 362 461 390 101 134 442 82 535 463 104 487 239 105 558 646 
24 26 36 63 96 155 362 461 535 467 134 442 82 487 239 463 104 105 558 390 646 
26 24 36 63 96 80 557 461 82 390 442 463 487 535 104 105 172 123 624 558 646 
24 26 36 63 96 213 22 179 90 52 123 502 463 474 172 465 105 487 239 568 646 
451 65 406 314 96 457 80 134 390 101 442 487 474 82 104 239 463 105 558 465 646 
24 26 259 599 96 82 457 80 546 506 390 134 442 463 9 105 487 123 558 624 646 
279 24 36 63 96 80 362 461 390 101 134 442 82 535 179 104 487 239 105 558 646 
7 102 259 286 96 80 557 461 82 535 390 134 442 463 172 104 105 123 487 624 646 
7 102 259 286 96 80 557 461 467 134 442 82 487 388 463 239 104 105 558 172 646 
7 102 259 286 96 80 15 461 535 565 134 442 82 9 105 487 123 558 239 390 646 
26 24 36 213 96 80 557 461 82 390 442 463 487 535 104 105 172 123 624 558 646 
7 102 259 286 96 80 557 461 467 134 442 82 388 575 239 558 105 487 104 172 646 
279 24 36 63 96 80 362 82 461 12 134 442 463 535 587 105 487 123 558 624 646 
7 31 307 394 621 193 243 474 286 565 134 442 82 391 105 487 123 558 239 336 646 
347 24 36 63 96 80 362 82 461 617 134 442 463 535 104 105 172 123 487 558 646 
24 26 259 286 96 82 457 80 546 506 390 134 442 463 9 105 487 123 558 624 646 
347 24 36 63 96 80 362 82 461 390 134 442 463 535 104 105 172 123 487 558 646 
7 394 621 193 222 175 468 31 43 308 547 474 442 410 307 565 106 243 566 154 671 
7 410 259 385 96 389 212 296 454 62 641 166 474 82 104 105 80 558 557 442 646 
24 26 259 397 96 80 362 82 457 546 506 390 442 463 9 105 487 123 558 624 646 
451 65 406 314 96 457 80 461 390 101 442 487 474 82 104 239 463 105 558 465 646 
279 24 36 63 96 80 362 461 82 381 390 442 463 502 105 487 134 587 123 558 646 
7 102 259 254 96 80 557 461 467 134 442 82 487 388 463 239 104 105 558 172 646 
24 26 36 63 96 213 22 179 90 52 123 329 535 463 172 465 105 487 239 568 646 
24 26 451 65 406 194 96 82 457 134 442 329 440 535 104 401 487 239 105 558 646 
279 24 36 63 96 140 362 461 390 134 101 442 82 535 463 104 487 123 558 239 646 
26 24 36 399 400 359 63 84 46 125 86 90 314 463 398 85 531 97 465 555 646 
26 24 36 399 400 359 63 84 46 125 86 90 314 463 398 85 531 97 465 555 646 
26 24 36 399 400 359 63 84 46 125 86 90 314 463 398 85 531 97 465 555 646 
26 24 36 399 400 359 63 84 46 125 86 90 314 463 398 85 531 97 465 555 646 
26 24 36 399 400 359 63 84 46 125 86 90 314 463 398 85 531 97 465 555 646 
26 24 36 399 400 359 63 84 46 528 86 90 314 463 398 85 531 97 465 555 646 
26 24 36 399 400 359 63 84 46 125 86 90 314 463 398 85 531 97 465 555 646 
26 24 36 399 400 359 63 84 46 125 86 90 314 463 398 85 531 97 465 555 646 
26 24 36 399 400 359 63 84 46 125 86 90 314 463 398 85 531 97 465 555 646 
26 24 36 399 400 359 63 84 46 125 86 90 314 463 398 126 531 97 465 555 646 
26 24 36 399 400 359 63 84 184 125 86 90 314 463 398 85 531 97 465 555 646 
26 24 36 399 400 359 63 84 184 125 86 90 314 463 398 85 531 97 465 555 646 
26 24 36 399 400 359 63 84 46 125 581 90 314 463 398 85 531 97 465 555 646 
26 24 36 399 400 359 63 84 46 125 225 90 314 463 398 85 531 97 465 555 646 
7 410 259 286 96 389 193 154 106 80 442 82 401 391 105 487 239 535 104 558 646 
