25 99 24 29 423 65 62 35 68 458 280 102 377 381 144 60 101 632 77 568 676 
88 24 505 228 66 487 188 453 68 101 102 239 442 143 104 292 275 546 280 558 676 
188 156 88 71 557 637 442 642 283 582 450 638 640 106 577 345 161 473 53 121 648 
196 88 505 469 66 53 188 443 275 511 102 174 239 442 143 104 546 558 557 637 646 
405 24 505 228 66 174 62 35 188 68 101 102 442 143 104 239 292 275 546 558 676 
188 156 505 228 557 409 442 642 582 450 638 640 106 161 169 53 88 71 637 283 648 
88 24 505 228 66 174 296 35 68 101 102 239 442 143 104 292 275 546 558 567 646 
196 88 71 442 487 473 266 638 143 104 188 292 275 435 556 558 161 19 557 156 646 
88 24 505 228 66 53 104 239 442 188 443 275 546 558 354 266 487 292 359 556 646 
25 99 24 29 633 65 62 35 68 444 78 102 280 60 377 17 195 101 632 568 676 
88 24 505 228 66 354 266 174 239 442 487 104 188 292 275 546 558 359 556 161 646 
25 99 24 29 28 65 62 35 68 444 280 102 60 377 17 90 101 632 568 465 647 
25 99 24 29 633 65 62 35 68 444 78 102 377 17 90 60 101 521 632 280 676 
88 449 71 158 599 203 260 134 501 616 102 239 442 143 104 292 275 546 558 505 646 
196 88 618 254 232 473 266 249 577 582 450 638 640 104 188 292 161 106 350 135 648 
25 99 24 29 66 104 62 615 35 68 102 101 466 391 239 584 156 446 557 568 676 
188 156 88 71 557 637 442 283 582 450 638 640 106 577 345 161 473 53 609 268 648 
196 88 505 228 557 409 442 642 582 450 638 640 106 161 350 53 287 8 634 4 648 
196 107 71 158 599 88 260 134 442 143 501 487 473 174 239 104 292 275 546 558 646 
188 156 256 71 557 637 442 642 582 450 638 640 106 161 350 53 62 8 634 345 648 
196 88 505 469 66 53 188 443 275 511 102 174 239 442 143 104 546 558 557 637 646 
25 99 24 29 28 65 62 35 68 444 280 102 60 377 17 90 101 632 568 465 647 
88 24 505 228 66 557 62 615 68 176 102 174 239 442 143 104 292 275 546 558 676 
196 88 71 158 599 203 260 134 501 487 473 174 239 143 104 292 275 546 558 567 646 
25 99 24 29 423 65 62 35 68 458 280 102 377 158 90 109 101 576 632 568 676 
88 446 505 228 66 169 638 53 143 104 292 275 546 558 188 359 556 161 19 557 646 
88 24 505 228 66 174 62 35 104 188 461 101 102 239 442 143 292 275 546 558 646 
188 156 88 71 557 637 442 283 582 450 638 640 106 577 345 161 473 53 609 268 648 
88 446 505 228 66 266 638 53 143 104 292 275 546 558 188 359 556 161 19 557 646 
25 99 24 29 423 65 62 125 68 458 280 102 377 17 90 306 101 632 568 465 676 
25 99 24 29 66 104 62 615 35 68 102 101 466 391 239 584 156 446 557 568 676 
196 88 71 158 599 203 260 134 501 616 102 239 442 143 104 292 275 546 558 487 646 
88 24 505 228 423 65 62 66 174 35 68 101 102 239 104 292 275 546 558 442 646 
88 24 505 228 66 605 239 442 487 104 188 292 275 546 558 563 266 359 556 161 646 
196 107 71 158 599 88 260 134 442 143 501 487 473 174 239 104 292 275 546 558 646 
25 99 24 29 28 65 62 35 68 19 280 102 291 377 17 90 101 632 568 465 647 
88 24 505 363 66 354 266 174 239 593 453 104 280 102 404 292 275 546 558 557 646 
128 31 360 266 442 203 260 134 501 487 473 174 239 143 104 292 275 546 558 567 646 
188 156 256 71 557 637 442 642 582 450 638 640 106 161 350 53 62 8 634 345 648 
25 99 24 29 28 65 62 35 68 444 280 102 380 377 17 90 101 632 568 465 647 
196 88 618 254 232 473 266 249 577 582 450 638 640 104 188 292 37 106 350 53 648 
25 99 427 29 121 65 62 35 68 458 280 102 377 17 90 60 101 632 568 465 676 
25 99 24 29 439 65 62 125 68 458 280 102 377 571 90 60 101 37 568 465 676 
25 24 29 66 423 65 62 35 68 458 280 102 521 17 357 60 101 632 568 297 676 
196 88 71 158 599 203 260 134 501 487 473 174 239 143 104 292 275 546 558 567 646 
196 88 505 228 557 637 442 642 582 450 638 640 106 161 350 53 287 8 634 4 648 
25 99 24 29 249 88 62 35 68 444 102 582 377 17 90 510 101 632 568 465 676 
88 24 505 228 66 174 62 35 68 101 102 239 442 143 104 292 275 546 558 567 676 
88 446 505 228 66 143 266 638 53 104 188 292 275 359 556 558 161 19 557 239 646 
188 156 256 71 557 637 442 642 582 450 638 640 106 161 350 53 287 8 634 345 648 
25 99 24 29 633 65 62 35 68 444 78 102 280 60 377 17 195 101 632 568 676 
88 24 505 228 66 174 62 35 104 188 68 101 102 239 442 143 292 275 546 558 646 
188 156 453 71 557 637 442 642 582 450 638 640 106 161 350 53 287 8 634 345 648 
25 99 24 29 423 65 62 125 68 458 280 102 377 17 90 306 101 632 568 465 676 
88 97 505 228 66 53 188 443 275 511 102 174 239 442 143 104 546 558 354 266 646 
196 88 71 487 473 266 239 442 638 53 429 188 292 275 435 556 558 161 19 557 646 
25 66 634 29 423 65 62 35 68 458 280 102 377 17 90 60 101 521 632 568 676 
25 99 24 29 28 65 62 35 68 444 280 102 291 377 17 90 101 632 568 465 647 
196 88 391 254 232 473 266 249 577 582 450 638 640 104 188 292 161 106 350 135 648 
88 24 505 228 66 174 296 35 68 616 102 239 442 143 104 292 275 546 558 557 646 
88 24 505 228 66 174 62 35 104 188 68 101 102 239 442 143 292 275 546 558 646 
88 24 505 228 66 174 296 35 68 101 102 239 442 143 104 292 275 546 558 567 646 
25 99 24 29 249 88 62 35 68 444 102 582 377 17 90 510 101 632 568 465 676 
188 156 256 71 557 637 442 642 582 450 638 640 106 161 350 53 287 8 634 345 648 
25 99 24 29 423 65 62 35 68 458 280 102 377 158 90 109 101 576 632 568 676 
25 99 24 29 423 65 62 35 68 458 280 102 377 17 90 60 101 632 568 465 676 
188 156 256 71 557 637 442 642 582 450 638 640 106 161 350 53 62 8 634 345 648 
88 24 505 228 66 174 296 35 68 101 102 239 268 143 104 292 275 546 558 567 676 
88 24 505 228 66 239 442 487 188 292 453 104 280 275 546 558 354 266 359 556 646 
25 99 24 29 423 65 62 35 68 458 280 102 377 381 144 60 101 632 77 568 676 
196 88 618 254 232 473 266 249 577 582 450 638 640 104 188 292 161 106 350 135 648 
188 156 88 71 557 637 442 283 582 450 638 640 106 577 345 161 473 53 609 268 648 
188 156 88 71 557 637 442 283 582 450 638 640 106 577 345 161 473 53 609 268 648 
88 24 505 228 66 174 296 35 68 616 102 239 442 143 104 292 275 546 558 557 646 
25 66 24 29 423 65 62 35 68 458 280 102 377 17 90 60 101 521 632 568 676 
196 88 618 254 232 473 266 249 577 582 450 638 640 104 188 292 37 106 350 53 648 
25 24 29 66 423 65 62 35 68 458 280 102 521 17 357 60 101 632 568 297 676 
25 99 24 29 66 104 62 615 35 68 102 101 466 391 239 584 156 446 557 568 676 
25 99 24 29 66 104 62 615 35 68 102 101 74 391 239 584 156 446 557 568 676 
196 88 618 254 232 473 266 249 577 582 450 638 640 104 188 292 37 106 350 53 648 
25 99 24 29 439 65 62 125 68 458 280 102 377 571 90 60 101 37 568 465 676 
196 88 618 254 232 473 266 249 577 582 450 638 640 104 188 292 161 106 350 53 648 
25 99 24 29 28 71 62 35 68 444 102 582 377 17 90 492 101 632 568 465 647 
88 97 505 228 66 53 104 239 442 188 443 275 546 558 354 266 638 219 359 556 646 
25 99 24 29 633 65 62 35 68 444 78 102 280 60 377 17 195 101 632 568 676 
196 88 71 442 232 266 638 104 188 292 275 359 217 106 161 473 53 366 19 557 648 
25 99 24 29 249 88 62 35 68 444 102 582 377 17 90 510 101 632 568 465 676 
188 156 256 71 557 637 442 642 582 450 638 640 106 161 350 53 62 8 634 345 648 
88 24 505 228 66 174 296 35 68 101 102 239 442 143 104 292 275 546 558 567 676 
88 24 505 228 66 174 296 35 68 101 102 239 442 143 104 292 275 546 558 567 676 
25 99 24 29 633 65 62 35 68 444 78 102 280 60 377 17 195 101 632 568 676 
88 24 505 228 66 174 62 35 68 101 102 239 442 143 104 292 275 546 558 567 676 
25 99 24 29 423 65 62 35 68 458 280 102 377 381 144 60 101 632 77 568 676 
25 99 24 29 423 65 62 35 68 458 280 102 377 17 90 60 101 632 568 465 676 
25 99 24 29 28 65 62 35 68 444 280 102 60 377 17 90 101 632 568 465 647 
25 99 24 29 423 65 62 35 68 458 280 102 377 381 144 60 101 632 77 568 676 
25 99 24 29 28 65 62 35 68 444 280 102 60 377 17 90 101 632 568 465 647 
25 99 24 29 28 71 62 35 68 444 102 582 377 17 90 492 101 632 568 465 647 
25 99 24 29 28 71 62 35 68 444 102 582 377 17 90 492 101 632 568 465 647 
25 99 24 29 423 65 62 35 68 458 280 102 377 17 90 60 101 632 568 465 676 
