338 581 533 188 40 404 571 187 394 496 30 565 87 552 268 383 470 85 313 259 662 
6 581 11 23 25 24 35 27 45 26 66 178 65 579 208 620 93 101 615 495 673 
6 23 11 581 25 24 35 27 45 26 66 178 65 579 208 620 93 101 615 495 673 
338 581 533 188 40 404 571 187 394 496 30 565 87 552 528 383 470 85 313 259 662 
198 129 438 212 581 308 379 404 161 188 97 552 85 504 59 226 326 496 30 565 662 
6 581 11 23 25 24 35 27 45 305 66 178 65 579 208 620 93 101 615 495 673 
6 581 11 23 25 24 35 27 45 500 66 178 65 579 243 399 93 101 615 367 673 
6 581 11 23 25 337 121 35 27 45 24 178 500 378 152 188 66 372 65 89 644 
6 581 11 23 25 24 35 27 45 26 66 200 637 10 65 89 522 178 579 208 644 
6 581 11 23 25 244 35 27 45 500 66 178 65 579 243 95 615 101 367 558 644 
6 23 581 11 25 24 35 27 45 500 66 178 65 579 243 592 615 101 367 558 644 
6 581 11 23 25 24 35 27 45 26 66 178 65 579 615 619 77 93 101 208 673 
6 581 11 23 25 24 35 27 45 26 66 178 65 579 208 399 93 101 615 367 673 
6 23 11 25 35 45 378 152 140 469 61 435 188 121 27 66 581 630 65 89 644 
6 23 11 41 581 25 24 35 27 45 500 66 178 394 566 198 65 254 148 89 644 
6 581 11 23 25 24 35 27 45 500 66 178 394 566 198 65 254 148 89 522 644 
6 581 11 23 25 24 35 27 45 500 66 178 65 579 243 592 615 101 399 367 644 
6 581 11 23 25 24 35 27 45 500 66 178 65 579 243 399 615 101 367 558 644 
198 129 438 212 581 308 379 404 161 188 97 552 85 504 59 226 394 588 187 330 662 
6 218 25 11 35 27 45 246 436 378 3 172 60 630 65 66 22 198 615 367 644 
198 129 438 212 581 308 379 404 161 188 97 552 85 504 59 226 326 496 30 565 662 
6 178 193 11 25 3 140 469 246 394 458 61 566 45 188 66 65 269 615 367 644 
6 581 25 225 212 588 187 35 188 121 27 45 66 474 65 289 198 558 615 367 644 
6 581 11 193 3 188 45 246 140 469 61 435 312 313 79 454 566 198 615 367 644 
6 23 581 11 25 24 35 414 188 27 45 66 378 154 630 65 566 198 615 152 644 
6 581 11 152 3 188 35 27 45 500 66 178 65 579 630 566 198 615 367 226 644 
6 581 11 23 25 24 35 27 45 26 66 178 500 65 579 243 399 615 101 367 644 
6 23 581 11 25 342 35 27 45 500 66 178 65 579 243 592 615 101 367 198 644 
6 23 25 35 45 11 378 152 188 121 27 66 581 630 527 65 579 223 198 615 644 
420 581 533 10 104 571 256 79 187 40 30 565 12 45 615 97 87 481 638 442 662 
6 23 11 25 35 378 152 188 45 500 121 27 66 581 327 65 566 198 615 367 644 
6 23 25 35 45 11 378 152 188 121 27 66 581 630 566 65 579 223 198 615 644 
6 581 11 23 25 244 35 27 45 500 66 178 65 579 243 399 615 101 367 558 644 
6 196 11 23 25 24 35 27 45 500 66 178 65 579 630 566 198 615 367 243 644 
6 581 11 23 25 24 35 27 45 500 66 178 65 394 566 353 254 148 89 522 644 
6 581 11 23 25 244 35 27 45 500 66 178 65 579 243 95 615 101 367 558 644 
420 581 533 10 328 212 588 176 40 404 30 565 12 45 394 571 313 79 615 97 662 
6 23 581 11 25 24 35 27 45 26 66 178 65 579 208 399 93 101 186 495 644 
338 581 533 188 40 404 6 23 25 121 35 27 377 66 246 65 436 615 367 594 644 
6 581 11 23 25 24 35 27 45 500 66 178 65 579 428 566 198 615 367 243 644 
6 23 11 581 25 24 35 27 45 26 66 178 65 579 208 620 93 101 615 495 644 
420 581 533 10 104 571 187 313 40 79 30 565 12 45 615 97 87 16 594 442 662 
6 581 11 75 3 43 45 246 265 442 66 436 65 579 615 367 566 198 558 104 644 
6 581 11 75 3 188 45 246 243 60 442 66 394 168 163 436 566 198 615 367 644 
6 533 188 312 212 581 404 161 23 11 41 25 207 121 35 238 45 66 246 65 644 
6 581 11 23 25 24 35 27 45 26 66 178 65 579 208 399 93 101 615 367 673 
6 581 11 75 3 43 45 246 111 442 66 436 615 367 566 198 558 104 79 259 644 
6 581 11 23 25 24 35 27 45 26 66 178 65 579 615 619 77 93 101 208 673 
6 581 11 260 476 306 45 246 394 458 442 66 111 604 566 198 615 367 178 190 644 
338 533 188 312 212 581 404 161 49 187 40 468 435 394 566 198 615 501 571 588 662 
338 581 479 188 312 212 187 40 404 30 565 12 394 566 198 615 631 571 588 45 662 
6 581 11 23 25 24 35 27 45 500 66 178 65 579 243 399 93 101 615 367 673 
6 23 581 11 25 342 35 27 45 500 66 178 65 579 243 592 615 101 367 558 644 
6 581 11 75 3 188 45 4 65 442 66 246 436 574 367 566 198 615 558 104 644 
6 23 315 25 35 11 441 152 188 504 27 66 581 630 65 566 198 615 367 226 644 
338 581 533 6 11 378 3 188 45 630 65 66 566 198 615 367 226 442 558 104 644 
6 581 11 23 25 24 35 27 45 26 66 200 328 10 65 89 615 101 367 522 644 
6 581 11 193 41 326 25 639 35 121 27 45 188 394 312 313 79 66 246 65 644 
6 237 242 581 11 378 636 188 45 630 65 66 87 130 40 79 500 198 615 367 644 
6 11 188 45 246 436 378 3 193 198 27 66 581 630 65 615 367 227 442 558 644 
6 581 11 75 476 377 45 246 394 458 442 66 111 604 566 198 615 367 558 104 644 
338 581 533 188 312 212 588 161 49 187 40 468 571 45 615 97 435 394 566 198 662 
338 581 533 188 40 404 312 212 588 161 49 187 468 571 45 615 97 435 394 566 662 
468 581 533 45 10 165 571 187 313 565 12 16 87 130 40 79 633 638 442 61 662 
6 581 11 75 3 188 45 246 394 168 30 436 566 314 615 367 226 442 43 111 644 
6 23 11 25 476 377 45 35 378 152 188 500 121 27 66 581 327 65 566 198 644 
6 581 11 75 3 43 45 246 111 442 66 153 65 579 243 615 367 566 198 332 644 
6 581 11 23 25 244 35 27 45 500 66 178 65 579 243 399 191 101 367 558 644 
6 581 11 23 25 24 35 27 45 500 66 178 65 579 243 399 615 101 367 558 644 
338 533 438 212 581 308 379 404 161 188 97 552 85 504 59 226 312 588 187 40 662 
6 581 11 75 3 43 45 246 111 442 66 153 65 579 615 367 566 198 558 104 644 
6 581 11 438 321 188 45 187 435 40 246 394 168 30 436 566 198 615 367 226 644 
6 178 11 100 3 140 469 246 394 458 61 566 45 188 66 65 269 615 367 581 644 
6 581 11 75 3 188 45 246 12 60 442 66 394 168 163 436 566 198 615 367 644 
338 533 188 312 212 581 404 161 49 187 40 468 435 394 566 198 615 501 571 588 662 
338 581 479 188 312 212 588 187 40 404 30 565 12 45 394 496 552 87 571 275 662 
6 581 11 193 3 188 45 246 140 469 79 61 566 198 615 367 226 442 558 479 644 
6 581 11 75 3 45 246 81 436 188 97 552 85 504 59 226 442 483 174 367 644 
6 23 581 11 25 24 35 27 45 26 66 178 65 579 208 399 93 101 615 495 673 
6 23 11 581 25 24 35 27 45 26 66 178 65 579 208 620 93 101 615 495 644 
6 581 11 75 476 43 45 246 394 458 442 66 111 436 566 198 615 367 558 104 644 
4 581 479 188 312 212 187 40 404 30 565 12 394 566 198 615 79 571 588 45 662 
6 581 11 75 3 188 45 4 65 211 66 246 436 574 367 566 198 615 558 104 644 
6 23 581 11 25 24 35 414 188 27 45 66 378 154 630 65 566 198 615 367 644 
6 581 11 438 3 188 45 27 234 566 198 227 442 377 66 141 65 200 615 367 644 
6 581 11 152 3 188 45 630 65 66 566 198 615 367 226 442 49 436 558 104 644 
338 581 205 188 312 212 588 246 394 458 187 40 404 30 565 12 45 496 552 87 662 
6 581 11 75 3 45 246 81 436 188 187 435 40 394 168 30 85 198 615 367 644 
6 581 11 188 45 378 3 566 25 121 35 124 377 66 246 65 496 615 198 367 644 
6 581 11 188 45 378 3 566 25 121 35 124 377 66 246 65 496 615 198 367 644 
4 581 479 188 312 212 187 40 433 30 565 12 394 566 198 615 222 571 588 45 662 
420 581 533 10 104 571 187 313 40 79 30 565 12 45 615 97 87 481 638 442 662 
6 581 11 75 476 250 45 246 394 458 442 66 111 604 566 198 615 367 558 104 644 
6 581 11 75 476 167 45 246 394 458 442 66 111 436 566 198 615 367 558 104 644 
6 178 11 193 3 140 469 246 394 458 61 566 45 188 66 65 269 615 367 225 644 
6 581 11 193 3 188 45 291 140 469 61 435 312 313 79 454 566 198 615 367 644 
6 23 25 121 35 27 45 581 11 378 154 630 566 188 66 65 416 615 367 198 644 
6 581 11 193 3 188 45 246 140 469 79 61 566 198 615 367 226 442 558 479 644 
468 581 533 45 10 165 571 187 313 16 87 565 12 130 40 79 633 638 442 61 662 
6 581 11 152 3 188 45 630 65 66 566 198 615 367 226 442 49 436 558 104 644 
