21 484 6 4 23 25 156 57 35 27 90 638 101 11 46 65 570 86 78 626 652 
453 480 226 318 340 119 50 552 312 59 248 251 239 176 490 533 379 459 419 221 528 658 
453 484 6 4 609 23 88 25 362 27 491 317 292 35 618 307 496 66 336 626 654 
107 23 66 85 104 621 467 59 528 299 340 379 239 422 176 490 517 546 559 453 660 
143 484 6 4 23 25 317 57 35 638 39 11 27 46 65 98 276 66 195 626 652 
453 480 372 318 340 188 50 552 312 59 248 176 365 490 251 239 395 88 528 379 660 
453 480 226 318 312 340 104 50 552 528 419 426 365 490 116 239 422 517 546 559 660 
480 114 66 85 104 318 312 50 59 379 382 419 88 490 299 239 422 517 546 559 660 
453 480 226 318 312 340 104 50 552 528 419 426 102 490 116 239 422 517 546 559 660 
21 484 6 4 23 25 57 35 90 638 597 11 27 44 66 65 570 596 332 465 652 
453 480 226 318 312 104 50 59 379 459 419 88 251 239 528 176 546 559 490 395 660 
43 484 6 4 23 25 57 35 27 90 638 307 11 44 65 570 596 66 332 465 652 
107 564 66 468 57 104 312 59 552 480 528 176 365 490 116 239 422 517 546 559 660 
143 484 6 4 23 25 57 35 568 511 307 11 27 46 65 266 276 66 78 626 652 
107 564 66 468 57 104 312 105 552 480 528 176 365 490 116 239 422 517 546 559 660 
453 480 226 318 340 104 379 490 299 239 422 59 556 88 403 559 312 79 578 618 660 
453 105 226 318 312 104 50 59 379 459 419 88 251 239 528 176 546 559 490 395 660 
453 480 226 318 340 104 50 59 379 459 419 312 250 221 528 176 365 490 116 239 660 
453 480 226 318 340 533 50 552 379 459 419 312 59 221 528 176 365 490 116 239 660 
21 484 6 4 23 25 90 57 35 638 307 93 27 44 66 65 570 596 332 465 652 
453 480 226 318 312 104 50 59 379 459 419 88 251 239 528 176 490 395 340 552 660 
21 484 6 4 23 25 90 57 35 638 307 93 27 44 66 65 570 596 571 465 652 
453 480 226 318 312 104 50 59 251 379 382 419 88 459 116 239 528 176 115 559 660 
453 480 226 571 312 104 372 81 379 490 299 239 422 59 556 88 4 559 79 578 660 
453 480 226 318 340 104 312 59 552 221 528 176 365 490 116 239 50 419 426 422 660 
143 484 6 4 23 25 57 35 27 317 638 373 413 46 65 127 276 66 195 626 652 
453 480 226 318 140 81 104 88 366 528 312 59 379 490 116 578 228 176 239 556 660 
453 480 226 318 340 119 50 552 379 459 104 490 299 239 422 59 556 88 403 559 660 
21 484 6 4 23 25 57 35 27 90 638 307 11 44 65 570 596 66 556 465 652 
65 564 66 468 57 104 312 59 552 480 528 176 365 490 116 239 422 517 546 559 660 
21 484 6 4 23 25 421 57 35 638 307 11 27 46 90 65 570 86 78 626 652 
21 484 6 4 23 25 421 57 35 638 307 11 27 46 90 65 570 86 78 626 652 
21 484 6 4 23 25 539 57 35 638 307 11 27 44 66 65 570 86 190 465 652 
21 484 6 4 23 25 539 57 35 638 307 11 27 44 66 65 570 86 190 465 652 
21 203 6 4 23 25 539 57 35 638 307 11 27 44 66 65 570 86 190 465 652 
21 484 6 4 23 25 57 539 35 638 307 11 27 44 66 65 570 86 190 465 652 
21 182 6 4 23 25 539 57 35 638 307 11 27 44 66 65 570 86 190 465 652 
21 484 6 4 23 25 539 57 35 638 307 11 27 44 66 65 570 86 190 465 652 
21 484 6 4 23 25 539 57 35 638 205 11 27 44 66 65 570 86 190 465 652 
21 484 6 4 23 25 539 35 27 57 638 205 11 44 66 65 570 86 190 465 652 
21 484 6 4 23 25 539 57 35 638 307 11 27 44 66 65 570 86 119 465 652 
21 484 6 4 23 25 57 35 539 638 307 11 27 44 66 65 570 86 119 465 652 
21 484 6 4 23 25 57 539 35 638 307 11 27 44 66 65 570 86 119 465 652 
21 484 6 4 23 25 539 57 35 638 307 11 27 44 66 65 570 86 119 465 652 
21 484 6 4 23 25 57 35 27 90 638 307 11 44 65 570 596 66 332 465 652 
21 484 6 4 23 25 57 35 27 90 638 307 11 44 65 570 596 66 332 465 652 
21 484 6 4 23 25 57 35 27 90 638 307 11 44 65 570 596 66 332 465 652 
21 484 6 4 23 25 57 35 27 90 638 307 11 44 65 570 596 66 332 465 652 
21 484 6 4 23 25 57 35 27 90 638 307 11 44 65 570 596 66 332 465 652 
21 484 6 4 23 25 57 35 27 90 638 307 11 44 65 570 596 66 332 465 652 
21 484 6 4 23 25 57 35 27 90 638 307 11 44 65 570 596 66 332 465 652 
21 484 6 4 23 25 57 35 27 90 638 307 11 44 65 570 596 66 332 465 652 
21 484 6 4 23 25 57 35 27 90 638 307 11 44 65 570 596 66 332 465 652 
21 484 6 4 23 25 57 35 27 90 638 307 11 44 65 570 596 66 332 465 652 
21 484 6 4 23 25 57 35 27 90 638 307 11 44 65 570 596 66 332 465 652 
21 484 6 4 23 25 57 35 27 90 638 307 11 44 65 570 596 66 332 465 652 
21 484 6 4 23 25 57 35 27 90 638 307 11 44 65 570 596 66 332 465 652 
21 484 6 4 23 25 57 35 27 90 638 307 11 44 65 570 596 66 332 465 652 
21 484 6 4 23 25 57 35 27 90 638 307 11 44 65 570 596 66 332 465 652 
21 484 6 4 23 25 57 35 27 90 638 307 11 44 65 570 596 66 332 465 652 
21 484 6 4 23 25 57 35 27 90 638 307 11 44 65 570 596 66 332 465 652 
21 484 6 4 23 25 57 35 27 90 638 307 11 44 65 570 596 66 332 465 652 
21 484 6 4 23 25 57 35 27 90 638 307 11 44 65 570 596 66 332 465 652 
21 484 6 4 23 25 57 35 27 90 638 307 11 44 65 570 596 66 332 465 652 
21 484 6 4 23 25 57 35 27 90 638 307 11 44 65 570 596 66 332 465 652 
21 484 6 4 23 25 57 35 27 90 638 307 11 44 65 570 596 66 332 465 652 
21 484 6 4 23 25 57 35 27 90 99 307 11 44 65 570 596 66 332 465 652 
21 484 6 4 23 25 57 35 27 90 638 307 11 44 65 570 596 66 332 465 652 
21 484 6 4 23 25 57 35 27 90 638 307 11 44 65 570 596 66 332 465 652 
21 484 6 4 23 25 57 35 27 90 638 307 11 44 65 570 596 66 332 465 652 
21 484 6 4 23 25 57 35 27 90 638 307 11 44 65 570 596 66 332 465 652 
21 484 6 4 23 25 57 35 27 90 638 307 11 44 65 570 596 66 332 465 652 
21 484 6 4 23 25 57 35 27 90 638 307 11 44 65 570 596 66 332 465 652 
21 484 6 4 23 25 57 35 27 90 638 307 11 44 65 570 596 66 332 465 652 
21 484 6 4 23 25 57 35 27 90 638 307 11 44 65 570 596 66 332 465 652 
143 484 6 4 23 25 317 57 35 638 39 11 27 46 65 127 276 66 195 626 652 
143 484 6 4 23 25 317 57 35 638 39 11 27 46 65 127 276 66 195 626 652 
143 484 6 4 23 25 317 57 35 638 39 11 27 46 65 127 276 66 195 626 652 
143 484 6 4 23 25 317 57 35 638 39 11 27 46 65 127 276 66 195 626 652 
143 484 6 4 23 25 317 57 35 638 39 27 11 46 65 127 276 66 195 626 652 
143 484 6 4 23 25 317 57 35 638 307 11 27 46 65 127 276 66 78 626 652 
143 484 6 4 23 25 317 57 35 638 307 11 27 46 65 127 276 66 78 626 652 
143 484 6 4 23 25 317 57 35 638 307 11 27 46 65 127 276 66 78 626 652 
143 484 6 4 23 25 317 57 35 638 307 11 27 46 65 127 276 66 78 626 652 
143 484 6 4 23 25 317 57 35 638 307 11 27 46 65 127 276 66 78 626 652 
143 484 6 4 23 25 317 57 35 638 307 11 27 46 65 127 276 66 78 626 652 
143 484 6 4 23 25 453 57 35 638 307 11 27 46 65 127 276 66 417 626 652 
143 484 6 4 23 25 317 57 35 638 307 11 27 46 65 127 276 66 195 626 652 
116 484 6 4 23 25 317 57 35 27 638 307 11 46 65 127 276 66 195 626 652 
143 484 6 4 23 25 317 57 35 638 373 11 27 46 65 127 276 66 195 626 652 
116 484 6 4 23 25 317 57 35 27 140 307 11 46 65 127 276 66 195 626 652 
143 484 6 4 23 25 317 57 35 638 373 11 27 46 65 127 276 66 195 626 652 
143 484 6 4 23 25 317 57 35 638 373 11 27 46 65 127 276 66 195 626 652 
143 484 6 4 23 25 317 57 35 638 307 11 27 46 65 127 276 66 195 626 652 
143 484 6 4 23 25 317 57 35 638 373 11 27 46 65 127 276 66 195 626 652 
143 484 6 4 23 25 317 57 35 638 307 11 27 46 65 127 276 66 195 626 652 
116 484 6 4 23 25 317 57 35 27 140 204 11 46 65 127 276 66 195 626 652 
284 484 6 4 23 25 317 57 35 638 307 11 27 46 65 127 276 66 195 626 652 
116 484 6 4 23 25 57 35 27 317 638 307 11 46 65 127 276 66 195 626 652 
143 484 6 4 23 25 57 317 35 638 307 11 27 46 65 127 276 66 284 626 652 
