445 104 88 490 637 424 251 261 140 287 61 50 545 239 97 154 151 38 483 422 654 
68 445 105 180 417 421 104 309 251 74 123 484 546 590 517 239 513 589 55 558 654 
23 24 15 57 104 68 137 421 251 217 105 123 74 590 517 239 513 484 546 589 654 
445 104 202 498 50 637 239 424 251 261 590 123 484 143 490 313 370 559 97 575 654 
23 24 21 57 244 487 410 65 52 68 105 123 423 74 590 484 513 517 546 589 654 
23 24 15 57 104 68 137 421 365 484 217 251 105 123 143 590 517 239 513 546 654 
21 57 24 74 54 410 65 62 67 95 68 513 579 244 463 124 361 464 465 617 676 
21 24 74 54 410 65 62 67 68 393 83 463 558 117 297 124 394 464 465 617 676 
23 24 15 57 65 83 183 54 62 70 29 297 67 68 92 95 633 101 465 104 676 
445 104 202 88 50 367 239 424 498 251 261 590 123 484 143 490 313 370 559 97 654 
445 61 104 309 105 180 538 421 239 424 251 123 484 513 245 590 517 546 589 310 654 
445 104 202 88 367 239 498 424 323 151 38 50 483 422 366 123 484 407 251 261 654 
23 24 15 419 104 68 137 421 251 217 105 123 74 590 517 239 513 484 546 589 654 
21 24 244 410 65 54 29 70 62 83 183 565 67 68 297 92 95 617 101 465 647 
23 24 323 419 104 68 137 421 251 74 517 123 484 513 546 157 55 239 558 365 654 
445 104 202 88 367 239 498 424 323 151 38 50 483 422 366 123 484 407 251 261 654 
23 24 15 57 65 83 183 54 62 70 29 297 67 68 92 95 617 101 465 104 676 
445 104 202 88 50 367 239 424 498 251 261 590 123 484 143 490 313 370 559 97 654 
23 343 15 419 104 68 484 421 251 217 105 137 123 74 590 517 239 513 546 589 654 
100 104 260 105 251 517 239 151 38 183 97 300 303 123 484 513 546 589 529 558 654 
68 126 104 309 105 180 538 421 239 424 251 123 484 513 74 590 517 546 589 55 654 
21 24 410 65 244 54 29 16 62 101 67 68 83 463 57 124 361 464 465 617 676 
21 24 611 65 342 54 71 16 62 83 183 565 67 68 297 92 95 464 465 617 647 
100 104 260 105 251 517 239 151 38 183 97 300 303 123 484 513 546 589 55 558 654 
68 445 104 309 180 538 484 421 251 217 105 74 590 239 123 513 546 589 55 558 654 
445 104 202 498 50 637 239 424 251 261 590 123 484 143 490 313 370 559 97 575 654 
21 24 244 54 410 65 62 29 67 83 259 68 297 95 463 124 361 464 465 617 676 
140 104 490 97 88 50 483 422 629 239 151 123 484 513 546 589 498 581 323 287 654 
21 57 23 24 244 54 410 29 70 65 62 67 68 83 463 297 124 361 464 465 676 
445 104 88 559 50 637 239 424 251 261 590 123 490 97 575 74 484 569 128 558 654 
21 24 244 54 410 65 62 29 67 68 83 463 297 80 442 514 361 464 465 617 676 
21 47 244 54 410 65 62 61 67 68 83 442 463 297 124 514 101 464 465 617 676 
23 24 15 419 104 68 137 421 251 174 517 123 484 513 546 589 55 239 558 365 654 
21 24 410 65 244 54 29 16 62 101 67 68 83 463 57 124 361 464 465 617 676 
23 24 15 419 104 68 137 421 251 174 517 123 484 513 546 589 55 239 558 365 654 
21 24 410 244 54 375 67 65 62 83 533 68 297 95 463 124 361 464 465 617 676 
445 104 88 50 490 637 239 424 251 261 140 287 61 97 323 151 38 483 422 629 654 
21 24 244 74 54 67 410 65 83 183 62 70 29 297 68 92 95 373 101 465 676 
21 24 74 54 410 65 62 67 68 244 282 83 533 297 95 463 124 361 464 465 676 
23 24 15 57 104 68 137 421 251 217 105 123 257 590 517 239 513 484 546 589 654 
100 104 309 183 105 151 38 97 251 300 149 50 545 239 123 517 484 513 546 589 654 
445 104 88 559 490 637 239 424 251 261 590 97 575 74 484 569 128 123 558 61 654 
445 104 97 18 88 202 50 637 239 424 251 123 484 513 74 128 114 370 569 558 654 
21 57 23 24 244 54 410 29 70 65 62 67 68 83 463 297 124 361 464 465 676 
68 126 104 309 105 180 538 421 251 484 513 123 74 590 517 546 589 55 239 558 654 
445 104 202 88 50 637 239 424 251 261 183 123 484 143 639 513 546 589 130 490 654 
7 104 202 88 50 637 239 424 251 261 590 123 484 143 490 313 370 569 128 113 654 
23 636 15 419 104 68 137 421 251 217 105 123 74 590 517 239 513 484 546 589 654 
23 328 124 15 57 104 68 137 365 217 105 251 123 515 590 239 513 484 517 546 654 
404 104 202 88 297 483 422 629 251 105 151 123 300 149 61 222 589 55 239 558 654 
23 24 15 419 104 68 137 421 251 217 105 123 74 590 517 239 513 484 546 589 654 
23 24 15 57 104 68 137 421 251 217 105 123 423 590 517 484 513 546 589 55 654 
7 104 202 88 50 637 239 424 251 261 590 123 484 143 490 313 370 569 128 113 654 
68 445 105 180 417 421 104 309 251 74 123 484 546 590 517 239 513 589 55 558 654 
68 445 104 309 105 180 538 421 251 484 513 123 74 590 517 546 589 55 239 558 654 
445 104 97 18 88 202 50 637 239 424 251 74 484 569 128 123 114 558 61 156 654 
21 24 244 410 65 83 183 54 62 70 29 297 67 68 92 95 617 101 465 105 676 
445 104 97 18 88 202 50 637 239 424 251 123 484 513 74 128 114 370 569 558 654 
445 104 309 105 50 637 239 151 38 183 97 300 303 123 251 589 55 513 275 558 654 
23 328 124 15 57 104 68 137 365 217 105 251 123 515 590 239 513 484 517 546 654 
23 24 15 57 104 68 137 421 365 484 217 251 105 123 74 590 517 239 513 546 654 
21 57 24 74 54 410 65 62 67 95 68 513 202 244 463 124 361 464 465 617 676 
445 104 309 105 50 637 239 151 38 183 97 300 303 123 251 589 55 513 275 558 654 
445 104 97 18 88 202 50 637 239 424 251 123 484 513 74 569 128 114 558 357 654 
445 104 97 18 88 202 50 637 239 424 251 123 484 513 74 569 128 114 558 61 654 
21 24 244 410 65 83 183 54 62 70 29 297 67 68 92 95 617 101 465 105 676 
445 104 97 18 88 202 50 637 239 424 251 74 484 569 128 123 114 558 61 372 654 
21 24 74 54 410 65 62 67 68 393 83 463 558 117 297 124 394 464 465 617 676 
21 47 244 54 410 65 62 358 67 68 83 442 463 297 124 514 361 464 465 617 676 
21 57 23 24 244 54 410 65 62 68 70 67 83 463 124 13 95 297 464 465 676 
445 104 309 105 50 637 239 151 38 183 97 300 303 123 251 589 55 513 546 558 654 
100 104 309 183 105 151 38 97 251 300 149 50 545 239 123 61 546 589 173 558 654 
21 24 88 65 342 54 71 16 62 83 67 68 183 297 92 565 95 464 465 617 647 
445 61 104 309 310 105 97 88 50 545 239 151 498 38 123 490 313 370 113 558 654 
445 104 309 105 151 38 183 97 251 300 149 50 545 239 123 61 546 589 173 558 654 
445 104 61 310 105 97 88 422 151 629 38 50 545 239 123 484 513 546 589 498 654 
445 104 202 88 297 483 422 629 251 105 151 123 300 149 61 222 589 55 239 558 654 
21 24 244 54 410 65 62 358 67 68 83 442 514 463 297 124 361 464 465 617 676 
23 24 15 57 104 68 137 421 251 217 105 123 74 590 517 239 513 484 546 589 654 
445 104 61 310 105 97 88 50 545 239 151 123 484 513 546 589 498 38 490 313 654 
140 104 490 97 88 50 483 422 151 629 581 123 484 323 287 169 637 239 424 407 654 
140 287 61 97 88 637 239 424 323 151 38 50 483 422 629 123 484 407 203 87 654 
445 104 490 97 88 50 483 422 151 629 38 123 484 323 407 203 637 239 424 251 654 
140 287 61 97 88 637 239 424 323 151 38 50 483 422 629 123 484 407 203 87 654 
21 24 244 54 410 65 29 16 62 101 67 68 83 463 297 124 361 464 465 617 676 
21 24 244 54 410 65 29 16 62 101 67 68 83 463 297 124 361 464 465 617 676 
21 24 74 54 410 65 62 67 68 69 83 463 558 117 297 124 394 464 465 617 676 
21 24 244 54 410 65 62 29 67 68 83 463 297 124 442 514 361 464 465 617 676 
21 57 24 74 54 410 65 62 67 95 68 513 579 244 463 124 361 464 465 617 676 
21 57 23 24 244 54 410 65 62 68 70 67 83 463 124 13 95 297 464 465 676 
21 24 74 54 410 65 62 67 68 95 83 463 558 117 297 124 394 464 465 617 676 
445 104 202 88 50 637 239 424 251 261 590 123 130 143 490 313 370 569 128 113 654 
445 104 61 310 105 97 88 50 545 239 151 498 38 123 490 313 370 113 558 484 654 
445 104 202 88 50 637 239 424 251 261 590 123 484 143 490 313 370 569 128 113 654 
21 24 88 65 342 54 71 16 62 83 183 565 67 68 297 92 95 464 465 617 676 
21 24 244 410 65 62 83 533 54 29 67 68 297 124 95 463 361 464 465 617 647 
21 24 244 410 65 62 83 533 54 29 67 68 297 124 95 463 361 464 465 617 647 
21 24 88 65 342 54 71 16 62 83 183 565 67 68 297 92 95 464 465 617 676 
140 287 61 97 88 50 483 422 151 629 38 123 484 323 407 203 87 313 485 251 654 
140 287 61 97 88 50 483 422 151 629 38 123 484 323 407 203 87 313 485 251 654 
