23 60 528 89 378 622 66 82 559 102 13 569 24 90 104 30 85 633 93 545 676 
20 324 220 631 120 368 323 504 332 643 567 348 221 542 538 586 128 589 406 99 671 
70 178 94 643 87 479 112 330 258 211 537 197 611 272 396 111 201 596 69 357 676 
77 622 643 199 161 229 48 205 51 68 381 82 536 78 465 2 3 620 540 398 676 
177 6 91 101 423 43 617 463 492 543 96 85 583 535 589 173 477 407 174 626 676 
77 301 277 624 113 350 60 141 506 4 5 325 234 579 117 246 381 190 504 170 676 
248 149 3 347 422 553 97 181 320 159 171 388 91 469 20 7 643 178 9 108 648 
70 227 54 194 4 254 232 40 120 272 619 363 553 270 566 571 5 632 595 183 644 
517 559 105 564 532 507 641 12 175 535 219 4 287 474 624 237 410 104 566 451 676 
3 637 153 591 232 282 643 162 503 2 240 451 488 481 308 392 61 586 103 427 670 
36 46 296 33 66 442 20 486 27 479 127 26 355 346 337 391 94 485 611 617 673 
184 159 79 8 529 643 362 327 481 143 307 479 208 188 192 589 539 440 288 228 16 668 
462 149 80 64 109 436 265 52 7 643 68 242 24 185 124 330 579 153 380 247 676 
643 416 307 292 358 414 298 346 11 112 242 485 330 642 164 152 256 439 581 432 665 
13 643 437 250 630 472 584 561 471 244 616 509 17 2 457 7 518 124 127 620 644 
284 62 629 69 83 473 61 624 396 4 96 11 50 6 217 42 256 643 20 81 139 676 
77 204 460 343 66 214 513 269 145 173 27 105 191 205 287 240 597 76 51 10 676 
6 65 102 190 56 136 247 15 575 365 363 56 63 488 51 410 615 604 134 256 676 
66 38 152 326 526 144 309 500 6 211 595 18 558 564 312 635 127 441 313 168 676 
24 100 237 74 46 69 9 12 105 564 535 521 386 592 131 484 140 437 336 52 676 
299 34 125 232 175 112 629 387 455 340 184 267 161 191 302 440 182 129 18 122 667 
426 45 519 207 569 82 643 312 150 2 195 206 432 40 384 135 494 481 221 38 654 
3 68 247 463 144 343 528 364 335 73 7 44 406 272 492 557 72 456 558 422 676 
80 203 462 56 312 12 558 621 179 329 376 34 162 353 7 87 126 352 490 30 676 
26 106 254 176 69 352 175 22 60 11 77 186 643 159 267 642 90 347 573 262 652 
643 236 9 254 448 257 184 77 306 543 454 51 421 118 59 149 192 505 564 411 671 
124 113 158 25 77 7 643 152 79 511 363 81 434 129 152 546 557 34 104 559 676 
408 136 13 283 272 367 289 111 173 460 480 202 57 4 631 58 541 533 333 442 676 
643 280 553 442 346 115 234 342 254 594 395 500 636 11 503 575 221 501 157 53 5 125 648 
