21 24 25 140 35 98 57 308 46 102 61 92 466 556 106 571 579 447 113 627 647 
508 536 324 319 330 633 113 442 307 292 61 266 566 303 106 355 498 245 188 175 648 
508 536 324 319 330 633 113 442 307 292 61 637 566 303 106 355 498 245 188 175 648 
21 24 25 140 35 98 57 308 46 102 61 92 466 556 106 571 579 447 113 627 647 
21 24 1 25 35 323 47 92 3 297 72 101 52 274 76 567 102 85 520 617 676 
1 24 25 35 294 640 323 47 58 3 33 101 66 195 430 102 85 520 617 637 676 
22 24 25 57 35 98 47 78 606 161 101 579 90 571 93 463 76 550 102 466 647 
21 24 1 25 35 323 47 58 3 297 569 274 76 430 102 85 520 617 211 101 676 
21 24 1 25 35 323 47 511 3 297 72 101 52 274 76 338 102 85 520 617 676 
22 24 25 57 35 98 47 78 94 161 101 571 579 90 93 463 76 550 102 466 647 
441 536 232 319 633 258 113 442 307 292 61 266 566 303 106 355 498 108 437 512 648 
441 536 232 319 633 258 113 442 307 292 61 266 566 303 106 355 498 108 350 512 648 
441 536 232 319 633 258 113 442 307 292 61 266 566 303 106 355 498 108 350 512 648 
508 536 324 319 633 245 52 175 307 437 61 313 314 303 566 629 498 17 350 512 648 
441 536 232 319 633 258 113 442 307 292 61 266 566 303 106 355 498 108 437 512 648 
1 24 25 85 35 323 47 58 3 297 101 66 4 383 76 430 102 617 211 579 676 
441 24 25 85 35 323 304 47 58 3 72 101 66 418 274 76 430 102 520 617 676 
441 323 238 303 139 85 52 262 359 61 3 266 556 430 368 637 292 102 617 553 648 
21 24 1 25 35 323 47 92 3 297 52 274 76 338 102 85 520 617 211 101 676 
21 24 1 25 35 323 47 58 3 297 52 274 76 430 102 85 520 617 211 101 676 
21 24 1 25 35 323 47 92 3 297 72 101 52 274 76 567 102 85 520 617 676 
21 24 1 25 35 323 47 92 245 297 52 274 76 338 102 85 520 617 58 211 676 
222 24 25 85 35 323 304 47 58 3 72 101 66 4 383 76 430 102 617 211 676 
441 24 45 85 35 323 47 58 3 396 206 66 76 625 102 617 556 211 430 4 676 
21 24 25 35 57 482 304 47 58 61 616 66 84 505 101 359 76 268 102 617 676 
441 376 25 85 35 323 47 58 3 297 187 66 195 637 76 430 102 617 211 579 676 
547 24 25 35 323 47 72 58 3 161 101 52 274 76 430 419 102 336 520 617 676 
441 24 25 85 35 71 47 58 3 72 101 66 392 383 76 430 102 617 211 579 676 
441 24 25 85 35 323 47 58 3 297 101 66 195 383 76 430 102 617 211 579 676 
508 536 324 319 633 245 52 442 307 292 61 266 566 303 355 175 430 102 437 313 648 
544 24 25 85 35 323 47 58 3 297 101 66 4 383 76 430 102 617 211 579 676 
441 24 45 85 35 323 47 58 3 396 101 66 76 625 102 617 556 211 430 4 676 
547 18 25 337 314 61 62 58 399 66 433 284 76 430 102 166 335 85 520 617 644 
290 18 62 314 58 399 66 52 425 76 3 172 617 102 556 368 34 553 363 94 644 
21 24 1 25 35 323 47 92 3 297 52 274 76 338 102 85 520 617 211 101 676 
508 536 324 319 633 245 52 442 307 292 61 266 566 303 355 175 430 102 437 313 648 
337 18 25 85 35 254 47 58 3 66 52 637 323 625 76 430 102 617 211 108 676 
337 18 25 85 35 254 47 58 66 482 297 52 637 323 625 76 430 102 617 108 676 
441 24 45 85 35 323 528 58 3 396 101 66 76 430 102 4 43 195 637 617 676 
547 18 25 337 314 61 62 58 399 66 163 335 76 430 102 617 85 211 367 558 644 
508 536 324 319 633 245 52 442 307 292 61 266 566 303 355 175 430 102 437 592 648 
192 24 45 85 35 323 47 58 3 61 396 101 66 76 625 102 617 556 211 430 676 
547 18 153 337 314 62 58 399 66 163 61 172 76 419 102 617 556 368 441 536 644 
441 24 45 85 35 323 47 58 3 396 206 66 76 625 102 617 556 211 430 4 676 
205 75 303 249 480 367 314 58 17 3 61 172 76 419 102 617 556 368 34 553 644 
547 18 25 337 314 62 58 399 66 163 284 76 430 338 61 313 102 617 368 85 644 
547 18 25 341 314 61 62 58 399 66 163 335 76 430 102 85 520 617 211 367 644 
205 75 347 32 480 367 314 58 17 61 3 172 76 625 102 617 556 211 197 368 644 
547 18 25 337 314 61 62 58 399 66 166 335 76 430 102 85 520 617 211 367 676 
441 138 266 439 518 238 303 240 553 3 320 350 478 556 347 607 332 75 237 7 644 
205 75 347 32 480 367 314 58 118 61 3 172 76 625 102 617 556 211 197 368 644 
290 18 62 303 8 314 323 58 3 61 375 66 172 76 419 102 617 556 368 238 644 
547 18 25 337 314 61 62 58 399 66 163 284 76 430 102 335 617 85 211 367 644 
337 18 324 319 62 314 58 399 66 52 425 76 94 102 91 558 172 85 367 617 644 
508 536 324 319 633 245 52 175 307 437 61 313 314 303 566 629 498 17 350 512 648 
205 75 347 32 480 367 314 58 17 61 3 172 441 536 324 319 633 258 250 442 644 
22 24 25 57 35 98 47 78 94 161 101 571 579 90 93 463 76 550 102 466 647 
222 24 25 85 35 323 304 47 58 3 72 101 66 4 383 76 430 102 617 211 676 
205 75 303 272 175 367 314 58 17 61 3 172 617 102 556 368 34 553 363 104 644 
192 24 45 85 35 323 47 58 3 61 396 101 66 76 625 102 617 556 211 430 676 
441 536 266 85 35 323 47 58 122 8 61 66 45 637 76 339 430 102 617 324 676 
547 18 25 337 314 61 62 58 399 66 350 478 556 620 163 335 76 430 102 617 644 
21 24 1 25 35 323 47 92 3 297 52 274 76 338 102 85 520 617 58 211 676 
441 138 266 96 323 238 303 240 553 17 350 478 556 620 361 3 463 347 607 332 644 
21 24 1 25 35 323 47 92 3 297 52 274 76 338 102 85 520 617 58 211 676 
547 18 25 337 633 258 62 58 399 66 52 274 76 430 102 125 367 617 211 314 676 
337 18 25 85 503 254 47 58 3 66 52 637 323 625 76 430 102 617 211 108 676 
337 18 324 319 62 314 58 399 66 52 425 76 94 102 366 558 172 85 367 617 644 
205 75 303 272 175 156 314 58 17 61 3 172 617 102 556 368 34 553 363 104 644 
22 24 25 57 35 98 47 78 606 161 101 571 579 90 93 463 76 550 102 466 647 
205 75 347 32 480 367 314 58 17 61 3 172 441 536 324 319 633 258 250 442 644 
547 18 25 337 314 62 58 399 66 3 61 172 76 419 163 335 430 102 617 85 644 
547 18 153 337 314 62 58 399 66 163 61 172 76 419 102 617 556 368 284 430 644 
441 342 25 85 35 323 598 58 3 161 101 637 452 66 195 76 430 102 617 211 676 
441 24 25 85 35 323 304 47 58 3 72 101 66 418 274 76 430 102 520 617 676 
441 138 266 146 211 96 518 238 303 240 553 3 320 350 478 556 347 607 332 75 644 
441 138 266 439 518 238 303 240 553 3 320 350 478 556 347 607 332 75 237 7 644 
441 138 266 96 323 238 303 240 553 17 350 478 556 620 361 3 463 347 607 332 644 
21 24 25 35 57 482 304 47 58 61 616 66 84 505 101 359 76 268 102 617 676 
441 376 25 85 35 323 47 58 3 297 187 66 195 637 76 430 102 617 211 579 676 
441 138 266 146 211 96 518 238 303 240 553 3 320 350 478 556 347 607 332 75 644 
205 75 375 272 175 354 314 58 17 61 3 172 617 102 556 368 34 553 363 104 644 
508 536 324 319 633 245 52 442 307 292 61 266 566 303 355 175 430 102 437 592 648 
441 138 266 96 323 213 303 240 172 17 350 478 556 620 361 3 463 347 607 332 644 
441 138 266 96 323 213 303 240 172 17 350 482 556 620 361 3 463 347 607 332 644 
205 75 347 32 480 367 314 58 17 61 3 172 76 625 102 617 556 211 197 368 644 
337 18 25 85 35 323 47 58 3 452 511 66 52 226 76 430 102 617 590 620 676 
547 18 25 337 633 258 62 58 399 66 52 274 76 430 102 85 520 617 211 314 676 
508 536 324 85 35 323 47 58 3 297 101 66 566 195 145 76 430 102 617 211 676 
547 18 25 337 314 146 62 58 399 66 163 284 76 430 102 617 368 85 211 367 644 
290 18 62 314 323 238 58 399 66 52 425 76 3 430 102 85 367 172 617 556 644 
290 18 62 314 323 238 58 399 66 52 425 76 3 430 102 85 367 172 617 556 644 
508 536 324 85 35 323 47 58 3 297 101 66 566 195 145 76 430 102 617 211 676 
337 18 324 319 62 314 58 399 66 52 194 76 94 102 91 558 172 85 367 617 644 
544 24 25 85 35 323 47 58 3 297 101 66 4 383 76 430 102 617 211 579 676 
547 18 25 337 633 258 62 58 399 66 52 274 76 430 102 85 520 617 211 314 676 
441 24 45 85 35 323 47 58 3 396 101 66 76 625 102 617 556 211 430 4 676 
547 18 25 337 314 146 62 58 399 66 163 284 76 430 102 617 368 85 211 367 644 
21 24 1 25 35 323 47 58 3 297 52 274 76 430 102 85 520 617 211 101 676 
337 18 25 85 35 323 47 58 3 452 511 66 52 226 76 430 102 617 590 620 676 
