39 54 17 554 86 593 499 107 65 97 556 102 2 20 15 463 338 29 94 92 647 
643 399 7 415 74 226 642 417 356 533 409 534 444 599 50 58 451 398 285 175 607 120 279 648 
21 513 29 28 431 5 68 323 49 500 56 465 124 580 526 95 45 373 458 144 652 
66 144 65 102 541 206 164 240 326 60 53 612 205 630 441 138 339 352 432 311 676 
565 88 643 301 355 503 273 62 247 109 152 410 485 615 426 642 53 125 118 487 644 
21 132 34 223 43 528 101 45 58 330 282 53 94 173 597 271 419 124 236 12 673 
615 114 11 150 424 124 80 613 66 34 367 329 625 51 513 465 237 592 117 615 676 
643 254 513 629 553 463 391 578 12 287 319 171 454 615 359 511 470 329 577 575 654 
55 33 70 105 23 9 491 44 234 198 95 321 307 347 96 276 137 117 522 404 676 
146 195 181 332 45 542 622 3 122 255 397 564 546 586 438 283 59 353 643 451 38 662 
589 287 12 423 4 68 171 538 247 114 124 364 74 214 34 14 221 334 48 2 640 676 
5 127 71 506 75 307 243 253 4 38 563 110 266 609 113 230 158 500 296 282 668 
593 311 6 533 252 234 49 131 440 416 265 582 418 176 134 191 363 643 352 4 676 
501 188 113 380 428 282 238 643 474 373 454 516 106 480 467 279 207 325 97 533 166 674 
6 130 468 242 224 171 382 615 392 643 11 350 257 451 47 391 45 211 300 317 676 
247 218 6 168 9 123 412 418 145 164 107 238 30 546 569 380 115 433 214 480 676 
24 155 10 2 124 112 231 20 316 116 192 488 32 74 589 551 458 481 58 105 676 
320 76 197 101 164 3 192 623 124 324 49 529 77 451 333 615 334 460 504 144 676 
406 643 386 477 91 564 636 337 638 73 441 308 37 482 87 508 143 539 251 246 5 663 
231 601 591 28 318 516 159 600 109 97 132 53 530 643 468 205 294 276 491 240 675 
317 88 29 412 141 528 564 200 51 185 376 45 10 300 76 227 315 156 280 144 676 
123 80 87 233 199 374 252 166 42 56 145 206 390 639 436 45 96 74 62 81 676 
228 273 164 301 276 10 117 557 217 78 96 13 100 598 567 453 322 120 57 559 676 
101 24 23 578 255 80 388 308 580 517 265 71 619 2 624 401 206 579 77 234 676 
21 66 33 86 14 98 69 63 26 591 220 143 228 485 583 322 484 376 188 255 676 
140 187 138 70 269 174 258 239 477 141 563 226 214 244 239 159 620 436 425 367 676 
228 365 395 38 643 270 340 266 308 407 260 75 389 379 187 199 540 264 108 255 669 
313 125 331 376 600 363 562 48 435 316 431 562 71 362 462 436 128 411 491 393 671 
14 37 174 109 6 132 642 77 556 315 495 422 457 421 326 523 499 190 83 566 676 
