618 411 425 445 380 342 162 214 584 439 189 71 631 484 204 48 413 119 116 448 319 645 
394 448 319 2 6 477 246 261 214 11 22 25 63 101 168 97 260 455 582 584 645 
621 445 446 2 564 117 6 157 214 11 22 189 63 260 455 582 119 235 101 168 645 
394 448 319 2 6 477 214 246 11 261 584 413 362 85 631 317 22 101 168 189 645 
439 448 2 6 342 501 214 246 11 530 162 319 584 37 582 119 317 22 100 168 645 
618 411 425 445 380 477 246 157 342 162 214 439 372 317 584 254 530 189 71 631 104 645 
2 11 99 36 633 436 4 28 360 465 22 320 17 63 626 93 522 584 101 635 652 
2 11 99 36 95 436 4 28 360 465 22 320 17 63 626 269 522 584 101 635 652 
621 445 446 2 564 117 162 214 584 439 189 71 6 157 11 22 25 63 101 168 97 645 
618 411 425 445 380 342 162 214 439 372 317 584 254 530 189 71 631 104 484 332 645 
107 445 446 2 564 117 6 157 214 11 22 189 63 260 455 582 119 317 235 101 168 645 
439 448 319 291 6 552 530 128 286 255 214 584 11 323 509 536 411 425 445 639 645 
621 446 2 6 477 246 157 214 11 445 210 40 261 582 119 317 235 377 168 584 645 
621 445 446 2 564 117 6 157 214 189 246 11 582 119 317 22 101 168 97 202 48 645 
439 448 319 2 6 552 530 214 246 11 286 509 97 189 202 48 639 413 85 239 645 
439 448 319 291 6 552 530 214 128 11 286 509 536 411 425 445 639 241 168 380 645 
394 448 319 2 6 477 246 157 214 40 261 11 582 119 317 22 377 168 584 413 362 645 
2 11 99 36 95 436 4 28 360 465 22 320 17 63 626 93 522 285 444 635 652 
439 411 425 448 618 319 2 6 530 255 214 584 11 323 117 332 236 477 489 168 645 
2 11 99 36 369 85 4 28 360 465 22 320 17 63 626 93 522 584 101 635 652 
621 445 446 2 6 477 246 157 214 40 261 11 582 119 317 235 377 168 584 564 117 645 
2 11 99 36 95 436 4 28 360 465 22 133 17 63 626 93 347 584 101 635 652 
2 11 99 36 633 436 4 300 360 465 22 320 17 63 626 93 522 584 101 635 652 
2 11 99 36 95 436 4 28 360 465 269 320 17 63 626 93 522 584 101 635 652 
439 448 319 291 6 477 246 157 214 40 261 11 582 119 317 235 377 168 584 552 530 645 
291 411 425 445 641 342 162 214 584 439 117 332 509 489 189 71 631 104 484 421 645 
439 448 319 291 411 425 445 380 342 162 214 413 582 119 584 117 332 509 489 189 71 645 
2 11 99 36 95 85 4 28 360 465 22 320 17 63 626 93 168 584 101 635 652 
439 448 319 291 411 425 445 641 342 330 214 584 117 332 509 489 189 71 631 104 484 645 
2 11 99 36 95 436 4 428 360 465 22 320 17 63 626 93 522 584 101 635 652 
2 11 99 36 95 85 4 28 360 465 22 320 240 63 626 93 522 584 101 635 652 
439 411 425 448 618 319 2 6 530 639 214 584 11 323 117 332 236 477 489 168 645 
439 448 319 291 6 477 246 157 40 255 214 261 11 582 119 317 235 377 168 584 552 645 
291 411 425 445 380 342 162 214 584 439 117 332 509 489 189 71 631 484 421 530 645 
618 504 445 446 2 564 117 6 630 120 381 11 367 45 168 426 118 394 155 319 644 
2 11 99 36 95 436 208 28 360 465 22 320 17 63 626 93 522 285 101 635 652 
621 504 445 446 2 564 117 6 43 120 381 11 367 45 168 426 118 379 255 439 644 
439 448 319 2 6 530 214 584 43 120 381 11 367 45 168 426 118 379 255 247 644 
439 448 319 6 552 530 291 477 246 157 214 40 261 11 582 119 317 235 377 168 645 
439 448 319 411 425 618 2 6 530 255 214 584 11 323 117 332 236 477 489 168 484 645 
618 411 425 445 380 342 372 157 162 214 326 439 189 317 584 254 530 71 631 104 645 
2 11 99 36 95 90 4 28 360 465 22 320 17 63 626 93 522 584 101 635 652 
2 11 99 36 95 90 4 28 360 465 22 320 17 63 626 93 522 584 101 635 652 
2 11 99 36 95 436 4 28 360 465 22 133 17 63 626 93 522 584 101 635 652 
2 11 99 36 95 436 4 28 360 465 22 133 17 63 626 93 522 584 101 635 652 
2 11 99 36 95 436 4 28 360 465 22 320 133 63 626 93 522 285 101 635 652 
2 11 99 36 95 436 4 28 360 465 22 320 133 63 626 93 522 285 101 635 652 
2 11 99 36 95 436 420 28 360 465 22 320 17 63 626 93 522 584 101 635 652 
2 11 99 36 95 436 4 28 360 465 22 320 133 63 626 93 522 285 101 635 652 
2 11 99 36 95 436 4 28 360 465 22 320 17 63 626 269 522 584 101 635 652 
