24 11 71 562 59 36 95 21 29 99 546 383 91 557 466 634 525 97 19 76 88 676 
65 55 52 10 70 140 78 6 286 539 151 58 83 255 232 305 374 523 566 352 654 
104 31 161 639 643 239 48 11 13 427 196 639 414 625 523 579 70 273 559 315 676 
643 157 135 480 616 317 499 606 375 290 87 482 196 621 228 289 373 504 174 170 661 
76 102 139 479 177 22 156 65 174 104 25 136 583 68 49 274 513 287 293 431 676 
30 396 68 513 272 62 423 643 584 519 148 12 66 300 527 197 363 642 472 226 676 
272 417 410 225 552 643 178 259 254 316 421 427 416 564 341 18 188 140 19 301 674 
643 354 110 276 406 489 87 633 514 515 37 484 251 9 403 512 305 568 531 565 235 663 
263 158 49 91 73 235 594 361 643 441 624 367 117 146 288 489 500 395 82 467 670 
5 140 333 427 643 437 569 383 135 323 313 8 3 114 176 362 7 71 137 43 646 
33 83 125 42 19 36 4 20 197 330 11 128 304 72 331 213 450 559 521 111 673 
39 14 315 68 58 66 643 42 531 193 586 246 60 524 291 61 204 335 255 405 676 
77 643 404 505 382 500 206 257 335 565 427 541 74 147 629 38 9 116 364 489 661 
27 68 75 234 29 612 6 215 35 464 366 308 297 4 105 622 2 525 455 402 676 
33 372 24 143 43 382 199 564 537 348 481 70 493 76 71 587 221 256 259 402 676 
39 83 37 34 102 252 563 220 142 376 466 470 117 396 388 45 275 12 4 527 676 
294 18 150 283 310 12 187 105 20 357 88 82 455 429 254 363 124 446 141 247 10 660 
20 397 279 11 157 258 520 617 144 66 607 189 440 123 507 629 273 344 624 337 676 
104 643 269 229 342 66 67 360 326 243 155 311 376 558 589 637 478 527 448 198 392 646 
155 30 500 268 168 113 364 28 275 66 546 2 274 112 608 99 571 434 367 5 246 676 
417 166 150 576 115 175 390 643 315 383 504 30 462 477 267 543 413 67 135 110 18 661 
54 48 2 25 99 540 352 21 197 256 202 64 125 70 69 620 63 579 596 623 676 
39 141 408 83 197 632 155 78 643 413 540 345 366 179 583 417 55 493 461 45 673 
1 55 92 176 95 23 440 462 521 180 306 441 131 455 123 513 599 461 547 572 676 
643 75 181 304 442 322 305 514 203 527 606 167 422 538 385 190 399 219 267 437 648 
