174 13 85 40 16 638 401 160 7 148 422 279 338 586 314 212 371 383 642 442 662 
174 13 85 40 16 638 401 160 7 561 148 422 279 338 586 314 212 80 371 383 642 662 
174 13 491 8 85 219 380 362 249 401 7 148 62 279 77 586 314 371 178 642 662 
174 13 85 219 491 8 160 401 249 7 62 16 244 148 375 637 391 176 80 355 442 662 
174 13 85 48 425 8 430 37 414 637 401 7 80 234 205 9 178 642 442 377 662 
174 13 85 219 491 8 160 401 249 7 62 16 244 148 375 637 391 176 80 355 442 662 
174 13 491 8 160 16 638 401 7 148 62 279 77 586 314 371 178 642 442 181 662 
174 13 491 8 581 362 401 160 249 7 62 16 638 148 375 637 391 176 80 355 442 662 
174 13 85 219 581 362 256 7 62 401 193 213 375 68 77 587 371 80 178 624 642 662 
174 13 85 48 425 8 430 304 414 637 401 7 80 234 205 9 178 642 442 377 662 
174 13 491 8 160 16 638 401 7 148 62 279 77 586 314 371 178 642 442 181 662 
174 13 85 219 581 362 249 401 7 148 62 279 77 586 314 371 178 642 561 194 662 
174 13 491 8 160 401 249 7 62 16 116 148 375 637 391 176 80 355 442 430 662 
174 13 491 8 430 237 117 37 414 637 401 7 80 234 205 9 178 642 442 225 662 
174 13 85 219 581 362 256 7 62 401 194 213 375 68 77 587 371 80 178 624 642 662 
174 13 85 48 425 8 430 37 414 637 401 7 80 234 205 9 178 642 442 377 662 
174 13 85 40 16 638 401 160 7 148 422 279 338 586 314 212 80 371 383 642 442 662 
174 13 491 8 430 37 638 401 7 148 62 279 77 586 314 371 178 642 442 85 662 
174 13 85 219 581 362 256 7 62 401 194 213 375 68 77 587 371 80 178 624 642 662 
174 13 491 8 160 16 638 401 7 148 62 279 77 586 314 371 178 642 442 181 662 
174 13 383 219 581 362 401 249 7 62 178 194 462 375 637 391 587 80 642 442 371 662 
174 13 633 8 160 401 249 7 62 16 638 148 375 637 391 587 80 642 442 279 662 
174 13 491 8 160 401 249 7 62 16 638 148 375 637 391 176 80 355 442 430 662 
174 13 85 219 581 362 401 249 7 561 194 462 375 586 314 637 391 417 80 642 662 
174 13 491 8 160 401 249 7 62 16 638 148 375 637 391 382 80 355 442 430 662 
174 13 85 219 581 362 401 249 7 561 194 462 375 586 314 637 391 417 80 642 662 
174 13 85 219 362 637 401 377 7 62 194 462 77 587 80 375 98 178 624 642 662 
174 13 85 219 581 362 401 249 7 561 194 462 375 586 314 637 391 417 80 642 662 
174 13 491 8 160 401 249 7 62 16 638 148 375 637 391 382 80 642 442 430 662 
174 13 491 8 160 401 249 7 62 16 638 148 375 637 391 587 80 642 442 279 662 
174 13 85 219 581 362 401 249 7 561 194 462 375 586 314 637 391 587 80 642 662 
174 13 85 40 160 16 638 401 7 148 62 279 587 515 80 375 338 586 314 642 662 
174 13 153 40 160 16 638 401 7 148 62 279 587 515 80 375 338 586 314 642 662 
174 13 491 8 160 16 638 148 414 637 401 7 62 279 77 586 314 371 178 642 662 
174 13 85 40 160 16 638 401 7 148 62 279 587 515 80 375 338 586 314 642 662 
174 13 85 219 581 362 401 249 7 62 194 462 375 637 391 587 80 624 371 178 642 662 
174 13 85 40 160 16 638 401 7 148 62 279 587 515 80 375 338 586 314 642 662 
174 13 237 37 157 637 8 148 577 279 338 401 7 480 19 586 314 371 178 642 670 
174 13 85 219 581 362 401 249 7 561 194 462 375 637 391 587 80 642 442 371 662 
174 13 85 219 581 362 401 249 7 178 194 462 375 637 391 587 80 642 442 371 662 
174 13 85 40 16 638 401 160 7 148 422 279 338 586 314 212 371 383 642 442 662 
174 13 237 37 157 637 8 447 577 279 338 401 7 480 19 586 314 371 178 642 670 
174 13 85 219 362 637 401 377 7 62 194 462 77 587 80 375 180 178 624 642 662 
174 13 85 219 581 362 256 7 62 401 194 213 375 68 77 587 371 80 178 624 642 662 
225 57 221 496 187 13 638 7 375 62 68 435 53 77 80 160 139 624 371 178 642 662 
174 13 85 219 581 362 401 249 7 561 194 462 375 637 391 587 80 642 442 371 662 
174 13 237 37 157 637 8 148 577 279 338 401 7 480 19 586 314 371 178 642 670 
174 13 85 219 581 362 401 7 62 194 462 375 249 637 391 587 80 371 178 624 642 662 
174 13 85 219 581 362 401 249 7 62 194 462 375 637 391 587 80 371 178 624 642 662 
225 57 221 496 187 13 638 7 375 62 68 435 53 77 80 160 139 624 371 178 642 662 
174 13 237 37 157 637 8 148 577 279 338 401 7 480 19 586 314 371 178 642 670 
225 57 221 496 187 13 638 7 375 62 68 435 53 77 80 160 139 624 371 178 642 662 
174 13 85 219 362 637 401 377 7 62 194 462 77 587 80 375 180 178 624 642 662 
174 13 85 219 581 362 401 249 7 62 194 462 375 637 391 587 80 371 178 624 642 662 
174 13 237 37 157 637 8 85 401 491 40 336 476 430 7 480 19 99 433 586 670 
174 13 8 37 85 237 117 414 430 480 506 491 40 336 7 476 637 401 611 586 670 
225 57 221 496 187 13 638 7 375 62 68 435 53 77 80 160 139 624 371 178 642 662 
217 205 85 414 237 8 407 307 314 225 309 401 7 480 19 99 476 430 586 638 670 
217 205 85 414 237 8 407 314 309 7 307 225 430 401 413 480 19 99 476 586 670 
174 13 85 219 362 637 401 97 7 62 194 462 77 587 80 375 180 178 624 642 662 
217 205 85 414 237 8 407 307 314 225 309 401 7 480 19 99 476 430 586 638 670 
174 13 85 219 362 637 401 249 7 62 194 462 77 587 80 375 180 178 624 642 662 
217 205 85 414 237 8 407 307 314 225 309 401 7 480 19 99 476 430 586 638 670 
174 13 237 37 157 637 8 85 401 491 40 336 476 430 7 480 19 99 433 586 670 
174 13 237 37 157 637 8 85 491 40 336 401 7 480 19 99 476 430 427 586 670 
174 13 237 37 207 637 8 85 430 480 401 491 40 336 7 476 19 99 427 586 670 
174 13 237 37 157 637 8 85 401 491 40 336 476 430 7 480 19 99 433 586 670 
217 205 85 237 8 151 307 314 430 225 127 7 480 401 19 117 414 99 309 586 670 
217 205 85 237 8 407 307 314 430 225 127 7 480 414 401 19 99 309 586 638 670 
174 13 237 37 157 637 8 85 401 491 40 336 476 430 7 480 19 99 427 586 670 
174 13 85 48 425 8 430 37 571 637 401 7 80 234 205 9 377 515 642 491 662 
217 205 85 414 237 8 407 307 430 480 401 314 225 7 19 99 309 586 638 127 670 
217 205 85 414 237 8 407 307 314 430 225 401 7 480 19 99 309 586 638 127 670 
174 13 491 8 430 37 85 237 117 414 637 401 7 480 611 586 19 99 638 16 670 
174 13 491 8 430 37 85 237 117 414 637 401 7 480 19 99 309 586 638 515 670 
174 13 491 85 237 8 430 37 414 637 401 7 80 234 205 9 377 515 642 375 662 
174 13 491 8 430 237 117 414 225 37 85 127 7 480 19 637 401 99 611 586 670 
174 13 491 85 237 8 430 37 414 637 401 7 80 234 205 9 377 515 642 375 662 
174 13 237 37 207 637 8 85 430 480 401 491 40 336 7 476 19 99 427 586 670 
174 13 85 219 362 637 401 249 7 62 194 462 77 587 80 375 180 178 624 642 425 662 
174 13 491 8 430 37 85 237 117 414 637 401 7 480 19 99 611 586 638 16 670 
174 13 85 219 362 637 401 249 7 62 194 462 77 587 80 375 180 178 624 642 425 662 
174 13 85 219 362 637 401 249 7 62 194 462 77 587 80 375 180 178 624 642 425 662 
181 205 480 414 237 8 407 307 225 430 401 413 40 336 453 476 16 637 19 314 670 
181 205 225 637 19 37 85 480 8 407 307 314 237 430 401 491 476 16 40 336 670 
174 13 85 219 362 637 401 249 7 62 194 462 77 587 80 375 371 178 624 642 425 662 
174 13 85 219 362 637 401 7 62 416 77 80 167 587 515 371 178 642 480 491 662 
181 205 480 19 37 8 630 307 225 430 401 413 40 637 85 314 237 491 476 16 670 
181 205 225 637 19 37 85 480 8 407 307 314 237 430 401 491 476 16 40 336 670 
174 13 85 425 205 127 237 8 7 62 519 77 587 515 80 375 371 178 642 407 662 
174 13 85 425 205 127 237 8 7 62 519 77 587 515 80 375 371 178 642 407 662 
181 205 414 453 393 85 237 8 407 307 225 430 416 413 40 336 7 476 16 480 670 
181 205 225 480 19 237 85 37 8 430 401 491 312 117 414 40 336 7 308 476 670 
174 13 85 425 205 127 237 8 7 62 519 77 587 515 80 375 371 178 642 407 662 
181 205 225 480 19 237 85 40 37 8 430 401 491 312 336 117 414 308 7 476 670 
181 205 225 480 19 237 85 40 37 8 430 401 491 312 336 117 414 308 7 476 670 
231 498 225 446 19 37 85 237 117 414 308 407 640 314 430 637 8 401 491 40 670 
181 205 225 480 414 637 237 8 430 19 407 307 314 37 491 446 394 401 40 426 670 
231 498 225 117 414 308 407 640 314 37 85 237 430 637 19 8 401 491 40 336 670 
174 205 225 446 19 480 85 237 37 8 430 506 99 407 307 314 401 491 40 336 670 
