2 323 566 9 25 188 27 282 512 67 569 530 109 453 45 66 38 442 591 642 662 
188 298 243 569 9 309 530 194 169 12 362 410 88 187 181 45 442 586 591 160 662 
474 298 9 569 530 260 536 527 19 12 362 187 410 41 88 369 442 586 591 113 662 
474 298 9 569 530 260 536 527 19 435 362 187 410 41 88 369 442 586 591 113 662 
188 323 343 131 569 441 512 19 272 410 501 7 362 194 536 530 298 364 442 566 160 648 
188 323 569 536 9 479 292 410 501 201 19 362 327 355 511 88 442 586 38 277 662 
188 323 343 9 125 530 260 527 19 113 332 55 88 362 584 30 442 586 536 591 662 
188 569 260 536 298 317 194 9 527 19 113 332 362 187 181 45 442 586 88 591 662 
188 323 569 491 401 186 160 582 232 501 7 566 362 194 536 359 372 283 442 479 648 
188 323 569 491 401 164 160 582 232 501 7 566 194 536 359 362 293 372 283 442 662 
188 323 569 536 9 479 292 410 501 201 19 362 327 355 511 212 277 442 591 468 662 
188 323 566 160 9 362 582 232 536 501 7 194 359 372 283 442 479 591 410 327 662 
188 323 569 491 260 536 401 164 160 582 232 501 7 566 362 194 359 372 283 442 662 
2 323 315 9 25 188 27 282 512 552 569 530 109 453 45 66 38 442 591 642 662 
2 323 315 9 25 188 27 282 512 552 569 530 109 453 45 66 38 442 591 642 662 
2 323 315 9 25 309 530 194 169 12 203 45 67 378 453 66 38 442 591 188 662 
2 323 343 315 9 25 309 530 194 169 12 203 45 67 378 188 66 38 442 591 662 
2 323 343 569 9 309 530 194 169 12 362 45 67 337 410 41 88 442 586 591 662 
2 323 343 569 9 309 530 194 169 12 362 45 67 337 410 41 88 442 586 591 662 
2 323 343 569 9 309 530 194 169 12 362 45 67 337 410 41 88 442 586 591 662 
2 323 569 9 41 309 530 343 12 362 194 169 45 67 337 196 88 442 586 591 662 
2 323 343 569 9 309 530 194 169 12 362 45 67 337 410 41 88 442 586 591 662 
2 323 343 569 9 309 530 194 169 12 362 45 67 337 410 41 88 442 586 591 662 
2 323 343 569 9 309 530 12 362 337 194 169 45 67 410 41 88 442 586 591 662 
151 323 343 569 9 309 530 194 169 12 362 45 410 41 67 337 88 442 586 591 662 
188 298 243 569 9 309 530 194 169 12 362 410 88 187 181 45 442 586 591 160 662 
188 323 569 536 9 479 292 410 501 353 19 362 327 355 511 88 442 586 38 277 662 
188 298 243 569 9 309 530 511 169 12 362 410 88 187 181 45 442 586 591 160 662 
2 323 315 9 25 188 27 282 512 552 569 411 109 453 45 66 38 442 591 642 662 
188 298 243 569 9 309 530 194 169 12 362 410 88 187 181 45 442 586 591 160 662 
188 323 569 491 260 536 401 164 160 582 232 501 7 566 362 194 359 372 283 442 662 
188 323 569 97 9 479 292 410 501 201 19 362 327 355 511 88 442 586 38 277 662 
188 355 243 569 9 309 530 194 169 12 362 187 45 410 88 181 442 586 591 160 662 
188 569 260 536 298 317 474 9 530 527 19 228 362 187 410 41 88 369 442 586 662 
188 298 243 569 9 309 530 194 169 12 362 410 88 187 181 45 442 586 591 160 662 
188 323 536 569 9 309 530 479 292 410 501 353 19 362 327 355 511 88 442 586 662 
188 298 243 9 309 530 194 169 12 552 569 362 410 88 187 181 45 442 586 591 662 
2 323 315 9 25 188 27 282 512 552 569 411 109 453 45 66 38 442 591 642 662 
188 323 569 97 9 479 292 501 201 19 362 410 88 327 355 511 442 586 38 277 662 
2 323 343 569 9 309 530 194 169 12 362 45 67 337 410 41 88 442 586 591 662 
188 298 243 569 9 309 530 194 169 12 362 410 149 187 181 45 442 586 552 591 662 
188 323 569 97 9 536 479 292 410 501 201 19 362 88 327 355 511 442 586 38 662 
188 323 569 491 401 186 160 582 232 501 7 566 362 194 536 359 372 283 442 479 648 
188 298 243 569 9 309 530 194 169 12 362 410 88 187 181 45 442 586 591 388 662 
2 323 315 9 25 188 27 282 512 552 569 411 109 453 45 66 38 442 591 642 662 
2 323 315 9 25 188 27 282 512 552 569 530 109 453 45 66 38 442 591 642 662 
2 323 343 315 9 309 530 194 244 25 12 203 45 67 378 188 66 38 442 591 662 
188 323 569 97 9 479 292 410 501 201 19 362 327 355 511 88 442 586 38 277 662 
2 323 343 569 9 309 530 194 169 12 362 45 67 337 410 41 88 442 586 591 662 
188 323 569 536 9 479 292 410 501 201 19 362 327 355 511 88 442 586 38 277 662 
188 355 243 9 530 194 169 569 309 12 362 187 45 410 88 181 442 586 591 160 662 
188 323 569 491 401 186 160 582 232 501 7 566 362 194 435 359 372 283 442 479 648 
188 323 569 491 260 536 401 164 160 501 7 194 359 582 232 566 362 372 283 442 662 
188 323 569 491 401 186 160 582 232 501 7 566 362 194 536 359 372 283 442 479 648 
188 323 566 160 9 362 582 232 536 501 7 194 359 372 283 442 479 591 410 327 662 
188 323 569 536 9 479 292 410 501 201 19 362 327 355 511 88 442 586 38 277 662 
2 323 343 569 9 309 530 194 169 12 362 45 410 41 67 337 88 442 586 591 662 
188 298 243 569 9 309 530 194 169 12 362 410 88 187 181 45 442 586 591 160 662 
2 323 566 9 25 188 27 282 512 67 569 530 109 453 45 66 38 442 591 642 662 
2 50 188 27 205 323 225 9 512 67 569 530 109 453 45 66 38 442 591 642 662 
2 50 188 27 85 323 225 9 512 67 393 530 109 453 45 66 38 442 591 642 662 
188 323 569 536 9 479 292 410 501 201 19 362 327 355 511 88 442 586 385 277 662 
188 298 243 569 9 309 530 194 169 12 362 187 181 45 410 41 88 442 586 591 662 
188 298 243 9 309 530 194 169 552 12 362 410 88 187 569 181 45 442 586 591 662 
2 323 315 9 25 188 27 282 512 552 569 530 109 453 45 66 38 442 591 642 662 
188 323 343 131 569 491 401 186 160 582 232 501 7 566 362 194 536 359 372 283 442 648 
2 323 315 9 25 188 27 282 512 552 569 530 109 453 45 66 38 442 591 642 662 
151 323 343 569 9 309 530 194 169 12 362 45 410 41 67 337 88 442 586 591 662 
151 323 343 569 9 309 530 194 169 12 362 45 410 41 67 337 88 442 586 591 662 
2 323 343 569 9 309 530 194 169 12 362 45 410 41 67 337 88 442 586 591 662 
188 323 569 491 401 164 160 298 536 364 582 512 19 479 292 410 527 260 390 501 232 648 
188 323 569 97 9 536 479 292 410 501 201 202 362 327 355 511 88 442 586 385 662 
2 323 315 9 25 188 27 282 512 552 569 411 109 453 45 66 38 442 591 642 662 
188 323 343 131 569 186 160 582 232 501 7 566 362 194 536 359 441 512 19 272 648 
188 323 566 160 9 362 582 232 536 501 7 194 359 372 283 442 479 591 410 327 662 
188 323 569 97 9 479 292 410 501 201 19 362 327 355 511 536 88 442 586 38 662 
188 323 536 569 9 309 530 479 292 410 19 362 501 353 327 355 511 88 442 586 662 
2 323 315 9 25 188 27 282 512 552 569 411 109 453 45 66 38 442 591 642 662 
188 323 569 536 9 479 292 410 501 353 19 362 327 355 511 88 442 586 38 277 662 
188 298 243 9 309 12 530 194 169 552 569 362 410 88 187 181 45 442 586 591 662 
2 323 315 9 25 188 27 282 512 552 569 411 109 453 45 66 38 442 591 642 662 
