2 23 25 489 596 195 321 558 65 210 337 556 619 325 71 634 90 621 8 268 206 167 673 
221 293 11 6 35 634 521 234 331 484 116 609 430 525 382 92 532 442 635 433 676 
128 477 643 8 59 135 629 331 351 108 446 301 506 185 97 203 12 7 4 19 662 
46 67 315 535 74 626 342 158 105 29 186 155 299 466 589 457 478 154 442 96 676 
171 68 45 181 438 81 69 269 388 57 105 120 443 444 600 277 442 510 281 310 676 
76 177 452 25 38 499 66 500 56 411 344 80 11 12 70 207 123 331 17 211 676 
643 434 324 499 136 284 628 420 395 615 347 318 429 512 536 330 391 289 387 456 668 
517 281 42 513 58 202 268 219 424 581 558 11 286 123 296 506 74 5 62 302 676 
21 172 20 46 285 592 29 57 378 284 538 637 452 530 142 254 624 524 345 91 673 
176 399 643 389 497 547 636 366 476 221 625 118 391 174 304 238 48 19 440 129 674 
643 639 382 153 325 317 509 554 118 296 400 364 538 50 561 323 528 472 284 238 670 
11 575 310 442 512 455 556 66 155 546 33 528 559 104 570 192 139 70 565 641 676 
438 453 240 275 78 94 99 247 211 561 105 43 150 315 243 363 268 578 357 81 676 
117 643 590 561 481 263 446 238 516 204 12 9 227 57 113 185 642 158 451 289 654 
396 164 368 41 301 258 429 20 586 14 530 277 2 333 57 265 243 643 442 207 61 662 
158 209 336 643 504 24 214 316 65 66 437 12 632 489 285 540 532 622 105 570 676 
18 494 69 290 16 109 412 403 135 487 415 81 218 225 624 607 504 135 508 357 660 
39 519 203 331 541 62 495 572 280 263 57 583 7 470 50 85 233 614 306 276 676 
405 216 97 77 513 35 123 78 215 623 240 10 597 472 575 463 260 158 488 526 347 676 
20 308 75 608 36 5 546 316 7 624 68 532 83 192 105 610 516 113 32 412 673 
43 421 351 208 245 541 506 118 581 104 96 196 110 129 643 370 447 163 56 303 607 102 663 
315 45 316 643 196 137 630 326 383 73 77 168 374 544 617 579 7 545 626 190 676 
356 47 288 41 231 70 38 76 95 465 376 158 606 424 296 247 510 359 234 445 676 
219 324 643 234 496 282 338 367 115 589 99 240 106 31 113 439 204 142 490 206 668 
120 115 52 132 3 66 390 10 65 60 175 100 2 605 321 462 2 407 246 624 676 
559 577 632 245 578 74 415 341 7 159 384 168 125 426 563 155 248 564 584 124 676 
