24 2 6 45 36 102 151 66 85 65 101 559 57 524 77 149 271 522 104 546 572 644 
545 308 187 49 350 85 471 181 244 441 235 410 367 305 290 511 88 446 182 198 336 644 
2 308 6 45 471 409 441 11 65 599 66 451 85 559 477 521 104 546 148 367 579 644 
2 308 6 350 285 441 11 533 484 45 420 402 66 113 88 585 455 471 41 367 388 644 
24 2 6 45 36 65 102 151 66 522 101 57 513 559 77 60 104 546 17 525 579 644 
24 2 6 45 36 65 66 102 151 57 85 101 367 559 77 60 104 546 17 525 579 644 
127 2 6 308 433 350 471 402 11 208 151 85 397 480 287 113 45 367 446 182 87 644 
2 308 6 45 471 22 11 65 599 60 66 566 85 67 77 441 104 559 148 367 579 644 
24 2 6 45 338 350 65 102 66 57 101 559 67 77 518 104 546 335 266 592 579 644 
2 308 6 471 350 85 441 11 533 88 484 45 420 402 66 113 367 388 74 104 579 644 
121 2 6 45 36 57 65 102 151 66 85 101 367 559 77 60 104 546 17 525 579 644 
2 308 6 471 151 85 45 409 11 443 599 60 66 566 77 441 104 559 148 367 579 644 
2 308 6 45 471 409 441 11 65 599 66 67 85 77 519 546 148 104 559 367 579 644 
545 308 187 49 350 85 471 123 244 441 235 410 367 305 290 511 88 446 182 198 336 644 
2 308 6 45 471 409 11 65 151 66 599 371 566 77 85 234 104 559 148 367 579 644 
24 2 6 45 85 66 65 350 102 151 101 57 559 67 239 49 104 546 17 525 579 644 
545 308 187 350 85 471 244 235 305 290 441 49 410 88 81 123 511 53 367 7 446 644 
24 2 6 45 85 350 102 151 66 65 101 268 559 67 239 60 104 546 396 525 579 644 
24 2 6 45 36 66 65 102 151 57 85 101 367 559 506 60 104 546 17 525 579 644 
127 308 6 433 350 471 402 11 208 151 85 397 480 287 113 45 367 446 182 87 441 644 
24 2 6 45 85 340 65 102 151 66 101 57 513 559 77 60 104 546 17 525 579 644 
2 308 6 45 471 350 441 11 138 65 480 287 367 446 87 22 104 386 266 546 579 644 
2 308 6 45 471 350 441 11 85 65 480 287 367 446 87 22 104 386 266 580 579 644 
545 308 187 49 350 85 471 123 244 441 235 410 305 290 511 53 367 7 88 446 182 644 
24 2 6 45 235 66 65 102 151 101 57 179 518 323 77 559 389 367 546 104 579 644 
2 439 6 45 85 350 471 441 11 18 533 131 402 66 88 113 151 208 303 367 446 644 
2 308 6 45 471 409 11 65 151 66 599 371 566 77 85 234 104 175 148 367 579 644 
545 308 85 181 305 290 350 187 49 413 441 410 88 81 123 244 235 582 367 511 446 644 
24 2 6 45 36 65 313 151 101 57 66 67 176 559 77 60 524 149 104 546 572 644 
2 308 6 471 309 441 402 85 88 11 432 533 45 255 198 81 350 240 53 367 615 644 
127 308 6 471 151 381 350 441 11 53 533 85 88 306 49 367 638 208 235 336 185 644 
545 308 6 155 151 85 350 187 49 471 441 410 88 81 123 244 235 582 367 432 290 644 
24 2 6 45 350 65 102 151 66 101 175 85 559 67 239 49 104 546 17 525 579 644 
2 308 6 45 471 409 11 65 151 66 599 60 566 77 85 234 104 559 148 367 579 644 
259 308 6 155 151 85 350 187 49 471 441 410 88 255 198 53 367 446 104 81 123 644 
2 308 6 18 85 350 441 11 533 136 402 66 88 113 45 367 102 74 104 579 227 644 
127 575 6 471 151 85 350 88 472 53 45 49 367 638 441 104 316 208 235 336 185 644 
545 308 6 49 350 116 441 11 432 88 240 434 45 402 198 53 367 7 104 471 123 644 
545 308 6 49 350 116 441 11 432 533 88 45 240 402 198 53 367 7 104 471 123 644 
2 308 6 45 471 350 441 11 211 65 480 287 367 446 87 22 104 386 266 546 579 644 
2 308 6 471 309 85 441 533 11 53 45 49 88 81 239 546 148 104 559 367 350 644 
545 308 6 155 151 85 350 187 49 471 441 410 88 81 123 244 104 367 235 582 432 644 
127 308 6 151 85 350 88 11 53 45 49 441 367 471 123 638 208 235 336 185 402 644 
545 308 6 528 116 441 11 432 533 45 339 88 306 49 402 198 53 367 7 336 185 644 
545 308 6 49 350 116 441 11 432 533 88 45 339 402 198 53 367 7 336 185 104 644 
545 308 6 49 350 116 441 11 432 533 88 45 240 402 198 53 367 339 7 336 185 644 
24 2 6 45 36 65 102 151 66 522 101 57 541 559 77 60 104 546 17 525 579 644 
2 308 6 441 350 471 402 85 88 11 432 533 45 255 198 53 367 446 104 448 22 644 
127 308 6 471 151 85 350 88 11 53 45 49 441 367 638 208 235 336 185 402 87 644 
2 308 6 18 85 350 441 11 151 66 533 131 402 382 113 45 102 53 367 104 579 644 
24 2 6 506 102 151 239 66 539 101 559 599 67 77 104 45 367 88 546 233 579 644 
2 308 6 471 309 85 441 533 11 53 45 49 88 81 350 323 240 402 198 367 615 644 
2 308 6 471 309 85 441 11 533 88 81 350 432 45 240 402 198 53 367 615 480 644 
2 308 6 471 350 85 441 11 432 533 88 45 240 402 198 53 367 446 104 448 22 644 
2 308 6 45 471 409 11 65 599 60 66 566 77 85 441 104 559 148 367 579 446 644 
2 308 6 18 85 350 441 11 533 131 402 66 88 113 45 102 53 367 104 579 74 644 
24 2 6 45 36 65 102 151 101 57 66 67 176 559 77 60 524 149 104 546 572 644 
24 2 6 45 36 65 102 151 101 57 66 67 176 559 77 60 104 524 149 546 572 644 
24 2 6 45 36 65 102 151 101 57 66 67 176 559 77 60 104 524 149 546 572 644 
24 2 6 45 36 65 102 151 101 57 66 67 176 559 77 60 524 149 104 546 572 644 
24 2 6 45 36 65 102 151 101 57 66 67 176 559 77 60 524 149 104 546 572 644 
24 2 6 45 36 65 102 151 101 57 66 67 176 559 77 60 533 524 149 546 572 644 
24 2 6 45 36 65 102 151 101 57 66 67 176 559 77 60 533 524 149 546 572 644 
24 2 6 45 490 36 65 102 66 57 101 559 67 568 77 60 104 546 17 525 579 644 
24 2 6 45 490 36 65 102 66 57 101 67 568 77 60 104 559 546 17 525 579 644 
24 2 6 45 36 65 102 151 66 85 101 57 513 559 77 222 104 546 17 525 579 644 
24 2 6 45 36 85 65 102 151 66 101 57 513 559 77 222 104 546 17 525 579 644 
24 2 6 45 36 85 65 102 151 66 101 57 513 559 77 222 104 546 17 525 579 644 
24 2 6 45 490 36 65 102 66 57 101 559 293 568 77 60 104 546 367 579 17 644 
24 2 6 45 490 36 65 102 66 57 101 559 293 568 77 60 104 546 367 579 17 644 
24 2 6 45 85 36 65 102 151 66 101 57 513 559 77 60 104 546 17 305 579 644 
24 2 6 45 85 36 65 102 151 66 101 57 513 559 77 60 104 546 17 305 579 644 
24 2 6 45 85 340 65 102 10 66 101 57 513 559 77 60 104 546 17 525 579 644 
24 2 6 45 85 340 65 102 10 66 101 57 513 559 77 60 104 546 17 525 579 644 
24 2 6 45 85 340 65 102 10 66 101 57 513 559 77 60 104 546 17 525 579 644 
24 2 6 45 85 340 65 102 10 66 101 57 513 559 77 60 104 546 17 525 579 644 
24 2 6 45 350 102 151 66 85 65 101 57 559 67 239 60 104 546 396 525 579 644 
24 2 6 45 350 102 151 66 85 65 101 57 559 67 239 60 104 546 396 525 579 644 
24 2 6 45 350 102 151 66 85 65 101 57 559 67 239 60 104 546 396 525 579 644 
24 2 6 45 350 102 151 66 85 65 101 57 559 67 239 60 104 546 396 525 579 644 
24 2 6 45 350 102 151 66 85 65 101 57 559 67 239 60 104 546 396 525 579 644 
24 2 6 45 350 102 151 66 85 65 101 57 559 67 239 60 104 546 396 525 579 644 
24 2 6 45 85 350 102 151 66 65 101 57 559 67 239 60 104 546 396 525 579 644 
24 2 6 45 350 102 151 66 85 65 101 57 559 67 239 60 104 546 396 525 579 644 
24 2 6 45 350 102 151 66 85 65 101 57 559 67 239 60 104 546 396 525 579 644 
24 2 6 45 36 85 65 102 151 66 101 462 513 559 77 222 104 546 17 525 579 644 
24 2 6 45 490 36 65 102 66 57 101 559 293 568 77 60 104 546 367 579 17 644 
127 308 6 151 85 350 88 11 53 45 49 441 367 471 123 638 208 235 336 185 402 644 
259 308 6 155 151 85 350 187 49 471 441 410 353 255 638 208 235 198 53 367 446 644 
2 308 6 18 85 350 441 11 151 66 533 131 402 382 113 45 102 53 367 104 579 644 
545 308 6 155 151 85 350 187 49 471 441 410 88 81 123 275 235 582 367 432 290 644 
545 308 6 49 350 116 441 11 432 533 88 45 339 402 198 53 367 7 336 185 104 644 
545 308 6 355 350 116 441 11 432 533 88 45 339 402 198 53 367 7 336 185 104 644 
2 308 6 45 471 409 11 65 151 66 599 371 566 77 85 234 104 188 148 367 579 644 
24 2 6 45 85 340 65 102 10 66 101 57 513 559 77 60 104 546 17 525 579 644 
24 2 6 45 85 340 65 102 10 66 101 57 513 559 77 60 104 546 17 525 579 644 
