284 289 366 268 123 224 196 239 609 50 459 337 529 439 411 225 300 471 379 174 655 
459 337 529 169 196 411 225 268 301 289 152 38 85 144 50 174 300 224 239 439 655 
459 337 529 3 178 50 13 527 196 7 38 68 174 439 335 224 80 490 357 442 654 
459 187 169 609 411 225 268 578 289 152 38 446 123 144 50 174 300 40 13 85 655 
459 337 529 3 178 50 13 527 196 7 38 439 174 335 224 80 490 357 442 154 654 
459 187 169 609 14 225 268 578 289 152 38 540 123 144 50 174 300 40 13 85 655 
459 50 68 154 399 598 239 123 107 517 329 529 126 268 174 342 287 359 546 558 654 
289 169 366 123 224 196 239 609 107 411 225 484 414 546 50 197 369 558 284 559 654 
284 289 366 123 224 169 196 239 411 7 38 225 50 197 369 558 484 609 456 559 654 
459 337 529 239 439 268 123 224 196 174 342 107 411 225 505 197 616 496 50 367 654 
284 289 366 123 224 169 196 239 411 225 50 197 369 558 484 609 456 559 384 455 654 
289 366 123 224 169 196 239 449 107 411 225 484 456 546 284 295 288 369 558 559 654 
284 289 366 609 268 123 224 196 174 342 107 411 169 239 225 50 197 369 558 484 654 
459 337 529 239 439 386 224 196 50 174 107 496 7 123 411 197 225 369 558 342 654 
284 289 366 123 224 471 239 527 196 7 38 609 50 107 411 197 225 369 558 484 654 
289 366 213 224 169 196 239 609 122 225 50 411 368 369 484 638 546 558 298 559 654 
459 337 529 3 178 50 13 527 196 7 38 439 174 335 224 80 490 357 442 57 654 
289 366 213 224 169 196 239 609 107 225 50 411 197 369 484 638 546 558 298 559 654 
1 21 23 25 315 24 142 85 245 74 64 129 445 47 436 68 464 98 102 548 654 
1 21 23 25 315 24 142 85 245 74 64 129 445 47 436 68 464 98 102 548 654 
1 21 23 25 315 24 142 85 245 74 64 129 445 47 436 68 464 98 102 548 654 
1 21 23 25 315 24 142 85 245 74 64 630 445 47 436 68 464 98 102 548 654 
1 21 23 25 315 24 142 85 245 74 64 630 445 47 436 68 464 98 102 548 654 
1 21 23 25 315 24 142 85 245 74 64 129 445 47 436 68 464 98 102 548 654 
24 50 68 154 107 123 95 513 268 89 466 456 174 224 79 516 546 558 284 559 654 
24 50 68 154 107 123 95 513 268 89 466 456 174 224 79 516 546 558 284 559 654 
24 50 68 154 107 123 95 513 268 89 466 456 174 224 79 546 558 516 284 559 654 
24 107 50 68 154 123 95 513 268 89 466 456 174 224 79 516 546 558 284 559 654 
24 107 50 68 154 123 95 513 268 89 466 456 174 224 79 516 546 558 284 559 654 
24 50 68 154 107 123 95 513 268 89 466 456 174 224 79 516 546 558 284 559 654 
24 50 68 154 107 123 95 513 268 89 466 456 174 224 79 516 546 558 284 559 654 
24 50 68 154 107 123 95 513 268 89 466 456 174 224 79 546 558 516 284 559 654 
24 50 68 154 107 123 95 513 268 89 466 456 174 224 79 516 546 558 284 559 654 
24 50 68 154 107 123 95 513 268 89 466 456 174 224 79 546 516 558 284 559 654 
24 107 50 68 154 123 95 513 268 89 466 456 174 224 79 546 516 558 284 559 654 
24 107 50 68 123 517 154 399 268 287 466 103 174 224 79 390 546 558 284 559 654 
24 107 50 68 123 517 154 399 268 287 466 103 174 224 79 390 546 558 284 559 654 
24 107 50 68 123 517 154 399 268 287 466 103 174 224 79 390 546 558 284 559 654 
24 107 50 68 123 277 268 66 439 224 140 456 174 517 510 546 558 284 38 559 654 
24 107 50 68 123 277 268 66 439 224 140 456 174 517 510 546 558 284 38 559 654 
24 107 50 68 123 277 268 66 439 224 140 456 174 517 510 546 558 284 38 559 654 
24 107 50 68 123 277 268 66 439 224 140 456 174 517 510 38 546 558 284 559 654 
24 107 50 68 154 399 123 517 287 38 454 136 174 224 79 567 546 558 284 559 654 
24 50 68 154 142 123 95 513 268 89 466 456 174 224 79 516 546 558 284 559 654 
1 21 23 25 315 24 142 85 245 74 64 129 445 47 436 68 464 98 102 548 654 
24 107 50 68 154 399 123 517 287 66 454 456 174 224 79 567 546 558 284 559 654 
24 50 68 154 142 123 95 513 268 89 466 456 174 224 79 516 546 558 284 559 654 
24 107 50 68 123 277 268 66 439 224 140 456 174 517 510 38 546 558 284 559 654 
459 337 529 239 439 386 224 196 50 174 107 496 7 123 411 197 225 369 558 342 654 
24 107 50 68 154 399 123 517 287 66 454 456 174 142 79 567 546 558 284 559 654 
459 337 529 239 439 268 123 224 196 174 342 107 411 225 505 197 616 496 50 367 654 
24 107 50 68 154 399 123 517 287 66 454 456 128 224 79 567 546 558 284 559 654 
284 289 366 123 224 169 196 239 411 7 38 225 482 197 369 558 484 609 456 559 654 
24 107 50 68 154 399 123 517 287 66 454 456 174 142 79 567 546 558 284 559 654 
24 107 50 68 123 277 268 66 439 224 140 456 174 517 510 546 558 284 38 559 654 
24 50 68 154 107 123 95 513 268 89 466 456 174 224 79 546 558 516 284 559 654 
24 107 50 68 123 154 517 399 268 287 466 103 174 224 79 390 546 558 284 559 654 
284 289 366 123 224 471 239 527 196 7 38 609 50 104 411 197 225 369 558 484 654 
24 107 50 68 154 399 123 517 287 66 454 456 128 224 79 567 546 558 284 559 654 
459 337 19 3 178 50 13 527 196 7 38 439 174 335 224 80 490 357 442 154 654 
24 50 107 68 154 123 95 513 268 89 466 456 174 224 79 546 516 558 284 559 654 
24 107 50 68 154 399 123 517 145 38 454 136 174 224 79 567 546 558 284 559 654 
1 21 23 25 315 24 142 85 245 74 64 129 445 47 436 68 464 98 102 548 654 
24 107 50 68 154 123 95 513 268 89 466 456 174 224 79 292 546 558 284 559 654 
24 107 50 68 154 123 95 513 268 89 466 456 174 224 79 516 546 558 284 559 654 
24 50 107 68 154 123 95 513 268 89 466 456 174 224 79 546 516 558 284 559 654 
24 107 50 68 123 154 399 268 224 287 466 517 456 174 79 382 546 558 284 559 654 
24 107 50 68 123 154 517 399 268 287 466 103 174 224 79 390 546 558 284 559 654 
24 50 68 154 107 123 95 513 268 89 466 456 174 224 79 516 546 558 284 559 654 
24 107 50 68 123 277 268 66 439 224 140 456 174 517 510 38 546 558 284 559 654 
24 50 68 154 107 123 95 513 268 89 466 456 174 224 79 546 516 558 284 559 654 
24 107 50 68 123 154 399 268 517 287 466 103 174 224 79 390 546 558 284 559 654 
24 107 50 68 123 277 268 66 439 224 140 456 174 517 510 546 558 284 38 559 654 
24 50 68 154 107 123 95 513 268 89 466 456 174 224 79 516 546 558 284 559 654 
459 50 68 154 399 598 239 123 107 517 329 222 126 268 174 342 287 359 546 558 654 
24 107 50 68 123 154 95 513 268 89 466 456 174 224 79 516 546 558 284 559 654 
284 289 366 123 224 471 527 196 7 38 609 50 104 239 459 337 529 439 225 411 654 
24 107 50 68 154 123 95 513 268 89 466 456 174 224 21 516 546 558 284 559 654 
24 50 68 154 107 123 95 513 268 89 466 456 174 224 79 546 516 558 284 559 654 
24 50 68 154 107 123 95 513 268 89 466 456 174 224 79 546 558 516 284 559 654 
24 107 50 68 123 154 517 399 268 287 466 103 174 224 79 390 546 558 284 559 654 
24 107 50 68 154 123 95 513 268 89 466 456 174 224 458 516 546 558 284 559 654 
459 337 529 3 178 50 13 415 196 7 38 439 174 335 224 80 490 357 442 154 654 
24 107 50 68 154 123 95 513 268 89 466 456 174 224 458 516 546 558 284 559 654 
24 107 50 68 609 399 123 517 268 287 466 103 174 224 79 390 546 558 284 559 654 
24 50 68 154 107 123 95 513 268 89 466 456 174 224 79 516 546 558 284 559 654 
24 107 50 68 123 277 268 66 439 224 140 456 174 517 510 38 546 558 284 559 654 
153 107 50 68 123 277 268 66 439 224 140 456 174 517 510 546 558 284 38 559 654 
284 289 366 123 224 471 527 196 7 38 609 50 169 239 104 411 197 225 369 558 654 
24 107 50 68 123 277 268 66 439 224 140 456 174 517 510 546 558 284 38 559 654 
1 21 23 25 315 24 142 85 245 74 64 129 445 47 436 68 464 98 102 548 654 
24 50 68 154 107 123 95 513 268 89 466 456 457 224 79 516 546 558 284 559 654 
24 50 68 154 107 123 95 513 268 89 466 456 174 224 79 546 516 558 284 559 654 
24 50 68 154 142 123 95 513 268 89 466 456 174 224 79 516 546 558 284 559 654 
24 50 68 154 107 123 95 513 268 89 466 456 174 224 79 516 546 558 284 559 654 
24 107 50 68 154 123 95 513 268 89 466 456 174 224 79 292 546 558 284 559 654 
24 50 68 154 107 123 95 513 268 89 466 456 174 224 79 516 546 558 284 559 654 
24 107 50 68 123 277 268 66 439 224 140 456 174 517 510 38 546 558 284 559 654 
459 50 68 154 399 598 239 123 107 517 329 529 126 268 174 342 287 204 546 558 654 
