2 3 13 103 10 12 539 204 18 25 62 397 323 77 609 65 66 90 87 121 644 
2 3 13 10 22 25 36 103 65 37 20 77 24 12 91 66 90 101 121 93 644 
2 3 87 103 10 121 13 561 37 20 12 25 36 65 91 77 24 90 101 93 644 
2 3 13 10 22 25 36 103 65 37 20 12 91 77 24 90 101 121 93 595 644 
2 3 13 22 103 10 18 12 25 62 58 323 291 204 77 609 65 66 90 101 644 
2 3 87 103 10 12 121 221 204 18 25 120 58 65 20 37 607 77 579 250 644 
2 3 13 22 10 204 18 12 25 20 65 539 62 58 323 77 609 66 90 101 644 
2 3 87 10 103 12 121 25 35 58 22 65 20 37 296 208 77 100 66 90 644 
2 3 13 291 10 204 18 12 25 62 58 323 77 609 65 66 90 101 93 148 644 
2 3 87 103 10 12 121 221 204 18 25 120 58 20 37 65 66 607 77 579 644 
312 342 79 3 80 150 61 462 415 301 77 506 361 16 157 114 329 442 623 642 648 
2 3 87 103 10 12 121 221 204 18 25 289 58 16 37 20 120 607 77 579 644 
2 3 13 539 10 204 18 12 62 230 25 120 58 65 20 37 607 77 323 189 644 
2 3 13 103 10 12 539 204 18 25 62 58 323 77 609 65 66 90 87 121 644 
2 3 13 10 103 12 121 25 35 58 22 20 329 609 65 66 586 77 299 90 644 
2 3 13 103 10 12 121 25 35 58 539 204 18 62 323 77 609 65 66 90 644 
2 3 13 10 103 12 121 25 35 58 22 20 37 609 65 66 128 77 579 299 644 
2 3 87 103 10 12 121 221 204 18 25 289 58 382 20 37 607 77 579 250 644 
2 3 87 446 10 12 121 221 204 18 25 289 58 65 20 37 607 77 579 250 644 
2 3 13 599 10 204 22 12 121 221 18 25 120 58 252 20 37 607 77 579 644 
2 3 13 539 10 204 18 12 25 62 230 323 77 609 65 66 90 101 93 148 644 
2 3 13 22 10 204 18 12 25 36 65 539 62 58 323 77 609 66 90 101 644 
312 342 79 3 80 150 61 462 415 301 77 506 361 16 157 114 329 442 623 642 648 
2 3 13 10 22 25 36 103 65 37 20 12 91 77 24 90 101 121 93 595 644 
2 3 275 103 10 121 13 22 37 20 12 25 36 65 91 77 24 90 101 93 644 
2 3 87 103 10 121 13 561 37 20 12 25 36 65 91 77 24 90 101 93 644 
2 3 87 103 10 12 121 221 204 18 25 289 58 65 20 37 607 77 579 250 644 
2 3 87 103 10 121 13 22 37 20 12 25 36 65 91 77 24 90 101 93 644 
2 3 13 22 10 25 36 65 37 20 12 641 77 24 103 569 90 101 121 93 644 
2 3 13 103 10 12 539 204 18 25 62 58 323 77 609 65 66 90 87 121 644 
2 163 87 320 10 12 121 221 204 18 25 120 58 65 20 37 607 77 579 250 644 
2 3 87 103 10 12 121 13 22 18 25 62 58 323 77 609 65 148 154 90 644 
2 3 87 103 10 12 121 221 204 18 25 120 58 65 20 37 607 77 579 279 644 
2 3 13 103 10 12 121 25 35 58 539 204 18 62 323 77 609 65 66 90 644 
2 3 13 103 10 204 383 12 25 62 58 323 77 609 65 148 154 90 121 87 644 
2 3 87 103 10 12 121 221 204 18 25 120 58 65 20 37 607 77 579 447 644 
2 193 25 22 23 35 65 37 58 595 97 352 20 12 91 66 90 101 93 579 644 
479 276 621 468 330 307 426 290 442 228 320 599 157 601 609 642 225 361 165 317 648 
479 528 79 3 621 342 426 50 442 228 320 599 157 601 609 642 225 361 276 468 648 
2 3 13 22 103 10 18 12 25 62 58 323 77 609 65 90 101 121 93 148 644 
2 3 13 22 10 25 36 65 37 20 12 641 77 24 103 569 90 101 121 93 644 
479 528 79 3 621 342 426 483 442 228 320 599 157 601 609 642 225 361 330 276 648 
2 3 22 103 10 25 138 65 37 20 12 91 595 97 352 66 90 101 93 579 644 
2 3 13 10 103 12 121 25 35 58 22 20 37 609 65 66 586 77 299 90 644 
479 276 621 468 330 307 426 290 442 228 320 599 157 601 609 642 225 361 165 317 648 
2 3 13 103 10 204 22 12 121 221 18 25 120 58 252 20 37 607 77 579 644 
479 528 79 3 621 342 426 483 442 228 320 599 601 609 157 276 468 642 225 361 648 
479 276 621 468 330 307 426 290 442 228 320 599 157 601 609 642 225 361 165 317 648 
2 3 13 291 10 204 18 12 25 62 58 323 77 609 65 66 90 101 93 148 644 
2 533 61 22 18 25 35 145 103 58 153 168 609 65 148 154 90 101 595 579 644 
479 276 621 468 320 599 307 442 330 426 290 601 165 609 317 619 642 217 50 261 648 
2 3 22 103 10 25 138 65 37 20 12 91 595 97 352 66 90 101 93 579 644 
2 533 61 22 18 25 35 145 62 58 323 77 103 609 65 168 154 90 595 579 644 
479 276 621 468 320 330 307 442 426 290 601 165 609 317 619 642 217 50 599 261 648 
2 3 13 22 103 10 18 12 25 62 58 323 77 609 65 90 101 121 93 148 644 
479 276 621 468 320 330 307 442 426 290 601 165 609 317 619 642 217 50 599 261 648 
2 3 13 22 10 25 36 65 37 20 12 641 77 24 103 569 90 101 121 93 644 
479 528 468 79 3 621 330 217 62 320 290 80 491 279 157 442 225 361 642 16 648 
2 77 25 35 22 65 168 90 579 9 20 36 490 621 91 93 16 101 595 627 644 
479 276 621 468 307 426 50 320 599 157 442 601 609 261 225 361 290 165 317 480 648 
2 3 13 539 10 204 18 12 25 62 58 323 77 609 65 66 90 101 93 148 644 
479 276 621 468 320 599 307 442 261 426 528 577 50 225 361 16 157 114 290 601 648 
479 528 79 3 621 330 217 50 225 428 290 80 186 279 157 442 609 317 642 18 648 
479 528 468 79 3 621 330 217 62 320 290 80 491 279 157 442 225 361 642 16 648 
479 276 621 468 320 599 307 442 426 261 504 225 361 290 601 165 329 609 317 364 648 
2 533 61 22 18 25 35 145 62 58 323 77 103 609 65 168 154 90 595 579 644 
2 3 13 103 10 204 18 12 25 62 58 323 77 609 65 148 154 90 121 87 644 
2 3 87 103 10 12 121 25 35 58 22 65 20 37 296 208 77 100 66 90 644 
2 3 13 204 478 12 10 25 62 58 323 77 103 609 65 148 154 90 579 250 644 
479 528 468 79 3 621 330 217 62 320 290 80 491 279 157 442 225 361 642 16 648 
2 3 22 103 10 25 138 65 37 20 12 91 595 97 352 66 90 101 93 579 644 
2 163 87 103 10 12 121 221 204 18 25 120 58 65 20 37 607 77 579 250 644 
479 528 79 3 621 330 217 50 225 428 290 80 186 279 157 442 642 18 16 117 648 
2 3 87 103 10 12 121 221 204 18 25 120 58 65 20 37 607 77 579 250 644 
479 276 621 468 320 599 307 442 426 261 50 225 361 290 601 165 609 317 364 619 648 
2 193 25 22 23 35 65 468 58 595 97 352 20 12 91 66 90 101 93 579 644 
479 528 621 468 569 320 599 307 442 426 290 601 165 609 317 619 139 50 276 261 648 
2 77 25 35 22 65 168 90 579 9 20 36 490 621 91 93 16 101 595 627 644 
2 193 25 22 23 35 65 37 58 595 97 352 20 12 91 66 90 101 93 579 644 
479 528 79 3 621 330 217 50 225 428 290 80 186 279 157 442 642 18 16 117 648 
2 193 25 22 23 35 65 37 58 90 579 9 545 12 93 91 113 101 595 627 644 
479 276 621 468 320 599 307 442 426 261 50 225 361 290 601 165 609 317 364 619 648 
2 3 87 103 10 12 121 221 204 18 25 120 58 65 20 37 607 77 579 250 644 
2 3 87 103 10 12 121 25 35 58 22 65 20 37 296 208 77 100 66 90 644 
2 533 61 22 18 25 35 145 103 58 153 168 609 65 148 154 90 101 595 579 644 
479 342 79 528 621 320 426 448 609 261 50 225 361 16 157 165 329 336 114 599 648 
479 528 621 468 569 599 307 426 564 228 330 50 470 165 609 317 290 601 342 79 648 
479 528 621 468 569 599 307 426 442 438 330 225 361 343 157 114 165 609 50 470 648 
479 528 79 3 621 342 426 50 442 228 320 599 157 601 609 642 225 361 80 261 648 
479 342 621 468 569 599 307 426 442 228 330 50 470 165 609 317 290 601 79 148 648 
479 528 621 468 569 599 307 426 442 438 330 225 361 16 157 114 165 609 50 470 648 
479 528 79 3 621 342 426 483 442 228 320 599 157 601 609 642 225 361 330 217 648 
479 342 79 528 621 320 426 448 609 261 50 225 361 16 157 165 329 336 114 599 648 
479 528 79 3 621 342 426 50 320 599 601 609 225 279 157 442 642 18 16 361 648 
2 193 25 22 23 35 65 37 58 90 579 9 545 12 93 91 113 101 595 627 644 
2 77 25 35 22 65 168 90 579 9 20 36 12 621 91 93 113 101 595 627 644 
479 528 79 3 621 342 426 50 442 228 320 599 157 601 609 642 225 361 80 261 648 
479 528 79 3 621 342 426 50 442 228 320 599 157 601 609 642 225 361 80 261 648 
479 528 79 3 621 342 426 50 320 599 157 442 601 609 642 225 361 336 261 459 648 
2 77 25 35 22 65 168 90 579 9 20 36 12 621 91 93 113 101 595 627 644 
