2 25 10 23 36 3 478 14 57 39 45 62 327 80 253 66 337 67 92 602 673 
2 25 10 23 36 3 39 14 57 62 602 446 80 84 66 182 92 133 526 525 673 
2 25 10 3 23 36 478 14 57 39 45 62 327 467 84 66 337 67 92 639 673 
477 411 501 395 170 363 447 530 353 336 81 277 142 442 557 158 630 19 600 48 580 671 
2 25 10 23 36 3 14 39 57 62 45 484 478 327 80 84 66 337 67 92 673 
477 411 501 170 395 625 410 447 530 363 353 336 338 277 142 442 630 158 19 600 48 671 
639 208 411 452 395 625 410 291 306 425 467 104 312 158 146 19 239 558 563 559 654 
2 25 10 3 23 36 39 14 57 62 222 63 80 84 66 182 92 133 526 525 673 
639 208 411 452 395 625 410 291 306 425 467 104 312 158 146 19 239 558 563 559 654 
2 25 10 3 23 36 39 506 57 62 222 63 182 80 84 66 92 133 526 525 673 
639 208 411 452 395 625 410 447 530 353 338 422 336 277 291 306 425 467 365 312 158 671 
2 25 10 23 36 3 478 14 57 39 45 62 327 467 84 66 337 67 92 639 673 
639 479 198 452 395 104 411 442 291 367 425 467 197 563 158 146 381 239 558 559 654 
2 25 10 3 23 36 39 14 57 62 222 63 182 80 84 66 92 133 526 525 673 
477 142 411 501 395 170 363 447 530 353 338 422 336 410 136 452 204 208 116 277 442 671 
2 25 3 393 23 36 14 39 45 62 484 80 84 66 465 67 57 92 89 525 673 
477 411 501 395 170 363 447 530 353 336 338 277 142 442 630 158 19 600 48 580 446 671 
2 25 10 3 23 36 39 14 57 62 222 63 80 84 66 182 92 133 526 525 673 
477 142 411 501 395 170 363 447 530 353 338 422 336 410 136 452 204 208 116 277 442 671 
2 25 10 3 23 36 478 14 57 62 602 340 69 80 84 66 182 92 133 526 673 
639 208 411 452 395 625 410 447 530 353 338 422 336 277 291 306 425 467 365 312 158 671 
639 208 411 452 395 625 410 447 530 353 338 422 336 277 291 306 425 467 365 312 158 671 
477 142 411 501 395 170 363 447 530 353 338 422 336 410 136 452 204 208 116 277 442 671 
424 208 348 452 395 104 578 410 291 367 425 467 197 563 158 146 381 239 564 558 654 
639 208 411 452 395 625 410 447 530 353 338 422 336 277 291 306 425 467 365 312 158 671 
477 142 411 501 395 170 363 447 530 353 338 422 336 410 136 452 204 208 116 277 442 671 
639 479 198 452 395 104 578 410 291 367 425 467 197 563 158 411 146 381 239 558 654 
2 25 10 3 23 36 39 14 57 62 222 63 80 84 66 182 92 133 526 525 673 
424 208 411 452 395 104 578 410 291 367 425 467 197 563 158 146 381 239 564 558 654 
477 411 501 395 170 363 447 530 353 336 338 277 142 442 557 158 19 446 48 580 410 671 
639 479 198 452 395 104 411 442 291 367 425 467 197 563 158 146 381 239 558 559 654 
2 25 10 23 36 3 478 14 57 39 45 62 327 467 84 66 337 67 92 639 673 
477 411 501 395 170 363 447 530 353 336 338 277 142 442 557 158 19 446 48 580 410 671 
639 260 411 452 353 395 107 477 501 170 397 447 530 338 422 336 277 394 136 204 208 671 
639 477 411 501 395 170 397 447 530 353 338 422 336 277 410 136 503 204 208 116 470 671 
2 25 10 23 36 3 478 14 57 39 45 62 327 80 84 66 337 67 92 602 673 
2 25 10 3 23 36 39 14 57 45 62 445 80 84 66 337 67 301 89 478 673 
477 411 501 395 170 363 447 530 353 336 338 277 142 442 557 158 19 446 48 580 410 671 
639 477 411 501 395 170 397 447 530 353 338 422 336 277 410 136 503 204 208 116 470 671 
639 477 411 501 395 363 107 170 410 291 338 422 142 442 557 158 19 446 48 580 447 671 
639 208 198 452 395 104 410 291 367 425 467 197 353 563 411 158 146 381 239 558 654 
2 25 10 23 36 3 39 14 57 62 602 446 80 84 66 182 92 133 526 525 673 
639 372 208 452 395 104 410 291 425 367 467 197 563 158 259 19 239 578 146 381 654 
424 208 411 452 395 104 410 291 564 367 425 467 197 563 158 146 381 239 558 259 654 
105 606 411 452 395 500 308 204 104 425 513 50 517 338 19 546 266 558 563 559 654 
639 411 198 452 395 104 410 291 367 425 467 59 563 297 146 19 239 558 188 501 654 
639 372 208 452 395 104 410 291 367 425 578 467 197 563 158 146 381 239 353 601 654 
2 25 10 3 23 36 478 14 57 62 594 551 69 80 84 66 182 92 133 526 673 
639 208 411 452 395 625 410 291 306 425 467 104 312 158 146 19 239 558 563 559 654 
639 208 411 452 395 104 410 291 367 425 467 197 353 563 158 146 259 19 239 558 654 
2 25 10 3 23 36 478 14 57 62 602 551 80 84 69 66 182 92 133 526 673 
424 208 411 452 395 104 410 291 564 367 425 467 197 563 158 146 381 239 558 259 654 
639 336 411 454 395 637 641 324 104 425 513 155 338 546 107 203 188 19 239 558 654 
105 606 411 452 395 308 500 104 425 513 50 517 338 19 546 266 558 563 559 410 654 
639 372 208 452 395 104 410 291 425 367 467 197 563 158 259 19 239 578 146 381 654 
639 479 198 452 395 104 411 410 291 367 425 467 197 563 158 146 381 239 558 559 654 
2 25 10 23 36 3 39 14 57 62 602 446 80 84 66 182 92 133 526 525 673 
2 25 10 3 23 36 39 14 57 62 602 446 80 84 66 182 92 133 526 525 673 
105 606 208 452 395 411 308 204 104 425 513 50 517 338 19 546 266 558 563 559 654 
639 336 411 454 395 637 641 324 104 425 513 155 338 546 107 203 188 19 239 558 654 
2 25 10 3 23 36 478 14 57 62 602 551 69 80 84 66 182 92 133 526 673 
639 479 198 452 395 104 411 410 291 367 425 467 197 563 158 146 381 239 558 559 654 
639 477 411 501 395 170 397 447 530 353 338 422 336 277 410 136 452 204 208 116 470 671 
639 372 208 452 395 104 578 410 291 367 425 467 197 563 158 146 381 239 353 601 654 
639 336 411 454 395 637 641 85 104 425 513 155 338 546 107 203 188 19 239 558 654 
639 208 198 452 395 104 411 410 291 367 425 467 197 563 158 146 381 239 558 559 654 
2 25 10 3 23 36 163 14 57 62 594 551 69 80 84 66 182 92 133 526 673 
639 336 411 454 395 637 641 85 104 425 513 19 155 338 546 107 203 558 563 559 654 
105 606 411 452 395 308 500 104 425 513 50 517 338 19 546 266 558 563 559 410 654 
639 336 411 454 395 637 641 85 104 425 513 155 338 546 107 203 188 19 239 558 654 
2 25 10 3 23 36 478 14 57 62 594 551 69 80 84 66 182 92 133 526 673 
639 336 411 454 395 637 641 85 104 425 513 19 155 338 546 107 203 558 563 559 654 
639 477 411 501 395 170 363 447 530 353 338 422 336 410 136 452 204 208 116 277 470 671 
639 477 411 501 395 170 363 447 530 353 338 422 336 410 136 452 204 208 116 277 470 671 
639 336 411 454 395 637 641 85 104 425 513 19 155 338 546 107 203 558 563 559 654 
2 25 10 3 23 36 478 14 57 62 602 551 69 80 84 66 182 92 133 526 673 
639 411 198 452 395 104 410 291 367 425 467 59 563 297 146 19 239 558 188 501 654 
2 25 3 393 23 36 14 39 45 62 484 80 84 66 465 67 57 92 89 525 673 
639 208 297 452 395 410 291 104 425 513 50 517 563 435 338 19 546 266 558 559 654 
639 477 411 501 395 170 363 447 530 353 338 422 336 410 136 452 204 208 116 277 470 671 
639 208 411 452 395 66 625 104 425 513 50 517 435 338 19 546 558 563 266 559 654 
639 477 411 501 395 170 363 447 530 353 338 422 336 410 136 452 204 208 116 277 470 671 
639 411 198 452 395 104 410 291 367 425 467 59 563 158 188 19 239 501 208 558 654 
633 208 411 452 395 66 625 104 425 513 563 50 517 338 19 546 435 266 558 559 654 
639 208 297 452 395 410 291 104 425 513 563 50 517 338 19 546 266 558 435 559 654 
639 208 297 452 395 410 291 104 425 513 50 517 563 435 338 19 546 266 558 559 654 
639 208 411 452 395 66 625 104 425 513 50 517 563 435 338 19 546 266 558 559 654 
639 411 208 452 395 104 410 291 367 425 467 59 563 158 188 19 239 501 558 539 654 
639 208 411 452 395 66 625 104 425 513 50 517 563 435 338 19 546 266 558 559 654 
639 208 297 452 395 410 291 104 425 513 50 517 563 435 338 19 546 266 558 559 654 
639 36 411 452 196 66 85 104 510 425 513 50 517 338 19 546 266 558 563 559 654 
639 36 411 452 196 66 85 104 510 425 513 50 517 338 19 546 266 558 563 559 654 
639 208 411 452 395 104 410 291 367 353 425 467 197 563 158 146 259 19 239 558 654 
639 208 411 452 395 104 410 291 367 425 467 197 563 158 188 19 239 501 558 539 654 
424 208 411 452 395 104 410 291 367 564 425 467 197 563 158 259 146 19 239 558 654 
639 36 411 452 196 66 85 104 510 425 513 50 517 338 19 546 266 558 563 559 654 
639 36 411 452 395 66 85 104 510 425 513 50 517 338 19 546 266 558 563 559 654 
639 336 411 452 395 637 641 85 104 425 513 19 155 338 546 107 203 558 563 559 654 
2 25 3 393 23 36 14 39 45 62 484 80 84 66 465 67 57 92 89 525 673 
2 25 3 393 23 36 14 39 45 62 484 80 84 66 465 67 57 92 89 525 673 
