5 70 239 81 415 339 258 632 390 546 485 528 382 140 449 440 225 266 624 630 676 
28 90 643 491 432 489 147 438 360 229 523 630 43 3 4 425 66 366 635 378 644 
52 202 643 305 471 155 240 456 14 3 12 69 25 216 535 213 60 389 349 527 676 
7 140 243 450 257 417 16 643 278 297 374 433 138 408 598 9 5 235 291 384 670 
42 185 69 43 545 421 57 515 591 328 212 262 539 159 100 7 276 642 600 31 134 668 
47 58 57 138 70 554 468 252 226 264 400 639 571 24 617 27 76 505 340 172 676 
86 46 165 584 2 148 90 255 117 136 643 588 196 70 464 592 561 322 445 627 676 
185 3 39 130 36 60 43 524 217 385 102 555 173 352 523 179 609 2 343 570 676 
41 24 79 19 26 521 384 449 476 284 180 96 469 68 193 396 146 597 87 517 676 
473 4 362 600 81 53 182 158 59 43 498 443 566 643 9 70 6 11 5 30 676 
163 496 643 529 399 363 252 479 527 276 490 474 12 37 489 220 586 248 281 317 671 
114 13 38 249 163 157 316 465 263 201 619 580 624 642 31 45 85 160 193 42 676 
3 127 18 613 269 364 370 536 43 13 563 634 62 7 633 136 66 179 383 438 481 676 
74 304 71 385 240 483 631 285 247 69 234 239 332 30 629 615 630 340 621 266 676 
108 274 269 170 187 107 288 24 345 287 47 57 228 311 526 4 506 125 513 548 676 
68 44 396 313 592 239 45 321 82 10 643 296 197 58 383 228 500 11 6 546 593 644 
85 3 238 7 36 467 12 375 546 188 132 206 458 77 58 527 556 399 381 517 676 
2 83 64 70 44 206 54 81 325 42 87 302 635 13 610 532 224 469 449 626 647 
179 68 400 109 460 83 80 308 118 11 348 234 595 133 102 384 524 448 172 397 676 
292 156 355 150 176 8 389 116 196 456 201 408 50 152 218 166 451 108 320 129 79 674 
41 10 288 306 12 60 4 118 231 127 70 289 102 213 597 381 566 437 190 621 676 
228 138 34 35 364 360 24 66 68 628 362 249 165 209 111 422 85 52 521 139 676 
205 114 181 6 34 33 132 152 480 455 25 516 71 74 510 77 69 14 595 549 676 
