22 25 76 63 544 383 57 28 90 261 29 639 93 58 194 101 465 523 100 595 644 
217 411 23 58 31 94 3 12 383 533 28 67 436 247 65 82 473 179 246 465 644 
217 411 23 58 261 94 3 12 141 28 67 383 533 56 247 65 82 473 179 101 644 
22 25 616 23 383 76 28 84 57 90 406 295 93 58 349 101 465 523 575 595 673 
149 114 423 621 237 107 3 12 134 67 247 541 639 123 255 499 82 155 631 250 644 
217 411 23 58 261 94 3 12 526 533 28 67 57 247 65 82 473 179 101 465 644 
149 114 423 621 237 107 3 12 134 67 247 541 82 250 123 639 155 631 255 507 644 
149 114 423 621 237 107 3 12 134 67 639 541 123 247 255 77 82 155 631 250 644 
149 587 309 621 237 107 3 12 134 67 247 462 541 82 250 255 631 459 478 37 644 
22 25 76 63 215 383 57 272 90 261 29 544 93 58 349 101 465 523 100 595 644 
22 25 76 63 215 383 57 285 90 261 29 544 93 407 554 101 465 523 100 595 644 
149 114 423 621 237 107 3 12 134 67 247 541 123 155 631 82 250 630 459 478 644 
149 384 97 284 459 4 621 317 329 478 37 473 107 447 421 449 446 293 237 184 182 662 
22 25 76 63 78 383 28 57 547 14 29 84 93 83 349 101 533 523 100 595 673 
22 25 76 63 66 383 57 28 547 261 29 84 93 371 45 101 231 523 100 595 644 
149 283 423 621 237 107 3 12 134 67 639 541 123 155 631 82 250 255 459 217 644 
149 587 309 621 237 107 3 12 134 67 462 541 82 250 255 631 459 478 37 449 644 
217 561 23 58 94 3 12 383 247 57 28 67 533 261 45 101 82 567 179 465 644 
22 25 76 63 66 6 433 28 547 261 29 84 93 109 45 101 486 523 100 595 644 
22 25 63 23 383 62 28 84 57 90 261 29 93 58 320 101 465 523 100 595 673 
149 114 423 621 134 237 107 12 176 631 459 478 37 449 13 446 97 479 584 45 442 662 
205 25 23 58 435 94 3 12 586 595 28 67 57 247 65 82 473 101 31 465 644 
45 442 384 97 58 12 329 3 473 481 446 7 74 84 186 625 136 18 339 586 642 662 
22 25 76 63 544 383 57 28 90 261 29 639 93 58 194 101 15 523 100 595 644 
22 25 616 23 66 76 28 84 57 90 406 295 93 58 349 101 465 523 575 595 673 
217 561 23 58 261 94 3 294 134 247 383 281 67 533 28 483 82 179 101 465 644 
217 411 23 58 31 94 3 12 383 533 28 67 436 247 65 82 473 179 101 465 644 
45 442 384 97 58 12 329 3 473 481 446 7 74 247 186 625 49 18 339 586 642 662 
149 587 309 621 237 107 3 12 134 67 247 462 541 82 250 255 631 459 478 37 644 
22 25 76 63 66 383 28 57 547 261 29 84 93 58 45 101 465 523 100 595 673 
22 25 63 23 70 383 370 57 90 459 29 84 93 58 320 101 465 523 100 595 644 
22 25 76 70 23 383 57 599 90 261 29 84 93 58 311 101 465 523 575 595 644 
149 442 384 97 58 4 621 317 329 284 459 478 37 473 107 447 421 449 446 293 237 662 
22 25 76 461 383 28 66 57 547 261 29 84 58 93 45 101 465 365 100 595 644 
22 25 251 63 66 6 433 28 547 261 29 84 93 109 45 101 231 523 100 595 644 
149 384 97 4 621 317 329 3 473 380 446 7 284 459 478 37 107 447 421 449 293 662 
22 25 76 63 78 383 28 57 547 14 29 84 93 83 349 101 533 523 100 595 644 
217 561 23 58 261 94 3 12 383 247 57 28 67 533 35 101 82 473 179 465 644 
22 25 76 70 23 383 57 28 90 261 29 84 93 58 311 101 465 523 575 595 644 
22 25 76 63 298 383 57 28 547 261 29 641 149 58 45 101 465 523 100 595 644 
217 411 23 58 261 94 3 12 383 533 28 67 57 247 65 82 473 179 101 465 644 
22 25 76 63 78 383 28 57 547 14 29 577 93 83 349 101 465 523 100 595 644 
149 587 423 621 237 107 3 12 134 67 247 541 123 155 631 82 250 300 459 552 644 
22 25 76 63 78 310 28 57 547 14 29 577 93 83 349 101 465 523 100 595 673 
149 587 309 621 237 107 3 12 134 67 462 541 82 250 255 631 459 478 37 449 644 
45 442 384 97 58 542 329 3 473 380 446 7 455 367 186 625 136 18 339 586 642 662 
25 76 63 66 6 433 28 261 547 625 29 93 34 109 45 101 231 523 100 595 644 
149 114 423 621 237 107 3 12 134 67 639 541 123 155 631 82 250 255 459 478 644 
149 587 423 621 237 107 3 12 134 67 462 541 82 250 255 631 231 523 100 459 644 
22 25 63 23 70 383 28 57 90 459 29 84 93 58 320 101 465 523 100 595 644 
217 411 23 58 261 94 3 12 383 533 28 67 436 247 65 82 473 179 101 465 644 
22 25 63 23 76 383 28 57 90 261 29 268 93 58 320 101 465 523 100 595 644 
22 25 76 63 66 6 433 28 547 261 29 93 84 109 45 101 231 523 100 595 644 
22 25 76 63 78 383 28 57 547 14 29 577 93 83 349 101 465 523 100 595 644 
45 442 384 97 58 12 329 3 473 481 446 7 74 247 186 625 136 18 339 586 642 662 
149 384 97 4 621 317 329 284 459 478 37 473 107 447 421 449 446 293 237 184 182 662 
205 25 23 58 435 94 3 12 586 595 28 67 57 247 65 82 473 101 31 465 644 
22 25 63 23 76 383 28 57 547 14 29 84 93 83 349 101 465 523 100 595 673 
435 293 214 621 107 12 468 631 459 478 37 449 446 80 134 215 395 473 586 97 442 662 
22 25 76 63 66 6 433 28 547 261 29 84 93 109 45 101 231 523 100 595 644 
217 561 23 58 261 94 3 12 383 247 57 28 67 533 82 473 179 101 465 120 644 
149 293 384 97 4 621 317 237 329 184 473 107 37 449 182 421 478 446 255 631 7 662 
149 114 423 621 134 237 107 12 176 631 459 478 37 449 13 446 97 479 584 45 442 662 
22 25 76 63 66 6 57 28 547 261 29 84 93 109 45 101 231 523 100 595 644 
22 25 76 63 78 383 28 57 547 14 29 84 93 83 349 101 298 523 100 595 673 
22 25 70 23 383 76 28 84 57 90 406 539 93 58 349 101 465 523 575 595 673 
217 561 23 58 261 94 3 12 383 247 57 28 67 533 82 473 179 101 465 336 644 
45 442 384 97 58 542 329 3 473 380 446 7 455 367 186 625 136 18 339 586 642 662 
22 25 76 63 544 383 57 28 90 261 29 639 93 58 194 101 465 523 100 595 644 
22 25 76 63 66 6 57 28 547 261 29 84 93 109 45 101 231 523 100 595 644 
217 561 23 58 261 94 3 12 383 247 281 28 67 473 533 82 179 101 465 120 644 
22 25 63 78 76 383 28 129 547 14 29 84 93 83 349 101 465 523 100 595 673 
22 25 616 23 383 76 28 84 57 90 406 295 93 58 349 101 465 523 575 595 673 
22 25 63 23 76 383 28 84 57 90 261 29 93 58 320 101 465 523 100 595 673 
22 25 76 63 215 383 57 272 90 261 29 544 93 58 349 101 465 523 100 595 644 
217 411 23 58 261 94 3 12 383 533 28 67 57 247 65 82 473 179 101 465 644 
45 442 384 97 58 12 329 3 473 481 446 7 74 84 186 625 136 18 339 586 642 662 
22 25 76 63 78 383 28 57 547 14 29 577 93 83 349 101 465 523 100 595 673 
22 25 76 63 66 383 625 28 547 261 29 84 93 58 45 101 465 523 100 595 644 
149 587 423 621 134 237 107 12 255 631 459 478 37 449 446 97 409 18 593 45 442 662 
149 114 423 621 237 107 3 12 134 67 247 541 123 155 631 82 250 255 459 478 644 
22 25 63 78 76 383 28 129 547 14 29 84 93 83 349 101 465 523 100 595 673 
22 25 70 23 383 76 28 84 57 90 406 295 93 577 349 101 465 523 575 595 673 
22 25 76 63 23 383 57 415 90 261 29 237 93 58 349 101 465 523 100 595 644 
217 561 23 58 261 94 3 12 383 247 57 28 67 533 82 473 179 101 465 336 644 
22 25 76 63 78 383 28 57 547 14 29 84 93 83 349 101 533 523 100 595 644 
22 25 70 23 383 76 28 84 57 90 406 295 93 577 349 101 465 523 575 595 673 
22 25 76 63 298 383 57 28 547 261 29 641 149 58 45 101 465 523 100 595 644 
22 25 63 23 70 383 28 57 90 261 29 84 93 58 320 101 465 523 100 595 644 
149 114 423 621 237 107 3 12 134 67 247 541 123 155 631 82 250 255 459 478 644 
22 25 70 23 383 76 28 84 57 90 406 295 93 58 349 101 465 523 575 595 673 
22 25 76 70 23 383 57 28 90 261 29 84 93 58 311 101 465 523 575 595 644 
22 25 63 78 76 383 28 57 547 14 29 84 93 83 349 101 465 523 100 595 673 
22 25 76 70 23 383 57 366 90 261 29 84 93 58 349 101 465 523 575 595 644 
22 25 76 461 383 28 66 57 547 58 29 93 84 261 45 101 465 365 100 595 644 
22 25 76 461 66 383 57 28 547 261 29 84 118 58 45 101 465 523 100 595 644 
22 25 63 78 76 383 28 57 547 14 29 84 93 83 349 101 465 523 100 595 673 
217 561 23 58 261 94 3 12 383 247 57 28 67 533 82 473 179 101 465 120 644 
22 25 63 23 76 383 28 57 547 14 29 84 93 83 349 101 465 523 100 595 673 
22 25 76 63 66 383 57 28 547 261 29 84 93 58 45 101 465 523 100 595 644 
