3 393 23 36 44 503 289 25 60 544 28 404 45 69 38 59 70 83 93 550 673 
3 393 23 36 44 503 289 25 60 13 544 404 45 69 38 70 83 57 93 550 673 
3 2 23 503 139 482 44 564 25 60 404 45 544 69 38 70 413 77 624 83 673 
3 2 23 503 4 10 365 44 25 60 16 45 69 83 489 72 90 95 465 544 673 
3 2 474 23 44 503 36 25 60 544 404 45 139 69 38 70 83 520 77 624 673 
3 2 23 503 139 482 44 27 60 544 564 404 45 69 38 70 96 77 624 83 673 
3 393 23 36 44 503 289 45 25 60 544 404 69 38 70 83 93 550 219 626 652 
3 482 23 44 2 503 139 45 25 60 544 404 564 69 38 70 96 77 624 83 652 
3 577 368 472 357 559 11 69 70 7 31 359 279 503 37 483 639 123 370 438 654 
204 503 148 136 194 518 178 99 581 343 7 55 366 509 161 455 536 139 303 37 51 648 
3 577 368 7 357 559 11 69 70 31 410 604 361 224 57 45 53 75 370 121 654 
3 393 23 36 44 503 139 289 45 25 60 544 404 69 13 57 606 70 83 93 673 
3 2 23 7 357 559 31 410 604 622 13 546 123 11 69 70 370 438 96 77 654 
3 393 23 36 44 503 289 25 60 544 404 45 69 528 59 38 70 83 93 550 673 
3 577 368 7 357 559 11 69 70 211 31 370 438 362 13 57 45 527 624 410 654 
3 2 23 503 139 482 44 45 25 60 404 544 564 69 38 70 413 77 624 83 652 
3 577 368 7 357 559 11 69 70 31 410 604 361 224 57 45 53 75 370 121 654 
3 577 368 23 357 559 11 69 70 31 438 604 622 53 45 127 57 624 75 370 654 
204 503 148 136 194 51 53 289 203 99 345 489 518 343 7 55 366 139 303 509 161 648 
3 577 252 23 357 559 7 11 69 70 31 370 438 622 13 57 423 527 624 545 654 
3 577 368 23 357 559 7 11 69 70 452 410 604 622 224 57 45 53 75 370 654 
3 142 23 36 44 503 139 45 25 60 544 404 69 38 564 289 70 83 93 550 652 
230 503 148 136 194 518 178 99 581 343 7 55 366 139 303 440 161 557 542 51 289 648 
3 577 210 31 359 279 503 37 483 639 345 489 343 55 634 509 99 629 366 518 7 648 
230 503 148 136 194 518 343 7 55 366 139 303 440 161 557 542 37 51 289 203 99 648 
3 571 482 23 44 503 365 139 60 404 45 544 69 455 70 96 564 75 370 77 654 
3 393 23 36 44 424 64 106 45 60 544 404 69 38 70 83 596 57 90 626 652 
3 393 23 36 44 503 289 25 60 13 544 404 45 69 38 70 83 57 93 550 673 
3 393 23 36 44 503 289 25 60 544 404 45 13 57 69 38 70 83 93 550 652 
3 2 23 4 10 503 365 44 25 60 16 45 69 83 489 72 90 95 465 255 673 
3 393 23 188 44 244 2 474 289 45 25 60 544 404 69 38 70 83 93 550 673 
3 393 23 36 44 503 289 25 60 544 404 45 69 528 59 38 70 83 93 550 673 
3 577 252 23 357 559 11 69 70 31 370 438 622 13 57 423 527 624 545 77 654 
3 571 482 23 44 503 365 139 60 404 45 544 69 38 70 96 564 75 370 77 654 
3 577 210 359 279 503 11 69 70 31 370 438 622 37 483 639 345 489 343 55 654 
230 503 148 136 194 518 343 7 55 366 139 303 440 161 557 542 375 289 203 99 345 648 
3 393 23 36 44 503 289 13 309 45 25 60 544 404 69 38 70 83 93 550 652 
3 577 252 23 357 559 11 69 70 31 370 438 622 13 57 423 527 624 545 77 654 
3 482 23 44 561 503 139 45 25 60 544 404 69 38 70 564 96 77 418 83 652 
3 577 368 472 357 559 7 11 69 31 359 279 503 37 483 639 123 70 370 438 654 
3 577 23 7 170 559 11 69 70 368 31 410 604 622 224 57 45 53 75 370 654 
3 2 23 4 10 503 365 44 25 60 16 45 69 83 489 72 90 95 465 544 673 
3 393 23 36 44 503 289 45 25 60 544 404 69 38 70 83 93 342 219 626 652 
3 2 23 7 357 559 31 410 604 622 13 546 123 11 69 70 370 438 96 77 654 
3 2 482 23 44 503 139 25 45 362 544 404 28 69 70 624 66 96 77 83 652 
3 2 23 36 44 4 397 70 64 314 404 45 69 86 489 72 90 95 465 521 673 
3 577 368 472 357 559 7 11 69 211 31 370 438 622 13 57 45 527 624 70 654 
105 503 148 55 319 37 483 500 576 106 123 560 480 279 103 218 444 558 394 559 654 
3 2 482 23 44 503 139 25 28 60 544 416 45 69 70 96 77 624 66 83 652 
3 577 368 7 357 559 11 69 211 31 370 438 622 13 57 45 527 624 70 410 654 
3 2 23 4 397 44 70 36 86 314 404 45 69 83 489 72 90 95 465 521 673 
214 503 31 136 194 51 542 289 203 99 345 489 343 55 634 629 366 518 7 139 303 648 
3 2 482 23 44 503 511 365 25 60 544 404 45 69 38 70 83 96 77 442 673 
230 503 148 136 194 518 343 7 55 366 139 303 440 161 557 542 51 289 203 99 345 648 
3 2 23 36 44 4 397 70 64 314 404 45 69 86 489 72 90 95 465 521 673 
3 2 23 503 25 44 70 36 64 92 404 45 69 83 489 72 90 95 465 60 673 
105 235 55 31 359 279 503 37 483 123 438 643 121 13 197 527 624 558 402 559 654 
3 577 368 7 357 559 11 69 70 31 410 604 622 13 57 45 53 75 370 121 654 
3 2 482 23 44 503 139 25 45 362 544 404 28 69 70 624 66 96 77 83 652 
3 393 23 36 44 503 289 45 25 60 544 404 69 38 70 83 93 550 219 626 652 
3 2 474 23 44 503 36 25 60 544 404 45 139 69 38 70 83 520 77 624 673 
204 503 148 136 194 518 343 7 55 366 139 303 440 161 557 542 37 51 289 203 99 648 
3 2 482 23 5 503 161 25 45 60 544 404 69 28 59 38 70 83 166 77 652 
3 2 23 7 357 559 11 69 70 31 410 604 622 13 57 96 77 624 66 45 654 
3 393 23 188 44 503 2 474 289 45 25 60 544 404 69 38 70 83 93 550 652 
3 2 482 23 44 503 139 25 60 544 404 45 28 69 70 624 66 96 77 83 673 
3 577 368 23 357 559 11 69 70 31 438 604 622 53 45 127 57 624 75 370 654 
3 393 2 23 482 44 503 139 564 60 404 45 544 69 38 70 145 77 624 83 673 
3 2 23 4 10 503 365 44 25 60 544 404 45 69 38 70 83 96 77 397 673 
3 2 482 23 44 503 139 25 60 544 404 45 28 69 70 624 66 96 77 83 673 
3 393 23 36 44 503 139 289 45 25 60 544 404 69 13 57 606 70 83 93 673 
3 2 23 503 25 44 70 36 64 92 404 45 69 83 489 72 90 95 465 60 673 
3 393 2 23 482 44 503 139 564 60 404 45 544 69 38 70 145 77 624 83 673 
204 503 148 136 194 51 53 289 203 99 345 489 518 343 7 55 366 139 303 509 161 648 
3 393 23 188 44 503 2 474 289 45 25 60 544 404 69 38 70 83 93 550 652 
3 2 482 23 5 503 161 25 45 60 544 404 69 28 59 38 70 83 580 77 652 
3 393 23 36 44 424 64 106 45 60 544 404 69 38 70 83 431 57 90 626 652 
3 482 23 44 2 503 139 45 25 60 544 404 564 69 38 70 96 77 624 83 652 
3 577 252 23 357 559 11 69 70 31 370 438 622 13 57 45 527 624 545 77 654 
3 577 368 7 357 559 11 69 70 31 410 604 622 13 57 45 53 75 370 121 654 
3 571 482 23 44 503 365 139 60 404 45 544 69 38 70 96 564 77 17 83 652 
3 2 23 482 44 503 139 45 25 60 544 404 69 38 70 564 96 77 169 83 652 
3 393 23 2 482 44 503 139 564 60 544 404 45 69 406 70 96 77 624 83 652 
3 577 252 23 357 559 11 69 70 31 370 438 622 13 57 45 527 624 545 77 654 
204 503 148 136 194 518 343 7 55 366 139 303 509 161 557 542 37 51 289 203 99 648 
214 503 31 136 194 51 542 289 203 99 345 489 343 55 634 629 366 518 7 139 303 648 
214 503 31 136 194 51 542 289 203 99 345 489 343 55 634 629 366 139 303 379 518 648 
3 393 23 36 44 503 289 45 25 60 544 404 69 38 70 83 93 57 389 626 652 
3 2 474 23 44 503 36 25 60 544 404 45 69 38 70 96 139 77 624 83 673 
3 2 23 4 397 44 70 36 86 314 404 45 69 83 489 72 90 95 465 521 673 
3 571 482 23 44 503 365 139 564 60 404 45 544 69 38 70 96 77 624 83 652 
3 2 23 4 397 44 70 36 64 544 404 45 69 83 24 72 90 95 465 521 673 
214 503 31 136 194 51 542 289 203 99 345 489 343 55 634 629 366 139 303 379 518 648 
3 2 482 23 44 503 139 564 60 544 70 404 45 28 69 106 354 77 254 83 652 
105 503 148 55 319 37 483 500 5 106 123 560 480 279 103 218 624 558 394 559 654 
3 2 482 23 511 503 365 44 25 60 544 404 45 69 38 70 83 96 77 442 673 
105 503 148 55 319 37 483 500 5 106 123 560 480 279 103 85 624 558 394 559 654 
3 2 23 4 397 44 70 36 64 544 404 45 69 83 24 72 90 95 465 521 673 
105 235 55 31 359 279 503 37 483 123 438 643 121 13 318 527 624 558 402 559 654 
105 99 55 31 359 279 503 37 483 123 438 643 121 13 318 527 624 558 402 559 654 
