23 94 24 19 61 4 86 466 491 531 366 558 107 35 555 633 69 75 602 49 644 
89 606 101 488 220 59 96 465 523 28 90 94 11 568 546 22 2 84 37 76 647 
218 3 26 229 380 227 114 568 74 6 624 511 620 217 80 100 197 188 11 18 676 
643 519 582 397 104 372 586 17 408 381 298 71 413 509 201 432 150 141 342 500 670 
336 601 1 366 132 197 156 240 78 545 274 321 35 525 363 48 563 638 573 14 676 
104 120 252 137 171 7 80 180 53 117 48 170 363 514 122 452 537 357 352 300 676 
643 557 250 489 407 383 360 411 625 241 383 370 9 261 632 53 530 507 298 554 648 
201 21 77 25 274 44 467 481 85 579 67 234 218 245 84 263 13 632 78 359 185 676 
643 348 74 351 68 582 333 101 337 124 313 520 214 55 302 391 579 198 99 67 676 
94 200 168 83 475 90 215 76 87 7 131 216 347 225 93 135 134 234 274 502 673 
376 70 494 69 137 536 15 109 616 53 168 424 113 632 353 586 170 183 159 129 96 52 668 
238 580 152 44 2 28 111 353 283 551 106 552 55 10 77 375 589 643 442 207 203 671 
336 372 445 6 350 298 68 211 312 181 546 383 11 365 307 396 156 260 141 136 676 
141 446 106 156 294 643 185 403 461 617 124 624 173 45 199 578 243 160 144 190 676 
214 57 207 35 54 78 85 249 626 635 620 515 363 420 407 640 610 149 17 185 676 
228 34 304 411 258 312 210 160 365 589 612 314 352 231 43 386 538 56 37 445 676 
34 104 364 377 643 66 439 352 70 418 391 2 4 334 234 483 427 568 577 14 676 
132 144 107 214 218 512 643 633 271 290 347 242 193 210 19 556 427 489 323 643 670 
116 128 119 201 236 303 74 219 302 516 519 256 281 31 212 178 355 412 457 217 659 
257 114 157 322 409 401 538 643 341 305 410 153 48 633 453 574 534 253 313 61 658 
314 408 231 178 259 205 219 354 239 137 374 337 394 528 401 158 51 159 131 122 167 655 
52 542 429 254 17 4 447 59 434 6 69 57 594 501 643 71 60 141 288 81 676 
403 140 202 214 114 239 196 47 28 247 65 388 51 465 155 520 607 566 393 565 676 
330 131 27 6 13 164 7 148 2 419 464 244 384 282 328 430 457 240 478 367 676 
25 643 363 57 597 618 74 75 314 40 620 166 234 35 337 90 632 489 471 555 654 
359 643 164 327 317 82 39 490 608 33 2 45 68 546 318 168 12 315 94 102 676 
179 577 167 305 7 122 264 618 325 253 202 509 442 308 243 643 100 292 130 112 290 335 662 
110 243 187 46 21 66 77 73 239 273 134 284 250 121 537 152 584 495 579 123 676 
111 6 332 643 281 149 85 57 42 215 172 13 196 69 169 79 135 425 395 160 91 670 
643 4 276 383 473 424 628 407 14 25 239 13 54 70 436 56 457 209 199 107 62 19 676 
3 396 171 151 417 643 261 62 586 7 128 446 206 640 624 319 83 578 316 321 676 
383 169 278 3 525 62 102 154 235 430 34 77 633 413 416 505 367 28 579 593 676 
