562 246 59 210 105 183 306 123 416 254 546 604 55 453 457 154 445 558 556 184 660 
23 4 99 25 569 27 142 35 60 68 567 44 77 58 347 336 406 66 93 106 465 647 
562 246 59 104 105 123 306 511 254 536 457 154 184 112 61 460 167 141 559 558 660 
23 182 99 25 569 27 45 35 60 68 567 44 77 58 347 237 489 66 93 436 524 647 
562 246 59 104 416 183 306 85 414 496 218 421 354 417 468 362 194 71 310 239 660 
562 246 59 104 23 397 416 105 123 306 85 604 513 546 172 179 12 340 346 558 660 
23 4 99 25 569 27 115 35 68 336 567 44 351 58 107 406 66 93 106 465 524 646 
562 246 59 104 105 183 306 123 416 254 546 604 55 453 457 154 445 558 142 536 660 
562 246 59 104 416 604 183 306 85 218 71 496 154 170 556 340 449 239 566 558 660 
23 4 99 25 569 27 45 35 68 336 567 406 44 66 93 106 465 524 562 246 59 647 
562 246 59 210 105 183 306 123 416 254 546 604 55 453 457 154 445 558 556 397 660 
23 4 99 25 569 27 45 35 68 336 567 406 44 66 93 106 465 524 562 246 59 647 
562 246 59 104 416 183 306 85 218 71 496 154 604 170 178 340 449 239 566 558 660 
562 246 59 210 105 183 306 123 416 254 546 604 55 453 457 154 445 558 556 184 660 
562 246 59 104 105 123 306 511 254 536 457 154 184 112 558 556 297 221 218 71 660 
562 246 59 104 416 183 306 85 414 496 123 421 354 417 468 362 194 71 310 239 660 
23 4 99 25 402 27 45 35 68 567 208 406 44 66 93 502 524 58 465 614 486 647 
317 197 59 104 472 109 546 604 369 37 12 81 3 558 556 141 340 559 598 579 660 
562 246 59 104 105 183 306 123 416 254 546 604 55 453 457 154 445 558 556 184 660 
562 246 59 104 416 183 306 85 218 71 496 154 604 170 178 340 449 239 566 558 660 
317 397 416 104 105 123 306 85 604 513 546 172 179 12 340 346 558 61 637 109 660 
23 4 484 25 569 27 59 35 283 58 44 260 66 534 521 349 615 323 10 97 583 646 
562 246 59 104 416 183 306 85 414 496 218 421 354 417 468 362 194 71 310 239 660 
23 4 99 25 593 27 45 35 68 567 208 406 44 66 69 90 93 502 524 58 465 647 
562 246 59 104 105 123 306 416 254 536 457 154 184 638 558 556 297 221 218 71 660 
23 397 416 104 105 123 306 85 604 513 546 172 179 12 340 346 558 61 460 167 660 
562 246 59 104 105 183 306 123 416 254 546 604 55 453 457 154 445 558 556 184 660 
562 246 59 104 416 183 306 85 218 170 421 362 81 167 141 202 318 112 558 559 660 
23 4 99 25 569 27 45 35 68 336 567 406 44 66 93 106 465 524 604 59 506 647 
23 4 99 25 569 27 59 35 506 148 567 44 351 58 107 416 256 66 539 164 465 646 
562 397 61 104 156 546 228 254 536 457 154 184 145 558 112 556 631 340 301 559 660 
365 4 484 25 569 27 59 35 130 65 58 97 44 510 84 49 85 66 539 160 465 646 
562 397 61 104 156 546 228 254 536 457 154 184 145 558 112 556 631 340 301 559 660 
23 397 104 416 604 513 85 546 172 179 12 81 346 558 61 460 167 141 559 589 660 
23 4 484 25 569 27 516 35 87 60 58 97 44 305 92 49 85 66 539 160 465 646 
23 4 99 25 569 27 115 35 68 336 567 44 351 58 107 406 66 93 106 465 524 646 
562 246 59 104 105 183 306 123 416 254 546 604 55 453 457 154 445 558 556 184 660 
23 4 99 25 402 27 45 35 68 567 208 406 44 66 93 502 524 58 465 614 486 647 
23 397 558 104 416 604 513 85 169 546 172 518 12 61 460 81 338 141 559 589 660 
562 246 59 104 416 183 306 123 254 536 457 154 184 112 558 556 297 455 218 71 660 
23 4 99 25 21 27 59 35 33 2 567 406 44 66 69 89 97 78 93 502 524 647 
23 397 558 104 416 604 513 85 306 546 172 518 12 61 460 81 338 141 559 589 660 
23 397 558 104 416 604 513 85 546 339 491 12 61 460 81 167 141 559 589 579 660 
187 397 61 104 109 123 306 85 414 546 604 37 536 457 154 112 558 556 184 631 660 
23 4 484 25 569 27 59 35 283 58 44 260 66 534 521 349 615 323 10 97 583 646 
562 246 59 104 105 123 306 85 414 496 218 421 71 154 447 202 318 112 558 556 660 
562 246 59 104 416 123 317 637 61 109 546 604 37 536 457 154 112 558 556 184 660 
562 246 59 104 105 123 306 416 254 536 457 154 184 112 558 556 297 221 218 71 660 
23 4 99 25 569 27 45 35 68 336 567 406 44 66 93 106 465 524 604 59 506 647 
23 397 558 104 416 604 513 85 306 546 172 518 12 61 460 81 167 141 559 589 660 
23 182 99 25 569 27 45 35 60 68 567 44 77 58 347 237 406 66 93 436 524 647 
317 397 59 104 105 123 306 61 109 546 604 172 197 472 37 12 81 3 558 556 660 
187 397 61 104 109 123 306 85 414 546 604 37 536 457 154 112 558 556 184 631 660 
23 4 484 25 569 27 516 35 87 60 58 97 44 305 92 49 85 66 539 160 465 646 
562 246 59 104 416 123 306 254 536 457 154 184 112 558 556 297 455 218 71 496 660 
23 4 484 25 569 27 59 35 2 58 44 258 45 60 567 66 93 546 465 623 614 647 
562 246 59 354 416 183 306 414 496 218 421 202 85 170 112 362 194 71 310 239 660 
562 246 59 314 416 183 306 85 414 496 218 421 563 154 447 112 113 184 340 449 660 
562 246 59 354 416 183 306 85 414 496 218 421 202 170 112 362 194 71 310 239 660 
23 4 484 25 569 27 59 35 283 58 44 260 66 534 521 349 615 323 77 97 583 646 
23 182 99 25 569 27 45 35 60 68 567 44 77 58 347 336 406 66 93 436 524 647 
23 4 99 25 569 27 45 35 60 68 567 44 77 58 347 336 406 66 93 436 524 647 
562 246 59 314 416 183 306 85 414 496 218 421 71 154 447 112 113 184 340 449 660 
562 246 59 104 416 123 306 254 536 457 154 184 112 558 556 297 455 218 71 496 660 
562 246 59 354 416 183 306 414 496 218 421 202 85 318 170 112 113 184 362 194 660 
562 246 59 104 416 123 306 297 85 218 71 496 154 604 170 556 340 449 239 566 660 
23 4 484 25 569 27 59 35 283 58 44 260 66 534 521 349 615 323 77 97 583 646 
562 246 59 104 416 123 306 297 85 218 71 496 154 604 170 556 340 449 239 566 660 
562 246 59 104 105 123 306 85 414 496 218 421 202 71 154 318 117 558 556 184 660 
562 246 59 354 416 183 306 414 71 496 218 417 85 318 170 421 202 112 362 194 660 
23 4 99 25 21 27 59 35 33 2 567 406 44 66 69 90 97 78 93 502 524 647 
365 4 484 25 569 27 59 35 87 65 58 97 44 510 84 49 85 66 539 160 465 646 
23 4 99 25 569 27 59 35 506 148 567 44 351 58 107 416 85 66 539 164 465 646 
23 4 484 25 569 27 59 35 87 60 58 97 44 510 84 49 85 66 539 9 465 646 
23 4 484 25 569 27 59 35 2 58 44 258 45 60 567 66 93 546 465 623 614 647 
562 246 59 104 105 123 306 85 414 496 218 421 202 71 154 318 112 558 556 184 660 
562 246 59 354 416 183 306 414 496 218 421 202 85 318 170 112 362 194 71 310 660 
562 246 59 354 416 183 306 85 414 496 218 421 202 170 112 362 194 71 310 239 660 
562 246 59 314 416 183 306 85 414 496 218 421 71 154 447 112 113 184 340 449 660 
562 246 59 104 416 123 306 297 85 218 71 496 154 604 170 556 340 449 239 566 660 
383 246 59 104 416 183 306 581 71 496 218 154 85 318 170 556 340 449 239 237 660 
23 4 99 25 21 27 59 35 33 2 567 406 44 66 69 90 97 78 93 502 524 647 
383 246 59 104 416 183 306 85 539 71 496 218 154 318 170 556 340 449 239 237 660 
317 637 61 104 109 546 604 37 536 457 154 112 558 556 184 631 340 301 559 81 660 
23 4 484 25 569 27 59 35 87 60 58 97 44 510 84 49 85 66 539 9 465 646 
317 397 61 104 109 546 604 37 536 457 154 112 558 556 184 631 340 301 559 81 660 
365 4 484 25 569 27 59 35 87 65 58 97 44 510 84 49 85 66 539 160 465 646 
383 246 59 104 416 183 306 539 71 496 218 154 318 85 170 556 340 449 239 237 660 
23 4 99 25 569 27 59 35 506 148 567 44 351 58 107 416 85 66 539 164 465 646 
23 4 484 25 569 27 59 35 87 65 58 285 44 510 84 49 85 66 539 160 465 646 
23 4 484 25 569 27 59 35 87 65 58 97 44 510 84 49 85 66 539 160 465 646 
23 4 99 25 21 27 59 35 33 2 567 406 44 66 69 90 97 78 93 502 524 647 
23 4 99 25 569 27 450 484 59 291 35 315 97 87 402 377 151 44 85 66 533 646 
23 4 484 25 569 27 59 99 401 35 97 473 402 377 151 44 315 85 66 533 87 646 
562 246 59 104 416 297 306 85 218 71 496 154 604 170 556 340 449 239 566 558 660 
23 4 484 25 569 27 59 35 87 65 58 97 44 510 84 49 85 66 539 160 465 646 
562 246 59 104 416 183 306 85 218 71 496 154 604 170 556 340 449 239 566 558 660 
23 4 484 25 569 27 59 35 87 60 58 97 44 510 84 49 85 66 539 160 465 646 
23 4 99 25 569 450 484 27 59 35 87 291 315 79 402 377 151 44 136 66 533 646 
23 4 484 25 569 27 59 35 87 60 58 97 44 510 84 49 85 66 539 160 465 646 
