599 563 24 14 65 4 87 521 28 92 556 93 38 97 59 632 85 106 78 101 122 18 673 
98 23 557 635 81 3 241 85 25 571 92 614 19 69 11 89 551 505 43 93 464 647 
154 255 57 366 510 529 329 204 342 358 49 12 212 121 283 18 432 256 10 31 2 27 662 
33 116 287 163 24 297 228 58 62 92 230 324 133 7 101 269 643 3 52 94 676 
81 340 586 31 348 188 52 298 338 196 85 13 232 462 186 418 99 244 125 128 665 
100 643 328 57 200 385 68 272 80 556 341 56 3 5 4 436 587 588 252 139 676 
78 643 226 262 96 288 413 400 239 202 559 49 327 455 472 162 257 361 590 318 654 
330 352 555 227 135 490 29 65 25 643 640 294 115 105 128 78 132 572 81 615 676 
586 437 599 134 543 643 295 533 359 448 459 31 453 314 563 400 618 222 59 196 587 665 
299 40 49 24 273 193 168 124 143 320 236 45 76 146 258 62 624 114 52 134 676 
71 409 432 180 337 13 105 330 226 553 281 305 437 195 6 362 165 487 115 361 668 
214 329 161 97 24 56 23 182 160 176 85 123 128 559 2 546 570 332 493 533 676 
6 219 27 158 160 231 247 440 71 9 66 247 521 348 320 523 174 2 224 597 647 
26 37 225 338 643 356 24 104 521 324 553 369 151 6 517 558 635 609 337 237 676 
65 643 513 195 546 571 438 602 197 341 142 121 342 201 48 567 603 88 555 510 663 
297 204 449 630 508 222 167 253 277 126 529 621 566 74 300 337 505 584 437 368 668 
431 367 390 293 258 333 382 533 164 31 206 508 199 446 537 278 383 262 5 34 676 
533 166 248 315 418 17 299 13 123 27 311 31 200 242 513 394 205 59 517 7 676 
232 14 551 44 268 616 110 77 42 248 407 643 224 266 211 568 526 12 125 595 676 
88 356 395 138 303 114 204 218 319 586 110 248 333 58 224 198 362 189 60 352 662 
236 533 102 82 643 51 128 43 512 374 136 238 516 190 123 637 617 527 513 258 676 
27 507 628 222 100 347 239 211 113 102 168 104 643 208 518 513 223 61 107 596 272 59 133 645 
153 59 176 580 124 197 578 118 38 137 73 558 7 18 344 418 77 467 41 75 676 
380 457 249 402 104 393 70 236 484 409 561 153 141 612 364 286 87 512 115 165 58 669 
364 295 442 434 584 484 13 168 396 82 513 363 388 281 557 288 110 18 357 514 676 
226 204 52 74 15 131 96 9 181 193 504 472 85 324 215 19 211 20 365 250 40 126 676 
112 135 193 150 202 32 175 41 391 146 4 601 606 171 368 609 114 154 100 265 667 
49 381 66 249 643 202 30 642 212 510 18 88 612 401 300 554 204 7 74 327 662 
