2 6 564 11 22 10 640 23 472 77 183 28 25 60 51 16 83 95 27 623 652 
2 6 640 11 547 50 22 467 574 10 28 25 60 348 411 83 63 472 183 623 652 
2 6 640 11 10 547 448 22 618 97 25 60 4 65 8 63 216 367 411 467 644 
2 6 640 11 10 592 252 448 22 392 97 25 60 4 65 8 63 557 367 411 644 
2 6 640 11 22 472 448 253 10 28 25 60 4 65 8 63 557 367 547 411 644 
302 198 565 594 490 107 167 564 415 125 480 629 353 615 106 4 470 375 212 543 662 
21 36 22 24 27 78 25 54 570 458 153 245 86 321 466 555 83 95 464 592 652 
302 330 19 571 629 107 299 125 10 357 13 593 328 470 375 173 543 59 586 480 642 662 
302 198 107 167 564 415 125 480 629 353 615 106 4 470 375 212 543 100 357 319 372 662 
2 6 640 11 10 592 252 448 22 392 97 25 60 4 65 8 63 557 367 411 644 
2 6 640 11 10 547 448 22 618 97 467 168 25 60 4 65 8 56 557 367 644 
2 6 640 11 10 472 547 448 22 467 25 485 574 60 100 411 219 18 51 367 644 
8 302 279 19 564 107 31 125 480 629 615 106 4 470 217 212 324 543 59 586 222 662 
2 6 640 11 10 547 448 22 168 467 25 618 97 60 4 154 8 56 557 367 644 
2 6 640 11 547 448 22 467 574 10 28 25 60 411 603 83 420 158 183 623 652 
2 6 640 11 10 547 448 22 168 472 485 556 25 60 100 153 219 18 51 367 644 
2 6 23 22 11 10 21 24 300 51 28 25 60 27 44 90 83 95 30 486 652 
8 302 279 19 564 107 122 125 480 629 10 106 4 470 375 212 543 59 586 222 642 662 
2 6 640 11 592 231 448 22 392 97 25 60 4 65 8 63 557 367 411 56 644 
2 6 640 11 10 547 448 22 618 97 467 574 25 60 4 65 81 56 557 367 644 
2 6 640 11 10 547 448 22 618 97 25 60 4 65 8 63 216 367 411 467 644 
2 6 640 11 22 562 472 448 253 10 25 60 4 65 8 63 557 367 411 28 644 
302 198 107 167 564 106 415 125 480 629 353 148 375 212 59 433 402 470 586 204 357 662 
8 302 279 19 564 107 31 125 480 629 615 106 4 470 412 212 324 543 59 586 222 662 
2 6 640 11 22 472 448 253 10 25 28 547 60 411 603 562 110 83 318 79 652 
2 6 640 11 592 231 448 22 392 97 25 60 4 65 8 63 56 557 367 411 644 
2 6 23 22 11 10 21 24 300 51 28 25 60 27 44 90 83 95 30 63 652 
8 198 107 167 564 106 415 125 480 629 353 100 148 196 375 414 543 59 586 212 302 662 
2 6 23 22 11 10 21 24 300 51 28 25 60 27 44 90 83 95 30 63 652 
2 6 640 11 10 231 448 22 392 97 25 60 4 65 8 63 56 557 367 411 644 
21 36 22 24 27 78 25 54 570 458 153 245 86 321 466 555 83 95 464 592 652 
2 391 640 136 547 448 629 31 10 357 13 593 328 346 265 574 25 100 67 60 662 
2 6 640 11 10 231 448 22 392 97 25 60 4 65 8 63 56 557 367 411 644 
302 243 330 534 564 107 629 31 10 357 13 593 328 470 375 618 543 59 586 198 293 662 
503 2 167 594 8 534 629 413 10 357 13 593 328 470 375 618 543 59 586 642 662 
2 6 640 11 10 547 448 22 168 467 25 618 97 60 4 65 8 56 557 367 644 
302 198 107 167 564 106 415 125 633 629 452 100 402 470 375 212 357 319 372 8 662 
8 198 107 167 564 106 415 125 480 629 353 100 148 470 375 212 59 302 279 19 662 
2 6 640 11 10 472 100 128 22 547 618 97 25 60 110 65 8 606 567 367 644 
302 198 107 167 564 106 415 125 480 629 353 100 148 470 375 212 59 586 204 357 662 
503 2 167 594 8 534 31 125 629 10 357 13 602 328 470 375 618 543 59 586 642 662 
2 6 640 11 22 472 448 253 10 25 28 547 60 411 603 562 110 83 182 79 652 
2 6 640 11 10 231 448 22 618 97 25 60 4 65 8 56 557 367 411 467 644 
2 6 564 11 22 10 23 24 300 51 28 8 25 191 36 111 44 90 83 95 652 
302 243 564 107 330 534 629 31 10 357 13 593 328 470 375 618 543 59 586 198 662 
2 6 640 11 23 472 22 139 183 10 28 547 25 60 51 16 83 95 27 623 652 
2 6 640 11 547 50 22 467 574 10 28 25 60 348 411 83 63 472 183 623 652 
8 302 279 19 564 107 31 125 480 629 541 106 4 470 375 212 543 59 586 222 642 662 
8 302 279 19 564 107 31 125 480 629 615 106 4 470 375 212 324 59 586 222 642 662 
8 302 279 19 564 107 122 125 480 629 10 106 4 470 375 212 543 59 586 222 642 662 
2 6 564 11 22 10 23 24 300 51 28 8 25 191 36 111 44 90 83 95 652 
503 2 167 594 8 534 629 413 10 357 13 593 328 470 375 618 543 59 586 642 662 
302 198 107 167 564 106 415 125 633 629 353 100 402 470 375 212 357 319 372 8 662 
302 330 19 564 629 107 299 125 10 357 13 593 328 470 375 173 543 59 586 480 642 662 
503 2 167 594 8 534 31 125 629 10 357 13 602 328 470 375 618 543 59 586 642 662 
503 2 167 594 8 534 31 125 629 10 25 100 357 67 13 60 470 593 642 312 328 662 
8 302 279 19 564 107 31 125 480 629 615 106 4 470 375 212 543 59 586 222 642 662 
2 6 640 11 23 472 22 139 183 10 28 25 60 51 16 83 95 27 623 503 652 
2 6 640 11 10 547 448 22 618 97 25 60 4 65 8 63 557 367 411 467 644 
302 198 107 167 564 106 415 125 480 629 353 100 148 470 375 212 59 586 543 357 662 
2 6 640 11 10 472 100 448 22 547 618 97 25 60 110 65 8 606 567 367 644 
2 6 640 11 10 547 448 22 618 97 25 60 4 65 8 63 557 367 411 467 644 
2 6 640 11 547 448 22 467 574 10 28 25 60 411 603 83 420 158 183 623 652 
302 198 107 167 564 106 415 125 480 629 353 100 357 319 372 8 402 430 562 19 259 662 
302 335 107 167 564 106 415 125 480 629 353 100 357 319 372 8 402 430 562 19 259 662 
2 6 640 11 10 472 547 448 22 467 25 485 574 60 100 411 219 18 51 367 644 
2 6 640 11 10 547 448 22 618 97 25 60 4 65 8 56 557 367 411 467 644 
2 391 640 136 547 448 629 31 10 357 13 593 328 346 265 574 25 100 67 60 662 
2 6 11 564 10 23 22 24 300 51 28 8 25 60 36 133 44 90 83 95 652 
2 6 640 11 22 562 472 448 253 10 28 25 60 110 411 83 63 547 182 597 652 
21 36 22 24 27 46 78 25 555 54 570 95 458 37 245 86 491 466 464 592 652 
2 6 640 11 10 472 547 448 22 467 25 485 574 60 100 411 219 18 51 367 644 
302 2 565 594 490 534 629 31 10 357 13 593 328 470 375 618 543 59 586 243 662 
2 6 640 11 22 562 472 448 253 10 28 395 25 60 110 83 547 182 597 411 652 
2 6 640 11 22 562 472 448 253 10 28 25 60 110 547 182 83 95 101 597 652 
2 6 11 564 10 23 22 24 300 51 28 8 25 60 36 133 44 90 83 95 652 
302 198 107 167 564 106 415 125 480 629 353 100 357 319 372 8 402 430 562 19 259 662 
2 6 11 564 10 23 22 24 300 51 28 8 25 60 36 111 44 90 83 95 652 
302 243 564 107 330 534 629 31 10 357 13 593 328 470 375 618 543 59 586 19 662 
2 6 640 11 22 562 472 448 253 10 28 25 60 110 411 83 63 547 182 597 652 
302 2 565 594 8 534 629 31 10 357 13 593 328 470 375 618 543 59 586 243 662 
2 6 640 11 10 547 359 448 22 467 189 25 60 411 603 83 110 472 183 623 652 
503 2 167 594 8 534 31 125 629 10 357 13 593 328 470 375 618 543 59 586 642 662 
21 36 22 24 27 46 78 25 555 54 570 95 458 37 245 86 491 466 464 592 652 
2 6 11 564 10 23 22 24 300 51 28 8 25 60 36 111 44 90 83 95 652 
2 6 640 11 22 562 472 448 253 10 28 25 60 110 411 83 63 547 182 597 652 
8 302 279 19 564 107 31 125 480 629 541 106 4 470 375 212 543 59 586 222 642 662 
503 2 167 594 8 534 629 31 10 357 13 593 402 470 328 375 618 543 59 586 642 662 
8 302 279 19 564 107 31 125 480 629 10 106 401 470 375 414 543 59 586 222 642 662 
2 6 23 22 11 10 21 24 300 51 28 25 60 27 44 90 83 95 30 63 652 
2 6 640 11 10 547 359 448 22 467 189 25 60 411 603 83 110 472 183 623 652 
2 6 640 11 22 562 472 448 253 10 28 25 60 110 83 547 182 597 411 467 652 
21 36 22 24 27 83 78 25 555 54 570 95 458 39 245 86 610 466 464 592 652 
2 6 640 11 10 472 547 448 22 467 25 593 110 401 487 65 266 606 557 367 644 
21 36 22 24 27 83 78 25 555 54 570 95 458 39 245 86 610 466 464 592 652 
8 302 279 19 564 107 31 125 480 629 10 106 401 470 375 414 543 59 586 222 642 662 
2 6 640 11 22 562 472 448 253 10 28 25 60 110 83 547 182 597 411 467 652 
2 6 640 11 10 472 547 448 22 467 25 593 110 401 487 65 266 606 557 367 644 
8 302 198 19 564 259 558 577 353 107 202 430 556 4 552 480 414 371 478 160 660 
8 302 198 19 564 259 558 577 353 107 202 430 556 4 552 480 309 371 478 160 660 
