10 25 11 103 23 54 66 77 83 236 395 84 101 318 97 286 442 94 568 188 465 647 
10 25 11 103 23 54 66 77 83 236 6 84 101 97 642 318 286 442 94 568 188 647 
123 49 85 195 157 407 239 590 146 563 113 217 184 338 536 268 244 631 364 221 660 
10 25 11 103 23 54 66 77 83 480 236 6 84 101 318 97 286 442 94 502 465 647 
123 49 85 195 239 338 167 157 146 515 563 559 407 536 113 217 578 221 218 599 660 
484 303 85 105 123 49 239 558 563 559 407 536 113 338 217 167 195 203 146 556 660 
123 49 590 85 536 239 157 563 113 217 184 338 195 576 180 559 407 167 578 221 660 
123 49 85 195 157 146 239 515 563 559 407 536 113 338 217 167 578 221 218 599 660 
123 49 85 195 239 558 407 256 217 184 307 364 113 203 254 338 157 559 536 578 268 244 660 
85 105 433 327 123 49 576 185 517 558 338 616 217 559 563 556 125 113 203 254 557 660 
123 49 85 195 157 407 239 558 563 559 616 160 146 217 621 536 113 338 167 578 660 
10 25 11 103 23 54 66 77 83 236 6 488 101 97 94 568 62 318 502 465 570 647 
123 49 85 195 157 239 558 563 559 616 536 184 338 146 407 221 160 217 364 309 660 
123 49 85 195 239 338 167 157 407 184 217 559 563 146 113 266 59 153 536 578 660 
123 49 630 195 157 146 407 563 113 364 536 239 125 203 558 559 338 217 107 578 660 
10 25 11 103 23 54 66 77 83 236 6 488 101 97 94 568 62 318 502 465 570 647 
616 157 85 105 517 146 407 118 113 108 184 338 558 433 327 556 125 203 254 557 660 
10 25 11 103 23 54 66 77 83 236 6 84 101 318 97 286 442 94 568 188 465 647 
10 25 11 29 23 54 66 77 83 188 6 84 101 318 97 286 442 94 502 465 570 647 
10 25 11 103 23 54 66 77 83 236 6 84 101 97 94 320 62 318 286 442 502 647 
616 631 105 359 123 239 157 563 113 558 433 513 556 125 49 217 559 146 327 203 660 
118 303 66 105 576 185 517 558 563 559 338 616 217 146 556 113 203 183 557 578 660 
10 25 11 103 23 54 66 188 77 179 236 84 101 97 94 216 62 233 502 465 570 647 
10 25 11 103 23 7 66 6 77 83 236 84 101 97 318 286 442 94 502 469 568 647 
10 25 11 103 23 54 66 77 83 188 6 84 101 318 97 286 442 94 502 465 570 647 
123 49 85 195 157 146 239 558 563 559 407 536 113 338 217 167 578 221 218 599 660 
123 49 85 195 239 338 167 157 146 407 563 184 217 113 266 59 153 559 536 578 221 660 
10 25 11 103 23 54 66 6 77 179 236 84 101 97 94 216 62 233 502 465 570 647 
616 85 105 123 517 327 49 217 558 563 559 146 3 221 113 556 125 203 254 557 660 
616 631 105 517 123 239 157 563 113 558 433 513 556 125 49 217 559 146 327 203 660 
10 25 103 83 23 54 19 46 130 90 549 77 465 349 526 542 62 502 548 89 570 647 
123 49 590 85 536 239 157 563 113 217 184 338 146 407 364 221 195 268 508 631 660 
10 25 54 11 103 23 71 66 77 83 236 92 101 97 94 568 62 318 502 465 570 647 
123 49 85 195 157 146 239 125 203 558 563 559 407 536 113 338 217 167 578 221 660 
10 25 11 99 23 54 66 77 83 236 6 84 101 318 97 286 442 94 502 488 568 647 
616 303 85 105 123 49 407 563 113 364 536 239 221 218 558 217 559 146 338 556 660 
123 49 85 195 157 146 239 407 563 338 167 184 217 113 266 59 153 559 536 578 508 218 660 
123 49 85 195 239 395 176 563 113 217 184 536 307 203 254 338 157 268 125 160 146 660 
10 25 6 11 103 23 54 419 66 77 83 320 440 84 236 101 463 398 465 570 542 647 
484 303 105 123 85 558 485 146 338 556 563 536 113 49 217 401 221 239 183 557 660 
123 49 85 195 239 558 176 563 113 217 184 536 307 203 254 338 125 160 146 157 660 
123 49 85 195 239 558 407 256 217 184 307 536 364 113 203 254 338 157 268 244 631 660 
123 491 195 85 239 157 146 407 563 113 217 184 338 364 459 167 308 49 162 244 536 307 660 
10 25 11 103 551 54 66 6 77 83 236 310 101 97 642 568 62 318 502 247 570 647 
123 49 85 195 407 239 558 563 559 616 160 146 184 338 536 157 268 217 364 113 205 660 
123 49 85 195 157 239 146 407 563 113 338 167 184 217 471 528 308 536 266 153 660 
123 49 85 195 239 558 407 563 113 217 184 536 307 203 254 338 157 268 244 631 364 660 
10 25 11 103 23 54 66 6 77 179 236 84 101 97 94 216 62 318 502 465 570 647 
123 49 590 195 85 536 239 157 146 407 563 113 217 184 338 268 508 631 364 221 307 660 
123 412 85 195 157 407 239 558 563 559 616 160 146 217 184 338 536 364 113 205 660 
616 85 105 517 123 558 433 513 556 125 113 49 217 563 559 146 327 203 254 557 660 
123 49 85 195 157 407 239 558 563 559 616 160 146 217 184 338 536 364 113 205 660 
10 25 11 103 23 54 66 6 77 179 236 84 101 97 94 568 62 318 502 465 570 647 
10 25 103 83 23 54 408 46 130 90 1 77 465 499 526 151 62 502 548 89 570 647 
123 49 491 195 85 536 239 157 146 407 563 113 217 184 576 364 221 167 59 421 308 660 
123 49 85 195 590 146 239 407 563 113 217 184 338 536 157 268 244 631 364 221 307 218 660 
118 18 66 105 123 49 576 185 517 558 338 616 217 559 563 146 556 113 203 183 557 660 
10 25 11 103 23 54 66 6 77 83 236 84 101 97 94 297 62 318 502 465 570 647 
123 491 195 85 239 157 146 407 563 113 217 184 338 364 221 167 308 536 59 421 38 312 660 
123 49 85 195 157 146 239 407 563 338 167 184 217 113 266 59 153 559 536 578 221 218 660 
123 491 195 85 536 239 157 146 407 563 113 217 184 338 364 221 167 59 421 308 660 
10 25 11 103 23 54 66 77 83 236 6 84 101 318 97 286 442 94 502 469 568 647 
10 25 11 54 103 6 23 205 66 77 83 480 236 235 101 318 97 94 442 465 570 647 
123 49 85 195 157 146 407 563 113 364 536 239 221 218 558 559 217 184 605 338 660 
10 25 11 103 23 54 66 6 77 83 236 310 101 97 642 568 62 318 502 247 570 647 
10 25 11 103 23 54 66 6 77 83 236 84 101 97 94 568 62 318 502 465 570 647 
123 49 85 195 157 146 239 558 563 559 407 536 113 338 217 167 578 221 218 556 660 
123 49 364 85 536 239 221 218 558 559 563 113 217 184 441 338 556 183 557 106 660 
10 25 103 83 23 54 19 46 130 90 549 77 465 349 526 542 62 502 548 89 570 647 
10 25 11 103 23 54 66 77 83 236 6 84 101 318 97 286 442 94 502 465 570 647 
123 49 85 195 239 558 407 563 113 217 184 338 536 157 146 244 631 364 221 307 660 
10 25 11 103 23 54 66 6 77 83 236 310 101 97 94 568 62 318 502 247 570 647 
118 303 66 105 576 185 517 558 338 616 217 559 563 146 556 113 203 183 557 106 660 
123 49 364 85 195 157 146 407 563 338 167 184 217 113 266 59 401 221 218 556 239 578 660 
484 303 105 123 49 85 558 485 146 338 556 563 536 113 239 183 557 195 559 50 660 
10 25 6 11 103 23 54 66 205 77 83 480 236 84 101 318 503 94 442 465 570 647 
484 303 85 105 123 511 195 558 338 563 113 203 217 239 59 146 556 167 254 557 660 
123 49 85 217 195 157 146 407 401 221 218 338 556 113 239 183 557 106 563 536 364 184 660 
616 85 105 517 157 146 407 118 113 108 184 338 558 433 327 556 125 203 254 557 106 660 
616 85 105 517 123 49 217 558 563 559 146 433 221 113 327 556 125 203 254 557 660 
10 25 6 11 103 23 54 419 66 77 83 320 440 84 236 101 416 398 465 570 542 647 
484 303 85 105 123 49 195 558 563 559 338 113 203 217 146 556 167 254 557 106 660 
616 217 85 105 517 558 433 327 556 125 113 203 254 557 106 123 49 338 563 559 660 
118 24 480 167 66 105 558 556 125 563 113 203 576 146 338 85 309 183 557 106 660 
10 25 11 103 23 54 66 77 83 480 90 320 72 84 101 318 97 94 502 465 570 647 
118 24 244 477 66 105 563 146 338 576 558 85 309 556 113 203 183 557 106 184 660 
484 416 364 85 195 157 146 407 105 517 558 433 327 556 125 113 203 254 557 106 660 
10 25 103 83 23 54 408 46 130 90 1 77 465 499 526 542 62 502 548 89 570 647 
616 217 85 105 517 558 433 327 556 125 113 203 254 557 106 123 49 338 563 559 660 
10 25 11 103 23 54 66 77 83 480 90 320 72 84 101 318 97 94 502 465 570 647 
10 25 11 23 54 103 6 66 77 83 236 92 101 97 94 568 62 318 502 465 570 647 
10 25 103 83 23 54 19 46 130 90 1 77 465 499 526 542 62 502 548 89 570 647 
484 24 105 66 517 327 558 556 125 563 113 203 254 557 106 480 146 536 307 112 660 
484 24 105 66 517 558 146 556 125 563 113 536 307 203 254 557 106 480 112 184 85 660 
123 49 364 85 195 157 146 407 563 113 338 217 167 184 59 421 308 536 307 357 38 312 660 
484 24 105 66 517 558 146 556 125 563 113 536 307 203 254 557 106 480 112 184 85 660 
123 49 364 85 195 157 407 146 113 338 244 536 307 167 582 59 528 357 38 563 184 660 
10 25 103 83 23 54 19 46 130 90 1 77 465 349 526 542 62 502 548 89 570 647 
484 24 105 66 517 558 146 556 125 563 113 203 254 557 106 480 307 112 184 85 660 
123 49 364 85 195 157 146 407 563 113 338 167 184 217 59 528 308 536 307 357 660 
