240 255 141 569 329 123 430 397 316 108 366 473 184 441 629 16 389 356 365 411 668 
201 298 558 266 329 123 430 397 316 108 120 315 553 356 365 411 587 16 389 49 668 
21 39 142 57 45 66 70 267 77 211 76 530 102 622 120 584 31 492 146 617 644 
596 357 142 57 45 267 76 66 70 77 622 120 102 211 558 570 530 584 431 617 644 
596 39 142 57 45 267 76 66 70 77 211 622 120 558 570 102 530 584 431 617 644 
201 49 113 6 329 195 430 2 473 22 365 411 184 441 629 16 389 69 309 111 668 
240 298 113 216 123 369 201 329 430 397 316 108 120 2 553 356 365 411 587 16 668 
307 441 629 57 45 267 66 70 77 211 76 358 622 120 102 530 584 431 617 116 644 
21 125 267 57 45 70 76 66 77 570 211 622 120 433 123 102 530 584 431 617 644 
240 298 369 266 329 123 430 397 316 108 120 2 553 356 365 411 587 16 389 69 668 
240 298 369 266 329 123 430 397 316 108 120 2 142 356 365 411 587 16 389 69 668 
104 381 558 569 329 123 430 2 38 22 365 473 411 587 16 389 69 309 111 642 668 
21 39 142 57 45 70 76 66 381 77 123 83 211 69 120 102 31 267 524 492 644 
21 39 142 57 45 267 66 76 70 9 211 120 622 530 584 102 31 492 146 617 644 
21 582 267 57 45 70 76 66 77 332 123 83 69 389 211 570 233 431 120 102 644 
104 60 123 276 381 55 75 45 393 211 558 306 426 31 316 490 363 587 579 397 644 
104 60 123 276 381 55 75 45 70 211 558 311 426 31 316 397 556 85 108 120 644 
104 49 113 216 123 569 329 430 2 473 22 365 175 441 629 397 558 381 6 411 668 
104 60 123 439 276 558 45 49 70 381 55 75 120 102 211 221 490 363 587 579 644 
104 60 123 470 558 45 66 70 381 55 75 120 102 211 221 490 363 587 579 306 644 
307 482 196 57 116 45 66 70 77 332 123 83 211 106 120 102 31 558 236 617 644 
21 39 151 57 45 622 66 76 70 77 211 102 267 240 111 120 530 584 431 617 644 
104 123 323 240 75 363 587 99 441 629 185 381 397 17 316 16 31 558 426 120 644 
454 125 142 57 45 66 70 77 211 267 325 120 433 123 102 41 530 584 431 617 644 
104 372 123 276 381 55 75 45 70 211 558 306 426 31 316 397 556 85 108 120 644 
104 60 123 276 240 88 198 17 416 185 381 558 311 426 31 120 306 316 397 556 644 
104 123 240 363 587 323 99 441 629 381 55 75 426 185 31 316 397 490 306 558 644 
21 39 142 57 45 267 76 66 70 77 622 120 102 470 211 570 233 431 530 617 644 
454 125 267 57 77 45 66 70 211 622 120 155 123 102 172 530 584 431 617 558 644 
356 164 267 57 77 45 66 70 211 142 76 558 622 120 102 530 584 431 617 570 644 
381 123 558 240 75 363 587 397 104 316 99 232 622 185 45 120 276 428 139 556 644 
104 60 123 276 381 55 75 45 393 211 558 306 426 31 316 397 556 85 108 120 644 
104 441 629 216 329 123 430 558 416 381 75 426 185 490 363 587 397 556 55 402 644 
21 125 267 57 45 77 66 70 211 433 123 83 120 102 31 558 236 622 431 617 644 
104 60 123 276 45 76 381 55 75 70 622 102 211 558 311 426 31 316 397 556 644 
104 439 123 276 558 45 66 70 381 55 75 120 102 211 221 490 363 587 579 31 644 
104 439 123 404 55 45 66 70 211 558 381 280 156 75 120 263 490 169 587 579 644 
21 39 129 57 45 267 66 70 76 570 622 102 211 69 120 530 584 431 617 31 644 
104 123 323 240 75 268 587 99 441 629 185 381 397 17 316 16 31 558 426 120 644 
104 60 123 276 558 240 88 198 17 416 185 381 306 426 31 316 397 556 55 8 644 
104 439 123 276 55 45 66 70 211 558 381 102 156 75 120 263 490 169 587 579 644 
104 60 123 252 276 381 55 75 45 70 211 558 306 426 31 316 397 483 120 556 644 
104 60 123 276 558 381 55 75 285 70 102 211 263 120 185 490 363 587 579 31 644 
104 60 123 439 276 558 45 49 70 381 55 75 120 102 211 221 490 16 587 579 644 
104 441 629 216 329 123 430 397 558 416 381 55 75 426 185 490 363 587 402 31 644 
104 60 123 252 381 55 75 314 45 70 211 558 306 426 31 316 397 108 120 185 644 
21 582 267 57 45 70 76 66 77 332 123 83 622 185 211 69 120 102 31 558 644 
104 60 123 226 558 381 55 45 70 621 211 363 185 75 120 263 490 169 587 579 644 
104 439 123 404 55 45 66 70 211 558 381 102 156 75 120 263 490 169 587 579 644 
21 39 142 57 45 267 66 70 76 570 211 391 584 431 120 102 31 530 617 558 644 
376 125 57 77 45 66 591 530 285 70 102 211 123 83 120 31 267 584 431 617 644 
104 60 123 276 558 381 55 45 70 621 211 363 185 75 120 263 490 169 587 579 644 
373 441 196 57 116 45 66 70 77 621 123 83 211 69 120 102 31 558 236 617 644 
104 60 123 276 381 55 75 45 393 211 558 306 426 501 316 397 556 85 108 120 644 
104 60 123 470 381 55 75 45 70 211 558 306 426 31 316 397 108 120 185 587 644 
104 60 123 276 381 55 75 45 70 211 558 306 426 31 316 397 556 85 108 120 644 
104 60 123 252 276 381 55 75 45 70 211 558 306 426 31 316 397 556 85 108 644 
454 125 267 57 77 45 66 70 211 622 120 155 123 102 41 530 584 431 617 558 644 
104 60 123 276 45 76 381 55 75 70 211 558 311 426 31 316 397 556 85 108 644 
21 39 142 57 45 70 76 66 77 211 69 123 83 120 102 185 267 524 492 146 644 
104 60 8 276 381 55 75 45 70 211 507 490 363 31 316 108 587 558 236 579 644 
376 125 57 77 45 66 70 211 433 530 123 83 120 102 31 267 584 431 617 558 644 
104 60 123 276 558 240 88 198 17 416 185 381 306 426 31 316 397 556 55 75 644 
21 39 142 57 45 70 76 66 77 332 531 83 211 69 120 102 31 237 524 492 644 
21 39 142 57 45 70 76 66 77 332 531 83 211 69 120 102 31 237 524 492 644 
21 39 142 57 45 267 66 76 70 77 211 622 120 558 570 102 530 584 431 617 644 
21 39 142 57 45 267 66 76 70 77 211 622 120 558 570 102 530 584 431 617 644 
21 39 142 57 45 267 66 76 70 77 211 622 120 558 570 102 256 584 431 617 644 
21 39 142 57 45 267 66 76 70 77 211 622 120 558 570 102 256 584 431 617 644 
21 39 142 57 45 66 470 70 267 77 211 76 570 622 120 584 431 102 530 617 644 
21 39 142 57 45 66 470 70 267 77 211 76 570 622 120 584 431 102 530 617 644 
21 39 142 57 45 66 470 70 267 77 211 76 570 622 120 584 431 102 530 617 644 
21 39 142 57 45 66 470 70 267 77 211 76 570 622 120 102 530 584 431 617 644 
21 39 142 57 45 66 470 70 267 77 211 76 570 622 120 102 575 584 431 617 644 
21 39 142 57 45 66 470 70 267 77 211 76 570 622 120 584 431 102 530 617 644 
21 39 142 57 45 66 470 70 267 77 211 76 570 622 120 584 431 102 530 617 644 
21 39 142 57 45 66 139 70 267 77 211 76 570 622 120 102 575 584 431 617 644 
21 39 151 57 45 70 76 66 77 211 622 31 120 102 146 69 588 617 68 624 644 
21 39 151 57 45 70 76 66 77 211 622 31 120 102 146 69 588 617 68 624 644 
21 39 142 57 45 70 76 66 77 332 296 102 530 584 431 617 31 558 83 211 644 
21 39 142 57 45 70 76 66 77 332 296 102 530 584 431 617 31 558 83 211 644 
21 39 142 57 45 70 76 66 77 332 296 102 530 584 431 617 31 558 83 211 644 
21 582 267 57 45 70 76 66 77 332 123 83 211 69 120 102 31 558 586 240 644 
21 582 267 57 45 70 76 66 77 332 123 83 211 69 120 102 31 558 586 240 644 
596 39 142 57 45 66 202 70 267 76 570 211 622 558 120 102 530 52 431 617 644 
596 39 142 57 202 45 66 70 267 76 570 211 622 558 120 102 530 52 431 617 644 
596 39 142 57 202 45 66 70 267 76 570 211 622 558 120 102 530 52 431 617 644 
307 441 629 57 116 45 66 70 77 513 123 83 211 69 120 102 31 558 236 617 644 
307 441 629 57 116 45 66 70 77 513 123 83 211 69 120 102 31 558 236 617 644 
307 441 629 57 116 45 66 70 77 513 123 83 211 69 120 102 31 558 236 617 644 
307 441 629 57 116 45 66 70 77 513 123 83 211 69 120 102 31 558 236 617 644 
307 441 629 57 126 45 66 70 77 513 123 83 211 69 120 102 31 558 236 617 644 
307 441 629 57 116 45 66 70 77 332 123 83 211 69 120 102 31 558 236 617 644 
307 441 629 57 116 45 66 70 77 332 123 83 211 69 120 102 31 558 236 617 644 
307 441 196 57 116 45 66 70 77 332 123 83 211 69 120 102 31 558 236 617 644 
373 441 196 57 116 45 66 70 77 332 123 83 211 69 120 102 31 558 236 617 644 
307 441 629 57 116 45 66 70 77 332 123 83 211 69 120 102 31 558 236 617 644 
307 441 629 57 116 45 66 70 77 332 123 83 211 69 120 102 31 558 236 617 644 
373 441 196 57 45 66 70 116 77 332 123 83 211 69 120 102 31 558 236 617 644 
104 60 123 276 606 88 198 17 416 185 381 558 311 426 31 120 306 316 397 556 644 
