244 426 411 543 505 237 569 104 123 196 513 300 546 291 559 112 301 49 313 16 646 
28 402 563 468 112 552 569 619 413 494 114 312 609 383 99 8 499 242 237 102 648 
395 426 244 543 237 146 428 102 254 49 104 123 196 513 239 546 291 559 112 300 646 
244 112 426 411 543 505 123 237 569 49 104 300 395 577 196 285 239 546 291 559 646 
244 112 426 411 237 569 49 543 529 389 505 104 123 5 527 100 7 75 155 253 646 
244 112 26 543 237 411 49 563 65 68 474 517 104 123 430 513 300 546 559 569 646 
426 244 563 237 38 552 569 195 413 442 114 312 609 383 99 8 288 505 543 499 648 
395 426 411 543 140 373 569 499 619 413 482 128 312 609 114 383 99 230 146 457 648 
244 112 426 499 38 552 569 253 413 494 114 312 553 383 99 8 288 230 505 469 648 
27 161 62 68 193 84 128 90 445 35 355 93 101 5 102 487 514 464 104 548 673 
112 563 38 426 244 193 104 123 513 505 218 239 546 291 559 300 411 237 569 49 646 
244 426 563 499 38 552 569 318 619 294 496 128 312 609 114 383 99 230 112 411 648 
27 161 62 68 193 84 128 90 445 35 355 93 101 5 102 487 514 464 104 548 673 
244 112 49 389 426 411 543 505 237 569 104 123 5 527 100 7 75 155 16 559 646 
27 161 62 68 193 84 128 90 445 35 355 93 101 5 102 265 401 464 104 548 673 
244 112 49 389 426 411 543 505 237 569 104 123 5 527 100 7 75 155 253 413 646 
395 426 563 418 65 146 234 102 254 49 104 123 196 326 239 546 291 559 112 244 646 
28 402 563 499 38 552 569 318 619 294 482 128 312 609 114 383 99 230 112 426 648 
244 112 426 411 543 237 569 253 413 500 114 312 609 8 288 383 99 230 505 49 648 
28 402 563 244 112 552 569 619 413 499 174 128 312 609 114 383 99 230 59 8 648 
395 426 411 543 140 373 412 499 619 413 482 128 312 609 114 383 99 230 146 457 648 
244 112 426 411 543 237 505 569 49 104 123 300 546 291 559 392 16 448 417 389 646 
244 112 426 411 237 543 505 569 49 104 123 300 395 577 196 285 239 546 291 559 646 
244 112 26 543 237 411 49 563 65 68 102 254 104 123 430 513 300 546 559 569 646 
244 112 26 543 237 411 49 563 65 68 474 254 104 123 430 513 300 546 559 569 646 
27 161 62 68 193 314 128 90 445 35 355 93 101 5 102 212 100 464 104 548 673 
395 426 563 418 65 146 234 102 254 49 104 123 196 513 239 546 291 559 112 301 646 
244 426 563 418 65 146 234 102 254 49 104 123 196 513 239 546 291 112 601 559 646 
244 112 426 411 543 237 505 569 49 104 123 300 546 291 559 392 16 448 417 389 646 
244 112 26 543 237 411 49 563 65 68 474 254 104 123 430 513 300 546 559 569 646 
395 426 563 418 65 146 234 102 254 49 104 123 196 513 239 546 291 559 112 301 646 
28 402 563 468 112 552 569 619 413 494 114 312 609 383 99 8 499 242 237 102 648 
28 402 563 468 112 552 569 619 413 494 114 312 609 383 99 8 499 242 237 102 648 
244 112 49 389 426 411 543 505 237 569 104 123 5 527 100 7 75 155 16 559 646 
27 161 62 68 193 314 128 90 445 35 355 93 101 5 102 212 100 464 104 548 673 
112 563 38 426 244 193 104 123 513 505 218 239 546 291 559 300 411 237 569 49 646 
395 426 563 418 65 146 234 102 254 49 104 123 196 513 239 546 291 559 112 301 646 
1 99 27 382 62 26 68 84 563 35 528 22 65 332 93 75 262 92 101 464 673 
244 112 426 411 237 569 49 543 505 104 123 300 395 577 196 285 239 546 291 559 646 
244 112 49 389 426 411 543 505 237 569 104 123 5 527 100 7 75 155 16 559 646 
244 112 426 411 237 569 49 543 529 104 123 300 395 577 196 285 239 546 291 559 646 
244 112 389 59 237 411 49 104 123 505 426 5 543 569 527 100 7 75 155 300 646 
27 161 62 68 193 314 128 90 445 35 355 93 101 430 102 65 100 464 104 548 673 
27 161 62 68 193 314 128 90 445 35 356 93 101 5 102 65 100 464 104 548 673 
244 112 426 411 543 505 237 569 49 104 123 300 546 291 559 392 16 448 417 389 646 
552 102 395 426 244 254 49 104 123 196 513 239 546 291 559 543 505 237 569 253 646 
244 112 426 411 102 254 49 104 123 196 513 239 546 291 559 543 505 237 569 300 646 
27 161 62 68 193 314 52 90 445 35 356 93 101 5 102 65 100 464 104 548 673 
395 426 244 552 102 254 49 104 123 196 513 239 546 291 559 543 505 237 569 253 646 
1 99 27 382 62 26 68 364 563 35 5 345 65 332 93 75 97 92 101 464 673 
28 402 563 468 112 552 569 619 413 494 114 312 609 383 99 8 499 242 237 102 648 
1 99 27 382 62 26 68 84 563 35 528 22 65 332 93 75 97 92 101 464 673 
244 112 49 389 615 426 5 543 505 104 237 153 527 100 7 75 155 411 123 300 646 
1 99 27 382 62 26 68 84 563 35 528 22 65 332 93 75 97 92 101 464 673 
244 112 426 411 237 569 49 543 505 104 123 300 395 577 196 285 239 546 291 559 646 
1 99 27 382 62 26 68 84 563 35 528 22 65 332 93 75 97 92 101 464 673 
244 112 26 543 237 411 49 563 65 68 102 254 104 123 430 513 300 546 559 569 646 
27 161 62 68 193 84 128 90 445 35 355 93 101 5 102 265 514 464 104 548 673 
244 112 563 191 26 68 98 102 254 49 104 237 123 430 513 300 546 559 569 291 646 
395 426 563 418 65 146 234 102 254 49 104 123 196 513 239 546 291 559 112 301 646 
244 112 426 411 102 254 49 104 123 196 513 239 546 291 559 543 505 237 569 300 646 
426 244 563 237 38 552 569 253 413 494 8 195 114 312 609 383 99 288 505 543 648 
27 161 62 68 193 84 128 90 445 35 355 93 101 5 102 487 514 464 104 548 673 
112 198 395 426 244 543 104 123 513 505 218 546 559 300 411 237 569 49 291 313 646 
395 426 411 543 140 373 569 499 619 413 482 128 312 609 114 383 99 230 146 457 648 
395 426 244 112 411 543 505 237 569 49 104 123 5 527 100 7 75 155 16 559 646 
1 99 27 382 62 26 68 84 563 35 528 22 65 332 93 75 97 92 101 464 673 
395 426 146 428 102 254 49 104 123 196 513 546 291 300 411 237 569 559 112 301 646 
1 99 27 382 62 26 68 84 181 35 5 22 65 332 93 75 97 92 101 464 673 
27 161 62 68 193 84 128 90 445 35 355 93 101 5 102 487 514 464 104 548 673 
244 112 389 59 237 411 49 104 123 505 426 5 543 569 527 100 7 75 155 300 646 
27 161 62 68 193 314 128 90 445 35 356 93 101 5 102 65 100 464 104 548 673 
395 426 244 543 237 146 428 102 254 49 104 123 196 513 300 546 291 559 112 301 646 
244 112 426 411 543 505 237 569 49 104 123 5 527 100 7 75 155 16 559 395 646 
395 426 146 428 102 254 49 104 123 196 513 300 546 291 559 112 301 237 404 244 646 
395 426 146 428 102 254 49 104 123 196 513 300 546 291 559 112 301 237 404 244 646 
27 161 62 68 193 314 128 90 445 35 356 93 101 5 102 65 100 464 104 548 673 
395 426 146 457 102 254 49 104 123 196 513 300 546 291 559 112 301 237 404 244 646 
244 112 426 411 237 569 49 543 505 104 123 300 546 291 559 319 16 448 417 146 646 
112 244 426 411 348 505 237 569 49 104 123 5 527 100 7 75 155 16 559 300 646 
28 402 563 468 112 552 569 619 413 494 114 312 609 383 99 8 499 242 237 102 648 
112 244 426 411 543 505 237 569 49 104 123 5 527 100 7 75 155 16 559 300 646 
27 161 62 68 193 314 128 90 445 35 355 93 101 5 102 212 100 464 104 548 673 
27 161 62 68 193 314 128 90 445 35 355 93 101 5 102 65 100 464 104 548 673 
244 112 426 411 348 505 237 569 49 389 615 5 543 104 527 100 7 75 155 123 646 
112 426 244 543 237 411 505 569 49 104 123 392 16 513 300 546 291 559 448 417 646 
112 563 38 426 244 543 104 123 513 505 218 546 559 300 411 237 569 49 291 552 646 
112 198 395 426 244 543 104 123 513 505 218 546 559 300 411 237 569 49 291 313 646 
395 426 244 543 237 552 569 253 413 494 8 59 312 609 544 383 99 288 505 49 648 
426 244 563 237 38 552 569 195 413 494 114 312 609 383 99 8 288 505 543 631 648 
244 112 389 615 237 411 49 104 123 505 426 5 543 569 527 100 7 75 155 300 646 
395 426 244 543 237 552 569 253 413 494 8 59 312 609 544 383 99 288 505 49 648 
244 112 49 389 615 426 5 543 505 104 237 569 527 100 7 75 155 411 123 300 646 
244 112 563 237 38 552 569 195 413 494 114 312 609 383 99 8 288 505 469 49 648 
1 99 27 382 62 26 68 84 181 35 5 22 65 332 93 75 97 92 101 464 673 
244 112 426 411 543 505 237 569 49 104 123 300 546 291 559 392 16 448 417 146 646 
244 112 426 411 543 505 237 569 49 104 123 300 546 291 559 319 16 448 417 146 646 
244 112 426 411 543 505 237 569 49 104 123 300 546 291 559 313 16 448 417 146 646 
1 99 27 382 62 26 68 84 563 35 5 22 65 332 93 75 97 92 101 464 673 
1 99 27 382 62 26 68 84 563 35 5 22 65 332 93 75 97 92 101 464 673 
