26 307 362 563 58 65 257 88 384 533 534 77 102 94 559 104 179 631 570 568 644 
289 9 106 397 107 218 10 40 562 256 67 469 219 505 564 77 442 503 371 586 662 
474 441 9 183 397 566 7 107 261 88 256 303 442 214 48 469 586 185 245 382 662 
26 307 362 563 58 65 257 88 384 533 534 77 102 94 559 104 179 631 570 568 644 
88 564 474 107 593 9 503 342 441 71 207 505 442 500 48 469 586 328 519 117 662 
474 9 411 441 183 397 107 185 261 88 256 303 442 61 599 395 48 469 586 530 662 
474 139 88 9 468 509 218 639 299 395 397 441 214 202 219 505 442 503 469 586 662 
88 564 474 107 593 9 503 342 441 71 207 505 442 500 48 469 586 328 519 214 662 
474 307 441 563 58 65 280 226 384 194 287 77 102 94 290 135 179 631 570 568 644 
26 1 563 21 58 97 466 24 505 52 616 561 38 35 568 370 570 592 280 597 644 
564 593 474 441 9 183 397 566 7 107 261 88 256 303 442 214 48 469 586 185 662 
474 469 441 9 183 397 107 185 61 599 256 88 303 395 48 212 158 119 442 586 662 
474 88 9 411 441 183 397 107 185 61 395 48 469 164 599 539 267 212 586 530 662 
474 469 441 9 183 397 107 256 185 61 599 395 48 88 303 212 158 119 442 586 662 
26 1 563 21 58 97 466 24 505 52 605 570 33 38 35 568 364 592 231 597 644 
474 307 441 563 58 65 280 226 384 194 287 77 102 94 290 135 179 631 570 568 644 
474 9 298 107 397 2 10 88 361 441 251 256 67 505 564 77 371 586 503 642 662 
26 307 362 563 58 65 257 88 384 533 534 77 102 94 559 104 179 631 570 568 644 
474 307 441 563 58 65 280 226 384 194 287 77 102 94 290 135 179 631 570 568 644 
474 441 9 183 397 566 7 107 261 88 256 303 442 214 48 469 586 185 245 382 662 
474 469 441 9 10 7 183 397 107 185 361 261 48 256 88 298 484 119 442 586 662 
474 441 9 183 397 566 7 107 261 88 256 303 442 214 48 469 586 185 245 382 662 
474 139 88 9 468 509 218 639 299 395 397 441 214 48 219 505 442 503 469 586 662 
185 245 256 107 382 468 576 224 7 88 361 441 379 61 303 164 599 165 267 212 662 
474 9 10 7 469 473 183 397 107 185 361 261 48 256 88 298 484 119 442 586 662 
474 88 9 162 107 496 77 342 441 71 207 505 442 500 48 469 586 328 519 591 662 
474 9 10 7 469 441 183 397 107 185 361 261 48 256 88 298 484 119 442 586 662 
474 307 441 563 58 65 280 226 384 194 287 77 102 94 290 135 179 631 570 568 644 
474 88 9 162 107 496 77 342 441 71 207 505 442 500 48 469 586 265 519 591 662 
474 88 9 162 107 496 77 342 441 71 207 505 442 214 48 469 586 265 519 591 662 
564 593 342 107 382 468 299 88 457 214 207 395 474 303 48 361 441 469 397 219 662 
474 469 441 9 183 397 107 185 61 599 256 88 303 212 158 48 119 442 586 71 662 
564 593 342 107 457 214 207 395 474 441 303 48 361 88 469 397 219 71 422 505 662 
474 48 189 564 641 342 107 441 9 71 214 503 586 207 519 505 442 392 469 591 662 
26 307 362 563 58 65 257 88 384 474 534 77 102 94 149 104 179 631 570 568 644 
26 307 362 563 58 65 257 88 384 474 534 77 102 94 149 104 179 631 570 568 644 
564 593 342 107 457 214 207 395 474 441 303 48 361 88 469 397 219 71 422 505 662 
564 593 342 107 457 214 207 395 474 303 48 361 441 88 469 397 219 71 422 505 662 
564 593 342 107 457 214 207 395 474 303 48 361 441 88 469 397 219 71 422 505 662 
474 88 9 162 107 564 77 342 441 71 207 505 442 214 48 469 586 265 519 591 662 
474 307 441 563 58 65 280 226 384 44 287 77 102 94 290 135 179 631 570 568 644 
474 48 88 564 593 342 107 441 9 71 214 586 207 519 219 505 442 503 469 591 662 
26 307 362 563 58 65 257 88 384 474 534 77 102 94 149 104 179 631 570 568 644 
157 307 362 563 58 65 257 88 384 618 534 77 102 94 149 104 179 631 570 568 644 
26 307 362 563 58 65 257 88 384 533 534 77 414 94 559 104 179 631 570 568 644 
474 9 10 7 469 441 183 397 107 185 361 261 48 256 88 298 484 119 442 586 662 
474 48 88 564 593 342 107 441 9 71 214 586 207 519 219 505 442 503 469 591 662 
474 307 441 563 58 65 280 226 384 44 287 77 102 94 290 135 179 631 570 568 644 
26 307 362 563 58 65 257 88 384 474 534 77 102 94 149 104 179 631 570 568 644 
26 307 362 563 58 65 257 88 384 44 48 77 542 94 559 104 179 631 570 568 644 
26 307 362 563 58 65 257 88 384 533 534 77 102 94 559 104 179 631 570 568 644 
48 88 564 474 107 593 342 441 9 71 503 214 505 586 207 519 469 591 377 642 662 
474 48 88 564 593 342 107 441 9 71 214 503 586 207 519 505 442 392 469 591 662 
474 469 441 9 183 397 10 7 107 361 261 48 256 88 298 484 119 442 586 503 662 
157 307 611 563 58 65 257 88 384 44 534 77 102 94 149 104 179 631 570 568 644 
577 307 362 563 58 65 257 88 384 44 534 77 102 94 149 104 179 631 570 568 644 
157 307 362 563 58 65 257 88 384 44 534 77 102 94 149 104 179 631 570 568 644 
474 307 441 563 58 65 280 226 384 44 287 77 102 94 290 135 179 631 570 568 644 
474 469 441 9 183 397 10 7 107 361 261 48 256 88 416 484 119 442 586 307 662 
48 88 564 474 107 593 342 441 9 71 503 214 505 586 207 519 469 591 377 642 662 
474 469 441 9 183 397 10 7 107 361 261 48 256 88 298 484 119 442 586 503 662 
26 1 563 21 58 97 466 24 505 52 605 570 33 38 35 568 364 592 231 597 644 
474 469 441 9 183 397 10 7 107 261 48 256 88 298 361 219 505 442 484 586 662 
474 307 441 563 58 65 280 88 384 44 287 77 102 94 290 135 179 631 570 568 644 
474 48 88 564 593 342 107 441 9 71 503 214 505 586 207 519 469 591 377 642 662 
185 245 256 107 382 468 299 88 361 441 379 61 303 164 599 165 267 212 158 48 662 
185 245 256 107 382 468 299 88 361 441 379 61 303 164 599 474 267 212 158 48 662 
185 245 256 107 382 468 299 88 361 441 379 61 303 164 599 474 267 212 158 48 662 
185 245 256 107 382 468 299 88 361 441 379 61 303 164 599 474 267 212 158 48 662 
577 307 362 563 58 65 257 88 384 44 534 77 102 94 149 104 179 631 570 568 644 
185 245 256 474 107 382 468 299 88 361 441 469 61 599 303 212 48 219 71 422 662 
26 307 362 563 58 65 257 88 384 44 534 77 102 94 149 104 179 631 570 568 644 
26 307 362 563 58 65 257 88 384 44 534 77 102 94 149 104 179 631 570 568 644 
26 307 362 563 58 65 257 88 384 44 534 77 102 94 149 104 179 631 570 568 644 
382 468 299 397 395 48 107 185 61 599 256 88 303 212 469 505 474 361 146 219 662 
474 88 9 505 298 107 397 10 361 48 382 468 7 256 564 77 207 586 503 642 662 
185 61 599 382 107 468 299 395 474 303 48 361 441 88 469 397 219 71 422 248 662 
474 48 88 564 593 342 107 441 9 71 214 207 505 586 503 519 469 591 377 642 662 
185 245 256 474 107 382 468 299 88 361 441 469 61 599 303 212 48 219 71 422 662 
289 9 183 397 10 261 107 224 7 474 303 48 361 441 469 219 505 442 503 642 662 
308 9 183 397 107 10 261 7 474 303 48 361 441 469 219 505 442 503 642 248 662 
185 245 256 474 107 382 468 299 88 361 441 469 61 599 303 212 158 48 71 219 662 
289 9 183 397 107 10 261 7 474 303 48 361 441 469 219 505 442 503 642 248 662 
289 9 183 397 107 10 261 7 474 303 48 361 441 469 219 505 442 503 642 248 662 
474 88 9 411 469 441 183 397 107 185 61 599 256 303 212 158 48 71 214 586 662 
474 88 9 411 441 183 397 107 185 61 599 395 48 469 586 530 214 256 303 212 662 
474 88 9 411 469 441 183 397 107 185 61 599 256 303 212 158 48 71 214 586 662 
26 307 362 563 58 65 257 639 384 44 534 77 102 94 559 104 179 631 570 568 644 
185 61 599 382 107 468 88 256 299 397 395 48 469 505 474 303 361 441 219 71 662 
185 61 599 256 88 474 303 382 107 468 299 48 361 395 397 441 469 219 71 422 662 
26 307 362 563 58 65 257 88 384 44 534 77 102 94 559 104 179 631 570 568 644 
474 469 441 9 183 397 107 185 61 599 256 88 303 212 158 48 71 214 586 207 662 
26 307 362 563 58 65 257 88 384 44 534 77 102 94 149 104 179 631 570 568 644 
185 245 599 256 474 303 107 48 382 468 299 88 361 441 469 219 71 422 248 395 662 
26 307 362 563 58 65 257 88 384 44 534 77 102 94 559 104 179 631 570 568 644 
26 307 362 563 58 65 257 88 384 44 534 77 102 94 559 104 179 631 570 568 644 
185 61 599 382 107 468 299 88 474 303 48 361 395 397 441 469 219 71 422 248 662 
474 88 107 397 9 505 298 10 361 48 382 468 7 256 564 77 207 586 503 642 662 
474 88 9 505 298 107 397 10 361 48 382 468 7 256 564 77 207 586 503 642 662 
474 88 9 505 298 107 397 10 361 48 382 468 7 256 564 77 207 586 503 642 662 
