23 3 24 13 26 36 297 46 66 77 60 85 159 321 83 105 332 72 402 466 626 647 
478 447 37 440 637 512 527 400 479 71 472 30 141 415 104 565 79 112 146 314 582 660 
584 361 487 24 26 400 30 65 519 269 105 211 104 260 97 204 473 466 71 481 517 660 
584 361 487 24 339 400 30 65 519 269 105 211 104 260 97 204 473 466 71 481 517 660 
2 3 60 24 45 13 619 65 77 159 83 105 211 472 299 97 526 460 252 466 626 647 
23 424 198 24 503 30 65 77 83 211 105 97 104 546 400 460 517 204 34 568 557 660 
1 3 60 24 45 13 46 65 77 83 159 105 211 472 299 97 526 176 93 466 626 647 
260 399 616 15 300 24 104 79 112 13 118 250 211 105 97 204 498 168 557 517 30 660 
357 424 198 24 20 104 30 65 188 223 211 105 97 400 460 204 34 168 310 517 557 660 
478 447 37 440 637 415 527 104 565 513 479 71 512 472 30 79 112 517 557 250 146 660 
238 3 32 586 565 79 112 13 118 65 211 97 104 105 400 338 204 254 168 557 517 660 
443 3 106 128 32 15 565 79 112 13 118 250 211 105 97 204 498 168 557 517 400 660 
2 3 60 24 45 13 46 65 77 159 83 105 211 472 442 97 526 460 93 466 626 647 
23 3 60 24 45 13 351 65 77 159 83 105 472 299 97 211 526 361 93 466 626 647 
23 3 355 24 20 13 41 65 77 83 105 159 321 104 392 211 464 326 371 466 626 647 
23 424 198 24 503 30 65 77 83 211 105 97 104 546 400 460 517 204 34 168 557 660 
478 447 106 128 32 278 565 79 112 258 118 250 104 260 231 141 440 637 415 527 400 660 
23 3 60 24 20 598 65 77 83 105 159 321 211 369 97 589 41 539 104 466 526 647 
23 3 60 24 45 13 46 65 77 159 83 105 211 472 413 436 97 526 460 466 626 647 
478 447 141 440 32 278 565 79 112 13 118 250 104 637 415 40 431 71 472 30 220 660 
478 447 106 128 32 278 565 79 112 13 118 250 104 260 231 141 440 637 415 527 400 660 
357 424 198 24 20 104 30 65 188 223 211 105 97 400 460 204 34 418 310 517 557 660 
231 3 106 128 32 15 565 79 83 211 105 97 112 13 118 250 204 498 168 557 517 660 
23 3 60 24 643 13 41 65 77 159 83 105 610 321 211 408 557 371 466 626 141 647 
23 257 13 153 226 104 30 65 66 77 60 83 105 159 321 211 408 557 371 466 626 647 
443 3 106 128 32 15 565 79 112 13 118 250 104 260 211 105 97 204 498 168 557 660 
390 3 106 128 32 278 565 79 112 13 118 250 104 260 231 71 105 473 211 97 204 660 
443 3 106 128 15 37 32 565 79 112 13 118 211 589 97 204 498 345 557 250 400 660 
23 13 3 24 26 60 45 46 65 77 159 83 105 211 472 299 97 526 460 93 466 647 
478 447 37 440 637 415 527 104 565 513 479 71 512 472 30 250 79 112 146 314 582 660 
23 424 198 24 503 30 65 77 83 211 105 97 104 546 400 460 517 204 34 426 557 660 
23 424 198 24 503 368 65 77 83 211 97 104 400 105 16 546 460 517 204 34 568 660 
357 424 198 24 20 400 30 65 519 104 188 223 211 105 97 460 204 34 168 310 517 660 
429 3 106 128 618 15 565 79 112 13 118 250 104 260 105 473 211 97 204 498 168 660 
443 3 106 128 32 15 565 79 112 13 118 250 211 105 97 400 338 204 361 168 557 660 
23 24 13 6 226 85 46 65 77 159 83 105 211 610 97 589 41 539 104 466 626 647 
23 3 60 24 643 13 41 65 77 159 83 469 105 610 321 211 408 258 371 466 626 647 
23 13 3 24 26 36 17 46 66 77 60 85 159 321 83 105 332 642 402 466 626 647 
23 13 3 24 26 36 17 46 66 77 60 85 159 321 83 105 332 642 402 466 626 647 
23 13 3 24 26 36 17 46 66 77 60 85 159 321 83 105 332 642 402 466 626 647 
23 226 24 13 153 85 46 65 77 159 83 105 211 610 97 589 41 133 104 466 626 647 
23 3 24 45 13 46 472 65 66 77 60 83 105 159 321 211 526 460 93 466 408 647 
23 13 3 24 60 45 46 65 77 159 83 105 211 472 299 97 526 460 93 466 626 647 
23 3 24 45 13 46 472 65 66 77 60 83 159 105 299 97 211 526 361 93 466 647 
23 3 60 24 45 13 436 65 77 159 83 105 211 472 299 97 526 298 93 466 626 647 
23 3 60 24 643 13 41 65 77 159 83 105 610 321 211 371 408 557 466 626 141 647 
23 3 24 45 13 46 472 65 66 77 60 83 159 105 299 97 211 526 361 93 466 647 
443 3 106 128 32 15 565 79 112 13 118 250 211 105 97 400 338 204 361 168 557 660 
478 447 106 128 32 278 565 79 112 3 417 13 118 250 104 260 231 141 440 637 415 660 
23 13 3 24 26 36 17 46 66 77 60 85 159 321 83 105 332 642 402 466 626 647 
23 13 3 24 26 36 17 46 66 77 60 85 159 321 83 105 332 642 402 466 626 647 
23 3 24 45 13 46 472 65 66 77 60 83 159 105 299 97 211 526 361 93 466 647 
238 3 32 586 565 79 112 13 118 65 211 97 104 105 438 338 204 254 168 557 517 660 
23 3 60 24 45 13 351 65 77 83 105 159 472 299 97 211 526 361 93 466 626 647 
1 3 60 24 45 13 46 65 77 83 159 105 211 472 299 97 526 176 93 466 626 647 
478 447 106 128 32 278 565 79 112 258 118 250 104 260 231 141 440 637 415 527 400 660 
357 424 198 24 20 104 30 65 188 223 211 105 97 150 460 204 34 168 310 517 557 660 
357 424 198 24 20 104 30 65 188 223 211 105 97 400 460 204 34 168 310 517 557 660 
1 3 60 24 45 13 46 65 77 83 159 9 211 472 299 97 526 176 93 466 626 647 
23 3 60 24 45 13 436 65 77 159 83 105 610 321 211 408 557 371 466 626 74 647 
23 3 137 24 45 13 46 65 77 159 83 105 211 472 299 97 526 361 93 466 626 647 
478 447 37 440 637 512 527 400 479 71 472 30 141 8 104 565 79 112 146 314 582 660 
23 3 60 24 45 13 436 65 77 159 83 105 472 299 97 211 526 361 93 185 466 647 
357 424 198 24 20 104 430 65 77 83 211 105 97 400 460 204 34 168 310 517 557 660 
23 3 137 24 45 13 46 65 77 159 83 105 211 472 299 97 526 361 93 466 626 647 
23 13 3 24 26 36 17 46 66 77 60 85 159 321 83 105 332 642 402 466 626 647 
23 13 3 24 26 60 45 46 65 77 159 83 105 211 472 299 97 526 460 93 466 647 
23 3 60 24 45 13 436 65 77 159 83 105 472 299 97 211 526 290 93 185 466 647 
23 3 60 24 643 13 41 65 77 159 83 105 610 321 211 371 408 557 466 626 141 647 
23 13 3 24 26 36 17 46 66 77 60 85 159 321 83 105 332 642 402 466 626 647 
23 3 60 24 643 13 41 65 77 159 83 469 105 610 321 211 408 258 371 466 626 647 
443 3 106 128 15 37 32 565 79 112 13 118 211 589 97 204 224 345 557 250 400 660 
23 3 60 24 643 13 41 65 77 159 83 105 610 321 211 371 408 557 466 626 141 647 
584 361 487 24 26 400 30 65 519 269 105 211 104 260 97 204 473 466 71 481 517 660 
260 399 616 15 300 24 104 79 112 13 118 250 211 105 97 204 498 168 557 517 30 660 
23 3 60 24 45 13 436 65 77 83 105 159 472 299 97 211 526 290 93 185 466 647 
23 3 60 24 20 598 65 77 83 105 159 321 211 369 97 589 41 539 104 466 526 647 
23 13 3 24 26 36 17 46 66 77 60 85 159 321 83 105 332 642 402 466 626 647 
478 447 106 128 32 278 565 79 112 258 118 250 104 260 231 141 440 637 415 527 400 660 
