599 364 640 119 125 593 103 519 16 290 131 205 79 336 231 88 638 37 178 176 204 473 671 
509 2 6 25 10 13 476 194 57 21 24 27 45 62 90 185 462 464 465 521 647 
599 364 640 119 300 593 103 519 16 290 131 205 79 336 231 304 198 399 88 207 354 391 671 
198 399 37 599 125 625 539 421 364 79 207 178 391 205 336 160 7 268 103 106 638 515 671 
9 2 6 434 10 278 13 25 415 361 27 16 441 422 567 45 365 519 154 176 77 591 671 
167 2 6 25 10 13 365 57 52 431 436 106 62 359 90 185 462 464 465 521 647 
509 2 6 25 10 13 28 194 57 52 24 27 45 62 90 185 138 464 465 521 647 
167 2 9 125 10 119 13 166 131 205 79 336 485 289 27 219 318 45 633 591 671 
2 471 9 599 446 10 25 225 503 27 13 16 441 422 198 399 586 616 519 591 671 
509 2 6 25 10 13 281 194 57 562 24 27 45 62 90 185 148 464 465 521 647 
380 2 6 25 10 13 365 57 52 84 27 45 62 254 90 185 208 464 465 521 647 
167 2 9 125 10 119 13 290 131 205 630 213 79 485 289 27 219 318 45 498 591 231 671 
599 364 640 119 125 593 363 519 16 198 131 399 205 231 584 79 207 354 391 160 7 336 671 
599 125 198 131 399 37 205 79 336 178 106 638 391 160 7 103 519 16 231 88 671 
587 2 9 599 125 119 13 290 201 205 79 336 391 318 303 45 365 519 103 470 586 591 671 
9 2 633 434 10 25 13 225 503 27 16 441 422 198 399 586 336 45 519 591 671 
167 2 6 25 10 13 365 57 52 431 436 45 62 359 90 185 462 464 465 521 647 
338 2 6 25 10 13 392 57 240 84 27 45 62 359 90 185 208 464 465 521 647 
599 304 198 131 399 205 231 88 364 79 207 354 391 160 7 336 268 103 9 640 586 591 671 
587 480 9 599 125 485 103 119 237 290 131 205 79 336 391 160 268 224 45 470 586 591 671 
599 2 9 10 13 290 103 231 125 119 587 205 79 336 391 160 7 371 45 397 586 671 
587 433 9 599 125 119 13 290 201 205 79 336 391 160 303 45 365 519 103 470 586 591 671 
167 2 9 599 125 119 13 290 131 205 79 336 45 470 591 103 519 16 638 88 671 
302 2 9 528 106 391 103 231 125 119 13 290 131 205 79 336 160 7 371 45 470 586 671 
587 480 9 599 125 625 13 131 290 160 177 205 79 336 391 103 519 45 470 586 591 671 
599 364 640 119 125 593 103 363 519 16 198 131 399 205 231 584 79 207 354 391 160 7 671 
599 2 9 10 13 290 125 119 587 205 79 336 391 160 7 103 118 45 397 586 671 
599 125 198 131 399 205 231 88 364 79 207 354 391 160 7 336 268 103 9 640 586 671 
599 125 198 131 399 88 364 207 354 391 160 7 205 231 584 79 336 268 103 9 640 586 671 
599 125 267 131 399 205 630 88 364 207 79 336 178 391 160 7 268 103 470 586 671 
268 125 198 399 37 79 336 178 106 638 391 290 131 205 160 7 103 519 16 231 88 586 671 
167 2 9 125 10 119 13 290 131 205 630 213 79 485 289 27 219 318 45 498 591 231 671 
9 2 633 434 10 25 13 225 503 27 16 441 422 198 399 586 336 45 519 591 671 
587 480 9 599 125 625 630 131 205 79 336 290 391 160 7 103 519 45 470 586 671 
599 2 9 10 13 290 125 119 587 205 79 336 391 160 7 103 118 45 397 586 671 
587 480 9 599 125 119 13 290 131 205 336 391 160 268 37 79 103 519 45 470 586 671 
509 2 6 25 10 13 28 194 57 52 24 27 45 62 90 185 138 464 465 521 647 
587 2 9 599 125 119 13 290 201 205 79 336 391 318 303 45 365 519 103 470 586 591 671 
9 2 6 434 10 278 13 25 415 361 27 16 441 422 567 45 365 519 154 176 77 591 671 
599 2 9 10 13 290 103 231 125 119 587 205 79 336 391 160 7 371 45 397 586 671 
509 2 6 25 10 13 28 194 57 562 24 27 45 62 90 185 148 464 465 521 647 
167 2 9 10 13 290 103 125 119 587 205 599 131 79 336 45 470 591 519 16 671 
587 480 9 599 125 625 13 131 205 79 336 290 391 160 7 103 519 45 470 586 671 
509 2 6 25 10 13 281 194 57 562 24 27 45 62 90 185 148 464 465 521 647 
509 2 6 25 10 13 476 194 57 52 24 27 45 62 90 185 462 464 465 521 647 
167 2 6 25 10 13 365 57 52 594 436 45 62 359 90 185 377 464 465 521 647 
167 2 9 599 125 119 13 290 131 205 79 336 45 470 591 103 519 16 638 88 671 
587 480 9 599 125 593 356 13 290 131 205 79 336 391 160 7 103 519 45 470 586 671 
587 480 9 599 125 625 13 131 205 79 336 290 391 160 7 103 519 45 470 586 671 
587 480 9 599 125 119 13 290 450 205 79 336 391 160 268 103 519 45 470 586 671 
9 2 6 636 10 25 13 225 503 27 16 441 422 383 399 586 616 519 591 505 671 
587 480 9 599 125 485 103 119 237 290 131 205 79 336 391 160 268 224 45 470 586 591 671 
587 480 9 528 125 119 79 290 131 205 336 391 160 268 13 450 103 519 45 470 586 671 
599 304 198 131 399 205 231 88 364 79 207 354 391 160 7 336 268 103 9 640 586 671 
167 2 6 25 10 13 365 57 52 594 436 45 62 359 90 185 377 464 465 521 647 
587 480 9 599 125 625 630 131 205 79 336 290 391 160 7 103 519 45 470 586 671 
9 2 6 636 10 25 13 225 503 27 16 441 422 383 399 586 616 519 591 204 671 
587 480 9 599 125 625 630 131 205 79 336 290 472 160 7 268 103 519 45 470 586 671 
509 2 6 25 10 13 28 194 57 562 24 27 45 62 90 348 148 464 465 521 647 
587 480 9 599 125 625 13 131 336 290 391 205 79 160 7 103 519 45 470 586 225 671 
587 480 9 599 125 119 205 79 13 290 450 336 254 160 268 103 519 45 470 586 671 
599 304 198 131 399 205 231 88 364 79 207 354 391 371 7 336 268 103 9 640 586 591 671 
167 2 6 25 10 13 365 57 52 431 436 45 62 359 90 185 462 464 465 521 647 
587 480 9 599 125 119 440 131 205 79 336 290 391 160 7 103 625 630 519 45 470 586 671 
338 2 6 25 10 13 392 57 240 84 27 45 62 359 90 185 208 464 465 521 647 
2 6 9 599 446 10 25 13 225 503 27 16 441 422 198 399 586 616 519 591 204 671 
587 480 9 599 125 625 630 131 205 290 391 160 7 519 45 79 336 268 103 470 586 671 
587 139 9 599 125 119 237 290 131 205 79 336 391 160 268 103 519 45 266 586 671 
587 480 9 599 125 625 539 88 364 79 207 178 391 581 7 336 426 103 470 586 117 205 671 
2 6 9 599 446 10 25 13 225 503 27 16 441 422 198 399 586 616 519 591 204 671 
167 2 9 125 10 119 13 290 131 205 79 336 485 289 27 219 318 45 633 591 671 
599 125 267 131 399 205 630 88 364 207 79 336 178 391 160 7 268 103 470 586 671 
167 2 6 25 10 13 365 57 52 84 27 45 62 254 90 185 208 464 465 521 647 
167 2 6 25 10 13 365 57 52 431 436 106 62 359 90 185 462 464 465 521 647 
509 2 6 25 10 13 476 194 57 52 24 27 45 62 90 185 462 464 465 521 647 
587 480 9 599 125 119 237 290 131 205 79 336 391 160 268 103 519 45 470 586 671 
509 2 6 25 10 13 28 194 57 562 24 27 45 62 90 185 148 464 465 521 647 
587 480 9 505 125 119 440 131 205 79 336 290 391 160 7 103 625 630 519 45 470 586 671 
599 125 198 399 37 79 336 178 106 638 391 290 131 205 160 7 103 519 16 231 88 586 671 
599 125 267 131 399 205 630 88 364 79 207 354 391 160 7 336 178 268 103 470 586 671 
290 125 267 131 399 205 630 88 364 79 207 354 391 160 7 336 178 268 103 470 586 671 
587 480 9 599 125 625 13 131 290 160 177 205 79 336 391 103 519 45 470 586 591 671 
167 2 9 10 13 290 103 125 119 587 205 118 336 599 131 79 45 470 591 519 671 
587 2 9 599 125 119 13 290 201 205 79 336 391 303 160 7 103 45 365 519 470 586 671 
198 399 37 599 125 625 539 421 364 79 207 178 391 160 303 205 336 7 268 103 106 638 671 
509 2 6 25 10 13 28 194 57 562 24 27 45 62 90 348 561 464 465 521 647 
587 480 394 599 125 485 103 119 237 290 131 205 336 391 160 7 371 79 268 224 671 
599 125 198 399 37 336 231 88 364 79 178 106 638 391 290 131 205 160 7 103 519 671 
587 480 231 599 125 539 625 630 131 205 640 638 391 160 7 103 519 16 79 336 290 671 
599 55 640 119 125 593 103 519 16 290 131 304 198 399 205 231 88 79 207 354 391 160 671 
599 364 640 119 125 593 103 363 519 16 198 131 399 205 231 584 79 207 354 391 160 7 671 
9 2 633 434 10 25 13 225 503 27 16 441 422 198 399 586 336 45 519 591 671 
599 2 9 10 13 290 103 125 119 587 205 118 336 391 160 7 371 45 232 586 671 
509 2 6 25 10 13 28 194 57 52 24 27 45 62 90 185 138 464 465 521 647 
587 2 9 599 125 119 13 290 201 205 79 336 391 160 303 45 365 519 103 470 586 591 671 
167 2 9 125 10 119 13 290 131 205 630 213 79 160 7 103 519 45 470 586 485 671 
509 2 6 25 10 13 281 194 57 562 24 27 45 62 90 185 148 464 465 521 647 
167 2 9 599 119 13 485 289 125 290 131 205 79 336 45 470 591 103 519 16 671 
587 480 9 599 125 625 13 131 205 79 336 290 391 160 7 103 519 45 470 586 671 
587 480 9 599 125 485 103 119 237 290 131 205 79 336 391 160 268 224 45 470 586 591 671 
