60 25 4 17 95 9 71 466 559 564 20 78 88 36 507 26 107 524 284 102 652 
4 62 96 97 80 18 211 147 31 582 468 115 369 513 77 154 323 553 454 623 676 
175 83 90 3 254 48 68 273 211 80 55 523 349 476 276 377 117 549 122 442 676 
14 4 265 161 600 643 327 157 392 289 33 525 258 403 520 607 598 346 463 70 676 
21 643 632 262 83 442 191 641 75 97 120 27 527 123 211 422 370 528 341 352 676 
181 250 10 544 519 643 268 37 136 247 2 7 560 280 530 433 535 12 260 168 644 
69 117 218 57 240 26 60 29 51 48 54 124 331 179 65 637 41 84 452 617 676 
41 380 250 29 462 85 169 56 419 368 157 11 105 274 7 445 357 371 367 124 120 676 
102 186 192 141 386 170 367 223 136 122 110 434 643 239 395 180 243 459 339 104 372 654 
459 346 48 520 65 636 547 101 518 493 194 293 584 526 568 281 643 434 193 543 11 663 
259 327 456 483 114 263 264 395 291 125 142 207 201 147 469 169 373 412 61 616 656 
404 441 99 176 4 163 78 286 383 185 72 643 379 614 363 570 610 292 93 6 676 
176 64 321 57 60 86 333 524 467 562 442 623 643 565 473 103 350 90 348 548 676 
155 79 27 71 290 70 241 366 263 584 513 100 557 199 28 56 528 357 141 551 676 
152 240 234 472 638 245 569 251 42 103 376 241 319 9 383 200 310 40 339 643 261 657 
171 311 566 149 477 643 106 197 190 100 50 507 362 512 52 323 385 599 285 191 668 
38 643 117 292 445 358 212 539 297 7 578 219 61 330 428 388 112 391 304 409 665 
300 423 632 130 318 434 501 354 382 230 246 276 154 310 316 40 518 350 586 19 113 670 
85 282 151 125 34 29 11 4 12 133 557 7 326 311 319 315 409 506 195 431 676 
416 73 586 143 338 8 14 7 446 489 20 542 58 643 77 240 171 312 296 3 4 662 
132 4 78 206 313 166 280 179 125 223 334 164 448 254 617 264 185 229 481 238 676 
589 269 315 535 334 643 14 193 528 375 76 200 527 317 592 62 522 627 148 84 676 
215 588 518 368 41 4 75 302 415 245 643 233 192 289 144 9 390 159 106 243 181 241 662 
76 310 184 154 9 25 461 274 97 144 307 483 63 132 475 270 101 550 19 497 676 
