39 25 373 36 65 266 101 178 93 102 466 617 14 558 64 464 555 550 465 635 647 
99 638 309 178 79 256 197 496 326 611 243 367 213 354 383 169 117 231 85 106 648 
39 25 373 36 65 266 101 178 93 102 466 617 14 558 64 464 555 550 465 635 647 
99 638 309 178 79 256 197 496 326 611 243 367 213 279 383 169 117 231 85 106 648 
99 496 326 611 309 178 243 367 213 203 383 79 169 117 231 85 106 127 230 533 648 
2 25 36 496 563 482 91 204 65 426 154 567 101 317 93 102 429 466 526 579 644 
25 36 2 587 563 482 126 22 65 385 89 567 101 618 93 102 429 466 521 579 644 
2 25 373 36 65 376 101 430 93 102 466 617 14 359 531 464 555 550 465 635 647 
39 25 373 36 65 376 101 178 93 102 466 617 14 558 531 464 555 2 465 635 647 
2 25 158 496 563 482 91 22 149 41 320 567 101 317 93 102 429 466 526 579 644 
25 2 36 254 563 91 482 22 65 367 320 567 101 512 214 102 305 466 229 579 644 
2 319 25 6 197 578 65 545 79 168 45 530 154 567 101 568 127 102 104 579 644 
2 25 373 36 65 376 101 94 93 102 63 617 14 558 531 464 555 400 465 635 647 
97 2 611 62 563 91 482 556 316 22 25 197 110 44 101 79 168 530 228 579 644 
97 2 611 62 11 482 91 22 556 316 188 102 529 61 101 168 530 19 438 579 644 
25 36 2 68 563 482 126 22 65 323 89 567 101 618 93 102 340 466 521 579 644 
97 2 611 6 197 62 556 91 383 22 343 316 558 155 489 79 168 530 75 579 644 
2 319 25 6 197 578 65 545 79 168 45 530 111 198 101 452 443 102 104 579 644 
2 25 36 496 563 482 91 22 99 235 320 567 101 317 349 102 285 466 526 579 644 
2 319 25 6 59 411 65 545 79 168 45 530 532 567 101 568 127 102 104 579 644 
2 319 25 6 197 578 65 545 79 168 45 530 532 198 101 452 93 102 104 579 644 
2 319 25 6 197 578 65 545 79 168 45 530 111 198 101 452 93 102 104 579 644 
2 622 36 496 563 482 91 14 149 235 320 567 101 317 93 102 429 466 526 579 644 
99 496 309 178 79 256 197 210 231 85 106 320 485 432 203 383 565 53 127 230 648 
2 319 25 6 197 578 65 545 79 168 45 530 532 567 101 568 93 102 104 579 644 
2 622 36 496 563 482 91 22 149 235 320 567 101 317 93 102 429 466 526 579 644 
99 496 326 611 309 178 243 367 213 203 383 79 169 117 231 85 106 127 230 533 648 
2 25 36 496 563 482 91 204 65 426 320 567 330 317 93 102 429 466 526 579 644 
2 25 36 496 563 482 91 22 65 426 320 567 101 317 93 337 429 466 526 579 644 
39 25 373 36 65 376 101 178 93 102 466 617 14 558 531 464 322 550 465 635 647 
39 25 373 36 65 376 101 178 93 102 466 617 14 558 531 464 555 550 465 635 647 
39 25 373 36 65 376 101 178 93 102 466 617 340 558 531 464 555 585 465 635 647 
39 340 373 36 65 376 101 178 93 102 466 617 14 558 531 464 555 2 465 635 647 
39 25 373 36 65 266 101 178 93 102 466 617 14 558 76 464 555 550 465 635 647 
2 24 25 6 197 411 65 545 79 168 45 530 532 567 101 568 127 102 104 579 644 
39 25 373 36 65 266 101 178 93 102 466 617 14 558 531 464 555 550 465 635 647 
2 25 36 496 563 482 91 204 65 426 320 567 330 317 93 102 429 466 526 579 644 
97 2 611 62 11 482 91 22 556 316 188 236 529 61 101 168 530 19 438 579 644 
25 36 2 587 563 482 126 22 65 385 89 567 101 618 93 102 429 466 521 579 644 
25 36 2 68 563 482 126 22 65 470 89 567 101 618 93 102 340 466 521 579 644 
39 25 373 36 65 376 101 178 93 102 466 617 14 558 531 464 555 550 578 635 647 
451 2 519 6 197 411 56 545 79 168 45 530 154 439 85 489 4 37 367 294 644 
97 2 611 6 563 482 91 197 62 556 383 22 343 316 615 155 489 79 168 530 644 
97 2 611 62 11 482 91 22 556 316 188 236 529 61 101 168 530 19 438 579 644 
99 496 326 611 309 237 491 383 367 530 230 91 484 316 155 489 557 178 243 198 648 
99 496 309 178 79 256 197 210 231 85 106 320 485 432 203 383 565 53 127 230 648 
276 496 174 99 309 178 197 79 231 85 106 320 485 432 203 383 127 563 518 484 648 
276 496 99 611 539 197 393 449 619 392 383 633 484 80 617 91 231 85 102 489 648 
97 2 611 62 11 482 91 22 556 316 188 236 529 61 101 168 530 19 463 579 644 
2 319 25 6 197 411 65 545 79 168 45 530 532 567 101 568 127 102 104 579 644 
2 25 373 36 65 376 101 94 93 102 466 617 14 558 531 464 555 400 465 635 647 
99 496 174 62 197 556 383 316 482 392 80 18 4 158 450 79 155 489 510 363 644 
2 25 36 496 563 482 91 22 149 41 320 567 101 317 93 102 429 466 526 579 644 
276 496 174 62 611 474 91 320 485 432 203 482 53 308 85 4 484 316 155 489 648 
276 496 174 99 309 178 197 79 231 85 106 320 485 432 203 383 127 230 518 484 648 
451 2 519 6 197 411 65 545 231 85 367 294 498 316 556 141 79 168 45 530 644 
97 2 611 62 197 556 91 383 22 277 316 558 155 489 79 168 530 75 579 17 644 
276 496 174 62 197 556 383 316 482 140 80 611 91 53 308 85 4 484 155 489 648 
2 319 25 6 197 578 65 545 79 168 45 530 111 198 101 452 93 102 104 579 644 
451 2 519 6 411 56 197 79 231 85 106 459 485 545 168 45 530 154 439 367 644 
99 496 174 62 197 556 91 383 316 482 392 80 611 53 308 530 633 617 489 85 648 
2 622 36 496 563 482 91 22 149 235 320 567 101 317 93 102 429 466 526 579 644 
39 340 373 36 65 376 101 178 93 102 466 617 14 558 531 464 555 2 465 635 647 
276 496 99 611 62 197 393 401 619 392 383 633 91 484 80 617 231 85 102 489 648 
451 2 519 6 197 411 407 545 533 85 367 294 498 316 556 141 168 530 79 45 644 
97 2 611 62 197 556 363 571 22 277 168 316 530 558 155 536 4 484 586 579 644 
276 496 174 99 309 178 197 320 485 432 203 482 53 210 231 85 106 3 127 518 648 
39 25 373 36 65 376 101 178 93 102 466 617 14 558 531 464 555 550 578 635 647 
276 496 174 99 309 178 197 79 231 85 106 320 485 432 203 383 127 404 518 484 648 
25 36 2 373 65 376 101 94 93 102 466 118 14 558 531 464 555 400 465 635 647 
2 25 373 36 65 376 101 94 93 102 466 617 14 558 531 464 555 400 465 635 647 
2 25 454 36 65 376 101 430 93 102 466 617 14 558 531 464 555 550 465 635 647 
97 2 611 382 197 556 91 383 22 277 168 316 530 75 155 489 136 484 586 579 644 
2 25 36 496 563 482 91 22 149 41 320 567 101 317 93 102 429 466 526 579 644 
276 496 174 62 611 474 91 320 485 432 203 482 53 308 85 4 484 316 155 489 648 
276 496 174 99 309 178 197 320 485 432 203 482 53 210 231 85 106 3 127 518 648 
231 25 373 36 65 376 101 94 93 102 466 617 14 558 531 464 555 400 465 635 647 
276 496 174 99 309 178 197 79 231 85 106 320 485 432 203 383 127 230 518 484 648 
99 496 326 611 309 237 491 153 278 383 367 530 230 91 484 316 155 489 557 178 648 
99 496 611 62 197 393 449 619 392 383 633 80 617 231 85 288 196 316 79 174 648 
276 496 99 611 62 197 393 449 278 392 383 633 91 484 80 617 231 85 102 489 648 
39 25 373 36 65 636 101 178 93 102 466 617 14 558 531 464 555 2 465 635 647 
39 25 373 36 65 376 101 178 93 102 466 617 340 558 531 464 555 9 465 635 647 
97 2 611 6 197 411 56 187 79 168 45 530 154 439 85 62 11 10 91 22 644 
99 496 174 62 198 280 544 482 383 530 91 484 316 80 617 231 85 155 489 392 648 
451 2 519 6 197 411 56 187 79 168 45 530 154 439 85 489 4 484 367 294 644 
39 25 539 36 65 376 101 178 93 102 466 617 14 558 531 464 555 585 465 635 647 
39 25 539 36 65 376 101 178 93 102 466 617 14 558 531 464 555 585 465 635 647 
99 496 174 62 198 556 383 485 544 482 530 91 484 80 617 231 85 102 489 392 648 
39 25 373 36 65 376 101 178 93 102 466 617 14 158 531 464 322 550 465 635 647 
97 2 611 62 197 6 556 91 383 22 343 316 558 155 489 79 571 530 75 579 644 
97 2 611 6 563 482 91 197 62 556 383 22 343 316 615 155 489 79 168 530 644 
99 496 611 62 197 393 449 619 392 383 633 80 617 231 85 288 196 316 79 174 648 
231 25 373 36 65 376 101 94 93 102 466 617 14 558 531 464 555 400 465 635 647 
2 319 25 6 197 578 65 545 79 168 45 530 532 198 101 452 93 102 104 579 644 
99 496 174 62 198 280 544 482 383 530 91 484 316 80 617 231 85 155 489 392 648 
97 2 611 62 563 91 482 556 316 22 25 197 110 44 101 79 168 530 228 579 644 
2 24 25 6 197 411 65 545 79 168 45 530 532 567 101 568 127 102 104 579 644 
25 2 36 254 563 91 482 22 65 367 320 567 101 512 214 102 305 466 229 579 644 
2 319 25 6 197 578 65 545 79 168 45 530 532 567 101 568 93 102 104 579 644 
