84 32 36 2 300 463 97 66 58 478 25 94 90 89 548 46 101 526 22 80 652 
20 641 36 24 576 565 545 19 2 87 96 528 90 557 60 80 93 121 510 105 647 
85 28 37 318 453 70 36 60 509 6 98 90 65 549 44 102 525 22 83 639 676 
372 9 566 334 155 116 607 108 643 52 145 601 113 38 633 491 104 403 217 366 676 
158 156 24 10 154 246 11 5 614 579 200 29 183 18 627 558 216 634 284 67 676 
117 104 107 85 131 11 67 199 272 347 155 143 358 506 45 385 168 535 549 322 676 
29 435 33 76 94 27 611 302 24 88 120 614 563 554 531 45 97 628 624 545 676 
598 222 173 435 195 156 192 117 515 422 395 158 110 542 638 304 178 209 159 49 651 
190 125 60 643 66 199 200 28 6 17 515 336 85 309 255 493 118 624 592 556 676 
208 13 181 267 120 178 643 212 24 124 624 140 214 598 234 12 560 623 79 297 676 
328 58 79 399 38 191 612 600 127 269 477 13 229 446 182 499 329 515 547 472 668 
78 465 29 447 118 171 344 156 68 93 531 254 485 428 262 195 487 295 573 351 676 
30 177 119 637 564 585 391 268 27 582 62 332 134 605 599 523 96 325 6 211 675 
34 79 58 81 616 177 289 643 422 462 161 640 11 305 267 347 199 510 229 426 676 
47 476 643 132 274 517 623 59 74 10 497 254 607 200 117 278 100 60 70 267 676 
160 252 81 378 192 184 333 292 235 181 303 609 31 141 307 400 131 84 442 171 669 
29 25 344 296 49 58 486 28 80 40 521 56 465 193 245 91 175 339 333 186 652 
643 65 202 425 154 436 212 367 547 298 584 318 341 166 360 137 105 513 104 193 13 644 
45 331 524 274 234 643 485 532 141 15 560 135 509 10 597 187 177 489 112 623 673 
23 34 214 278 35 28 12 112 5 413 315 293 347 164 579 84 482 588 398 452 676 
390 507 11 381 278 405 70 81 142 217 363 430 9 171 94 34 76 281 45 596 676 
497 328 195 114 65 179 102 546 113 440 339 411 535 57 379 75 485 105 132 29 676 
186 85 206 257 125 258 390 4 91 643 20 317 190 60 382 323 273 108 31 43 162 645 
40 47 17 28 75 38 62 185 250 31 169 76 362 25 235 57 185 39 68 465 644 
126 128 643 110 390 369 186 605 415 339 184 528 324 543 219 257 447 87 203 490 663 
207 348 455 220 484 335 643 324 565 158 316 542 217 227 365 314 340 512 409 586 17 670 
271 507 141 74 14 58 426 119 535 111 11 471 491 50 381 383 96 59 61 620 676 
222 384 168 170 174 561 145 291 218 425 59 324 348 460 49 41 41 473 322 196 671 
289 337 69 598 161 388 281 28 199 453 302 148 171 345 643 172 270 238 13 49 670 
643 139 197 2 432 547 447 129 12 512 599 365 398 393 600 639 112 6 16 148 668 
