499 530 88 176 630 61 567 320 633 407 339 79 518 512 373 38 99 53 3 385 648 
499 530 99 88 176 630 61 567 37 151 339 79 518 512 266 196 320 633 407 373 648 
37 88 102 225 182 257 499 320 633 407 339 445 518 417 3 385 324 13 512 373 648 
37 88 102 225 182 257 339 499 107 38 417 3 385 324 79 13 512 373 528 151 648 
37 298 422 88 293 65 136 66 527 105 528 308 546 513 87 163 558 557 391 137 644 
499 530 99 88 176 53 61 567 222 3 385 324 79 512 373 38 13 37 630 528 648 
365 26 44 25 339 23 35 506 57 369 65 58 77 84 94 90 384 101 465 595 644 
37 151 88 266 176 225 196 320 257 339 79 127 512 373 38 528 329 264 372 415 648 
37 367 79 567 3 114 57 62 496 38 231 528 385 581 452 617 372 254 49 642 648 
1 26 44 25 339 23 35 95 57 369 65 58 77 384 94 90 84 101 465 595 647 
474 26 44 307 310 23 35 329 441 148 369 65 58 77 384 395 94 90 101 465 644 
35 44 58 536 145 65 136 527 99 77 94 486 181 528 546 127 101 105 570 595 644 
37 88 102 225 182 257 499 417 633 407 631 79 518 512 373 38 3 385 324 13 648 
37 298 422 88 66 65 136 504 181 336 119 105 528 308 546 513 87 163 558 557 644 
37 151 88 102 225 182 499 417 633 407 339 79 518 512 373 38 528 329 264 257 648 
37 151 88 266 176 630 196 320 633 407 339 79 518 512 373 38 336 225 453 127 648 
35 44 58 536 65 359 146 99 277 181 528 534 183 248 77 94 149 629 477 101 644 
499 530 99 88 176 630 61 567 37 151 266 196 320 633 407 339 79 518 512 373 648 
37 151 88 102 225 182 499 417 257 339 79 196 512 266 176 630 320 407 518 373 648 
37 88 102 225 182 257 499 417 633 407 631 79 518 512 373 38 3 385 324 13 648 
1 26 44 288 625 23 35 165 57 58 65 369 77 384 383 94 90 101 465 595 644 
1 26 44 25 339 23 35 441 574 369 65 58 77 384 94 90 84 101 465 595 644 
37 151 266 88 176 53 61 567 222 630 196 320 225 407 339 79 518 453 127 512 648 
1 26 44 25 339 23 35 95 57 369 65 58 77 384 94 90 84 101 465 595 647 
285 26 44 25 339 23 35 506 57 369 65 58 77 84 94 90 384 101 465 595 644 
499 530 88 37 176 630 207 320 633 407 339 79 518 512 373 38 99 53 61 567 648 
1 26 44 25 339 23 35 441 574 369 65 58 77 384 94 90 84 101 465 536 644 
44 359 99 42 528 23 35 441 621 369 65 58 77 384 94 90 473 101 465 375 644 
499 530 99 88 176 630 478 339 107 38 231 196 512 385 581 79 416 438 518 61 648 
35 44 58 621 293 136 527 238 65 99 77 94 486 181 528 546 127 101 570 595 644 
37 298 422 88 293 65 66 136 527 105 528 308 546 513 87 163 558 557 391 530 644 
1 26 44 25 339 23 35 95 57 369 65 58 77 384 94 90 84 101 465 595 647 
499 530 88 266 176 630 207 320 633 407 339 79 518 512 373 38 99 53 37 61 648 
37 88 102 225 182 257 339 499 417 3 385 324 79 13 512 373 38 528 151 196 648 
37 367 567 3 114 57 38 196 320 231 127 257 339 79 518 512 373 385 442 62 648 
285 26 44 25 339 23 35 506 57 369 65 58 77 84 94 90 384 101 465 595 644 
499 530 99 88 176 53 61 567 222 3 385 324 79 13 37 630 512 373 38 528 648 
37 151 88 102 225 182 257 339 79 499 417 196 512 266 176 630 320 407 518 373 648 
37 151 225 231 88 266 288 567 562 339 611 196 320 127 496 528 452 264 372 254 648 
37 530 99 88 176 439 61 151 225 231 266 288 567 562 339 611 196 320 127 496 648 
1 26 44 25 68 23 35 441 57 369 65 58 77 384 94 84 90 101 465 595 647 
499 530 88 266 176 630 207 320 633 407 339 79 518 512 373 38 99 53 37 61 648 
285 26 44 25 339 23 35 506 57 369 65 58 77 84 94 90 384 101 465 595 644 
1 26 44 414 68 23 35 165 57 369 65 58 77 384 94 90 383 101 465 595 647 
1 26 44 414 68 23 35 165 57 369 65 58 77 384 94 90 383 101 465 595 647 
37 298 422 88 66 65 136 504 181 336 119 105 528 308 546 513 87 163 558 557 644 
37 88 102 225 182 257 339 499 417 3 385 324 13 79 518 512 373 38 528 151 648 
1 26 44 25 339 23 35 95 57 369 65 58 77 384 94 90 84 101 465 595 647 
499 530 99 88 176 53 37 630 61 567 339 3 385 324 79 13 512 373 38 528 648 
37 88 102 225 182 257 339 499 417 3 385 324 79 13 512 373 38 528 151 196 648 
1 26 44 25 339 23 35 441 574 369 65 58 77 384 94 90 84 101 465 595 644 
37 298 422 88 293 65 66 136 527 105 528 308 546 513 87 163 558 557 391 530 644 
499 530 99 88 176 630 478 339 107 38 231 196 385 362 518 512 373 79 528 438 648 
37 151 88 266 176 630 196 320 633 407 339 79 518 512 373 38 528 329 264 372 648 
37 298 225 231 88 266 288 567 562 339 611 196 320 127 422 359 99 181 528 375 648 
37 151 88 266 176 630 196 320 225 407 339 79 518 453 127 512 373 38 528 329 648 
37 88 102 225 182 257 339 499 417 3 385 324 79 13 512 373 38 528 151 196 648 
499 530 99 88 176 630 478 339 107 38 231 196 512 385 581 79 528 438 518 61 648 
37 298 422 88 293 65 66 136 527 105 528 308 546 513 87 163 558 557 391 530 644 
285 26 44 25 339 23 35 506 57 369 65 58 77 84 94 90 384 101 465 595 644 
37 151 88 266 176 630 196 320 633 407 339 79 518 512 373 38 528 329 264 372 648 
37 151 225 231 88 266 288 567 562 339 611 196 320 127 496 528 452 264 372 254 648 
37 298 422 88 293 65 136 66 527 105 528 308 546 513 87 163 558 557 391 137 644 
37 151 88 102 225 182 257 339 79 499 417 196 512 266 176 630 320 407 518 373 648 
37 530 99 88 176 439 61 567 257 339 151 196 512 528 452 264 372 254 49 373 648 
37 530 99 88 176 439 61 567 257 339 151 196 512 373 639 231 385 320 630 404 648 
1 26 44 25 339 23 35 506 57 369 65 58 77 84 94 90 384 101 465 595 647 
37 151 88 266 176 630 196 320 225 407 339 79 518 512 373 38 528 329 264 372 648 
37 151 88 266 176 225 196 320 257 339 79 127 512 373 38 528 329 264 372 415 648 
1 26 44 25 339 23 35 506 57 369 65 58 77 84 94 90 384 101 465 595 647 
37 298 422 88 66 65 136 504 181 336 119 105 528 308 546 513 87 163 558 557 644 
1 26 44 414 68 23 35 165 57 369 65 58 77 384 94 90 383 101 465 595 647 
1 26 44 25 339 23 35 506 57 369 65 58 77 84 94 90 384 101 465 595 647 
37 530 99 88 176 439 61 567 257 339 151 196 512 373 639 231 385 320 630 404 648 
1 26 44 25 339 23 35 441 57 369 65 58 77 84 94 90 384 101 465 595 647 
35 44 58 359 99 181 528 375 136 527 65 122 77 183 101 151 445 465 295 570 644 
35 44 58 536 293 136 527 238 65 99 77 94 486 181 528 546 127 101 570 595 644 
35 44 58 359 99 181 528 375 136 527 65 122 77 183 101 151 485 465 295 570 644 
37 367 79 567 3 114 57 385 581 62 496 38 231 528 452 617 372 254 49 642 648 
1 26 44 25 339 23 35 95 57 369 65 58 77 384 94 90 84 101 465 595 647 
37 367 79 567 3 114 57 62 496 38 231 528 385 581 452 617 372 254 49 642 648 
1 26 44 25 68 23 35 441 621 369 65 58 77 384 94 90 473 101 465 536 644 
35 44 58 359 99 181 528 375 136 527 65 122 77 183 101 151 485 465 295 570 644 
1 26 44 25 68 23 35 441 621 369 65 58 77 384 94 90 473 101 465 536 644 
37 367 79 567 3 114 57 385 581 38 231 62 496 528 452 617 372 254 49 642 648 
37 367 79 567 3 114 57 385 581 62 496 38 231 528 452 617 372 254 49 642 648 
35 44 58 359 99 181 528 375 136 527 65 122 77 183 101 151 485 465 295 570 644 
1 26 44 25 68 23 35 441 621 369 65 58 77 384 94 90 473 101 465 536 644 
37 298 422 359 99 181 528 375 136 88 66 527 105 308 546 513 87 163 558 557 644 
37 298 422 88 66 136 527 105 528 308 546 513 87 163 558 557 391 137 19 629 644 
35 44 58 536 65 359 146 99 277 181 528 534 183 248 77 94 149 629 477 101 644 
37 298 422 88 66 136 527 105 528 308 546 513 87 163 558 557 391 530 176 266 644 
37 298 422 88 66 136 527 105 528 308 546 513 87 163 558 557 391 137 19 629 644 
37 367 79 567 3 114 57 38 231 385 581 62 496 528 452 264 372 254 49 642 648 
35 44 58 536 65 359 146 99 277 181 528 534 183 248 77 94 149 629 477 101 644 
35 44 58 536 65 359 146 99 277 181 528 534 183 248 77 94 149 629 182 101 644 
35 44 58 536 65 359 146 99 277 181 528 534 183 248 77 94 149 629 182 101 644 
37 367 79 567 3 114 57 38 231 385 581 62 496 528 452 264 372 254 49 642 648 
37 367 79 567 3 114 57 38 231 385 581 62 496 528 452 264 372 254 49 642 648 
37 367 79 567 3 114 57 38 231 385 581 62 496 528 452 264 372 254 49 642 648 
