103 39 23 24 105 77 98 57 6 537 32 634 570 71 52 92 18 594 391 555 466 644 
170 245 1 301 39 47 53 34 25 167 30 29 31 321 262 355 67 111 570 81 676 
78 51 429 47 431 485 499 24 642 171 221 481 480 302 76 48 83 210 72 274 315 521 676 
62 53 120 31 10 26 64 73 563 378 460 339 70 413 370 573 522 42 489 88 647 
17 301 43 68 76 519 29 52 522 555 101 464 148 7 132 624 161 99 343 396 176 264 676 
643 13 590 208 458 297 204 425 69 485 113 80 312 565 257 642 172 540 59 536 279 195 655 
158 137 132 194 185 616 212 643 400 527 235 8 301 342 221 567 138 519 456 216 670 
643 189 566 373 363 302 245 79 99 202 343 335 479 353 215 125 162 167 49 97 146 649 
212 80 125 332 406 221 440 121 643 139 66 438 370 457 388 442 312 363 232 117 662 
643 299 479 40 42 373 285 32 604 565 152 393 371 422 16 258 11 586 571 18 670 
81 59 66 643 74 164 442 79 181 30 624 195 281 34 43 581 135 504 105 576 676 
305 24 556 488 261 444 643 54 83 380 396 247 119 384 76 467 312 174 617 113 676 
160 539 240 12 234 57 74 66 133 14 139 643 67 349 104 103 81 2 141 149 676 
352 82 2 643 181 10 229 85 28 77 526 214 508 612 6 138 569 545 557 119 676 
10 132 69 190 385 612 181 643 448 476 642 375 552 262 566 43 378 624 131 35 462 668 
332 11 586 538 306 643 189 630 8 69 355 214 221 600 544 323 325 202 3 5 163 220 671 
426 1 643 398 220 242 70 243 512 68 83 88 586 560 569 369 466 224 347 488 676 
23 16 105 263 57 12 488 499 257 182 547 587 544 620 266 27 188 308 228 627 676 
14 591 82 643 171 438 125 187 552 586 258 177 283 276 30 600 290 301 316 416 668 
276 164 110 468 169 277 304 100 145 323 594 14 419 88 416 440 643 339 127 87 670 
33 77 54 68 365 378 442 57 342 61 345 266 330 100 486 60 240 212 531 633 676 
6 111 391 339 407 643 298 124 539 519 264 420 353 431 7 448 449 585 106 236 204 670 
145 120 82 188 58 347 540 80 20 242 396 177 643 264 411 242 124 155 56 30 676 
467 138 65 102 34 25 52 483 96 407 205 153 68 56 331 234 27 226 31 200 676 
4 118 141 43 52 31 68 2 79 127 394 94 224 615 266 535 231 143 572 443 676 
211 256 14 39 47 643 23 21 90 385 381 593 595 491 170 627 497 130 436 124 676 
103 65 101 94 83 358 535 28 234 128 334 424 514 288 105 275 190 41 628 634 676 
170 337 417 528 615 50 378 82 634 156 456 332 643 262 134 591 543 290 41 175 154 671 
