108 23 643 153 51 93 106 57 22 66 102 289 237 157 179 500 275 255 14 572 676 
224 23 114 189 94 42 30 29 83 215 131 422 495 281 572 27 497 102 521 299 676 
170 60 260 255 508 87 252 202 88 318 589 511 292 351 460 6 236 239 286 615 660 
559 211 584 316 564 176 400 275 131 468 249 387 255 496 586 643 80 141 155 130 455 368 158 75 644 
311 483 70 97 250 422 508 456 590 643 489 623 531 414 605 199 8 639 310 409 660 
156 199 512 11 283 122 436 54 24 563 257 231 559 523 580 206 12 313 301 138 676 
102 557 116 643 17 378 375 384 149 281 131 619 49 38 3 408 287 85 437 219 648 
272 292 186 161 27 331 64 374 431 421 11 303 114 4 375 240 487 527 45 583 676 
182 30 404 134 198 284 552 220 41 138 320 477 73 235 507 428 503 590 413 204 659 
27 163 250 142 45 109 203 231 643 403 615 603 442 102 70 29 18 261 139 617 671 
183 634 436 220 82 364 519 56 643 512 258 576 216 625 192 55 581 315 239 246 660 
10 204 27 115 643 302 551 289 35 196 8 279 132 532 128 436 34 481 77 586 662 
305 196 157 12 70 302 433 82 7 327 234 79 467 82 622 341 357 381 7 227 676 
236 159 96 38 9 322 66 619 215 113 62 643 122 79 41 20 104 535 587 513 645 
323 324 373 394 308 144 322 5 206 480 194 593 155 2 356 359 431 441 351 377 198 16 436 660 
4 382 59 225 1 28 146 62 30 516 228 96 547 7 22 14 385 635 459 77 673 
271 510 4 643 421 306 51 330 384 370 288 215 625 107 88 38 18 566 336 335 653 
113 29 78 7 175 61 12 10 4 2 5 77 90 239 626 157 363 262 293 304 676 
74 7 105 156 429 220 388 590 297 250 489 97 167 228 611 334 505 11 183 2 80 654 
117 183 490 43 515 282 283 315 598 476 51 434 643 174 571 285 337 318 401 201 670 
