503 83 612 93 35 47 67 84 24 636 322 557 88 96 62 464 33 91 105 570 673 
6 40 229 14 191 10 37 43 99 7 19 28 210 9 25 221 42 223 233 35 652 
36 77 64 101 93 5 447 54 22 465 159 506 508 413 375 86 80 42 44 41 135 492 652 
643 128 172 235 228 261 581 609 181 505 139 228 539 365 268 590 619 516 30 416 658 
57 155 94 37 63 18 13 244 47 227 443 445 486 207 114 548 75 318 196 627 676 
180 151 643 361 312 542 279 88 18 4 194 123 106 168 529 623 347 173 341 313 660 
629 319 258 248 338 312 135 578 192 52 427 311 199 321 94 563 600 352 43 281 676 
126 6 288 188 76 553 395 3 22 81 25 45 621 404 403 254 27 523 308 364 676 
44 577 276 26 16 493 86 643 412 303 392 360 589 176 148 168 295 262 523 159 652 
7 517 578 251 172 62 140 442 362 430 643 334 607 367 50 563 489 66 87 354 676 
633 70 315 7 62 362 81 122 10 275 163 97 28 477 511 301 223 107 248 363 676 
227 44 412 171 170 252 380 135 386 365 56 620 106 604 233 376 85 10 60 351 494 654 
154 32 6 90 57 459 320 504 321 274 527 249 548 501 626 47 544 44 520 475 676 
9 250 56 130 292 259 430 145 375 49 17 291 15 164 564 118 52 45 325 343 671 
629 74 315 2 643 6 101 251 123 363 485 147 441 420 600 575 240 116 62 595 676 
122 76 250 7 274 25 90 1 565 275 426 102 101 429 128 361 633 502 617 394 676 
311 300 211 512 238 643 116 389 80 79 427 440 436 229 73 7 582 381 617 147 676 
137 13 112 519 629 70 243 328 235 76 432 57 283 442 69 145 313 642 180 11 676 
36 57 48 181 139 60 83 361 33 349 2 133 120 239 332 173 124 453 70 43 676 
232 643 554 50 389 41 104 7 382 528 636 227 43 499 375 629 546 145 442 262 138 146 676 
269 76 149 14 347 434 512 43 105 127 69 361 641 40 338 74 258 123 335 77 151 676 
133 378 625 600 363 9 558 32 45 124 80 34 384 28 43 536 430 513 58 635 676 
537 643 165 104 239 415 546 527 541 369 605 245 482 302 321 128 254 528 209 268 676 
643 222 177 365 268 171 290 503 288 326 43 88 356 392 428 59 566 562 625 330 665 
273 4 91 207 238 161 367 349 383 125 144 347 643 194 402 131 16 69 76 123 88 660 
15 131 357 62 98 46 229 5 82 347 4 35 83 622 461 363 486 627 92 16 676 
23 94 64 202 380 643 125 372 85 499 25 27 590 35 414 158 108 482 44 240 676 
204 74 94 18 9 185 282 96 254 270 209 112 370 207 200 247 367 55 574 372 676 
