259 217 361 380 366 509 633 204 594 306 543 87 353 354 504 329 260 445 304 564 195 671 
2 9 10 13 25 200 87 160 366 509 178 329 260 45 564 442 262 162 586 193 671 
515 81 205 259 594 217 169 326 99 543 87 306 380 633 275 366 509 353 354 504 329 671 
71 539 169 543 87 9 366 188 178 354 504 12 442 304 564 195 260 445 586 591 671 
515 259 81 87 482 169 380 633 509 353 306 99 275 366 79 564 195 260 543 354 363 671 
71 539 169 543 87 9 366 188 178 354 504 329 442 304 564 195 260 445 586 591 671 
71 539 169 87 143 543 354 504 260 9 401 509 178 329 442 516 332 564 195 586 591 671 
71 539 169 543 87 9 188 178 354 12 442 366 504 329 304 564 195 260 445 586 591 671 
515 259 594 306 633 366 504 9 509 178 196 329 260 442 445 304 564 195 586 99 591 671 
515 259 594 306 633 9 509 178 442 326 354 366 504 329 196 260 445 304 564 195 586 671 
71 539 169 543 87 9 304 354 366 504 329 260 564 442 363 188 178 195 445 586 671 
515 259 594 306 633 9 366 509 178 196 504 329 260 442 445 304 564 195 586 99 671 
515 259 594 306 366 9 509 380 99 543 87 353 354 504 329 260 445 304 564 195 586 671 
50 217 361 380 366 509 633 204 208 504 259 594 108 169 160 9 99 446 442 363 122 671 
515 259 594 543 87 9 366 509 178 354 504 329 330 304 564 195 260 445 586 306 671 
606 9 217 169 543 148 304 354 366 504 329 260 564 442 363 87 353 361 380 259 671 
606 217 594 306 169 616 87 9 366 509 178 148 304 564 354 504 329 260 113 363 671 
71 539 169 543 9 366 442 363 188 178 87 353 354 504 329 260 445 304 564 195 586 671 
515 259 594 306 543 504 260 9 178 329 442 445 332 564 195 366 509 353 354 586 633 671 
515 259 81 87 217 169 306 380 633 99 275 366 509 543 353 354 504 329 260 445 671 
2 9 10 301 169 13 25 27 57 28 67 279 87 45 35 527 433 66 89 92 673 
2 9 10 301 169 13 25 27 57 28 67 422 87 45 35 527 433 66 89 92 673 
2 9 10 301 169 13 25 27 57 28 67 279 87 45 35 527 433 66 89 92 673 
2 9 10 301 169 13 25 27 57 28 67 279 87 45 35 527 433 66 89 92 671 
2 9 10 301 169 13 25 27 57 28 67 279 577 45 35 527 433 66 89 92 671 
2 9 10 301 169 13 25 27 57 28 67 279 61 45 35 527 433 66 89 92 671 
2 9 10 301 169 13 25 27 57 28 67 279 61 45 35 527 433 66 89 92 671 
2 9 10 301 169 13 25 27 57 28 67 279 577 45 35 527 433 66 89 92 671 
2 9 10 301 169 13 25 27 57 28 67 279 87 45 35 527 433 66 89 92 671 
2 9 10 13 25 200 87 27 366 509 178 329 260 45 564 442 262 162 586 193 671 
2 9 169 87 10 13 25 200 27 509 178 366 329 260 45 564 442 262 162 586 671 
2 9 10 13 25 200 87 27 366 509 178 329 260 45 564 442 262 162 586 301 671 
2 9 169 87 10 13 25 200 27 366 509 178 329 260 45 564 442 262 162 586 193 671 
2 9 10 13 25 200 87 27 366 509 178 329 260 45 564 527 442 262 162 586 193 671 
87 509 2 380 366 99 9 504 13 516 10 104 299 45 564 527 66 16 162 586 591 671 
87 509 2 380 366 99 9 504 13 516 10 104 299 45 564 527 66 16 162 586 591 671 
87 509 2 380 366 99 9 504 13 516 10 104 299 45 564 527 66 16 162 586 591 671 
87 509 2 380 366 99 9 504 13 516 10 104 299 45 564 527 66 16 162 586 591 671 
87 509 2 380 366 99 9 504 13 516 10 104 299 45 564 527 66 16 162 586 591 671 
87 509 2 380 366 99 9 504 13 516 10 104 299 45 564 527 66 16 162 586 591 671 
87 509 2 380 366 99 9 504 13 516 10 104 299 45 564 527 66 16 162 586 591 671 
87 509 2 380 366 99 9 504 13 516 10 104 299 45 564 527 66 16 162 586 591 671 
99 2 584 543 87 9 509 366 178 504 446 10 427 45 66 104 564 162 586 591 671 
99 2 584 224 87 9 509 178 366 504 446 10 427 45 66 104 564 162 586 591 671 
99 2 584 543 87 9 509 366 178 504 446 10 427 45 66 104 564 256 586 591 671 
99 2 584 224 87 9 509 366 178 504 323 10 427 45 66 104 564 162 586 591 671 
99 2 584 543 87 9 509 366 178 504 446 10 427 45 66 104 564 256 586 591 671 
2 584 543 87 509 99 9 366 178 504 446 10 427 45 66 104 564 162 586 591 671 
99 2 584 224 87 9 509 366 178 504 323 10 427 45 66 104 564 162 586 591 671 
99 2 584 543 87 9 509 366 178 504 446 10 427 45 66 104 564 256 586 591 671 
99 2 584 543 87 9 509 366 178 504 446 10 427 45 66 104 564 256 586 591 671 
584 509 2 543 87 99 9 366 178 504 446 10 427 45 66 104 564 162 586 591 671 
2 380 366 99 9 504 13 267 386 104 427 45 564 527 66 16 162 87 509 586 591 671 
2 380 366 99 9 504 13 267 386 104 427 45 564 527 66 16 162 87 509 586 591 671 
87 509 2 380 366 99 9 504 13 267 10 104 427 45 564 527 395 16 162 586 591 671 
87 509 2 380 366 99 9 504 13 267 10 104 427 45 564 527 395 16 162 586 591 671 
2 539 169 543 87 9 77 354 504 329 260 127 509 442 422 45 564 162 586 591 671 
2 539 169 543 87 354 9 77 504 329 260 127 509 442 422 45 564 162 586 591 671 
2 539 169 543 87 354 504 9 366 509 178 329 260 45 564 442 262 162 586 591 671 
2 539 169 543 87 354 504 260 9 366 509 178 329 45 564 442 262 162 586 591 671 
2 539 169 543 87 354 504 9 366 509 178 329 260 45 564 442 262 162 586 591 671 
2 539 169 543 87 354 504 260 9 366 509 178 329 45 564 442 262 162 586 591 671 
2 539 169 543 87 354 504 260 9 366 509 178 329 45 564 442 262 162 586 591 671 
2 539 169 543 87 354 504 509 178 9 366 329 260 45 564 442 262 162 586 591 671 
2 539 169 543 87 366 504 354 474 9 509 178 329 45 564 442 262 162 586 591 671 
2 539 169 543 87 354 504 9 366 509 178 329 260 45 564 442 262 162 586 591 671 
2 539 169 543 87 354 504 509 178 9 366 329 260 45 564 442 262 162 586 591 671 
2 539 169 543 87 354 504 260 9 366 509 178 329 45 564 442 262 162 586 591 671 
2 539 169 543 87 354 504 9 366 509 178 329 260 45 564 442 262 251 586 591 671 
87 2 539 169 543 9 509 178 504 354 260 366 329 45 564 442 262 162 586 591 671 
87 2 539 169 543 354 504 260 9 366 509 178 329 45 564 442 262 162 586 591 671 
2 539 169 543 87 504 354 509 178 9 366 474 329 45 564 442 262 162 586 591 671 
2 539 169 543 87 504 354 509 178 9 366 474 329 45 195 442 262 162 586 591 671 
2 539 169 543 87 354 504 9 366 260 509 178 329 45 564 442 262 162 586 591 671 
2 539 169 543 87 354 260 9 178 504 366 509 329 45 564 442 262 162 586 591 671 
71 539 169 2 543 87 354 504 9 366 188 335 12 442 304 564 445 195 260 586 591 671 
71 539 169 2 543 87 354 504 9 366 188 335 12 442 304 564 445 195 260 586 591 671 
87 2 539 169 543 9 366 509 178 354 504 329 260 442 445 332 564 195 586 591 671 
87 2 539 169 543 354 504 260 9 366 509 178 329 442 445 332 564 195 586 591 671 
87 2 539 169 543 9 366 509 178 354 504 329 260 442 445 332 564 195 586 591 671 
87 2 539 169 543 354 504 9 366 509 178 329 260 442 445 332 564 195 586 591 671 
87 2 539 169 543 9 366 509 178 354 504 329 260 442 332 564 445 195 586 591 671 
87 2 539 169 543 354 504 260 9 366 509 178 329 442 445 332 564 195 586 591 671 
87 2 539 169 543 9 366 509 178 354 504 329 260 442 445 332 564 195 586 591 671 
87 2 539 169 543 354 504 9 366 509 260 178 329 442 411 332 564 195 586 591 671 
87 2 539 169 543 9 366 509 178 354 504 329 260 442 332 564 445 195 586 591 671 
87 2 539 169 435 9 366 509 178 354 504 329 260 442 332 564 445 195 586 591 671 
87 2 539 169 435 9 509 178 504 329 354 366 260 442 332 564 445 195 586 591 671 
87 2 539 169 543 354 504 260 9 366 509 178 329 442 411 332 564 195 586 591 671 
87 2 539 169 543 354 504 509 178 9 366 329 260 442 445 332 564 195 586 591 671 
87 2 539 169 9 366 442 543 354 504 260 509 178 329 445 332 564 195 586 591 671 
87 2 539 169 543 354 260 9 509 178 442 366 504 329 411 332 564 195 586 591 671 
87 2 539 169 543 9 178 354 504 366 509 329 260 442 332 564 445 195 586 591 671 
87 2 539 169 435 9 366 509 178 354 504 639 260 442 332 564 445 195 586 591 671 
87 2 539 169 543 354 504 260 9 366 509 178 329 442 516 332 564 195 586 591 671 
2 539 169 543 87 354 504 509 178 9 260 366 329 442 445 332 564 195 586 591 671 
2 539 169 543 87 354 504 9 366 178 509 329 260 442 332 564 445 195 586 591 671 
2 539 169 543 87 354 504 509 178 9 366 329 260 442 332 564 445 195 586 591 671 
87 2 539 169 543 354 504 260 9 366 509 178 329 442 516 332 564 195 586 591 671 
87 2 539 169 543 9 509 178 504 288 354 366 260 442 332 564 445 195 586 591 671 
