1 9 24 515 11 97 4 23 106 70 64 77 35 65 333 90 94 360 465 572 673 
577 637 85 515 457 106 88 326 37 384 383 470 401 327 399 616 97 208 467 454 648 
577 637 85 515 457 106 326 384 88 565 383 470 401 327 399 616 97 208 467 454 648 
1 9 24 515 11 97 4 23 106 70 64 77 35 65 333 90 94 360 465 572 673 
7 303 85 106 128 88 99 203 37 384 383 470 401 327 399 8 459 97 184 455 648 
3 637 7 303 62 77 423 57 8 486 80 401 87 4 327 35 465 308 623 442 648 
605 9 24 515 27 4 311 62 35 349 563 60 172 384 77 70 80 66 465 466 673 
1 9 24 67 11 97 4 23 106 70 27 64 77 35 65 18 90 94 360 465 673 
1 9 14 515 11 97 4 23 106 70 64 77 35 275 333 90 94 360 465 572 673 
384 9 24 67 11 97 4 23 106 70 27 64 77 35 65 333 80 66 465 90 673 
3 637 7 303 62 77 195 57 8 486 80 401 87 543 327 35 351 308 623 442 654 
605 9 24 515 27 4 23 62 35 349 563 60 172 384 77 171 80 66 465 466 673 
3 637 7 401 62 179 77 8 384 68 88 361 80 4 327 35 465 308 623 43 648 
1 9 14 515 11 97 4 23 106 70 64 77 35 276 333 90 94 360 465 572 673 
605 9 24 515 27 4 311 62 35 349 563 60 172 384 77 70 80 66 465 466 673 
3 637 7 303 62 77 195 57 8 486 80 401 87 4 327 35 351 308 623 442 654 
1 9 202 515 11 4 23 62 35 97 106 65 77 70 64 333 90 94 360 465 673 
3 637 7 401 62 91 77 4 8 605 68 88 361 80 43 222 45 515 208 442 648 
605 9 24 515 27 4 23 62 35 349 563 60 172 384 77 70 80 66 465 466 673 
3 637 7 401 62 91 77 4 8 384 70 88 361 80 43 222 45 515 208 442 648 
1 9 24 515 27 97 4 23 62 35 349 563 60 172 274 77 70 80 66 465 673 
1 9 14 515 11 97 4 23 106 70 64 77 35 65 333 90 94 360 465 572 673 
1 9 24 515 27 4 23 62 35 349 563 60 64 384 77 70 80 66 465 466 673 
3 24 515 11 88 4 23 62 97 106 70 96 77 35 65 333 90 94 360 465 673 
3 637 7 303 403 106 128 470 99 8 208 97 230 272 576 527 437 399 442 384 648 
3 149 85 326 208 77 106 8 7 590 576 327 470 375 80 16 401 37 384 442 648 
1 9 24 515 27 4 23 62 438 349 563 60 172 29 77 70 80 66 465 466 673 
3 62 77 219 467 292 88 361 106 326 428 80 43 640 85 45 7 515 208 442 648 
1 9 24 515 27 4 23 62 35 349 563 60 64 384 77 70 80 66 465 466 673 
1 9 24 515 27 4 23 62 35 349 338 97 60 172 274 77 70 80 66 465 673 
1 9 14 515 11 97 4 23 106 70 64 77 35 65 333 90 94 360 465 572 673 
3 24 515 11 88 4 23 62 97 106 70 96 77 35 65 333 90 94 360 465 673 
222 637 85 326 106 205 384 88 327 470 375 562 365 576 527 437 399 515 7 303 648 
7 303 85 106 128 88 99 203 37 384 383 470 401 327 399 8 459 97 184 455 648 
593 9 24 515 27 4 23 62 35 349 563 60 64 384 77 70 80 66 465 466 673 
1 9 24 515 11 246 4 23 106 62 35 65 77 70 64 333 90 94 360 465 673 
1 9 14 78 11 97 4 23 106 70 64 77 35 65 333 90 94 360 465 572 673 
7 303 85 106 128 384 283 470 99 8 208 97 230 272 576 527 437 399 442 294 648 
3 637 7 79 62 77 423 57 8 486 80 401 87 4 327 35 465 308 623 442 648 
1 9 14 78 11 97 4 23 106 70 64 77 35 65 333 90 94 360 465 572 673 
3 637 7 62 77 91 467 191 114 80 401 87 4 327 131 465 102 208 442 85 654 
3 637 7 303 85 106 128 384 88 470 62 77 91 467 191 114 80 401 87 137 648 
7 294 85 62 88 469 77 428 106 326 8 384 470 272 576 437 399 515 616 442 648 
3 24 515 11 88 4 23 62 97 106 70 64 77 35 65 333 90 94 360 465 673 
3 637 7 401 62 91 77 4 8 384 70 88 361 80 43 222 45 515 208 442 648 
3 637 7 401 62 91 77 4 8 384 68 413 361 80 43 28 45 515 208 442 654 
3 637 7 401 62 91 77 4 8 384 68 88 361 80 43 222 45 515 208 442 654 
3 303 85 106 128 384 88 470 99 97 326 272 45 80 43 7 515 208 442 576 648 
593 9 24 515 27 4 23 62 35 349 563 60 64 384 77 70 80 66 465 466 673 
1 9 202 515 11 4 23 97 106 62 35 65 77 70 64 333 90 94 360 465 673 
3 24 515 11 88 4 23 62 97 106 70 64 35 65 333 90 197 77 360 465 673 
222 637 85 326 106 205 384 88 327 470 375 562 365 576 527 437 399 515 7 303 648 
1 9 24 515 27 4 23 62 35 349 563 60 172 384 77 70 80 66 465 466 673 
222 637 7 303 85 106 128 384 88 470 99 515 208 97 230 272 576 527 437 399 648 
1 9 24 515 27 4 23 62 35 349 563 60 172 29 77 70 80 66 465 466 673 
605 9 24 515 27 4 23 62 35 349 563 60 172 384 77 171 80 66 465 466 673 
7 303 85 106 128 384 88 470 99 8 208 97 230 272 576 527 437 205 442 294 648 
3 637 7 401 62 91 77 4 8 605 68 88 361 80 43 222 45 515 208 442 648 
1 9 24 515 27 4 23 62 35 349 563 60 172 29 77 70 80 66 465 466 673 
3 637 7 303 403 106 128 470 99 8 208 97 230 272 576 527 437 399 442 384 648 
7 294 85 62 88 469 77 428 106 326 8 384 470 272 576 437 399 515 616 442 648 
605 9 24 515 27 4 23 62 35 349 563 60 172 384 77 70 80 66 465 466 673 
3 303 85 106 128 88 470 99 97 326 8 384 272 45 80 43 7 515 208 442 648 
222 637 7 303 85 106 128 384 88 470 99 515 208 97 230 272 576 138 437 399 648 
3 62 77 91 467 191 114 80 401 87 4 327 131 465 102 208 442 85 45 623 654 
7 303 85 106 128 384 88 470 99 8 208 71 184 272 576 527 437 205 442 294 648 
307 9 24 515 11 97 4 23 106 62 35 65 77 70 64 333 90 94 360 465 673 
3 62 77 219 637 7 303 195 57 8 486 80 401 87 4 327 19 351 308 623 648 
3 62 77 219 467 191 88 361 106 326 428 80 43 640 85 45 7 515 208 442 648 
1 9 24 515 11 97 4 23 106 62 35 65 77 70 64 333 90 94 360 465 673 
3 637 7 401 62 91 77 4 125 384 68 88 361 80 43 222 45 515 208 442 654 
7 303 85 106 128 362 88 470 99 8 208 97 184 272 576 527 437 205 442 294 648 
3 637 7 401 62 91 77 4 8 384 68 413 361 80 43 28 45 515 208 442 654 
1 9 24 515 27 256 23 62 35 349 563 60 172 384 77 70 80 66 465 466 673 
3 637 7 62 91 77 445 384 68 88 328 401 87 4 327 35 465 80 308 623 648 
3 62 77 91 467 191 114 80 401 87 4 327 131 465 546 208 442 85 45 623 654 
3 62 77 91 467 191 114 80 401 87 4 327 131 465 546 208 442 85 45 623 654 
1 9 85 106 14 515 11 97 4 23 70 64 77 35 275 333 90 94 360 465 673 
1 9 636 515 88 4 23 62 35 349 563 60 64 384 77 70 80 66 465 466 673 
3 62 77 91 467 191 114 80 401 87 4 327 131 465 186 208 442 85 45 623 654 
3 149 85 208 77 106 8 7 590 576 326 37 327 470 375 80 16 401 384 442 648 
3 62 77 91 467 544 114 80 401 87 4 327 131 465 102 208 442 85 45 623 654 
3 637 7 303 85 106 128 384 88 470 62 77 91 467 191 114 80 97 184 401 648 
3 24 515 11 88 4 23 62 97 106 70 64 35 65 333 90 197 77 360 465 673 
1 9 85 106 14 515 11 97 4 23 70 64 77 35 275 333 90 94 360 465 673 
1 9 24 515 27 4 23 62 35 349 563 60 172 384 77 70 80 66 465 466 673 
3 62 77 219 637 7 303 195 57 8 486 80 401 87 4 327 19 351 308 623 648 
1 9 24 515 27 4 23 62 438 349 563 60 172 29 77 70 80 66 465 466 673 
3 24 515 11 88 4 23 62 97 106 70 64 35 65 333 90 94 77 360 465 673 
1 9 24 515 27 256 23 62 35 349 563 60 172 384 77 70 80 66 465 466 673 
3 637 7 401 62 179 77 8 384 68 88 361 80 4 327 35 465 308 623 43 648 
3 637 7 401 62 91 77 8 384 68 88 328 80 4 327 35 465 308 623 43 648 
1 9 636 515 88 4 23 62 35 349 563 60 64 384 77 70 80 66 465 466 673 
1 9 14 515 11 97 4 23 106 70 64 77 35 275 333 90 94 360 465 572 673 
3 637 7 401 62 91 77 8 384 68 88 361 80 4 327 35 465 308 623 43 648 
3 62 77 91 467 191 114 80 401 87 4 327 131 465 186 208 442 85 45 623 654 
3 637 7 62 91 77 445 384 68 88 328 401 87 4 327 35 465 80 308 623 648 
1 9 24 364 11 97 4 23 106 70 64 77 35 65 333 90 94 360 465 572 673 
577 637 85 106 128 88 99 203 37 384 383 470 401 327 399 8 459 515 457 326 648 
1 9 24 515 27 4 23 62 35 349 563 60 64 384 77 70 80 66 465 466 673 
