23 69 29 102 93 437 362 91 491 223 349 62 166 643 568 463 116 42 367 180 654 
147 120 347 96 88 381 143 643 467 260 173 607 240 255 34 259 566 586 389 369 676 
446 53 449 639 497 616 161 190 387 453 643 605 559 147 91 427 138 214 370 107 587 40 670 
24 68 123 518 558 643 459 121 551 478 94 149 384 225 197 347 119 4 29 49 676 
62 163 75 444 437 40 304 77 197 104 630 240 477 484 236 609 504 9 81 296 676 
62 35 20 96 70 59 58 173 643 94 241 177 452 319 88 162 60 314 535 597 647 
22 61 35 104 83 248 65 2 15 47 384 74 102 228 618 379 306 344 206 121 676 
321 184 6 205 168 79 247 121 85 348 180 4 29 2 65 574 179 308 610 521 676 
534 441 82 86 99 23 553 333 143 1 25 155 125 351 39 57 407 643 108 98 522 676 
325 622 565 13 480 347 643 213 494 53 117 181 69 81 360 263 428 447 119 513 4 50 660 
128 447 149 643 380 143 256 421 111 366 272 214 51 31 564 239 598 530 483 127 659 
643 496 277 469 633 185 328 141 577 558 2 439 223 172 55 216 267 196 338 443 669 
505 508 321 164 345 41 404 325 177 433 318 363 215 7 40 235 447 643 248 104 151 648 
394 183 29 76 25 110 62 57 330 393 502 221 593 387 538 461 525 576 399 417 676 
224 10 252 148 51 122 283 6 256 544 363 357 119 643 227 155 124 608 255 350 676 
401 141 609 219 276 60 41 7 345 234 589 119 625 13 8 266 304 343 320 335 660 
72 4 179 157 185 33 71 230 46 6 78 54 14 437 467 232 273 418 495 275 676 
325 263 186 472 643 348 539 504 388 373 409 372 351 490 208 586 224 633 390 88 670 
25 313 121 65 93 95 358 29 145 158 122 353 162 592 116 250 464 186 570 199 676 
6 136 23 365 12 60 141 2 129 52 56 9 640 431 437 316 419 279 156 539 676 
101 66 116 5 162 17 381 388 84 80 11 169 260 163 20 336 68 102 321 28 3 211 676 
56 133 118 291 180 206 225 111 62 168 217 107 230 19 185 320 16 167 141 350 207 671 
303 314 104 9 122 639 322 196 412 226 117 559 37 49 128 339 589 155 328 446 676 
84 368 328 170 643 185 474 600 77 137 131 182 197 433 73 61 67 49 250 146 660 
598 630 350 514 342 174 232 348 290 75 304 316 590 50 364 586 51 162 49 108 4 160 658 
140 13 127 4 74 56 422 48 388 395 223 447 14 500 506 354 279 439 181 148 671 
83 141 60 103 234 13 338 81 545 190 285 508 167 77 466 629 326 367 639 128 644 
