291 504 471 97 243 265 641 561 500 356 16 309 575 539 566 383 366 598 388 421 671 
424 24 65 101 104 239 638 68 563 105 388 561 291 428 571 513 71 517 414 558 676 
87 504 474 366 265 239 598 388 243 356 16 309 575 539 566 383 421 112 278 7 671 
23 21 24 39 4 421 91 64 26 44 66 63 133 68 481 553 558 573 78 627 673 
424 24 65 101 104 377 291 239 316 388 561 118 264 428 513 71 517 405 399 558 676 
375 504 65 101 104 239 201 563 105 388 561 291 571 428 513 71 517 414 558 638 676 
87 504 97 101 104 239 243 356 291 105 388 561 118 571 513 71 428 517 491 558 676 
23 21 24 39 4 421 91 64 208 44 66 63 104 68 481 553 558 573 566 627 673 
87 504 97 101 104 243 356 421 265 239 566 383 598 388 112 513 71 558 559 323 676 
324 601 504 136 253 97 561 69 34 9 516 204 545 558 7 16 586 60 472 431 671 
23 21 24 65 4 421 91 64 26 44 66 63 104 68 481 553 558 573 566 627 673 
23 21 24 20 4 421 91 64 26 44 66 63 104 68 481 553 558 573 566 627 673 
87 504 148 363 265 239 136 431 253 566 383 598 9 243 356 421 278 7 16 586 671 
87 504 104 366 265 239 566 383 598 388 243 356 123 278 18 112 513 71 558 561 676 
375 504 65 101 104 239 638 68 563 105 388 561 291 639 428 513 71 517 414 558 676 
87 504 104 97 598 211 291 239 105 561 388 356 118 571 513 71 428 517 399 558 676 
375 504 65 638 104 239 68 563 105 388 561 291 428 571 513 71 517 414 558 97 676 
87 504 148 136 431 253 97 561 324 601 69 34 9 516 204 545 558 7 16 586 671 
87 504 104 97 88 356 421 265 239 566 383 598 112 513 71 249 517 399 558 388 676 
87 504 474 366 265 239 566 383 598 9 516 388 243 356 421 278 7 16 586 472 671 
87 504 474 366 265 239 566 383 598 388 243 356 421 278 7 16 586 472 18 112 671 
23 21 24 39 4 101 91 64 26 44 66 60 104 68 481 553 558 573 120 627 673 
87 504 104 97 243 356 291 239 105 388 561 118 571 513 71 428 517 399 558 421 676 
158 601 140 104 216 239 105 561 598 388 316 323 187 513 71 111 517 399 558 556 676 
53 630 104 598 140 317 419 239 501 388 561 323 112 513 71 111 517 459 558 556 676 
87 504 474 366 265 601 598 9 516 388 243 356 7 539 566 383 421 112 278 16 671 
87 504 104 97 153 356 239 421 336 323 43 388 561 111 257 253 514 71 558 556 676 
23 21 24 39 4 28 91 414 26 44 66 97 104 68 481 579 558 518 566 627 673 
23 21 24 39 329 28 91 156 26 44 66 97 104 68 481 579 558 573 566 627 673 
87 504 148 136 431 253 566 383 598 9 243 356 421 278 7 16 586 358 18 516 671 
87 504 104 97 243 356 421 265 239 566 383 598 388 112 513 71 558 561 323 107 676 
424 24 289 101 104 377 224 239 105 388 561 260 571 513 71 428 517 399 558 264 676 
261 601 104 598 239 383 253 545 558 7 641 388 561 243 257 356 278 18 97 578 676 
23 21 24 39 4 421 91 25 26 44 66 63 104 68 481 553 558 573 566 627 673 
87 504 104 153 421 336 239 105 339 323 561 43 356 278 18 97 578 513 71 558 676 
23 21 24 39 4 101 195 64 26 44 66 60 104 68 481 553 558 573 566 627 673 
424 24 65 638 104 239 68 563 105 388 561 291 428 571 513 71 517 414 558 131 676 
23 21 24 39 4 28 91 64 26 44 66 197 104 68 481 579 558 573 566 627 673 
23 21 24 39 4 28 91 124 26 44 66 97 104 68 481 579 558 381 566 627 673 
23 21 24 39 4 28 91 64 26 44 66 86 104 68 481 553 558 573 566 627 673 
23 21 24 39 4 28 91 64 26 44 66 86 104 68 481 553 558 573 566 627 673 
23 21 24 39 4 28 91 64 26 44 66 86 104 68 481 553 558 573 566 627 673 
23 21 24 39 4 101 91 64 26 44 66 60 104 68 481 553 558 573 566 627 673 
23 21 24 39 4 101 91 64 26 44 66 60 104 68 481 553 558 573 566 627 673 
23 21 24 39 4 421 91 64 26 44 66 63 133 68 481 553 558 573 566 627 673 
23 21 24 39 4 421 91 64 26 44 66 63 133 68 481 553 558 573 566 627 673 
23 21 24 39 4 421 91 64 26 44 66 63 104 68 481 553 558 573 566 627 673 
23 21 24 39 4 421 91 64 26 44 66 63 104 68 481 553 558 573 566 627 673 
23 21 24 39 4 421 91 64 26 44 66 63 104 68 481 553 558 573 566 627 673 
23 21 24 39 4 421 91 64 26 44 66 63 104 68 481 553 558 573 566 627 673 
23 21 24 39 4 421 91 64 26 44 66 63 104 68 481 553 558 573 566 627 673 
23 21 24 39 4 421 91 64 26 44 66 63 104 68 481 553 558 573 566 627 673 
23 21 24 39 4 421 91 64 26 44 66 63 104 68 481 553 558 573 566 627 673 
23 21 24 39 4 421 91 64 26 44 66 63 104 68 481 553 558 573 566 627 673 
23 21 24 39 4 421 91 64 26 44 66 63 104 68 481 553 558 573 566 627 673 
23 21 24 39 4 421 91 64 26 44 66 63 104 68 481 553 558 573 566 627 673 
23 21 24 39 4 421 91 64 26 44 66 63 104 68 481 553 558 573 566 627 673 
23 21 24 39 4 421 91 64 26 44 66 63 104 68 481 553 558 573 566 627 673 
23 21 24 39 4 421 91 64 26 44 66 63 104 68 481 553 558 573 566 627 673 
23 21 24 39 4 421 91 64 26 44 66 63 104 68 481 553 558 573 566 627 673 
23 21 24 39 4 421 91 64 26 44 66 63 104 68 481 553 558 573 566 627 673 
23 21 24 39 4 421 91 64 26 44 66 63 104 68 481 553 558 573 566 627 673 
23 21 24 39 4 421 91 64 26 44 66 63 104 68 481 553 558 573 566 627 673 
23 21 24 39 4 421 91 64 26 44 66 63 104 68 481 553 558 573 566 627 673 
23 21 24 39 4 421 91 64 26 44 66 63 104 68 481 553 558 573 566 627 673 
23 21 24 39 4 421 91 64 26 44 66 63 104 68 481 553 558 573 566 627 673 
23 21 24 39 4 421 91 64 26 44 66 63 104 68 481 553 558 573 566 627 673 
23 21 24 39 4 421 91 64 26 44 66 63 104 68 481 553 558 573 566 627 673 
23 21 24 39 4 421 91 64 26 44 66 63 104 68 481 553 558 573 566 627 673 
23 21 24 39 4 421 91 64 26 44 66 63 104 68 481 553 558 573 566 627 673 
23 21 24 39 4 421 91 64 26 44 66 63 104 68 481 553 558 573 566 627 673 
23 21 24 39 4 421 91 64 26 44 66 63 104 68 481 553 558 573 566 627 673 
23 21 24 39 4 421 91 64 26 44 66 63 104 68 481 553 558 573 566 627 673 
23 21 24 39 4 421 91 64 26 44 66 63 104 68 481 553 558 573 566 627 673 
23 21 24 39 4 421 91 64 26 44 66 63 104 68 481 553 558 573 566 627 673 
23 21 24 39 4 421 91 64 26 44 66 63 104 68 481 553 558 573 566 627 673 
23 21 24 39 4 421 91 64 26 44 66 63 104 68 481 553 558 573 566 627 673 
23 21 24 39 4 421 91 64 26 44 66 63 104 68 481 553 558 573 566 627 673 
23 21 24 39 4 421 91 64 26 44 66 63 104 68 481 553 558 573 566 627 673 
23 21 24 39 4 421 91 64 26 44 66 63 104 68 481 553 558 573 581 627 673 
23 21 24 39 4 421 91 64 26 44 66 63 104 68 481 553 558 573 566 627 673 
23 21 24 39 4 421 91 64 26 44 66 63 104 68 481 553 558 573 566 627 673 
23 21 24 39 4 421 91 64 26 44 66 63 104 68 481 553 558 573 566 627 673 
23 21 24 39 4 421 91 64 26 44 66 63 104 68 481 553 558 573 566 627 673 
23 21 24 39 4 421 91 64 26 44 66 63 104 68 481 553 558 573 566 627 673 
23 21 24 39 4 421 91 64 26 44 66 63 104 68 481 553 558 573 566 627 673 
23 21 24 39 4 421 91 64 26 44 66 63 104 68 481 553 558 573 581 627 673 
23 21 24 39 4 421 91 64 26 44 66 63 104 68 481 553 558 573 566 627 673 
23 21 24 39 4 421 91 64 26 44 66 63 104 68 481 553 558 573 566 627 673 
23 21 24 39 4 421 91 64 26 44 66 63 104 68 481 553 558 573 566 627 673 
23 21 24 39 4 421 91 64 26 44 66 63 104 68 481 553 558 573 566 627 673 
23 21 24 39 4 421 91 64 26 44 66 63 104 68 481 553 558 573 566 627 673 
23 21 24 39 4 421 91 64 26 44 66 63 104 68 481 553 558 573 566 627 673 
23 21 24 39 4 421 91 64 26 44 66 63 104 68 481 553 558 573 566 627 673 
23 21 24 39 4 421 91 64 26 44 66 63 104 68 481 553 558 573 566 627 673 
23 21 24 39 4 421 91 64 26 44 66 63 104 68 481 553 558 573 566 627 673 
23 21 24 39 4 421 91 64 26 44 66 63 104 68 481 553 558 573 566 627 673 
23 21 24 39 4 421 91 64 26 44 66 63 104 68 481 553 558 573 566 627 673 
23 21 24 39 4 421 91 64 26 44 66 63 104 68 481 553 558 573 566 627 673 
23 21 24 39 4 421 91 64 26 44 66 63 104 68 481 553 558 573 566 627 673 
