14 24 26 47 558 1 78 17 105 21 86 466 477 97 35 627 89 548 380 95 644 
96 467 204 328 458 387 13 9 362 327 575 401 643 119 116 157 127 8 12 491 662 
35 68 643 57 175 622 27 344 583 284 124 330 451 502 465 550 424 115 468 288 676 
131 70 276 87 166 75 123 191 146 194 518 235 267 576 639 28 643 120 18 155 74 670 
220 79 267 306 50 359 45 643 164 365 289 10 12 617 192 85 161 13 416 409 662 
33 330 249 6 64 163 67 16 185 154 404 579 326 98 315 240 526 641 433 550 676 
76 21 43 206 34 68 14 9 2 451 203 10 92 523 505 206 563 524 525 477 676 
112 643 345 13 74 124 558 82 52 9 491 593 497 465 158 210 327 60 598 323 676 
504 174 25 643 242 10 321 94 14 274 630 284 415 65 319 279 324 500 367 215 676 
26 39 152 62 286 67 65 216 184 171 637 410 253 643 518 551 365 490 3 146 673 
643 432 166 222 79 494 483 106 17 491 370 477 330 187 519 231 215 7 51 121 665 
14 44 430 250 113 190 477 415 10 452 28 116 389 548 17 610 478 602 293 599 673 
316 443 636 105 379 178 292 169 131 57 330 173 324 195 155 172 211 341 559 578 676 
115 517 123 29 120 321 133 420 546 528 57 508 255 589 159 80 121 355 558 90 498 676 
167 7 175 636 122 177 451 106 519 509 218 542 131 20 43 401 229 120 45 69 5 161 157 671 
467 1 23 229 349 10 199 34 100 137 396 510 59 51 580 456 492 188 81 118 676 
4 353 62 197 78 77 6 163 480 441 6 333 168 52 386 323 582 466 83 631 676 
239 539 204 277 353 104 501 509 394 122 412 401 217 633 231 42 352 615 562 329 580 660 
26 56 398 14 70 226 233 138 417 44 366 215 77 590 624 98 593 530 219 570 676 
427 210 514 468 87 8 342 366 208 204 510 339 350 318 135 233 69 141 534 31 660 
99 643 377 529 394 357 395 237 204 320 135 497 324 406 284 547 594 85 285 263 663 
643 241 569 514 405 383 325 201 69 323 586 209 514 320 364 623 352 12 238 368 668 
491 341 314 236 100 430 253 355 218 121 527 564 432 139 260 561 317 97 146 311 115 205 666 
52 227 67 27 80 216 66 81 41 388 30 608 208 261 81 153 559 364 469 117 676 
