278 226 562 106 87 305 267 143 439 506 395 375 600 287 279 246 40 104 564 636 668 
23 76 246 69 24 39 27 77 78 65 54 62 93 101 465 464 22 525 495 597 673 
416 4 252 552 473 375 587 88 395 564 636 6 27 35 379 116 66 615 483 87 646 
23 279 246 66 24 323 27 77 78 65 22 62 57 101 239 102 104 559 3 570 646 
23 279 246 66 24 323 27 77 78 65 22 62 57 101 239 102 104 559 3 570 673 
23 279 246 66 24 323 27 77 78 65 22 62 160 101 239 102 104 559 3 570 646 
23 4 562 41 587 88 6 27 432 379 116 66 65 22 239 102 104 559 615 105 646 
23 491 107 133 563 24 6 27 379 116 66 65 102 22 239 196 559 345 104 513 646 
23 279 246 198 24 27 563 22 57 66 62 77 102 65 69 78 93 101 465 464 673 
278 226 562 106 87 305 267 506 395 375 600 287 143 6 168 403 426 41 564 113 668 
278 226 562 106 87 305 267 506 395 375 600 463 120 567 143 6 168 403 426 41 668 
23 279 246 369 24 66 27 78 563 22 62 126 323 65 101 77 239 102 104 559 646 
23 52 246 357 24 39 27 14 77 78 65 22 62 93 101 311 102 465 464 495 673 
23 279 246 369 24 66 27 78 563 22 62 57 323 65 101 77 239 102 104 559 646 
23 4 562 41 587 88 6 27 347 379 116 66 65 559 239 451 104 513 501 615 646 
156 279 246 198 24 27 563 22 57 66 62 77 102 65 69 78 93 101 465 464 673 
23 279 246 69 24 39 27 77 83 65 22 62 93 101 465 464 495 32 44 627 673 
23 52 246 24 39 27 563 183 57 66 62 77 102 65 69 78 93 101 311 465 673 
23 279 246 66 24 323 27 148 78 65 22 369 563 62 126 101 239 102 104 559 646 
278 226 562 106 87 305 267 143 6 168 506 395 403 375 426 41 564 113 636 107 668 
416 4 252 552 473 375 587 88 395 564 636 6 27 347 379 116 66 615 483 87 646 
416 4 252 552 587 88 6 27 432 379 116 66 65 473 375 395 514 636 35 615 646 
23 279 246 66 24 323 27 77 78 65 22 62 57 101 239 102 104 559 465 464 673 
23 52 246 69 24 14 27 57 78 65 22 62 93 66 77 101 311 102 465 464 673 
23 4 562 41 587 88 6 27 347 379 116 66 65 559 239 615 278 226 501 375 646 
416 4 252 452 473 88 6 228 87 347 379 116 66 431 239 257 104 559 615 552 646 
23 52 246 69 24 14 27 77 78 65 22 62 93 101 311 102 465 464 495 151 673 
23 279 246 198 24 27 563 22 57 66 62 77 102 511 69 78 93 101 465 464 673 
23 52 246 69 24 39 27 77 78 65 563 183 62 93 101 311 102 465 464 495 673 
416 4 562 452 473 88 6 228 87 347 379 116 66 501 239 257 104 559 615 513 646 
23 52 246 69 24 563 27 77 78 65 183 62 93 101 311 102 465 464 495 608 673 
278 279 246 226 40 106 375 104 395 564 636 88 477 37 201 559 239 41 513 287 646 
416 4 562 452 473 88 6 27 87 294 379 116 66 559 239 518 104 513 450 615 646 
278 226 562 106 375 104 168 395 564 429 88 287 398 636 513 615 262 559 239 299 646 
23 279 246 66 24 39 27 77 78 65 22 62 323 69 83 93 101 465 464 495 673 
416 4 40 106 375 104 395 263 636 477 234 88 421 398 37 201 559 239 41 562 646 
278 226 40 106 375 104 168 395 564 477 324 88 287 427 636 513 299 113 559 239 646 
23 52 246 357 24 39 27 14 78 65 77 22 62 93 101 311 102 465 464 570 673 
23 279 246 625 24 563 27 6 196 559 406 66 65 22 239 102 104 101 345 513 646 
416 4 40 106 375 104 395 564 636 88 503 37 201 559 239 533 41 562 452 473 646 
23 279 246 66 24 323 27 77 78 65 22 62 58 101 239 102 104 559 465 464 673 
23 279 246 69 563 24 6 27 196 559 406 66 65 22 239 102 104 101 345 513 646 
416 4 40 106 375 104 395 564 37 477 234 88 421 398 636 513 299 201 559 239 646 
416 4 562 452 473 88 6 27 87 347 379 116 66 559 239 345 104 513 450 615 646 
23 52 246 69 24 14 27 77 78 65 22 62 93 101 311 102 465 464 495 608 673 
416 4 562 452 473 88 6 27 333 347 379 116 66 559 239 345 104 513 450 615 646 
278 226 562 208 156 395 102 546 564 88 104 477 287 120 636 513 299 100 113 559 646 
23 279 246 66 24 323 27 77 78 65 22 62 93 101 102 57 3 239 570 559 673 
23 279 246 39 24 27 563 22 57 66 62 77 102 65 69 78 93 101 465 464 673 
416 4 562 452 473 88 6 27 87 347 379 116 177 559 239 270 104 107 450 615 646 
416 4 562 452 473 88 6 27 87 347 379 116 66 559 239 270 104 107 450 615 646 
23 4 562 41 587 88 6 27 432 379 116 66 65 22 239 102 104 559 615 279 646 
416 4 562 452 473 88 6 27 87 347 379 116 66 559 239 345 104 107 450 615 646 
278 226 40 106 375 104 168 395 564 477 234 88 287 567 636 513 299 113 559 239 646 
278 226 40 106 375 168 324 104 395 564 636 88 477 37 201 559 239 41 513 287 646 
23 279 246 69 24 39 27 77 78 65 22 62 93 101 465 464 495 60 562 627 673 
23 279 246 625 24 66 323 27 77 78 65 62 81 101 22 239 102 104 559 465 646 
23 4 562 41 587 88 6 27 347 379 116 66 65 559 501 518 104 513 615 435 646 
278 226 40 106 375 104 168 395 564 477 234 88 287 398 636 513 299 113 559 239 646 
278 226 562 106 375 104 168 395 564 477 234 88 287 567 636 513 299 113 559 87 646 
23 76 26 69 24 39 27 63 78 65 22 62 93 101 465 464 495 92 57 627 673 
23 76 26 69 24 39 27 63 78 65 22 62 93 101 465 464 495 92 57 627 673 
23 169 246 69 24 39 27 77 78 65 22 62 93 101 92 57 465 464 495 627 673 
156 279 246 198 24 27 563 22 57 66 62 77 102 65 69 78 93 101 465 464 673 
23 279 246 66 24 323 27 77 65 22 78 62 93 101 81 239 102 104 559 465 673 
23 279 246 66 24 323 27 77 78 65 22 62 93 101 102 57 3 239 570 559 673 
278 226 562 106 87 305 267 506 395 375 600 463 120 567 143 6 168 403 426 41 668 
23 279 508 198 24 27 563 22 57 66 62 77 102 511 69 78 93 101 465 464 673 
23 52 246 357 24 39 27 14 77 78 65 22 62 637 101 311 102 465 464 495 673 
23 279 246 66 24 323 27 77 78 65 22 62 57 101 239 102 104 559 3 570 673 
23 279 246 66 24 323 27 77 78 65 22 62 58 101 239 102 104 579 465 464 673 
278 226 562 106 375 168 395 234 564 88 104 477 287 567 636 513 299 113 559 87 646 
156 279 246 198 24 27 563 22 57 66 62 77 102 65 69 78 93 101 465 464 673 
416 4 40 106 375 395 263 636 477 234 88 104 564 503 37 201 559 239 533 41 646 
416 4 562 452 473 88 6 27 333 347 302 116 66 559 239 345 104 513 450 615 646 
278 226 562 106 87 305 267 143 439 506 395 375 600 287 279 246 7 104 564 636 668 
278 226 562 106 275 305 267 506 395 375 600 287 143 6 168 403 426 41 564 113 668 
416 4 562 452 473 88 6 27 87 347 379 116 66 559 239 345 104 513 450 615 646 
278 226 562 208 156 395 102 546 564 88 104 477 287 120 317 513 299 100 113 559 646 
278 226 40 106 375 168 324 104 312 88 503 37 201 559 395 564 477 239 41 513 646 
23 52 246 69 24 39 27 77 78 65 563 183 62 93 101 311 102 465 464 495 673 
23 76 26 320 24 39 27 63 78 65 22 62 93 101 465 464 495 92 57 627 673 
23 279 246 198 24 27 563 22 57 66 62 77 102 65 69 78 93 101 465 464 673 
278 226 562 106 87 305 267 506 395 375 600 287 143 6 168 403 426 41 564 113 668 
416 4 562 452 473 88 6 27 333 347 379 116 66 559 239 345 104 513 450 615 646 
416 4 252 452 473 88 6 228 87 347 528 116 66 431 239 257 104 559 615 552 646 
23 279 246 198 24 27 563 22 57 66 62 77 102 511 69 78 93 101 465 464 673 
156 279 246 198 24 27 563 22 57 66 62 77 102 65 69 78 93 101 465 464 673 
23 279 246 66 24 323 27 77 78 65 22 62 57 101 239 102 104 559 3 570 673 
23 279 246 66 24 39 27 77 78 65 22 62 323 69 83 93 101 465 464 495 673 
23 4 562 41 337 88 6 27 347 379 116 66 65 559 239 615 278 226 501 375 646 
23 4 562 41 587 88 6 27 347 379 116 66 65 559 239 451 104 513 501 615 646 
23 279 246 66 24 323 27 77 78 65 22 57 62 93 101 311 102 465 239 104 673 
23 279 246 625 24 563 27 6 196 559 406 66 65 22 239 102 104 101 345 513 646 
23 279 246 198 24 27 424 22 57 66 323 77 78 62 65 101 102 3 239 570 673 
23 52 246 69 24 563 27 77 78 65 183 62 93 101 311 102 465 464 495 608 673 
278 279 246 226 40 106 375 564 636 88 104 395 477 37 201 559 239 41 513 287 646 
515 4 40 106 156 395 375 263 636 477 234 88 104 564 503 37 201 559 239 533 646 
23 279 246 69 563 24 6 27 196 559 406 66 65 22 239 102 104 101 345 513 646 
416 4 40 106 375 395 263 636 477 280 88 421 66 501 239 257 104 559 615 398 646 
