105 123 239 390 37 350 388 104 417 219 224 546 128 297 558 107 559 557 556 355 646 
587 338 350 123 37 104 417 59 328 128 556 55 19 225 239 202 337 558 107 559 646 
121 388 417 123 37 350 104 155 128 87 165 439 55 547 239 558 337 302 328 398 646 
102 105 517 546 104 123 390 336 189 128 556 55 37 297 558 107 559 557 547 579 646 
121 388 417 123 37 104 31 556 55 239 390 128 155 377 328 87 398 19 547 558 646 
305 388 417 123 350 104 31 239 189 128 556 155 37 297 558 107 559 557 547 328 646 
105 388 417 123 37 225 328 350 104 31 239 390 128 286 183 558 556 289 559 55 646 
105 388 411 417 123 350 104 390 336 189 128 556 55 37 31 239 297 558 107 559 646 
411 388 417 123 350 104 390 336 189 128 556 55 37 31 239 297 558 107 559 575 646 
105 123 37 350 388 104 31 223 55 239 390 417 219 224 546 128 297 558 107 559 646 
411 388 37 123 328 337 350 104 31 556 55 239 390 417 219 224 155 128 297 558 646 
121 388 145 503 439 350 104 31 424 377 328 19 59 128 87 55 417 123 37 239 646 
105 438 417 123 350 104 388 31 239 189 556 55 37 621 558 118 559 557 128 107 646 
121 388 417 59 328 104 31 302 336 503 261 123 350 422 187 547 107 239 128 155 646 
224 337 398 385 19 128 350 377 59 302 123 37 336 503 261 577 388 417 328 297 646 
121 328 417 123 37 350 104 388 31 128 439 55 19 547 239 202 337 59 390 364 646 
46 21 105 102 350 225 149 123 517 466 546 104 37 336 390 556 55 297 558 557 646 
105 388 104 123 533 239 517 546 19 390 128 609 55 37 297 558 107 559 162 350 646 
121 388 417 37 350 104 155 128 87 165 439 55 547 239 123 558 337 302 328 398 646 
411 123 569 390 37 350 388 104 417 219 224 556 55 239 546 128 297 558 107 559 646 
102 576 104 123 189 239 517 546 19 390 128 609 55 37 297 558 107 559 336 225 646 
105 388 417 123 37 104 31 390 225 328 350 239 128 286 183 558 556 289 559 55 646 
224 155 377 398 104 203 59 480 239 302 123 37 336 503 261 577 388 417 328 31 646 
105 388 417 123 350 104 31 239 189 128 556 55 37 297 558 107 559 557 547 390 646 
105 123 239 390 37 350 388 104 417 219 224 546 128 297 558 107 559 557 556 355 646 
105 388 417 123 350 104 31 239 189 128 556 55 37 297 558 107 559 557 547 390 646 
121 182 417 37 104 19 59 128 87 165 439 55 547 239 123 558 337 302 336 31 646 
105 438 417 123 37 350 104 388 31 239 189 128 556 55 297 558 107 559 557 547 646 
121 388 328 87 398 104 128 503 350 377 439 55 19 417 123 37 31 239 390 155 646 
224 438 417 123 37 350 104 31 424 377 328 19 59 128 87 165 439 55 547 239 646 
46 21 105 102 123 350 104 496 466 546 390 336 225 128 556 55 37 297 558 557 646 
46 21 105 102 261 123 517 466 546 104 390 336 225 128 556 55 643 558 579 88 646 
105 438 417 123 37 350 104 31 239 165 439 390 128 286 183 558 556 107 559 55 646 
121 388 417 59 123 328 104 31 239 128 155 377 37 390 336 225 350 87 398 415 646 
102 576 104 123 533 239 517 546 19 390 128 609 55 37 297 558 107 559 336 225 646 
577 388 417 123 37 104 59 328 31 239 167 556 350 189 55 343 297 558 107 559 646 
587 338 123 37 350 104 417 59 328 128 556 55 19 225 239 202 337 558 107 559 646 
224 328 337 398 385 19 128 503 350 377 59 302 123 37 336 261 297 187 547 107 646 
102 576 104 123 189 239 517 546 19 390 128 609 55 37 297 558 187 547 107 559 646 
121 388 417 37 328 31 104 128 439 55 19 547 239 123 202 337 59 390 225 87 646 
577 388 417 123 37 104 260 390 225 328 87 128 556 55 19 239 558 155 59 167 646 
105 123 390 388 350 104 417 219 224 546 556 55 37 31 239 297 128 558 107 559 646 
105 388 417 123 37 104 31 390 128 55 350 239 286 183 558 556 527 181 557 225 646 
121 388 417 123 37 104 31 128 302 336 556 55 239 390 155 297 558 107 377 328 646 
46 21 105 102 261 123 517 466 546 104 390 336 225 128 556 55 643 558 579 88 646 
46 21 105 102 350 225 149 123 517 466 546 104 37 336 390 556 55 297 558 557 646 
305 388 328 87 398 104 128 503 350 377 439 55 19 417 123 37 31 239 390 155 646 
105 388 417 123 37 225 328 350 104 31 239 390 128 286 183 558 556 289 559 55 646 
105 388 417 123 37 104 31 390 128 55 350 239 286 183 558 556 547 181 557 59 646 
46 21 105 102 350 123 517 466 546 104 37 336 390 225 128 556 55 297 558 557 646 
577 388 417 59 123 328 104 31 239 167 556 350 189 55 343 37 297 558 107 559 646 
121 388 417 123 37 104 31 556 55 239 390 128 155 377 328 87 398 19 547 558 646 
121 388 417 123 37 328 104 31 390 225 87 128 556 55 19 239 558 155 297 107 646 
121 388 328 87 398 104 128 503 350 377 439 55 19 417 123 37 31 239 390 155 646 
577 388 417 123 350 104 189 31 239 128 556 55 343 37 297 558 107 559 557 547 646 
46 21 105 102 350 123 517 466 546 104 37 336 390 225 128 556 55 297 558 557 646 
224 155 377 328 104 19 59 128 87 165 439 55 547 239 123 558 231 302 336 503 646 
224 155 377 328 422 123 390 336 104 19 59 128 87 165 439 55 547 239 558 337 646 
46 21 105 102 261 123 517 466 546 104 390 336 225 128 556 55 643 558 579 88 646 
224 155 377 328 337 398 128 302 336 503 261 123 19 59 350 297 187 547 107 239 646 
224 184 377 123 328 337 19 59 398 128 302 336 503 261 350 297 187 547 107 239 646 
121 388 417 123 37 104 31 239 390 155 377 328 225 128 556 55 547 87 398 19 646 
102 576 104 123 189 239 517 546 19 390 128 609 55 37 297 558 107 559 336 225 646 
102 105 517 546 104 123 390 336 189 128 556 55 37 297 558 118 559 557 547 579 646 
121 388 417 123 104 31 390 328 87 19 239 558 155 225 128 556 55 37 297 107 646 
121 388 417 123 37 104 31 390 225 328 87 128 556 55 19 239 558 155 297 107 646 
224 155 377 328 104 19 59 128 87 165 439 55 547 239 123 558 337 302 336 503 646 
105 388 417 123 37 350 104 31 239 390 128 286 183 558 556 107 559 55 547 181 646 
105 388 417 123 37 350 104 31 239 390 128 286 183 558 556 55 547 181 557 328 646 
105 388 417 37 328 104 128 556 529 239 261 123 350 390 546 355 291 558 181 557 646 
105 123 239 390 388 350 104 417 219 224 546 128 37 297 558 107 559 557 556 355 646 
411 388 417 123 350 104 390 336 189 128 556 55 37 31 239 297 558 107 559 286 646 
105 388 417 123 37 328 104 128 556 55 350 239 390 546 355 291 558 181 557 107 646 
105 388 417 123 37 350 239 517 546 19 324 390 498 556 287 51 558 181 557 107 646 
105 388 417 123 37 350 104 31 239 390 128 286 183 558 556 55 547 181 557 59 646 
224 155 377 328 104 19 59 128 87 165 439 55 547 239 123 558 337 302 336 503 646 
121 388 417 123 37 104 31 556 55 239 390 155 128 297 558 107 377 328 288 398 646 
121 155 377 328 87 398 104 128 31 51 225 556 55 107 547 350 19 426 239 123 646 
121 155 377 328 87 398 104 128 31 51 225 556 55 107 547 350 19 426 239 123 646 
102 105 517 546 104 123 390 336 189 128 556 55 37 297 558 107 559 557 547 579 646 
105 388 417 123 37 328 104 128 556 55 350 239 390 546 355 291 558 181 557 107 646 
121 388 417 123 37 104 31 556 55 239 390 128 155 377 328 87 398 19 547 558 646 
105 388 417 123 350 104 31 239 189 128 556 55 37 297 558 107 559 557 547 390 646 
121 155 377 328 87 31 51 104 225 128 556 55 107 547 350 19 426 239 123 398 646 
121 388 417 123 37 104 31 556 55 239 390 128 155 377 328 87 398 19 547 558 646 
224 155 377 328 337 398 128 302 336 503 261 123 19 59 350 297 187 547 107 239 646 
105 388 417 123 37 328 104 128 556 55 350 239 390 546 355 291 558 181 557 107 646 
121 155 244 398 224 328 336 503 350 377 37 87 104 31 556 55 19 547 239 123 646 
224 328 337 19 59 398 128 239 302 123 37 336 503 261 350 297 187 547 107 85 646 
46 21 105 102 517 261 466 137 503 350 19 556 123 494 239 108 558 557 107 579 646 
121 155 377 19 59 398 128 302 336 503 261 123 350 297 187 547 107 239 37 328 646 
102 105 517 546 104 123 390 336 189 128 556 55 37 297 558 107 559 557 547 579 646 
224 328 337 19 59 398 128 302 336 503 261 123 350 297 187 547 107 239 121 155 646 
224 155 377 123 328 337 19 59 398 128 302 336 503 261 350 297 187 547 107 239 646 
46 21 105 102 350 123 517 466 546 104 390 336 225 128 556 55 37 297 558 557 646 
102 105 517 546 104 123 390 336 189 128 556 55 37 297 558 107 559 557 547 579 646 
224 328 337 19 59 398 128 302 336 503 261 123 350 297 187 547 107 239 37 85 646 
102 105 517 546 104 123 390 336 189 128 556 55 37 297 558 107 559 557 547 579 646 
224 328 337 19 59 398 128 302 336 503 261 123 350 422 187 547 107 239 37 85 646 
224 328 337 19 59 398 128 302 336 503 261 123 350 297 187 547 107 239 37 85 646 
