160 483 452 50 130 503 567 309 41 100 581 103 383 195 188 381 155 31 88 410 665 
160 483 452 382 381 219 471 377 7 31 503 567 309 41 100 123 103 155 53 88 665 
160 483 452 50 130 2 471 377 7 31 503 567 309 41 100 581 103 383 195 188 665 
4 483 324 6 577 25 27 309 103 471 35 411 581 44 264 503 107 639 571 318 240 644 
4 5 6 35 471 250 27 53 577 383 44 487 381 309 370 240 103 615 100 107 644 
4 483 6 324 581 103 411 27 107 100 31 53 577 381 309 88 240 503 615 79 644 
4 483 6 324 7 27 250 53 383 103 615 100 381 577 225 66 617 88 240 487 644 
4 174 6 35 471 27 107 53 250 577 44 31 381 309 88 240 52 247 66 103 644 
4 483 6 324 7 27 250 53 383 103 615 100 381 577 225 66 309 88 240 487 644 
4 483 6 324 7 27 250 53 383 103 615 240 452 31 82 127 197 123 100 381 644 
4 483 577 381 88 50 308 309 6 324 250 53 503 615 580 155 367 31 240 363 644 
4 483 6 324 53 581 103 411 503 100 367 31 381 397 309 615 79 155 88 240 644 
160 483 452 324 31 53 82 239 197 123 250 100 381 114 383 247 363 255 155 195 644 
4 483 6 309 103 471 324 7 27 35 53 383 615 100 381 577 225 66 88 240 487 644 
4 483 6 309 103 471 324 7 27 250 615 100 381 53 383 577 225 66 88 240 644 
160 483 452 50 130 503 581 103 155 31 100 309 367 314 41 88 250 180 239 577 383 644 
160 483 452 50 130 503 581 103 155 31 100 309 367 314 41 629 239 348 388 107 471 644 
4 483 6 324 581 88 250 103 411 27 107 100 381 53 503 615 79 155 367 31 644 
160 483 452 309 50 130 314 103 41 100 503 581 155 31 367 88 250 381 239 577 383 644 
160 483 452 239 100 367 308 31 53 577 383 309 247 381 255 389 545 123 103 155 644 
160 483 452 50 130 503 581 103 155 99 100 309 367 88 250 577 255 389 343 381 239 644 
160 483 452 50 130 503 581 103 155 31 100 309 367 88 250 577 255 389 343 381 239 644 
4 5 27 309 6 35 471 88 250 383 103 615 100 381 107 53 577 44 16 240 644 
160 483 452 239 100 197 123 103 155 53 261 383 247 250 381 120 255 389 195 367 644 
4 483 6 324 581 88 535 27 250 53 577 383 44 487 381 309 240 11 247 66 644 
160 483 452 50 130 503 581 103 155 31 100 309 367 239 197 123 250 381 53 261 383 644 
4 483 6 324 581 103 155 100 367 31 250 53 503 615 580 381 305 309 88 240 644 
4 483 6 324 535 27 250 53 577 383 44 487 381 309 88 240 11 247 66 120 644 
4 483 15 324 31 250 6 53 432 195 247 381 120 309 88 240 383 255 389 367 644 
4 483 6 309 103 471 324 7 27 250 53 383 615 100 381 577 225 66 88 240 487 644 
4 483 6 324 53 581 103 411 503 615 79 155 100 367 31 381 420 309 88 240 383 644 
160 483 452 324 31 53 82 127 197 123 250 100 381 114 383 247 363 255 155 195 644 
160 483 452 197 123 103 53 261 383 100 503 581 155 31 367 88 250 381 239 577 247 644 
160 483 452 239 100 197 123 103 155 53 250 261 383 247 381 120 255 389 195 367 50 644 
160 483 452 239 197 123 250 100 381 53 261 383 247 363 255 155 195 367 50 503 644 
160 483 452 324 31 53 82 239 611 107 197 123 250 100 381 114 383 247 363 255 155 644 
4 25 27 103 471 35 167 503 107 79 571 581 44 309 88 240 264 637 100 310 644 
4 483 6 324 7 27 250 53 508 103 615 381 577 225 66 318 100 310 309 88 240 644 
160 483 452 50 130 503 581 103 155 195 247 381 31 100 309 367 239 197 123 250 644 
4 483 577 31 381 88 50 308 309 6 324 250 240 383 247 335 53 149 255 389 367 644 
4 25 27 309 103 471 35 411 503 107 79 571 581 44 264 318 100 310 66 65 240 644 
4 25 27 309 103 471 35 411 503 107 639 571 581 44 264 318 100 310 66 65 240 644 
4 25 27 309 103 471 35 411 503 107 639 571 581 44 264 318 100 310 66 65 240 644 
4 25 27 309 103 471 35 411 503 107 79 571 581 44 264 318 100 310 66 65 240 644 
4 25 27 309 103 471 35 411 503 107 79 571 581 44 264 637 100 310 66 65 240 644 
4 25 27 309 103 471 35 411 503 107 639 571 581 44 264 318 100 310 66 65 240 644 
4 25 27 309 103 471 35 411 503 107 639 571 581 44 264 318 100 310 66 65 240 644 
4 25 27 309 103 471 35 411 503 107 79 571 581 44 264 318 100 310 66 65 240 644 
4 25 27 309 103 471 35 411 503 107 639 571 581 44 264 318 100 310 66 65 240 644 
4 25 27 309 103 471 35 411 503 107 639 571 581 44 264 318 100 310 66 65 240 644 
4 25 27 309 103 471 35 411 503 107 639 571 581 44 264 318 100 310 66 65 240 644 
4 25 27 309 103 471 35 411 503 107 79 571 581 44 264 637 100 310 66 65 240 644 
4 25 27 309 103 471 35 411 503 107 639 571 581 44 264 318 100 310 66 65 240 644 
4 25 27 309 103 471 35 411 503 107 639 571 581 44 264 318 100 310 66 65 240 644 
4 25 27 309 103 471 35 411 503 107 639 571 581 44 264 318 100 310 66 65 240 644 
4 25 27 309 103 471 35 411 503 107 639 571 581 44 264 318 100 310 66 65 240 644 
4 25 27 309 103 471 35 411 503 107 79 571 581 44 264 637 100 310 66 65 240 644 
4 25 27 309 103 471 35 411 503 107 79 571 581 44 264 318 100 310 66 65 240 644 
4 25 27 309 103 471 35 411 503 107 79 571 581 44 264 318 100 310 66 65 240 644 
4 25 27 309 103 471 35 411 503 107 639 571 581 44 264 318 100 310 66 65 240 644 
4 25 27 309 103 471 35 411 503 107 79 571 581 44 264 318 100 310 66 65 240 644 
4 25 27 309 103 471 35 411 503 107 79 571 581 44 264 318 100 310 66 65 240 644 
4 25 27 309 103 471 35 411 503 107 639 571 581 44 264 318 100 310 66 65 240 644 
4 25 27 309 103 471 35 411 503 107 639 571 581 44 264 318 100 310 66 65 240 644 
4 25 27 309 103 471 35 411 503 107 639 571 581 44 264 318 100 310 66 65 240 644 
4 25 27 309 103 471 35 411 503 107 79 571 581 44 264 318 100 310 66 65 240 644 
4 25 27 309 103 471 35 411 503 107 639 571 581 44 264 318 41 310 66 65 240 644 
4 25 27 309 103 471 35 411 503 107 639 571 581 44 264 318 100 310 66 65 240 644 
4 25 27 309 103 471 35 411 503 107 79 571 581 44 264 318 100 310 66 65 240 644 
4 25 27 309 103 471 35 411 503 107 79 571 581 44 264 637 100 310 66 65 240 644 
4 25 27 309 103 471 35 411 503 107 79 571 581 44 264 637 100 310 66 65 240 644 
4 25 27 309 103 471 35 411 503 107 639 571 581 44 264 318 100 310 66 65 240 644 
4 25 27 309 103 471 35 411 503 107 639 571 581 44 264 318 100 310 66 65 240 644 
4 25 27 309 103 471 35 411 503 107 79 571 581 44 226 637 100 310 66 65 240 644 
4 25 27 309 103 471 35 411 503 107 79 571 581 44 226 637 100 364 66 65 240 644 
4 25 27 309 103 471 35 411 503 107 79 571 581 44 226 637 100 364 66 65 240 644 
4 25 27 309 103 471 35 411 503 107 79 571 581 44 264 318 100 310 66 65 240 644 
4 25 27 309 103 471 35 411 503 107 639 571 581 44 264 318 100 310 66 65 240 644 
4 25 27 309 103 471 35 411 503 107 639 571 581 44 264 318 41 310 66 65 240 644 
4 25 27 309 103 471 35 411 503 107 79 571 581 44 264 318 100 310 66 65 240 644 
4 25 27 309 103 471 35 411 503 107 639 571 581 44 264 318 100 310 66 65 240 644 
4 25 27 309 103 471 35 167 503 107 79 571 581 44 264 637 100 310 66 65 240 644 
4 25 27 309 103 471 35 411 503 107 79 571 581 44 264 318 100 310 66 65 240 644 
4 25 27 309 103 471 35 411 503 107 79 571 581 44 264 318 100 310 66 65 240 644 
4 25 27 309 103 471 35 411 503 107 639 571 581 44 264 318 100 310 66 65 240 644 
4 25 27 309 103 471 35 411 503 107 79 571 581 44 264 637 100 310 66 65 240 644 
4 25 27 309 103 471 35 411 503 107 79 571 581 44 264 318 100 310 66 65 240 644 
4 25 27 309 103 471 35 411 503 107 639 571 581 44 264 318 100 310 66 65 240 644 
4 25 27 309 103 471 35 411 503 107 79 571 581 44 264 637 100 310 66 65 240 644 
4 25 27 309 103 471 35 411 503 107 639 571 581 44 264 318 100 310 66 65 240 644 
4 25 27 309 103 471 35 411 503 107 79 571 581 44 264 318 100 310 66 65 240 644 
4 25 27 309 103 471 35 411 503 107 639 571 581 44 264 318 100 310 66 65 240 644 
4 25 27 309 103 471 35 411 503 107 79 571 581 44 264 637 100 310 66 65 240 644 
4 25 27 309 103 471 35 411 503 107 79 571 581 44 264 318 100 310 66 65 240 644 
4 25 27 309 103 471 35 411 503 107 639 571 581 44 264 318 100 310 66 65 240 644 
4 25 27 309 103 471 35 411 503 107 639 571 581 44 264 318 100 491 66 65 240 644 
4 25 27 309 103 471 35 411 503 107 79 501 581 44 264 318 100 310 66 65 240 644 
4 25 27 309 103 471 35 411 503 107 639 571 581 44 264 318 100 310 66 65 240 644 
4 25 27 309 103 471 35 411 503 107 79 571 581 44 264 637 100 310 66 65 240 644 
4 25 27 309 103 471 35 411 503 107 79 571 581 44 264 637 100 310 66 65 240 644 
