567 1 23 203 3 563 29 318 141 24 77 457 39 27 333 98 62 464 433 524 644 
593 157 629 569 126 256 175 184 212 289 491 362 191 506 307 59 511 479 87 106 662 
567 1 23 203 3 563 29 318 141 24 77 457 39 27 333 98 62 464 433 524 644 
593 157 629 569 126 256 175 184 212 289 491 129 191 506 307 59 511 479 87 106 662 
23 386 65 629 222 283 35 58 87 91 2 90 11 233 94 490 491 472 101 160 644 
23 386 65 629 222 26 35 58 87 91 2 77 11 233 94 490 491 472 101 160 644 
567 1 23 3 594 394 29 333 188 24 77 27 400 39 636 62 464 630 524 526 644 
567 1 23 203 3 563 29 318 5 24 77 457 39 27 400 98 62 464 433 524 644 
567 1 23 3 594 394 29 333 26 24 77 27 188 400 39 636 62 464 630 524 644 
279 1 23 65 28 82 479 87 35 2 58 91 77 11 302 94 580 491 523 101 644 
567 1 23 3 594 394 29 333 26 24 77 27 188 400 39 636 62 464 630 524 644 
593 157 307 162 309 113 175 184 212 185 491 283 629 569 126 256 289 362 191 506 662 
111 1 29 23 3 500 211 87 68 381 75 27 77 58 240 469 62 464 159 524 644 
23 386 65 629 222 283 35 58 87 91 2 77 11 233 94 566 491 472 101 160 644 
567 1 23 203 3 163 29 333 188 24 77 27 58 624 636 62 464 75 524 526 644 
23 386 65 629 222 26 35 58 87 91 2 77 11 233 94 490 491 472 101 160 644 
111 1 29 23 3 346 491 27 143 77 58 240 469 68 435 75 62 464 170 524 644 
23 561 481 105 65 28 434 211 27 58 91 77 528 558 609 240 557 104 575 556 644 
111 1 23 65 105 398 29 87 3 346 211 27 77 58 240 469 68 219 62 464 644 
105 561 5 65 28 434 211 416 58 528 609 240 76 556 77 517 91 558 48 557 644 
593 157 307 162 214 113 175 212 185 491 126 256 184 283 629 569 289 362 191 506 662 
593 157 307 162 508 441 184 212 248 491 582 339 588 175 629 569 126 256 289 362 662 
593 157 629 151 415 113 175 184 212 185 491 283 48 582 561 249 195 588 222 256 662 
567 1 23 3 594 394 29 257 188 24 77 27 400 39 636 62 464 630 524 526 644 
593 106 307 151 157 629 162 508 256 184 212 248 530 582 339 588 175 283 195 569 662 
567 1 23 3 594 394 29 333 188 389 24 77 27 302 39 636 62 464 630 524 644 
530 157 629 491 87 2 569 256 283 599 314 45 561 48 175 58 557 7 591 77 662 
593 106 307 162 361 151 309 113 175 184 212 185 491 283 582 195 561 7 249 588 662 
593 157 629 151 415 113 175 184 212 185 491 283 561 48 582 195 249 588 222 256 662 
23 561 481 105 65 28 434 211 27 58 528 556 77 517 91 558 609 240 557 104 644 
164 3 323 569 184 283 58 161 212 585 491 582 45 7 591 474 588 410 620 244 662 
556 118 307 413 629 2 27 569 184 214 266 161 212 219 491 582 45 7 591 77 662 
105 357 211 2 87 58 437 77 11 558 160 27 240 94 556 3 256 469 185 557 644 
593 604 307 162 508 2 27 569 184 214 58 161 212 219 491 582 45 343 591 256 662 
530 157 87 256 629 2 27 569 184 214 58 161 45 7 591 474 588 212 219 491 662 
23 386 65 629 222 283 35 58 87 289 491 228 2 77 11 233 94 490 472 101 644 
392 106 361 307 151 309 113 175 184 185 491 161 212 283 582 195 561 7 249 588 662 
164 567 307 162 515 256 543 362 365 48 58 161 212 219 491 582 7 561 249 588 662 
105 561 5 65 28 434 211 416 58 528 609 240 577 556 77 517 91 558 48 557 644 
164 3 323 569 184 283 58 161 212 238 491 582 7 561 249 588 410 620 256 144 662 
164 567 307 162 515 256 543 362 365 48 58 161 212 219 491 582 7 561 249 588 662 
105 561 481 65 28 434 211 150 58 528 609 240 556 196 575 558 517 310 48 557 646 
105 561 481 65 243 434 211 497 505 3 77 58 529 221 609 558 556 557 7 240 644 
567 1 23 357 594 394 29 333 188 24 77 27 400 39 636 62 464 630 524 97 644 
593 604 307 162 508 441 184 212 248 491 582 339 588 175 283 195 561 249 410 620 662 
530 157 87 256 629 2 27 569 184 214 58 161 45 7 591 474 588 212 219 491 662 
593 604 307 162 309 256 175 184 212 185 491 283 582 195 561 7 249 588 410 620 662 
105 434 91 211 180 87 104 3 58 294 77 551 609 240 575 558 556 557 7 37 646 
105 434 91 211 27 87 104 3 58 294 77 528 609 240 575 558 556 557 7 591 646 
105 434 91 211 27 87 104 3 58 294 77 528 609 240 575 558 556 557 7 331 646 
23 561 481 105 65 28 434 211 27 58 528 459 77 517 91 558 609 240 557 104 644 
105 434 91 211 508 87 104 3 58 294 77 528 609 240 561 249 575 558 556 557 646 
593 604 307 162 309 328 175 184 212 185 491 283 582 195 561 249 588 410 620 506 662 
593 604 307 162 508 256 184 212 248 491 582 339 588 175 283 195 561 249 410 620 662 
97 516 23 65 604 182 2 87 58 91 77 609 16 472 308 94 160 491 101 104 644 
164 3 323 569 184 283 400 161 212 585 388 260 582 7 561 249 588 207 410 620 662 
556 118 307 162 629 2 27 569 184 214 58 161 212 219 491 582 45 7 591 77 662 
556 118 307 413 629 2 27 569 184 214 266 161 212 219 491 582 45 7 591 77 662 
164 3 323 151 415 569 184 400 585 388 582 214 309 161 212 7 588 620 283 260 662 
23 561 481 105 65 28 434 211 27 58 528 556 77 558 609 240 557 104 575 517 644 
105 434 91 211 180 87 104 3 58 294 77 528 609 240 575 558 556 557 7 591 646 
556 118 307 162 629 2 27 569 184 214 58 161 212 219 491 582 45 7 624 77 662 
593 604 307 162 309 113 175 184 212 185 491 283 582 195 561 249 588 410 620 506 662 
556 118 307 162 629 2 27 569 184 214 58 161 212 219 491 582 45 7 624 77 662 
164 3 323 569 184 283 58 161 212 238 491 7 582 195 561 249 588 410 620 256 662 
105 434 91 211 508 87 104 3 316 294 77 528 609 240 561 249 575 558 556 557 646 
593 604 307 162 309 256 175 184 212 185 491 283 582 195 561 7 249 588 410 620 662 
164 3 323 569 184 283 58 161 212 238 491 582 7 561 249 588 410 620 127 144 662 
164 3 323 569 184 58 238 97 582 214 309 161 212 7 588 620 283 195 561 249 662 
530 157 87 256 629 2 27 569 184 214 58 161 212 219 491 582 45 7 591 283 662 
105 434 91 211 27 82 87 104 3 58 294 77 528 609 240 575 558 556 557 7 646 
105 561 481 65 28 434 211 416 464 528 575 556 77 517 91 558 609 240 557 48 644 
105 561 423 65 280 211 243 434 497 91 558 556 3 77 58 529 221 609 240 557 644 
105 561 481 65 28 434 211 150 58 528 609 240 575 556 77 517 310 558 48 557 644 
111 1 29 23 3 346 491 27 143 77 58 240 469 68 435 75 62 464 170 524 644 
105 561 423 65 280 211 243 434 497 91 558 556 3 77 58 529 221 609 240 557 644 
567 1 23 3 594 394 29 333 188 24 77 27 400 39 636 62 464 630 524 526 644 
164 3 323 569 174 283 58 161 212 585 491 582 45 7 591 474 588 410 620 244 662 
105 434 91 211 508 87 104 3 316 294 77 528 392 240 561 249 575 558 556 557 646 
567 1 23 3 594 394 29 333 188 24 77 27 400 39 636 62 464 630 524 97 644 
567 1 23 3 594 394 29 333 516 24 77 27 400 39 636 357 62 464 630 524 644 
111 1 23 65 105 398 29 87 3 346 211 27 77 58 240 469 68 219 62 464 644 
279 1 23 65 28 82 87 35 2 58 91 77 11 233 94 580 491 523 101 105 644 
530 157 629 491 87 2 569 256 283 599 314 45 561 162 175 58 557 7 591 77 662 
105 561 5 65 28 434 211 416 58 528 609 240 76 556 77 517 91 558 48 557 644 
567 1 23 638 3 163 29 333 188 24 77 27 58 624 636 62 464 75 524 526 644 
567 1 23 594 3 163 394 29 333 188 24 77 13 400 39 636 62 464 630 524 644 
567 1 23 203 3 163 29 333 188 24 77 83 58 624 472 62 464 75 524 526 644 
105 561 481 65 28 434 211 150 58 528 609 240 575 556 77 517 310 558 249 557 644 
567 1 23 203 3 563 29 318 618 24 77 457 39 27 333 98 62 464 433 524 644 
567 1 23 203 3 563 29 318 253 24 77 457 39 27 333 98 62 464 433 524 644 
567 1 23 3 594 394 29 257 188 24 77 27 400 39 636 62 464 630 524 526 644 
593 604 307 162 508 2 27 569 184 214 58 161 212 219 491 582 45 343 591 256 662 
567 1 23 203 3 563 29 318 5 24 77 457 39 27 400 98 62 464 433 524 644 
567 1 23 203 3 163 29 333 188 24 77 83 58 624 636 62 464 75 524 526 644 
97 1 23 65 28 82 87 35 2 58 91 77 11 233 94 580 491 523 101 105 644 
556 118 307 162 629 2 27 569 184 214 58 161 212 219 491 582 45 7 591 77 662 
530 157 87 256 629 2 27 569 184 214 58 161 212 219 491 582 45 7 591 283 662 
279 1 23 65 28 82 479 87 35 2 58 91 77 11 302 94 580 491 523 101 644 
23 386 65 629 222 283 35 58 87 91 2 77 11 233 94 490 491 472 101 160 644 
