187 7 235 594 633 533 490 16 498 569 505 87 500 640 103 516 342 97 509 397 670 
317 594 235 104 540 115 165 16 417 353 239 109 7 558 642 97 197 559 533 12 654 
2 3 6 478 11 10 23 28 60 25 337 611 26 63 119 566 202 89 93 219 652 
4 640 2 6 279 638 165 23 25 11 566 33 392 66 93 268 77 130 65 615 654 
490 7 235 594 633 533 16 498 569 505 87 500 640 103 516 187 277 416 108 518 670 
187 7 235 594 633 533 16 498 569 500 640 416 276 176 586 343 505 643 518 516 670 
187 7 235 594 633 533 16 498 569 505 277 640 416 87 108 518 516 276 176 586 670 
640 2 491 88 115 533 4 6 449 165 638 299 505 85 477 11 566 66 65 231 654 
4 640 2 6 103 638 165 23 11 25 566 66 65 615 437 642 97 81 54 92 654 
415 594 235 104 103 638 165 633 3 353 239 438 7 533 87 558 642 97 16 509 654 
490 482 235 594 633 533 16 498 569 505 87 500 640 103 516 342 154 509 397 484 670 
3 2 478 11 6 10 28 421 23 60 25 54 566 189 509 77 63 30 465 486 652 
2 3 478 11 6 10 23 28 60 25 337 566 26 63 80 5 46 93 85 98 652 
187 7 235 594 586 633 533 16 498 569 37 505 500 87 108 518 611 640 103 342 670 
490 7 586 594 633 533 16 498 569 505 87 500 640 103 516 342 97 509 397 484 670 
2 3 6 478 11 10 23 60 25 219 566 26 63 51 137 77 66 493 28 583 652 
2 3 478 11 6 10 23 28 60 25 219 566 26 63 54 57 93 77 277 493 652 
10 3 478 11 6 2 23 28 60 25 337 611 26 63 80 566 202 89 93 98 652 
2 3 478 11 6 10 23 153 25 219 566 26 63 28 54 57 93 77 277 493 652 
2 3 478 11 6 10 23 28 60 25 219 566 26 63 54 57 93 77 277 493 652 
317 594 235 104 540 16 3 115 165 417 353 239 109 7 558 642 97 197 559 533 654 
317 594 235 104 12 16 3 353 239 246 7 533 87 558 642 97 329 559 11 478 654 
2 3 478 11 6 10 23 60 25 219 566 26 63 28 583 57 93 77 277 493 652 
4 640 2 6 103 498 430 23 11 165 10 25 566 66 307 558 65 638 615 437 654 
2 3 6 478 11 10 23 60 25 219 566 26 63 51 137 77 66 493 28 583 652 
10 3 158 11 6 2 23 28 60 25 337 48 566 26 200 77 63 93 277 493 652 
2 3 478 11 6 10 23 28 60 25 163 57 26 63 80 202 82 93 85 98 652 
10 3 478 11 6 2 23 28 60 25 337 566 32 63 80 5 46 93 606 98 652 
187 7 235 594 633 533 16 498 569 277 640 416 87 108 518 516 276 176 586 343 670 
317 288 235 2 103 638 165 633 6 299 505 85 477 11 566 66 65 231 558 491 654 
187 7 586 594 633 533 16 498 569 343 505 500 87 642 518 516 342 97 490 482 670 
317 594 235 104 12 16 3 643 7 353 239 617 608 558 642 187 197 559 11 74 654 
10 3 158 11 6 2 23 28 60 25 337 48 566 26 57 63 93 365 277 493 652 
415 4 2 6 640 498 430 23 11 491 299 103 593 449 479 409 25 566 66 65 654 
4 640 2 6 103 498 430 23 11 165 10 25 566 66 307 558 65 638 615 437 654 
490 7 586 594 633 533 16 498 569 505 87 500 640 103 516 342 97 509 397 484 670 
10 3 158 11 6 2 23 28 60 25 337 48 566 26 200 77 63 93 277 493 652 
317 594 235 104 12 16 3 353 239 246 7 533 87 558 642 97 329 559 11 478 654 
490 7 235 594 586 633 533 16 498 569 505 87 500 640 103 516 342 97 509 397 670 
2 3 478 11 6 10 23 60 25 219 566 26 63 28 583 57 93 77 277 493 652 
317 594 235 104 540 115 165 16 417 353 239 109 7 558 642 97 197 559 533 87 654 
317 288 235 2 103 638 165 633 6 299 505 85 477 11 566 66 65 231 558 491 654 
376 594 235 104 12 16 3 353 239 155 7 533 87 617 558 97 197 642 187 559 654 
187 7 586 594 633 533 16 498 569 343 505 500 87 642 518 516 342 97 490 482 670 
10 3 158 11 6 2 23 28 60 25 337 48 566 26 57 63 93 365 277 493 652 
317 288 235 2 103 638 165 633 6 299 505 85 622 533 87 11 566 66 65 231 654 
490 482 491 299 235 594 633 533 4 6 449 165 161 25 566 314 66 65 8 615 654 
376 594 235 104 12 16 3 353 239 155 7 533 87 617 558 97 197 642 187 559 654 
490 180 235 594 633 533 598 16 498 569 343 91 457 87 276 643 7 518 516 57 670 
10 3 478 11 6 17 23 467 60 25 163 57 26 63 80 5 189 93 85 98 652 
187 7 235 594 586 633 533 498 569 343 91 87 276 457 16 37 505 500 518 516 670 
317 594 235 104 12 16 3 353 239 246 7 533 87 558 642 97 197 559 11 478 654 
187 7 586 594 633 533 16 498 569 343 505 500 87 643 175 482 235 91 276 518 670 
10 3 478 11 6 2 23 28 60 25 337 566 32 63 80 5 46 93 85 98 652 
415 4 2 6 640 498 430 23 11 491 299 103 593 449 479 409 25 566 66 65 654 
187 7 235 594 633 533 16 498 569 500 640 416 276 176 586 343 505 643 518 516 670 
317 288 235 2 103 638 165 633 6 299 505 85 622 533 87 11 566 66 65 231 654 
317 594 235 104 540 115 165 16 417 353 239 109 7 558 642 97 197 559 533 87 654 
490 482 235 594 633 533 4 6 449 165 161 25 566 314 66 65 8 615 16 498 654 
317 594 235 104 474 638 165 16 3 643 7 353 239 617 87 558 642 187 197 559 654 
317 594 235 104 12 16 3 353 239 155 7 533 87 617 558 642 187 197 559 11 654 
187 7 235 594 633 533 16 498 569 500 640 416 276 176 586 343 505 643 518 516 670 
187 7 235 594 586 633 533 16 498 569 37 505 500 87 518 516 108 640 103 342 670 
187 7 235 594 633 533 598 16 498 569 343 91 87 276 457 518 516 586 505 500 670 
640 2 491 299 103 593 4 6 449 498 479 409 11 25 566 66 65 638 165 633 654 
317 594 235 104 12 16 3 353 239 246 7 533 87 558 642 97 197 559 11 478 654 
490 180 235 594 633 533 598 16 498 569 343 91 457 87 276 643 7 518 516 57 670 
4 640 2 491 103 6 299 115 638 165 633 85 409 11 25 622 566 66 65 89 654 
317 594 235 104 12 16 3 353 239 155 7 533 87 617 558 642 187 197 559 11 654 
317 594 235 104 474 638 165 16 3 643 7 353 239 617 87 558 642 187 197 559 654 
10 3 158 11 6 2 23 28 60 25 337 48 566 26 57 63 93 77 277 493 652 
187 7 586 594 633 533 16 498 569 343 505 500 87 643 490 482 235 91 276 518 670 
415 4 2 6 640 498 430 23 11 165 10 25 566 66 307 558 65 594 235 104 654 
187 7 235 594 586 633 533 16 498 569 37 505 500 87 108 518 516 640 103 342 670 
10 3 478 11 6 17 23 467 60 25 163 57 26 63 80 5 82 93 85 98 652 
415 594 235 104 103 638 165 633 3 353 239 438 7 533 87 558 642 97 16 509 654 
317 594 235 104 12 16 3 643 7 353 239 617 87 558 642 187 197 559 11 74 654 
10 3 478 11 6 17 23 467 60 25 163 57 26 63 80 5 82 93 85 98 652 
4 640 2 6 103 638 165 23 11 25 566 66 65 615 437 642 97 81 54 92 654 
317 594 235 104 12 16 3 643 7 353 239 617 87 558 642 187 197 559 11 74 654 
415 594 235 104 103 638 165 633 3 353 239 438 7 533 87 558 642 97 16 509 654 
317 594 235 104 12 638 165 16 3 353 239 438 7 533 87 558 642 97 197 559 654 
10 3 158 11 6 2 23 28 60 25 337 48 566 26 57 63 93 77 277 493 652 
4 640 2 491 103 638 165 633 6 299 85 115 409 11 25 622 566 66 65 89 654 
4 640 2 6 103 638 165 23 11 25 566 66 65 615 437 642 97 81 54 92 654 
317 594 235 104 12 638 165 16 3 353 239 438 7 533 87 558 642 97 197 559 654 
103 4 640 2 184 638 165 633 6 299 115 85 622 11 566 23 25 66 65 8 654 
4 640 2 491 103 638 165 633 6 299 115 85 622 11 566 66 65 231 558 104 654 
490 482 235 594 633 533 16 498 569 505 87 500 640 103 516 342 154 509 397 484 670 
103 4 640 2 491 638 165 633 6 299 115 85 622 11 566 66 65 231 558 104 654 
415 4 2 6 640 498 430 23 11 165 10 25 566 66 85 558 65 594 235 104 654 
10 3 478 11 2 23 25 28 60 54 566 26 63 51 137 77 66 493 360 465 652 
187 7 235 594 633 313 498 569 37 16 505 500 87 108 518 516 640 103 342 97 670 
187 7 235 594 633 533 498 569 37 16 505 500 87 108 518 516 640 103 342 97 670 
10 3 478 11 2 23 25 28 60 54 566 26 63 51 137 77 66 493 360 465 652 
490 482 235 594 633 533 16 498 569 505 87 500 640 103 516 342 97 509 397 484 670 
4 640 2 6 279 638 165 23 25 11 566 33 392 66 93 268 77 49 65 615 654 
4 640 2 6 279 638 165 23 25 11 566 33 392 66 93 268 77 49 65 615 654 
490 7 235 594 633 533 16 498 569 505 87 500 640 103 516 342 97 509 397 484 670 
490 7 235 594 633 533 16 498 569 505 87 500 640 103 516 342 97 509 397 484 670 
