3 45 544 13 7 163 57 267 12 25 62 188 518 66 80 77 481 427 137 442 647 
3 45 2 13 12 7 25 57 617 79 62 69 485 545 68 442 167 66 80 77 647 
3 2 13 12 7 606 45 87 395 66 8 442 586 243 49 571 563 530 112 34 617 671 
446 225 16 305 310 19 601 87 566 565 397 504 203 571 49 61 508 275 106 85 428 671 
3 45 2 13 12 7 25 57 617 79 62 69 464 66 35 68 442 167 80 77 647 
2 281 13 12 565 630 566 19 8 442 530 569 399 504 586 164 508 571 591 601 87 671 
3 45 574 13 12 7 25 57 173 498 62 163 66 80 77 446 23 489 90 550 647 
3 45 2 13 12 7 606 57 617 79 62 69 485 545 68 442 167 66 80 77 647 
3 45 544 13 12 7 25 57 163 267 62 69 518 77 68 442 167 66 80 481 647 
2 45 13 57 404 256 93 498 62 176 80 90 464 23 25 486 451 525 107 550 647 
3 45 544 13 12 7 547 57 163 267 62 69 518 66 80 77 637 620 344 442 647 
3 45 544 13 12 7 547 57 163 267 62 69 518 66 80 77 481 620 75 442 647 
446 225 13 565 7 630 566 563 8 442 530 569 399 504 586 164 199 571 591 16 305 671 
457 601 61 565 640 630 566 19 504 203 8 12 563 442 530 7 586 243 49 571 337 671 
2 10 13 57 76 267 225 82 509 209 80 90 464 23 25 486 169 525 287 550 647 
457 601 61 12 565 630 566 19 504 87 203 8 563 442 530 7 586 243 49 571 337 671 
3 45 574 13 12 7 25 57 173 498 62 163 66 80 77 446 23 489 90 550 647 
3 45 544 13 7 163 57 267 12 599 62 69 518 66 80 77 161 427 511 442 647 
2 45 13 57 404 89 71 498 62 176 80 90 464 23 25 486 451 525 107 550 647 
3 45 544 13 7 163 57 267 12 599 62 69 518 66 80 77 161 427 511 442 647 
2 281 61 565 339 176 530 116 87 630 566 19 504 586 439 508 571 591 7 601 642 671 
3 45 544 13 12 7 25 57 163 267 62 69 518 66 80 77 161 427 75 442 647 
3 45 2 13 12 7 154 57 544 481 62 69 518 66 80 77 325 35 534 442 647 
2 45 13 57 404 256 93 498 62 176 80 90 464 23 25 486 451 525 107 550 647 
2 45 13 57 404 89 93 498 62 176 80 90 464 23 326 486 451 525 107 550 647 
2 10 13 57 76 267 93 82 509 209 127 90 464 23 25 486 169 525 287 550 647 
457 601 287 565 339 176 530 116 87 504 243 203 630 566 527 484 586 49 8 7 571 671 
457 601 287 565 339 176 530 116 87 630 566 504 586 243 203 49 19 8 7 571 511 671 
2 346 13 565 7 630 566 563 8 442 530 569 399 504 586 164 508 571 591 601 203 671 
2 45 13 57 76 89 11 498 62 176 80 90 464 23 25 486 451 525 107 550 647 
2 281 13 12 565 630 566 19 504 87 203 8 563 442 530 508 571 591 7 601 642 671 
2 281 61 565 339 176 530 116 87 630 566 19 504 586 439 508 571 591 7 601 642 671 
3 45 544 13 12 7 547 57 163 267 62 69 518 66 80 77 637 620 75 442 647 
2 45 13 57 404 89 71 498 62 176 80 90 464 23 25 486 451 525 107 550 647 
2 281 13 176 116 630 323 19 504 203 8 7 571 45 563 87 107 442 530 569 586 671 
2 45 13 57 76 402 11 498 62 176 80 90 464 23 248 486 451 525 107 550 647 
3 45 544 13 12 7 547 57 163 267 62 69 518 66 80 77 637 620 75 442 647 
2 281 13 12 565 87 630 566 19 504 203 8 563 442 530 508 571 591 7 601 642 671 
2 45 13 57 404 89 93 498 62 176 80 90 464 23 326 486 451 525 107 550 647 
3 45 2 13 12 7 25 57 617 79 62 69 464 66 35 68 442 167 80 77 647 
2 346 13 565 7 630 566 563 8 442 530 569 399 504 586 164 508 571 591 601 203 671 
3 45 544 13 12 7 25 57 163 267 62 69 518 66 80 77 161 427 75 442 647 
3 149 544 13 7 163 57 236 341 470 342 639 545 308 62 386 77 593 259 80 646 
2 45 13 57 76 402 11 498 62 176 80 90 464 23 248 486 451 525 107 550 647 
2 45 13 57 404 89 93 498 62 56 80 90 464 23 25 486 451 525 107 550 647 
457 601 61 571 565 165 87 563 8 442 176 530 569 630 566 19 484 586 243 363 591 671 
2 10 13 57 76 267 93 82 509 209 80 90 464 23 25 486 169 525 287 550 647 
2 10 13 57 76 267 93 82 509 209 80 90 464 23 25 486 169 525 287 550 647 
112 218 369 457 565 45 87 563 8 442 530 569 630 566 19 484 586 243 455 591 601 671 
3 149 544 13 7 163 57 236 341 470 342 639 545 308 62 386 77 593 259 80 646 
3 45 2 13 12 7 25 57 617 79 62 69 464 545 68 442 167 66 80 77 647 
3 45 2 13 12 7 25 57 617 79 62 69 485 545 68 442 167 66 80 77 647 
457 601 61 565 87 630 566 203 19 504 8 7 563 442 586 243 49 571 337 106 363 671 
353 601 61 87 630 566 565 397 19 504 203 8 7 563 442 586 243 49 571 337 106 671 
457 601 61 87 630 566 565 397 19 504 203 8 7 563 442 586 243 49 571 337 106 671 
457 601 61 565 87 630 566 19 504 203 8 7 563 442 586 243 49 571 337 106 363 671 
3 45 2 13 12 7 25 57 617 79 62 69 464 545 68 442 167 66 80 77 647 
457 601 61 571 565 165 87 563 8 442 176 530 569 630 566 19 484 586 243 363 591 671 
112 218 369 457 565 45 87 563 8 442 530 569 630 566 19 484 586 243 455 591 601 671 
2 45 13 57 76 89 11 498 62 176 80 90 464 23 248 486 451 525 107 550 647 
3 45 2 13 12 7 57 75 25 62 69 142 544 102 80 77 481 464 175 522 647 
2 281 13 176 116 87 630 563 107 442 530 569 19 566 504 586 363 61 508 571 591 671 
3 45 2 13 12 7 154 57 544 481 62 69 518 66 80 77 325 35 534 442 647 
3 45 574 13 12 7 25 57 175 498 62 163 66 80 77 446 23 489 90 550 647 
3 45 574 13 12 7 25 57 175 498 62 163 66 80 77 334 494 489 90 550 647 
2 346 13 565 7 630 566 563 8 442 530 569 399 504 203 601 397 340 377 136 586 671 
3 45 2 13 12 7 57 75 25 62 69 142 544 102 80 77 481 464 175 522 647 
2 281 13 176 116 87 630 563 107 442 530 569 19 566 504 586 363 61 508 571 591 671 
3 45 574 13 12 10 25 57 175 498 62 163 66 80 77 334 23 489 90 550 647 
2 45 13 57 404 89 93 498 62 176 80 90 464 23 25 486 451 525 107 550 647 
3 45 574 13 12 10 25 57 175 498 62 163 66 80 77 334 23 489 90 550 647 
3 45 2 13 12 7 25 57 75 460 62 69 464 66 80 77 481 331 175 522 647 
3 45 2 13 12 7 25 57 75 460 62 69 464 66 80 77 481 331 175 522 647 
2 346 13 565 7 630 566 563 8 442 530 569 399 504 203 601 397 340 377 136 586 671 
3 45 544 13 7 163 57 267 12 25 62 188 306 66 80 77 481 427 137 442 647 
2 281 13 12 16 104 45 87 395 66 8 442 586 243 49 571 563 530 112 218 369 671 
3 45 544 13 12 7 547 57 163 267 62 69 518 66 80 77 481 620 75 442 647 
2 281 13 12 16 104 45 87 395 66 8 442 586 243 49 571 563 530 565 630 566 671 
2 45 13 57 76 89 461 498 62 229 80 90 464 148 25 486 451 525 107 550 647 
3 45 2 13 12 7 25 57 544 481 62 69 518 66 80 77 325 35 68 442 647 
3 45 544 13 7 163 57 267 12 25 62 188 518 66 80 77 481 427 137 442 647 
2 45 13 57 76 89 11 498 62 176 80 90 464 23 248 486 451 525 107 550 647 
3 45 2 13 12 7 25 57 544 481 62 69 518 66 80 77 325 35 68 442 647 
2 45 13 57 76 89 461 498 62 229 80 90 464 424 25 486 451 525 107 550 647 
2 45 13 57 404 89 93 498 62 176 80 90 464 23 25 486 451 525 107 550 647 
2 45 13 57 76 89 93 498 62 229 80 90 464 424 25 486 451 525 107 550 647 
2 45 13 57 76 89 93 498 62 229 80 90 464 424 25 486 451 525 107 550 647 
3 45 574 13 12 7 25 57 175 498 62 163 66 80 77 334 23 489 90 550 647 
3 45 574 13 12 7 25 57 175 498 62 163 66 80 77 334 494 489 90 550 647 
3 45 574 13 12 7 25 57 175 498 62 163 66 80 77 446 23 489 90 550 647 
457 601 61 565 87 630 566 19 504 203 8 442 586 243 49 571 484 536 409 337 245 671 
457 601 61 565 87 630 566 19 504 203 8 442 586 243 49 571 337 245 478 508 591 671 
88 530 369 305 310 19 601 87 504 203 8 442 586 243 49 571 337 245 61 565 457 671 
112 218 369 565 87 457 601 397 8 504 203 447 511 106 49 61 508 609 566 19 7 671 
112 218 369 457 601 87 565 397 8 504 203 447 511 106 49 61 508 609 566 19 7 671 
457 601 61 565 87 630 566 19 504 203 8 442 586 243 49 571 337 245 478 508 591 671 
446 225 16 305 310 19 601 87 61 566 565 397 504 203 49 571 275 106 85 428 8 671 
446 225 16 305 310 19 601 87 61 566 565 397 504 203 49 571 275 106 85 428 8 671 
3 45 574 13 12 7 25 57 175 498 62 163 66 80 77 334 23 489 90 550 647 
2 45 13 57 76 89 11 498 62 176 80 90 464 23 25 486 451 525 107 550 647 
