323 563 404 107 202 577 312 71 97 511 630 88 562 424 275 397 294 260 372 38 675 
287 506 404 101 472 630 539 24 95 102 104 544 239 421 288 517 558 459 559 359 645 
323 563 404 107 202 71 506 131 312 18 146 275 88 97 511 630 562 424 397 294 675 
323 506 287 404 101 527 539 24 95 102 104 544 239 421 288 517 558 472 459 559 645 
323 563 101 458 359 18 372 24 102 104 239 268 533 399 364 517 558 8 459 559 645 
323 563 404 310 202 577 312 71 639 146 630 88 275 112 239 421 511 562 424 97 645 
287 506 404 359 101 472 630 539 102 104 544 239 421 288 517 558 459 559 450 202 645 
478 471 630 458 18 102 104 239 268 533 399 182 517 558 459 88 383 359 506 559 645 
323 506 287 404 101 472 630 539 102 104 544 239 421 288 517 558 459 559 353 88 645 
478 471 630 458 18 102 104 239 268 533 399 182 517 558 459 88 359 383 559 421 645 
289 97 104 630 88 239 268 511 146 275 533 288 517 51 558 459 559 359 506 312 645 
563 404 450 205 318 506 577 312 639 146 630 533 181 97 359 88 239 275 397 303 645 
323 563 404 359 97 146 205 104 630 88 275 112 239 399 364 421 558 459 559 235 645 
323 513 404 359 104 424 397 206 511 97 146 275 88 112 239 421 558 459 559 533 645 
104 563 404 450 202 318 506 577 312 18 97 359 88 239 275 397 303 294 174 558 645 
104 563 404 450 202 318 506 577 312 18 97 359 88 239 275 397 303 294 174 558 645 
359 289 97 104 630 88 239 268 511 146 275 533 288 517 558 51 559 506 312 323 645 
563 404 450 255 50 222 202 318 506 577 312 18 397 146 97 359 88 239 275 303 645 
323 506 289 255 104 630 88 239 268 511 433 563 390 275 533 404 359 424 397 146 645 
563 404 450 359 97 205 104 630 202 318 146 275 88 112 239 421 558 459 559 506 645 
404 506 289 255 104 630 88 239 50 323 163 71 112 562 97 268 618 162 146 275 645 
563 404 450 255 50 222 202 318 506 577 312 18 97 359 88 239 275 397 303 294 645 
104 563 404 340 359 18 312 248 433 71 112 97 630 202 318 146 275 88 323 239 645 
104 563 404 340 359 18 312 248 97 630 202 318 146 275 88 112 323 239 511 205 645 
323 513 404 359 104 424 206 511 97 447 112 239 421 397 146 459 88 275 558 559 645 
323 563 404 107 202 577 312 71 97 511 506 131 18 146 533 399 630 562 424 275 675 
287 506 404 101 472 630 539 24 95 102 104 544 239 145 288 517 558 459 559 359 645 
287 506 404 101 472 630 539 102 104 544 239 421 288 517 558 459 559 359 450 202 645 
478 471 630 458 18 102 104 239 268 533 399 182 517 558 459 88 359 424 559 421 645 
323 563 404 310 202 577 400 71 639 146 630 533 288 88 275 112 239 421 511 562 645 
563 404 450 359 205 104 511 97 447 112 239 421 558 268 618 162 146 275 397 459 645 
289 97 104 630 88 239 268 511 146 275 533 51 288 517 558 459 559 359 506 312 645 
323 563 404 359 97 146 205 104 630 88 112 239 562 424 275 397 421 558 459 559 645 
323 506 104 630 289 255 88 239 268 511 433 563 390 275 533 404 359 424 491 146 645 
563 404 450 255 50 222 202 318 506 577 312 18 97 359 88 239 275 397 303 294 645 
563 404 450 359 205 104 511 97 447 112 239 421 397 146 459 630 88 275 562 424 645 
323 513 404 104 424 206 511 97 447 112 239 421 397 146 459 88 359 275 558 559 645 
323 563 404 107 202 577 312 71 97 511 506 131 18 146 275 88 630 562 424 397 675 
287 506 404 101 472 630 539 24 95 102 104 544 239 145 288 517 558 459 559 359 645 
287 506 404 101 472 630 539 102 104 544 239 421 288 517 558 459 559 323 563 458 645 
478 471 630 458 18 102 104 239 268 533 399 182 202 577 146 288 517 558 459 559 645 
563 404 450 146 205 318 506 577 312 18 97 359 88 239 275 397 303 294 174 630 645 
478 458 359 146 97 202 318 506 308 312 18 104 239 8 421 558 459 88 268 533 645 
104 404 450 202 50 630 439 506 312 545 97 239 275 182 517 558 459 88 559 353 645 
323 563 404 359 337 146 205 104 630 88 275 112 239 421 558 459 559 235 471 294 645 
563 404 450 255 50 104 202 318 506 577 312 18 97 359 88 239 275 397 303 294 645 
404 506 289 255 50 630 268 511 433 563 323 312 88 112 239 391 562 97 618 162 645 
563 404 450 359 18 310 97 205 104 630 202 318 146 275 88 112 323 239 562 424 645 
323 513 404 104 424 206 511 97 447 112 239 421 397 146 459 88 359 137 558 559 645 
287 506 404 101 472 630 539 24 95 102 104 544 239 421 288 517 558 459 559 359 645 
207 563 404 107 202 577 312 71 97 511 630 88 562 424 275 397 294 450 318 506 675 
287 506 404 101 472 630 539 102 104 544 239 421 288 517 558 459 559 88 275 359 645 
478 471 630 458 18 102 104 239 268 533 399 182 202 577 146 288 517 558 459 559 645 
323 563 404 107 265 577 312 71 639 630 88 112 239 421 618 162 146 275 459 511 645 
323 563 404 359 146 205 104 630 312 71 112 239 562 97 268 618 88 275 421 558 645 
289 97 104 630 88 239 268 511 146 275 533 51 288 517 558 459 559 359 506 312 645 
323 563 404 359 97 146 205 104 630 88 275 112 239 421 558 459 559 235 471 294 645 
323 506 289 255 59 205 104 630 88 433 71 112 239 97 268 618 162 146 275 533 645 
404 506 289 255 50 630 88 239 268 511 433 563 323 312 391 112 562 97 618 162 645 
359 289 104 268 511 146 275 318 506 630 88 97 107 312 71 562 239 8 533 288 645 
323 513 404 104 424 206 511 97 447 112 239 421 397 146 459 88 359 275 558 559 645 
287 506 404 101 472 630 539 24 95 102 104 544 239 421 288 517 558 459 559 359 645 
323 404 107 202 577 312 71 97 630 511 433 563 88 562 424 275 397 294 260 372 675 
287 506 404 101 472 630 539 102 104 544 239 421 288 517 558 459 559 359 450 202 645 
478 471 454 458 18 102 104 239 268 533 399 182 517 558 459 88 359 424 559 421 645 
563 404 450 146 205 318 506 577 312 18 97 359 88 239 275 397 303 294 174 630 645 
323 563 404 359 146 205 104 630 312 71 112 239 562 97 268 618 88 275 421 558 645 
289 97 104 630 88 239 268 511 146 275 533 51 288 517 558 459 559 359 506 312 645 
323 563 404 477 97 205 104 630 88 112 239 421 558 268 618 162 146 275 459 559 645 
323 506 289 255 50 104 146 205 630 88 239 268 511 433 563 390 275 533 404 359 645 
404 506 289 255 50 630 88 323 239 268 511 275 533 312 71 112 562 97 618 162 645 
478 458 359 146 97 202 318 506 308 312 18 104 239 421 8 533 399 630 562 424 645 
323 513 404 104 424 206 511 97 447 112 239 421 397 146 459 88 359 275 558 559 645 
323 563 404 202 506 131 18 146 275 88 97 511 630 562 424 107 312 71 397 294 675 
287 506 404 101 472 630 539 102 104 544 239 421 288 517 558 459 559 359 450 202 645 
478 471 630 202 577 146 458 18 102 104 239 268 533 399 182 517 88 558 459 559 645 
323 563 404 310 202 577 312 71 639 146 630 88 275 112 239 421 511 562 424 97 645 
104 404 450 202 439 506 312 545 97 239 275 182 517 558 459 88 559 353 359 424 645 
104 563 404 450 202 318 506 577 312 18 97 359 88 239 275 397 303 294 174 558 645 
404 506 289 255 50 630 88 323 312 71 112 239 562 97 268 618 162 146 275 533 645 
323 506 289 255 104 630 88 239 268 511 433 563 390 275 533 404 359 424 397 146 645 
323 563 404 359 97 146 205 104 630 88 275 112 239 421 558 459 559 235 471 294 645 
478 471 458 359 97 205 104 630 202 318 146 275 88 112 239 506 577 312 18 71 645 
323 513 404 104 424 206 511 97 447 112 239 421 397 146 459 88 359 275 558 559 645 
323 563 404 107 202 506 131 71 97 511 630 88 562 424 275 397 294 312 18 146 675 
287 506 404 101 472 630 539 102 104 544 239 421 288 517 558 459 559 323 563 458 645 
478 471 630 458 18 102 104 239 268 533 399 182 517 88 558 459 559 359 424 421 645 
323 563 404 107 202 577 312 71 639 146 630 88 275 112 239 421 511 562 424 397 645 
563 404 450 359 97 146 205 630 104 196 239 421 288 517 558 459 559 88 275 112 645 
104 563 404 450 202 318 506 577 312 18 97 359 88 239 275 397 303 294 174 558 645 
404 506 289 255 50 630 88 323 312 71 112 239 562 97 268 618 162 146 275 533 645 
323 289 255 146 97 202 318 506 308 312 18 104 616 88 239 268 511 433 563 390 645 
563 404 450 359 97 205 104 630 202 318 146 275 88 112 239 421 558 459 559 506 645 
478 458 359 146 97 202 318 506 308 312 18 104 239 8 533 399 630 562 424 364 645 
323 513 404 104 424 206 511 97 447 112 239 421 397 146 459 88 359 137 558 559 645 
287 506 404 101 472 630 539 102 104 544 239 421 288 517 558 459 559 323 563 458 645 
478 471 454 458 18 102 104 239 268 533 399 182 517 558 459 88 359 424 559 421 645 
563 404 107 202 577 630 88 323 312 71 112 239 562 97 268 618 162 511 424 275 645 
104 563 404 340 359 18 312 71 97 511 146 205 112 239 421 558 459 88 268 618 645 
404 506 289 255 50 630 88 323 312 71 112 239 562 97 268 618 162 146 275 533 645 
