99 479 106 237 564 562 449 571 470 16 107 85 113 245 320 576 413 194 314 533 665 
25 27 2 44 54 6 62 3 68 231 20 65 314 245 445 90 548 93 332 464 644 
99 479 106 237 564 562 449 571 470 16 107 85 113 576 413 194 314 245 320 533 665 
25 27 2 44 54 6 62 3 68 231 20 65 314 245 445 90 548 93 332 464 644 
99 479 106 237 564 562 155 571 470 16 107 85 113 245 320 576 7 194 314 533 665 
62 25 27 2 44 6 3 54 68 231 20 65 314 245 320 90 566 93 332 464 644 
62 25 27 2 564 6 3 68 625 231 450 65 314 245 320 90 92 93 332 464 644 
25 425 106 2 564 6 3 27 9 278 528 62 11 30 58 65 31 7 66 367 644 
25 361 106 2 564 6 166 27 309 219 7 66 11 123 65 90 379 30 370 367 644 
62 25 27 2 44 6 367 54 68 231 20 65 314 245 320 90 566 93 332 464 644 
25 27 2 44 6 3 68 228 231 20 66 176 62 11 63 65 557 90 210 141 644 
62 254 27 2 44 6 3 68 54 231 20 65 314 404 320 90 351 93 332 464 644 
99 10 217 2 564 562 587 571 470 16 107 85 203 447 533 365 7 413 339 623 665 
180 142 576 194 564 205 587 571 10 470 16 562 395 85 377 413 203 126 365 7 665 
99 237 217 2 564 562 449 587 571 10 470 16 107 85 377 413 203 126 365 7 665 
99 85 441 224 2 564 6 140 3 62 11 170 65 185 22 56 31 88 66 367 644 
62 160 625 139 231 2 564 27 68 6 290 65 314 245 320 90 367 93 332 464 644 
99 479 106 237 564 562 155 571 470 16 107 85 113 245 320 576 7 194 314 533 665 
180 142 576 194 564 205 587 571 10 470 16 562 395 85 377 413 203 126 365 7 665 
25 310 106 2 564 6 247 27 309 48 7 66 11 456 65 434 212 294 210 367 644 
99 85 34 81 571 362 122 564 58 97 377 127 576 185 233 56 75 31 88 510 644 
25 27 2 44 54 6 62 3 68 231 20 65 314 245 445 90 92 93 332 464 644 
25 479 106 2 564 3 6 27 494 58 20 176 62 11 63 65 557 90 210 66 644 
62 254 27 2 44 6 395 68 51 231 20 65 314 404 320 90 351 93 332 464 644 
25 479 106 2 564 6 3 27 9 20 62 193 11 30 58 65 7 66 60 90 644 
25 27 2 44 54 6 62 3 68 231 20 65 314 245 445 90 92 93 362 464 644 
25 310 106 2 576 6 247 27 309 48 7 66 11 58 65 434 212 90 210 367 644 
62 25 27 2 411 6 3 68 54 231 20 65 314 245 320 90 92 93 332 464 644 
62 254 27 2 44 6 3 68 51 231 20 65 314 404 320 90 351 93 332 464 644 
99 237 217 2 564 562 587 571 10 470 16 107 85 377 413 203 126 365 7 118 665 
62 254 27 2 44 6 3 68 54 231 20 65 314 404 320 90 351 93 332 464 644 
25 479 106 2 564 6 3 27 9 58 20 62 11 30 176 65 7 66 311 90 644 
62 25 27 2 44 6 3 68 228 231 20 66 11 65 141 245 320 90 351 93 644 
99 85 441 561 2 166 6 314 469 20 180 341 11 22 97 185 233 168 367 432 644 
62 25 27 2 564 6 295 68 54 231 20 65 314 245 320 90 92 93 332 464 644 
310 25 27 2 62 44 6 3 68 163 231 7 66 11 20 65 314 245 320 90 644 
62 25 27 2 564 6 3 68 625 231 20 65 314 245 320 90 92 93 332 464 644 
99 85 441 561 2 564 6 27 469 20 180 341 11 22 212 533 352 494 66 367 644 
25 310 62 27 2 44 6 3 68 54 231 7 66 11 178 65 314 245 320 90 644 
99 85 441 478 2 564 6 530 469 20 180 341 11 22 212 533 352 7 66 367 644 
99 85 441 478 2 564 6 530 469 20 180 341 11 22 212 533 352 7 66 367 644 
99 85 34 81 571 362 122 564 58 97 377 127 499 185 233 56 75 31 88 510 644 
99 10 217 2 564 587 571 107 85 470 16 562 395 203 447 533 365 7 87 623 665 
25 310 106 9 2 564 6 27 397 20 528 62 11 30 58 65 31 7 66 367 644 
99 85 441 561 2 564 6 325 3 309 48 7 66 11 58 65 30 212 367 197 644 
99 85 441 224 2 564 6 140 206 62 11 170 65 185 222 56 31 88 66 367 644 
25 479 106 2 564 3 6 27 494 58 20 44 68 176 62 11 63 65 60 90 644 
25 310 106 2 564 6 3 27 9 58 342 528 487 11 30 65 31 7 66 367 644 
25 479 106 2 564 3 6 27 494 58 20 44 68 176 62 11 63 65 60 90 644 
99 85 106 2 564 6 441 362 88 450 3 533 97 233 11 127 367 185 56 45 644 
306 310 106 9 2 564 6 27 3 20 528 487 11 30 58 65 31 7 66 367 644 
25 310 62 27 2 44 6 3 68 54 231 7 66 11 20 65 314 245 320 90 644 
25 479 106 2 564 3 6 27 494 58 20 176 62 11 63 65 557 90 347 66 644 
99 85 441 561 2 564 6 27 469 20 180 341 11 22 579 533 352 7 66 367 644 
180 479 2 564 193 118 6 446 58 176 425 11 381 576 88 7 66 593 212 367 644 
306 310 106 9 2 564 6 27 205 20 528 15 11 30 58 65 31 7 66 367 644 
25 310 106 2 564 6 3 27 247 309 48 7 66 11 58 65 30 212 367 31 644 
99 85 441 561 2 564 6 140 3 62 11 343 65 185 233 56 245 88 66 367 644 
62 254 27 2 44 6 3 68 51 231 20 65 314 404 320 90 351 93 332 464 644 
62 160 27 2 625 3 231 505 68 6 290 65 314 473 320 90 367 93 332 464 644 
99 85 576 193 2 6 441 362 88 450 3 533 97 233 11 127 367 185 56 255 644 
62 160 625 139 231 2 564 27 68 6 290 65 314 34 320 90 367 93 332 464 644 
180 142 576 2 564 193 118 6 58 97 446 176 425 11 7 66 593 212 367 99 644 
369 479 576 2 564 193 118 6 58 97 446 176 425 11 7 544 593 212 367 275 644 
543 479 576 2 193 118 6 446 58 564 176 425 7 11 30 65 31 66 212 367 644 
99 85 441 224 2 564 6 140 3 62 11 170 65 185 222 56 31 88 66 367 644 
99 85 441 561 2 564 6 325 3 533 97 88 233 56 11 127 367 185 45 20 644 
25 479 106 2 564 6 3 27 277 58 20 176 62 11 63 65 60 90 160 66 644 
99 85 561 2 564 6 441 141 450 3 533 97 233 11 127 56 31 641 510 367 644 
25 310 106 2 564 6 247 27 309 337 7 66 11 58 65 434 212 294 210 367 644 
180 479 576 2 564 193 118 6 58 97 446 176 425 11 282 544 593 212 367 275 644 
310 25 27 2 62 44 6 3 68 54 231 7 66 11 20 65 314 245 320 90 644 
62 25 27 2 44 6 367 54 68 231 20 65 314 245 320 90 566 93 332 464 644 
62 25 27 2 411 6 3 68 54 231 20 65 314 245 320 90 92 93 332 464 644 
25 479 106 2 564 6 3 27 352 58 20 176 62 11 30 65 7 66 60 90 644 
62 160 27 2 625 3 231 564 68 6 290 65 314 473 320 90 450 93 332 464 644 
99 85 561 2 564 6 441 362 450 3 533 97 233 11 127 56 31 641 510 367 644 
99 85 509 478 2 564 6 27 469 20 180 341 11 22 212 533 352 7 66 367 644 
62 25 27 2 564 6 295 68 54 231 20 65 314 245 320 90 92 93 332 464 644 
99 85 34 81 571 362 122 564 58 97 377 127 424 185 233 56 75 31 88 510 644 
25 310 62 27 2 44 6 3 68 54 231 66 11 7 178 65 314 245 320 90 644 
99 85 441 561 2 564 6 325 3 533 97 88 425 11 7 544 593 212 367 233 644 
99 85 441 561 2 564 6 325 3 533 97 88 425 11 7 544 593 212 367 233 644 
25 361 106 2 564 6 166 27 309 219 7 66 11 58 65 90 379 30 370 367 644 
180 479 576 2 193 564 6 118 58 97 446 176 425 11 282 544 593 212 367 275 644 
62 25 27 2 44 6 3 68 228 231 20 66 11 65 314 245 320 90 351 93 644 
62 25 27 2 564 6 3 68 625 231 450 65 314 245 320 90 92 93 332 464 644 
62 25 27 2 564 6 3 68 625 231 20 65 314 245 320 90 92 93 332 464 644 
99 85 441 561 2 564 6 325 3 533 97 88 233 56 11 127 367 185 45 20 644 
543 479 576 2 564 193 118 6 446 176 425 7 11 30 58 65 31 66 212 367 644 
25 361 328 2 564 6 166 27 309 219 7 66 11 123 65 90 379 30 370 367 644 
25 310 106 2 564 6 247 27 309 48 7 66 11 456 65 434 212 294 210 367 644 
25 479 106 2 564 6 3 27 9 58 197 62 11 30 193 65 7 66 60 90 644 
25 310 106 2 564 6 247 27 309 48 7 66 11 58 65 434 212 294 210 367 644 
99 85 561 2 564 6 483 141 450 3 533 97 233 11 127 56 31 641 510 367 644 
62 25 27 2 44 6 3 68 228 231 20 66 11 65 314 245 320 90 351 93 644 
99 85 106 2 564 6 441 362 88 450 3 533 97 233 11 127 367 185 56 45 644 
25 361 106 2 564 6 166 27 309 219 7 66 11 58 65 90 379 30 370 367 644 
25 479 106 2 564 6 3 27 9 58 20 62 11 30 176 65 7 66 311 90 644 
25 479 106 2 564 6 3 27 9 58 197 62 11 30 193 65 7 66 60 90 644 
