88 87 156 543 337 237 222 194 439 379 383 391 459 407 106 631 584 424 380 539 639 122 670 
88 87 156 543 337 237 222 194 439 379 383 391 459 407 106 631 584 424 380 539 228 122 670 
303 87 156 543 337 237 222 224 439 379 383 391 459 41 426 106 88 424 244 539 629 7 670 
1 26 65 77 78 90 39 457 260 102 317 454 93 68 101 464 239 526 592 568 644 
1 26 65 102 77 78 90 317 518 93 332 643 49 101 526 239 568 592 632 579 644 
566 26 65 3 102 77 138 457 260 91 13 82 62 276 78 67 518 101 250 526 644 
1 26 65 102 77 78 472 317 93 240 643 49 526 101 239 568 592 518 632 579 644 
566 268 65 121 77 78 90 317 93 332 102 480 49 101 616 526 592 568 97 579 644 
11 26 65 77 78 102 90 584 566 93 332 643 49 101 239 526 592 234 632 579 644 
1 26 65 102 77 78 90 317 518 93 332 453 49 101 526 239 568 551 632 579 644 
566 26 65 77 78 83 121 102 317 93 332 141 49 101 239 526 592 568 200 579 644 
3 543 391 509 528 266 106 407 213 13 67 82 77 355 459 88 519 375 435 250 644 
11 26 65 102 77 78 90 317 566 556 332 390 49 101 239 526 592 234 632 579 644 
1 26 65 102 77 78 472 317 93 240 643 49 526 101 239 568 592 518 632 579 644 
566 26 65 77 78 83 121 102 317 119 332 141 49 101 239 526 592 568 200 579 644 
3 382 108 445 383 439 519 485 375 13 82 467 459 67 88 250 526 222 87 543 644 
432 87 156 88 543 336 106 41 194 250 391 2 85 13 166 383 380 539 427 7 670 
303 87 156 88 543 222 336 106 13 82 194 391 314 380 539 639 254 7 250 85 359 644 
303 87 156 543 337 237 222 194 439 379 383 391 459 41 426 106 88 305 244 539 427 7 670 
222 87 156 88 543 237 407 106 631 584 439 379 383 391 424 380 539 639 122 7 670 
566 26 65 77 121 78 135 102 317 93 332 141 49 101 239 526 592 568 123 579 644 
3 26 65 77 224 102 276 457 260 91 13 82 62 67 445 88 518 101 250 526 644 
566 26 65 77 78 83 121 102 317 93 332 141 49 101 239 526 592 568 200 579 644 
3 543 382 156 445 439 519 485 375 13 12 467 459 67 88 250 526 222 194 319 644 
3 26 65 77 224 102 276 457 260 91 13 82 62 67 445 88 518 397 250 526 644 
3 26 65 77 224 457 494 276 445 13 67 91 82 62 260 88 518 101 250 526 644 
3 382 108 445 485 439 353 527 383 13 67 82 539 639 122 375 467 459 88 250 644 
88 176 156 543 337 237 222 251 439 379 383 391 459 407 106 315 518 85 427 631 670 
222 87 156 427 543 237 631 13 439 379 383 391 424 380 539 639 122 7 85 106 670 
566 26 65 77 78 83 121 102 317 93 332 141 49 101 239 526 592 326 200 579 644 
1 26 65 102 77 78 90 317 93 240 643 518 332 49 101 526 239 568 592 632 644 
3 382 108 445 485 439 353 527 383 13 67 82 539 639 122 375 467 459 88 250 644 
88 176 156 543 337 237 222 194 439 379 251 383 391 459 407 106 315 518 85 427 631 7 670 
1 26 65 77 78 121 90 317 102 93 332 141 49 101 239 526 518 643 568 592 644 
1 26 65 102 77 78 90 317 518 93 332 643 49 101 526 239 568 592 632 579 644 
222 87 156 88 543 237 631 13 439 379 383 391 424 380 539 639 122 7 85 106 670 
476 156 88 543 237 407 379 13 222 194 106 631 584 439 383 391 424 380 539 639 122 7 670 
1 26 65 121 77 78 90 102 317 93 332 141 49 101 239 526 518 643 568 592 644 
3 26 65 77 224 102 276 457 260 91 13 445 82 62 67 88 518 101 250 526 644 
162 26 65 102 77 586 90 317 518 93 332 643 49 101 526 239 568 592 632 579 644 
3 543 382 156 445 439 519 194 310 383 13 82 539 639 122 7 250 85 611 642 644 
515 87 156 88 543 222 194 187 518 336 143 13 315 586 380 539 312 85 427 7 670 
303 87 156 543 237 631 439 379 391 336 143 13 315 586 424 122 7 88 337 194 670 
566 26 65 77 175 83 121 102 317 93 332 141 49 101 526 239 568 592 200 579 644 
3 391 509 582 222 194 336 106 13 82 195 383 459 237 250 426 543 631 439 500 266 407 644 
3 543 382 156 445 194 439 519 310 383 13 82 539 639 122 88 307 7 250 85 644 
515 87 156 88 543 222 194 187 391 336 143 13 315 586 380 539 312 85 427 7 670 
162 26 65 102 77 586 90 317 518 93 332 643 49 101 526 239 568 592 632 579 644 
3 26 65 77 224 457 494 276 445 13 67 91 82 62 260 88 518 101 250 526 644 
3 543 382 156 445 194 439 519 310 383 210 82 539 639 122 88 15 7 250 85 644 
1 26 65 102 77 586 90 317 518 93 332 643 49 101 526 239 568 592 632 579 644 
422 26 65 102 77 276 138 457 260 91 13 82 62 67 224 88 518 101 250 526 644 
3 543 382 156 445 194 439 519 310 383 210 82 539 639 122 88 518 7 250 85 644 
88 87 3 156 222 336 13 82 195 459 238 490 106 383 250 426 543 237 631 439 379 391 359 644 
432 87 156 88 543 336 106 41 194 250 391 2 85 13 166 384 380 539 427 7 670 
515 87 156 543 222 187 518 336 143 13 315 586 7 88 337 194 383 459 407 380 539 312 670 
3 543 382 156 445 194 416 519 310 383 13 82 539 447 122 7 250 607 611 642 644 
3 543 382 156 445 194 439 519 310 383 13 82 539 407 106 631 584 424 447 122 7 250 644 
566 26 65 77 78 83 121 102 317 93 332 141 49 101 239 462 592 568 200 579 644 
3 26 65 276 77 78 90 102 457 260 91 13 82 62 67 88 518 101 250 526 644 
88 87 3 156 222 194 336 106 13 82 195 383 459 426 250 543 237 571 439 379 391 644 
3 382 108 445 485 353 527 13 439 379 383 67 82 539 639 122 375 467 459 88 250 644 
3 543 382 156 445 194 439 519 310 383 13 82 539 639 122 88 518 7 250 85 644 
88 176 156 543 337 237 222 439 85 508 251 383 391 459 407 106 315 518 427 631 7 670 
1 26 65 433 77 78 90 317 518 93 332 643 49 101 526 239 568 592 632 579 644 
3 26 65 77 224 102 276 457 260 91 13 445 82 62 67 88 518 377 250 526 644 
422 26 65 102 77 276 138 457 91 13 82 62 67 224 260 88 518 101 250 526 644 
515 87 156 88 478 222 336 106 194 187 518 143 13 315 586 380 539 312 85 427 7 670 
3 543 382 156 445 194 439 519 310 383 13 82 122 7 539 639 254 250 85 611 642 644 
88 87 3 582 222 194 336 106 13 82 195 383 314 380 539 639 254 7 459 237 250 644 
3 87 156 88 543 222 336 106 13 82 194 391 314 380 539 639 254 7 250 85 509 644 
566 26 65 77 121 78 135 102 317 93 332 141 49 101 239 526 592 568 123 579 644 
515 87 156 88 543 222 194 187 518 336 143 13 315 586 380 539 312 85 427 7 670 
3 382 108 445 485 439 353 527 383 13 82 539 639 67 88 250 526 222 87 122 644 
1 26 65 433 77 78 90 317 518 93 332 643 49 101 526 239 568 592 632 579 644 
3 382 108 445 485 439 353 527 383 13 67 82 539 639 122 375 467 459 88 250 644 
3 382 108 445 383 439 519 485 375 13 12 467 459 67 88 82 250 526 222 87 644 
3 382 108 445 383 439 519 485 375 13 12 467 459 67 88 82 250 526 222 87 644 
3 543 391 382 156 55 194 439 519 310 383 13 82 539 239 7 88 375 240 250 644 
3 543 391 382 156 55 194 439 519 310 383 13 82 539 239 7 88 375 240 250 644 
1 26 65 77 78 83 173 90 317 102 93 332 141 49 101 239 526 592 568 518 644 
3 26 65 77 224 102 276 457 260 91 13 82 62 67 445 88 518 397 250 526 644 
1 26 65 102 77 78 90 317 518 93 332 643 49 101 526 239 568 592 632 579 644 
1 26 65 77 78 39 90 317 566 102 454 93 68 101 464 285 526 592 568 632 644 
88 87 156 543 337 237 222 194 439 379 383 391 459 407 146 631 584 424 380 539 639 122 670 
566 26 65 77 78 90 121 102 317 93 542 141 49 101 239 526 592 568 200 579 644 
566 26 65 3 102 77 138 457 260 91 13 82 62 276 78 67 518 101 250 526 644 
222 87 156 427 543 237 631 13 439 379 383 391 380 539 424 122 7 639 85 106 670 
222 87 156 427 543 237 631 13 439 379 383 391 380 539 424 122 7 639 85 106 670 
566 26 65 77 78 83 121 102 317 119 332 141 49 101 239 526 592 568 200 579 644 
88 87 156 543 337 237 222 194 439 379 383 391 459 407 631 106 315 518 427 584 424 670 
3 543 382 156 445 439 519 485 375 13 12 467 459 67 388 250 526 222 194 319 644 
3 543 382 156 445 194 439 519 310 383 210 82 539 477 122 88 15 7 250 85 644 
566 26 65 77 78 90 121 102 317 93 542 141 49 101 239 526 592 568 200 579 644 
566 26 65 77 78 90 121 102 340 93 542 141 49 101 239 526 592 568 200 579 644 
88 176 156 543 337 237 222 194 439 379 251 383 391 459 407 106 315 518 85 427 631 7 670 
3 26 65 77 224 102 276 457 260 91 13 445 82 62 67 88 518 101 250 526 644 
3 26 65 77 224 102 276 457 260 91 13 445 82 62 67 88 518 101 250 526 644 
