2 11 161 45 10 66 561 267 542 484 452 367 433 239 558 559 250 275 120 430 644 
2 11 45 243 509 250 389 337 85 180 120 433 239 185 277 367 48 637 194 255 644 
2 11 45 66 509 256 389 265 367 275 309 515 120 558 518 234 508 297 62 579 644 
194 255 234 99 161 339 367 430 160 100 484 389 139 239 246 372 53 275 185 277 264 175 644 
11 234 45 194 250 339 367 430 160 100 484 389 161 53 275 185 120 34 43 253 644 
194 48 561 425 100 185 637 264 85 640 367 508 228 37 330 484 87 479 433 180 250 447 644 
557 255 161 100 250 425 185 367 275 34 43 389 246 450 430 637 120 234 277 239 297 264 644 
194 255 43 161 100 250 53 367 275 185 277 389 246 450 430 637 120 433 239 264 644 
194 255 161 100 250 389 425 185 367 518 58 275 34 43 120 234 277 239 297 430 644 
194 255 234 99 161 339 367 430 160 100 484 433 239 389 246 372 53 275 185 277 644 
2 11 25 45 66 452 367 561 513 542 508 62 518 65 297 88 558 601 197 579 644 
194 255 234 99 161 339 367 430 160 100 484 389 433 239 246 372 53 275 185 277 264 175 644 
194 255 43 310 100 250 53 337 85 180 120 433 239 367 275 185 277 389 246 450 644 
2 11 161 45 66 452 561 287 85 267 100 471 367 180 120 433 239 224 484 194 644 
2 11 25 45 66 452 367 561 267 542 508 62 518 65 297 88 558 601 197 579 644 
2 11 25 45 105 66 452 367 561 267 542 433 239 558 506 601 508 297 296 579 644 
2 11 45 10 66 250 389 265 367 275 34 43 120 185 277 32 85 180 433 239 644 
2 11 161 45 10 66 452 367 561 267 542 433 239 558 559 250 275 120 430 34 644 
2 11 45 66 243 509 250 389 337 85 180 120 433 239 367 48 185 637 194 255 644 
194 255 234 99 161 339 367 430 160 100 484 433 239 389 246 372 53 275 185 277 644 
2 11 25 545 45 44 57 66 102 195 60 225 65 62 189 367 414 146 77 579 644 
2 11 45 243 509 250 389 337 85 180 120 433 239 367 48 185 637 194 255 234 644 
2 11 161 45 66 452 561 267 100 471 287 367 601 508 255 239 297 180 120 542 644 
194 255 161 455 53 250 389 185 561 471 287 367 180 120 239 34 43 267 498 234 644 
194 43 250 367 275 185 277 246 100 267 542 255 161 53 389 262 234 615 120 484 644 
194 255 234 99 161 339 367 430 160 100 484 389 246 372 53 275 185 277 279 637 264 175 644 
2 11 161 45 100 250 389 287 367 48 120 605 37 162 185 637 264 508 484 640 644 
194 255 161 100 250 389 425 185 367 275 34 43 120 234 277 239 297 430 637 264 644 
194 48 561 425 100 185 637 264 85 640 367 508 479 384 389 37 330 373 87 69 655 
194 255 234 99 161 339 367 430 160 100 484 389 246 372 53 275 185 277 450 637 264 175 644 
2 11 25 45 66 452 367 561 267 198 558 518 601 508 433 239 297 296 579 161 644 
2 11 25 45 66 452 367 328 271 250 161 346 281 120 87 508 65 493 77 579 644 
194 255 161 455 250 389 53 185 561 471 287 367 180 120 239 34 43 267 498 234 644 
2 11 25 45 66 452 367 561 267 542 508 302 518 65 297 3 558 601 197 579 644 
2 11 45 66 452 367 267 194 640 100 250 255 161 53 389 262 234 615 120 605 644 
194 255 234 43 161 250 53 367 275 185 277 389 246 100 267 542 484 445 518 153 126 605 644 
11 234 161 45 194 188 389 287 85 180 120 433 239 162 447 252 430 185 367 250 644 
2 11 25 44 45 66 57 367 267 100 3 85 62 518 65 431 632 493 522 579 644 
2 11 45 66 452 367 267 558 601 518 362 561 65 508 297 296 542 484 194 579 644 
2 11 45 250 588 510 389 367 482 100 471 275 234 74 120 605 37 247 34 43 644 
194 255 234 43 161 100 250 53 367 275 185 277 389 246 450 430 637 264 175 561 644 
194 43 250 339 367 430 160 100 484 389 246 425 637 264 85 87 479 48 640 330 561 185 644 
11 234 45 194 250 339 367 430 160 100 484 389 161 53 275 185 120 34 43 253 644 
2 11 45 66 452 367 561 267 542 484 445 518 153 234 447 601 508 297 296 579 644 
2 6 161 45 66 559 250 389 100 471 287 367 180 120 239 34 43 518 234 433 644 
194 255 43 161 100 250 53 367 275 185 277 389 246 450 430 637 264 175 234 561 126 605 644 
2 11 45 247 10 281 367 180 120 433 239 234 509 318 100 250 389 275 34 43 644 
11 234 161 45 194 188 389 287 85 180 120 433 239 162 447 252 430 185 367 250 644 
2 11 25 45 328 271 250 66 518 100 281 120 367 87 508 65 493 77 579 431 644 
194 11 640 45 100 250 255 161 53 389 367 262 234 615 120 605 37 430 34 43 644 
194 255 43 161 100 250 53 367 275 185 277 389 246 450 430 637 264 175 234 561 126 605 644 
2 11 45 66 346 367 561 267 542 484 558 518 601 508 433 239 297 296 579 161 644 
194 48 561 425 100 185 637 264 85 640 367 508 228 37 330 484 87 479 433 180 250 447 644 
11 234 161 45 194 100 250 389 120 34 43 253 367 275 310 313 37 162 185 119 644 
2 11 45 10 66 250 389 265 367 275 185 277 32 43 85 180 120 433 239 162 644 
11 234 161 45 194 100 250 389 120 34 43 253 367 275 310 313 37 162 185 119 644 
2 11 25 545 45 44 57 66 102 195 60 225 65 62 189 367 414 493 77 579 644 
194 425 43 85 250 339 367 430 160 100 484 389 246 48 640 330 561 185 637 264 508 37 644 
194 255 43 161 100 250 389 53 367 275 185 277 430 637 264 175 234 561 126 605 644 
194 11 640 45 100 250 255 161 53 389 367 262 234 615 120 605 37 430 34 43 644 
2 11 640 45 252 250 389 367 275 120 605 518 234 37 162 48 561 425 185 155 644 
2 11 25 545 45 44 57 66 102 435 60 225 65 62 189 367 414 493 77 579 644 
2 11 25 45 66 452 328 10 250 161 100 281 120 367 87 125 65 493 77 579 644 
2 11 45 66 452 367 267 542 484 558 601 518 234 561 65 508 297 296 579 161 644 
194 48 561 425 100 185 637 264 85 640 367 508 479 384 389 37 330 373 87 69 655 
2 11 25 45 66 161 449 328 10 281 120 367 558 87 508 260 513 297 77 579 644 
2 11 45 328 10 250 389 367 275 234 518 120 605 37 247 34 43 253 100 185 644 
2 11 45 10 66 250 389 53 367 275 185 277 32 43 85 180 120 433 239 162 644 
2 11 25 45 105 66 452 367 561 267 542 433 239 558 518 601 508 297 296 579 644 
2 11 25 45 66 452 367 561 267 542 508 62 518 65 297 3 558 601 197 579 644 
503 565 425 207 100 243 637 264 253 640 367 87 479 384 180 99 162 561 194 48 655 
2 11 640 45 100 250 389 367 275 120 161 328 180 433 239 34 43 518 234 561 644 
2 11 190 45 66 161 100 328 10 281 120 367 558 87 508 260 513 297 77 579 644 
2 11 161 45 509 318 100 250 389 637 471 287 367 37 162 48 561 425 185 155 644 
2 11 25 44 45 66 57 367 267 100 487 85 62 518 65 431 632 493 77 579 644 
503 565 425 207 100 243 637 264 253 640 367 87 479 384 180 99 162 561 267 430 655 
2 11 45 66 452 367 561 267 542 484 445 518 120 234 447 601 508 297 296 579 644 
2 11 25 44 45 66 57 367 267 100 3 85 62 518 65 431 632 493 522 579 644 
2 11 25 545 45 44 57 66 102 23 60 225 65 62 189 367 414 493 77 579 644 
2 11 25 44 45 66 57 367 267 100 3 85 62 518 65 431 632 493 77 579 644 
2 11 45 243 509 250 389 287 85 180 120 433 239 367 48 185 637 264 309 515 644 
2 11 25 324 161 45 66 100 328 288 281 120 367 65 60 431 632 493 77 579 644 
2 11 25 45 66 452 367 561 267 198 558 518 601 508 297 296 579 161 100 328 644 
2 11 25 45 328 271 250 66 161 100 281 120 367 87 508 65 493 77 579 431 644 
2 11 161 25 45 66 100 328 288 281 120 367 65 60 431 632 493 77 579 615 644 
2 11 25 545 45 44 57 66 102 23 60 225 65 62 189 367 414 493 77 579 644 
2 11 45 250 588 185 389 367 123 518 120 15 161 515 447 252 430 34 43 100 644 
194 48 561 425 100 185 637 264 85 640 367 87 479 384 180 99 83 69 15 508 655 
2 11 25 45 328 10 250 66 161 100 281 120 367 87 508 65 493 77 579 431 644 
194 48 561 425 100 185 637 264 85 640 367 508 389 37 330 484 87 479 433 180 250 447 644 
2 11 45 10 66 161 328 250 367 275 430 34 43 120 395 558 100 518 77 579 644 
2 11 45 66 452 367 561 267 542 484 558 518 601 508 297 296 579 161 100 180 644 
2 11 45 66 509 309 515 367 275 351 558 518 234 561 65 508 297 62 579 605 644 
2 11 161 45 509 318 100 250 389 287 367 637 37 162 48 561 425 185 155 264 644 
194 48 561 425 100 185 637 264 85 640 367 87 479 384 180 99 83 69 15 508 655 
194 48 561 425 100 185 637 264 85 640 367 508 389 37 330 484 87 479 433 180 250 447 644 
2 11 161 45 100 250 389 287 367 48 120 605 37 162 185 637 264 508 484 640 644 
2 11 45 66 509 309 515 367 275 120 558 518 234 508 297 62 579 605 163 162 644 
2 11 25 45 66 161 100 328 10 281 120 367 558 87 508 260 513 297 77 579 644 
2 11 161 45 66 452 367 561 267 542 484 180 194 48 425 640 87 637 264 85 644 
