165 2 6 500 3 45 65 187 615 53 104 367 67 224 513 430 279 141 488 168 644 
23 26 24 365 44 65 453 102 615 53 104 62 367 67 105 513 546 68 558 187 644 
362 544 253 457 518 529 569 593 143 59 235 588 149 483 150 187 501 171 303 338 663 
116 457 544 563 529 569 593 143 59 253 260 301 235 588 149 483 539 139 88 402 663 
23 26 24 25 113 104 44 62 67 558 365 360 102 68 534 580 615 65 513 579 673 
23 26 24 25 14 44 65 54 102 513 53 104 546 62 67 558 365 400 615 579 644 
424 2 6 28 3 45 65 518 615 53 104 67 367 430 105 234 296 168 513 579 644 
23 450 24 44 65 365 381 102 133 53 104 367 615 62 67 105 513 546 266 558 644 
23 26 24 44 425 365 264 133 102 615 53 104 62 367 67 105 513 546 68 558 644 
23 450 24 44 65 365 381 102 133 53 104 367 615 228 67 231 513 546 266 558 644 
23 26 24 25 14 104 44 62 167 65 54 102 513 53 546 558 365 400 615 579 673 
116 457 544 563 529 569 593 143 59 253 235 581 547 483 150 187 260 301 539 139 663 
195 2 379 6 61 3 45 65 365 53 140 367 519 430 541 563 168 104 615 381 644 
23 26 24 44 615 376 65 102 133 53 104 546 140 58 276 68 254 513 148 558 644 
594 569 12 566 484 14 547 88 402 100 367 115 198 146 59 309 369 291 10 362 143 77 586 671 
23 26 24 44 615 376 65 102 133 53 104 513 546 148 58 276 68 254 558 67 644 
23 450 24 557 65 365 381 102 133 53 104 615 62 367 67 231 513 546 68 558 644 
379 2 6 146 11 45 65 31 53 140 104 62 367 67 105 430 176 563 359 615 644 
23 26 24 25 14 104 44 62 67 558 365 360 102 615 65 430 58 77 513 579 644 
424 2 6 365 3 45 65 187 615 53 104 367 67 105 234 168 430 130 563 488 644 
23 450 24 44 65 365 381 102 133 53 104 367 615 62 67 231 513 546 266 558 644 
23 26 24 44 615 376 65 337 102 513 53 104 546 140 58 276 68 254 148 558 644 
23 26 24 25 14 104 44 62 67 65 54 102 513 53 546 558 365 400 615 579 673 
116 457 544 563 529 569 593 143 59 235 588 149 483 150 187 501 171 232 338 253 663 
379 2 6 146 3 45 65 31 53 140 367 67 430 176 563 359 615 488 168 104 644 
594 569 12 566 224 303 484 490 578 88 402 59 100 547 335 104 198 226 207 384 586 642 600 671 
23 26 24 25 14 44 65 54 102 513 53 104 546 62 67 558 365 400 615 579 644 
594 569 12 566 14 303 484 490 419 88 402 59 100 547 335 104 198 226 362 384 586 642 600 671 
23 26 24 25 14 104 44 62 67 558 365 360 102 615 65 430 58 77 513 579 644 
23 26 24 25 14 104 44 62 67 558 442 360 102 615 65 513 579 133 68 580 673 
23 26 24 365 44 65 453 102 615 53 104 62 367 67 105 513 546 68 558 187 644 
260 569 12 566 563 195 234 338 539 490 81 409 88 402 59 309 369 291 10 473 506 169 586 671 
23 26 24 44 615 376 65 102 133 53 104 546 140 58 276 68 254 513 148 558 644 
23 453 24 44 365 65 54 102 615 53 104 62 367 303 231 105 513 546 68 558 644 
594 569 12 377 484 14 547 88 402 100 367 115 515 146 59 309 369 362 143 77 586 201 624 671 
23 26 24 44 615 376 65 102 133 53 104 546 140 58 276 68 254 513 62 558 644 
23 453 24 44 298 65 54 102 615 53 104 62 367 67 231 513 546 68 558 580 644 
23 450 24 44 365 65 133 102 615 140 367 53 104 62 67 231 513 546 68 558 644 
23 201 24 44 425 65 54 102 615 53 104 62 367 67 231 105 513 546 68 558 644 
594 569 12 377 484 14 547 100 367 115 515 146 88 402 59 309 369 362 143 77 586 201 624 671 
23 26 12 25 53 44 65 133 102 615 104 62 67 68 534 580 58 77 549 558 673 
195 2 6 28 3 45 65 187 615 53 104 367 67 105 563 276 432 513 489 168 644 
23 26 24 44 615 376 65 102 133 53 104 546 140 58 276 68 254 513 62 558 644 
594 569 12 566 224 303 484 490 578 88 402 59 100 547 335 104 198 226 362 384 586 642 600 671 
424 2 6 365 3 45 65 187 615 53 165 500 426 533 104 367 619 105 234 168 644 
594 569 12 566 224 303 484 490 578 88 402 59 100 547 335 104 198 226 362 384 586 642 600 671 
23 2 6 28 3 45 65 31 615 53 104 367 67 563 513 430 58 77 141 488 644 
23 201 24 44 425 65 54 102 615 53 104 62 367 67 231 105 513 546 68 558 644 
165 2 6 500 426 45 65 260 615 53 104 367 619 105 234 168 513 430 279 141 644 
379 2 6 61 3 45 65 365 53 140 367 519 430 541 563 168 104 615 381 556 644 
424 2 6 365 3 45 65 187 53 367 105 67 430 130 563 104 615 488 168 234 644 
23 450 24 44 365 65 133 102 615 53 104 62 367 67 231 513 546 68 558 580 644 
594 2 12 566 484 88 402 569 14 547 59 100 367 115 198 146 362 143 77 586 201 624 556 671 
23 450 24 44 65 365 381 102 133 615 53 104 62 367 67 231 513 546 266 558 644 
594 569 12 566 484 14 547 88 402 100 367 115 198 146 59 309 369 291 10 362 143 77 586 671 
594 569 12 377 484 14 547 88 402 59 100 452 115 198 600 10 146 362 143 77 586 201 624 671 
23 2 6 28 3 45 65 31 615 53 104 367 67 563 513 430 58 77 141 488 644 
23 2 6 28 3 45 65 31 615 53 104 367 213 105 513 430 58 77 141 488 644 
23 26 24 365 44 264 133 102 615 53 104 62 367 67 105 513 546 68 558 260 644 
23 26 12 25 53 44 65 133 102 615 104 62 67 68 534 580 58 77 549 558 673 
165 2 6 500 3 45 65 187 615 53 104 367 67 105 513 430 279 141 488 168 644 
165 2 6 500 426 45 65 260 615 53 104 367 619 105 234 168 513 430 279 141 644 
424 2 6 28 3 45 65 615 552 104 367 67 234 105 187 168 513 430 516 77 644 
379 2 6 61 496 45 65 365 615 53 104 140 367 67 430 541 563 168 381 556 644 
424 2 6 28 3 45 65 518 615 53 104 67 367 430 105 234 296 168 513 579 644 
23 450 24 44 65 365 381 102 133 615 53 104 62 367 67 231 513 546 68 558 644 
594 569 260 12 566 563 149 234 338 539 490 117 88 402 59 309 369 291 10 473 506 169 586 671 
23 201 24 44 615 65 365 381 102 53 104 546 67 105 513 430 279 141 471 558 644 
594 2 6 28 3 45 65 587 615 187 53 104 367 67 500 222 430 141 488 168 644 
23 453 24 44 365 65 54 102 615 53 104 62 367 67 231 513 546 68 558 580 644 
116 457 544 563 529 569 593 143 59 235 581 149 483 150 187 253 260 301 539 139 663 
23 450 24 44 365 65 133 102 615 53 104 62 367 67 231 513 546 68 558 580 644 
379 2 6 61 496 45 65 365 140 53 104 367 67 430 541 563 168 615 381 556 644 
23 26 24 365 44 264 133 102 615 53 104 62 367 67 105 513 546 68 558 260 644 
594 569 260 12 566 563 149 234 338 539 490 117 88 402 59 309 369 291 10 473 506 169 586 671 
379 2 6 146 3 45 65 31 53 140 367 67 430 176 563 359 615 488 168 104 644 
379 2 6 61 3 45 65 365 53 140 367 519 430 541 563 168 104 615 381 556 644 
379 2 6 301 3 45 65 31 53 140 367 67 430 462 563 104 615 488 168 381 644 
594 569 12 377 484 14 547 88 402 59 100 452 115 198 600 10 146 362 143 77 586 201 624 671 
424 2 6 28 3 45 65 187 615 53 104 367 67 105 563 276 432 513 489 168 644 
23 26 24 365 44 65 133 102 615 53 104 62 367 67 105 513 546 68 558 580 644 
23 26 24 365 44 65 133 102 615 53 104 62 367 67 105 513 546 68 558 580 644 
23 2 6 28 3 45 65 31 615 53 104 367 67 105 513 430 58 77 141 488 644 
424 2 6 28 3 45 65 187 615 53 104 367 67 105 234 168 513 430 516 77 644 
116 457 544 518 529 569 593 143 59 253 599 301 235 588 149 483 150 187 501 171 663 
165 2 6 500 3 45 65 187 615 53 104 367 67 105 513 430 279 141 488 168 644 
23 2 6 28 3 45 65 187 615 53 104 367 67 105 513 500 430 141 488 168 644 
260 569 12 566 563 195 234 338 539 490 152 88 402 59 309 369 291 81 473 506 169 586 201 671 
23 201 24 44 365 615 65 54 102 513 53 104 546 68 67 558 62 580 58 77 644 
116 457 544 518 529 569 593 143 59 235 588 149 483 150 187 501 171 303 338 253 663 
116 457 544 563 529 569 593 143 59 235 581 149 483 150 187 253 260 301 539 139 663 
23 2 6 28 3 45 65 187 615 53 104 367 67 105 513 430 58 77 141 488 644 
23 201 24 44 365 615 65 54 102 513 53 104 546 68 67 558 62 580 58 77 644 
260 569 12 566 563 195 234 338 539 490 152 88 402 59 309 369 291 81 473 506 169 586 201 671 
116 457 544 563 529 569 593 143 59 235 588 149 483 150 187 501 171 303 338 253 663 
594 569 12 566 14 303 484 490 578 88 402 59 100 547 335 104 112 226 362 384 586 642 143 671 
594 569 12 566 14 303 484 490 578 88 402 59 100 547 335 104 198 226 362 384 586 642 143 671 
116 457 544 563 529 569 593 143 59 253 260 301 235 588 149 483 539 139 88 402 663 
116 457 544 563 529 569 593 143 59 253 260 301 235 588 149 483 539 139 88 402 663 
116 59 253 457 544 563 529 569 260 593 301 235 588 149 483 539 139 88 402 171 663 
