571 99 350 290 582 605 477 293 638 300 184 260 19 544 569 97 277 261 195 508 662 
25 28 2 27 10 57 12 43 66 45 77 307 540 58 60 72 70 465 642 578 662 
25 28 2 27 10 45 57 12 58 60 578 77 81 55 591 70 465 16 138 642 662 
25 2 27 10 45 57 12 4 66 28 58 60 72 70 465 240 411 67 90 617 673 
19 571 2 462 10 45 141 12 505 350 290 77 374 55 591 16 138 642 99 235 662 
25 418 2 27 10 45 484 12 58 60 578 77 81 55 591 138 565 16 642 19 662 
571 350 19 290 638 300 243 462 7 508 225 629 442 544 184 149 591 642 55 569 662 
25 28 2 27 10 45 57 12 58 60 85 63 72 70 465 363 411 375 90 550 673 
571 19 638 59 605 477 55 422 261 290 300 243 9 7 508 591 350 225 629 442 662 
19 571 2 142 582 605 477 261 422 7 17 55 154 442 58 591 350 638 642 462 662 
25 28 2 27 10 45 57 12 58 60 4 72 70 465 363 411 375 90 270 550 673 
571 99 290 142 582 605 477 261 422 7 17 55 154 442 58 591 350 638 642 508 662 
99 19 350 2 200 7 508 117 12 172 383 272 341 81 442 58 60 569 482 642 662 
571 99 350 290 582 605 477 293 638 300 544 7 184 260 19 569 97 277 261 195 662 
19 571 2 462 10 204 141 290 7 12 505 350 77 374 55 591 16 138 642 99 662 
571 350 19 638 582 605 477 55 422 261 290 300 243 9 7 508 225 629 442 544 662 
571 99 350 290 582 605 477 293 638 300 184 260 55 261 544 7 508 225 569 442 662 
571 99 350 290 638 582 605 477 55 261 544 7 508 569 116 442 188 472 16 117 662 
571 99 19 585 10 80 395 537 45 638 7 508 12 81 591 138 565 16 642 442 662 
571 99 19 124 10 80 395 537 45 638 7 508 12 81 442 58 582 106 591 225 662 
25 225 2 27 10 45 57 12 58 60 4 72 70 465 363 411 375 90 525 550 673 
25 225 2 27 10 45 57 12 58 60 4 72 70 465 363 411 375 90 525 550 673 
25 28 2 27 10 45 57 12 58 60 4 72 70 465 363 411 375 90 84 550 673 
25 28 2 27 10 45 57 12 58 60 4 72 70 465 363 411 375 90 84 550 673 
25 28 2 27 10 45 57 12 58 60 4 72 70 465 363 411 375 90 84 550 673 
25 28 2 27 10 45 57 12 58 60 4 72 70 465 363 411 375 90 84 550 673 
25 28 2 27 10 45 57 12 58 60 4 72 70 465 363 411 375 90 84 550 673 
25 28 2 27 10 45 57 12 58 60 4 72 70 465 363 411 375 90 84 550 673 
25 28 2 27 10 45 57 12 58 60 4 72 70 465 363 411 375 90 84 550 673 
25 28 2 27 10 45 57 12 58 60 4 72 70 465 363 411 375 90 84 550 673 
25 28 2 27 10 45 57 12 58 60 4 72 544 465 363 411 375 90 84 550 673 
25 28 2 27 10 45 57 12 58 60 4 72 544 465 363 411 312 90 84 550 673 
25 28 2 27 10 45 57 12 58 60 4 72 544 465 363 411 312 90 84 550 673 
25 28 2 27 10 45 57 12 58 60 4 72 70 465 240 411 67 90 617 77 673 
25 28 2 27 10 45 57 12 58 60 4 72 70 465 240 411 67 90 617 77 673 
25 28 2 27 10 45 57 12 58 60 4 72 70 465 240 411 67 90 617 77 673 
25 28 2 27 10 45 57 12 58 60 4 72 70 465 240 411 67 90 617 77 673 
25 28 2 27 10 45 57 12 58 60 4 72 70 465 240 411 67 90 617 77 673 
25 28 2 27 10 45 57 12 58 60 4 72 70 465 240 411 67 90 617 77 673 
25 28 2 27 10 45 57 12 58 60 4 72 70 465 240 411 67 90 617 77 673 
25 28 2 27 10 45 57 12 58 60 4 72 70 465 240 411 67 90 617 77 673 
25 28 2 27 10 45 57 12 58 60 4 72 70 465 240 411 67 90 617 77 673 
25 28 2 27 10 45 57 12 58 60 4 72 70 465 240 411 67 90 617 77 673 
25 28 2 27 10 45 57 12 58 60 4 72 70 465 240 411 67 90 617 77 673 
25 28 2 27 10 45 57 12 58 60 4 72 70 465 240 411 67 90 617 77 673 
25 28 2 27 10 45 57 12 58 60 4 72 70 465 240 411 67 90 617 77 673 
25 28 2 27 10 45 57 12 58 60 4 72 70 465 240 411 67 90 617 77 673 
25 28 2 27 10 45 57 12 58 60 4 72 70 465 240 411 67 90 617 77 673 
25 28 2 27 10 45 57 12 58 60 4 72 70 465 240 411 67 90 617 77 673 
25 2 27 10 45 57 12 4 66 28 58 60 77 31 70 617 285 197 465 642 673 
25 2 27 10 45 57 12 4 66 28 58 60 77 31 70 617 285 197 465 642 673 
19 571 2 585 10 462 45 141 12 505 350 290 77 374 55 591 16 138 250 99 662 
19 571 2 462 10 45 141 12 505 350 290 77 374 585 55 591 16 138 250 99 662 
19 571 2 462 10 45 141 12 505 350 290 77 374 585 330 591 16 138 250 99 662 
571 99 19 569 582 477 235 605 10 45 638 117 12 537 58 60 246 474 138 642 662 
618 99 19 569 582 477 235 605 10 45 638 117 12 537 58 60 246 474 138 642 662 
571 99 19 569 582 477 235 605 10 45 638 117 12 537 58 60 246 474 138 642 662 
618 99 19 569 582 477 235 605 10 45 638 117 12 537 58 60 246 474 138 642 662 
99 19 350 2 571 569 462 290 7 235 605 117 12 537 58 60 565 16 138 642 662 
99 19 350 2 571 569 462 290 7 235 605 117 12 537 58 60 565 16 138 642 662 
99 19 350 2 571 569 462 290 7 235 117 12 537 605 58 60 565 16 138 642 662 
19 99 350 290 2 571 256 462 7 235 605 117 12 537 58 60 565 16 138 642 662 
99 19 350 2 571 569 462 290 7 235 605 117 12 537 58 60 565 16 138 642 662 
99 19 350 2 571 569 462 290 7 235 117 12 537 605 58 60 565 16 138 642 662 
99 19 350 2 571 569 462 290 7 235 117 12 537 605 58 60 565 16 138 642 662 
571 99 19 638 582 605 477 235 12 138 472 537 81 442 58 60 569 482 117 642 662 
415 99 19 638 582 605 477 235 12 138 472 537 81 442 58 60 569 482 117 642 662 
571 343 19 638 582 605 477 235 12 138 472 537 81 442 58 60 569 482 117 642 662 
415 99 19 638 582 605 477 235 12 138 472 537 81 442 58 60 569 482 117 642 662 
312 99 19 569 582 477 235 638 605 12 138 472 537 81 442 58 60 482 117 642 662 
571 99 19 638 582 605 477 235 12 138 472 537 81 442 58 60 569 482 117 642 662 
415 99 530 638 582 605 477 235 12 138 472 537 81 442 58 60 569 482 117 642 662 
571 122 19 462 290 235 605 117 12 262 58 7 508 569 116 60 246 16 138 642 662 
571 122 19 462 290 235 605 117 12 262 58 7 508 569 116 60 246 16 138 642 662 
571 122 19 462 290 235 605 117 12 262 58 7 508 569 116 60 246 16 138 642 662 
571 99 350 290 638 582 477 605 235 12 32 58 60 275 16 373 569 482 117 642 662 
571 99 350 290 638 582 477 605 235 12 32 58 60 275 16 373 569 482 117 642 662 
571 99 350 290 638 582 477 605 235 12 32 58 60 275 16 373 569 482 117 642 662 
571 99 350 290 638 582 477 605 235 12 32 58 60 275 16 373 569 482 117 642 662 
25 418 2 27 10 45 57 12 58 60 616 77 81 55 591 565 138 642 16 19 662 
25 28 2 27 10 45 57 12 58 60 4 72 70 465 240 411 67 90 617 77 673 
25 225 2 27 10 45 57 12 58 60 4 72 70 465 363 411 375 90 525 550 673 
571 99 350 290 582 605 477 293 638 300 544 7 184 260 19 569 97 277 261 195 662 
25 28 2 27 10 45 57 12 58 60 4 72 70 465 363 411 375 90 84 550 673 
25 28 2 27 10 45 57 12 58 60 4 72 70 465 363 411 375 90 84 550 673 
19 571 2 27 10 45 404 12 505 350 290 77 81 55 591 16 138 642 99 188 662 
25 28 2 27 10 45 57 12 58 60 85 63 72 70 465 363 411 375 90 550 673 
25 28 2 27 10 45 57 12 58 60 4 72 70 465 240 411 67 90 617 77 673 
25 28 2 27 10 45 57 12 58 60 4 72 70 465 240 411 67 90 617 77 673 
25 28 2 27 10 45 57 12 58 60 4 72 70 465 240 411 67 90 617 77 673 
