25 560 60 21 634 6 531 495 79 72 86 557 3 92 30 355 97 18 465 107 652 
284 146 277 356 189 404 254 153 375 310 373 332 32 205 314 371 552 221 326 302 107 45 224 671 
150 607 192 369 262 37 339 170 234 222 399 371 403 147 107 319 266 3 177 378 661 
66 31 2 257 61 77 44 495 643 593 435 8 170 332 573 321 168 524 323 586 662 
643 301 202 575 193 19 467 230 622 480 265 383 122 402 505 574 411 539 55 146 651 
321 35 24 558 562 602 229 119 258 268 643 624 407 635 467 33 28 18 535 391 676 
103 643 355 453 362 19 262 158 67 13 8 642 496 534 290 391 527 131 425 224 665 
263 29 199 339 6 65 146 204 335 643 6 363 464 626 351 595 424 417 347 60 676 
67 195 294 46 120 464 76 257 6 608 166 191 591 367 631 521 321 419 637 105 676 
348 590 454 384 290 151 299 637 594 643 622 364 100 543 468 177 52 639 154 328 97 658 
124 607 643 319 233 343 69 431 442 251 639 213 5 423 412 145 316 618 281 436 671 
24 104 239 643 410 222 60 243 238 637 440 175 74 234 20 58 287 13 559 87 654 
104 293 376 54 276 70 643 75 396 202 311 436 336 74 30 90 229 487 122 374 676 
386 643 28 13 373 450 263 66 207 568 302 629 590 342 180 314 233 74 439 208 654 
105 6 409 24 29 234 237 545 140 643 614 66 451 80 437 379 262 626 464 133 676 
589 643 463 247 420 381 75 45 209 16 234 623 241 96 278 257 448 484 255 155 81 676 
130 131 70 40 140 128 141 6 170 347 358 123 13 326 274 45 624 524 205 389 676 
121 21 70 35 83 51 613 458 36 639 550 121 324 380 453 254 77 32 365 635 676 
10 123 418 28 362 405 447 643 412 126 209 107 591 588 392 38 216 285 436 266 671 
41 213 224 594 518 376 116 591 273 445 391 117 375 345 508 4 175 141 503 58 109 662 
643 374 413 484 121 445 441 340 305 198 356 253 399 415 126 122 7 338 314 429 668 
58 89 80 215 126 13 327 117 47 396 463 523 66 558 80 381 549 526 299 162 676 
7 149 62 145 519 99 337 206 272 52 643 457 333 303 115 51 274 114 97 642 662 
21 239 19 44 643 53 241 226 135 217 517 304 444 72 77 290 76 52 572 73 676 
174 204 41 235 7 289 153 477 151 49 540 248 79 112 20 186 338 4 306 141 9 671 
