1 23 490 25 562 14 436 24 62 530 35 54 72 44 465 88 521 99 523 626 647 
122 491 547 536 260 59 569 108 574 112 183 633 163 153 599 424 116 511 237 232 566 658 
122 491 547 536 260 59 569 108 574 112 183 633 163 153 599 424 116 511 237 232 566 658 
1 23 490 25 562 14 436 24 62 530 35 54 72 44 465 88 521 99 523 626 647 
419 4 23 25 27 201 569 108 574 594 318 66 35 44 31 240 52 465 88 521 99 644 
4 261 1 23 25 27 562 490 14 436 24 212 530 35 54 44 465 88 58 521 652 
419 4 23 25 27 562 594 66 318 44 35 31 240 52 239 211 521 189 85 615 644 
1 23 25 14 27 536 562 501 302 62 530 35 54 58 44 465 88 521 99 523 652 
1 23 25 27 562 490 14 436 24 62 530 35 54 44 465 88 58 521 99 523 652 
122 491 143 208 547 536 260 59 569 108 574 112 183 633 163 153 599 424 116 511 658 
122 491 547 536 59 569 260 575 108 277 422 248 232 112 281 58 97 187 185 31 183 662 
419 4 23 25 27 562 594 66 318 44 35 31 240 52 239 211 85 615 465 160 644 
4 25 143 162 27 277 562 519 594 66 112 232 247 541 44 211 240 233 615 445 644 
107 4 156 27 536 562 594 112 62 174 35 66 318 487 516 247 31 240 233 615 644 
1 23 490 25 562 14 436 24 62 530 35 54 72 44 465 88 521 189 523 626 652 
107 4 156 27 536 562 594 112 66 318 71 487 516 247 31 240 233 615 146 620 644 
1 23 490 25 562 14 85 24 62 51 35 54 72 44 465 88 521 99 523 626 647 
419 4 23 25 27 562 594 160 44 489 247 240 538 412 168 58 66 31 616 615 644 
1 23 25 27 562 14 436 302 62 530 35 54 58 72 44 465 88 521 99 523 652 
122 491 547 536 59 569 260 277 422 112 232 281 58 97 187 185 108 574 183 633 662 
574 4 25 27 562 143 536 594 66 35 247 54 318 44 58 617 240 233 615 465 644 
630 569 228 42 562 594 280 12 491 260 277 281 58 97 187 185 31 450 38 60 662 
419 4 335 25 27 562 536 594 318 44 160 35 247 240 538 412 66 31 616 615 644 
42 58 491 569 536 575 247 166 558 556 428 59 541 53 12 17 566 499 81 185 644 
1 23 490 25 8 14 436 24 62 530 35 54 312 44 465 88 521 99 523 626 652 
122 108 547 536 59 569 260 277 50 112 232 281 58 491 615 468 97 51 185 31 183 662 
1 23 490 25 8 14 436 24 62 530 35 54 312 44 465 88 521 99 523 626 652 
107 4 156 27 536 562 594 112 66 318 71 487 516 247 31 240 233 615 146 459 644 
4 261 574 401 27 562 73 594 318 44 35 66 143 162 31 240 616 615 482 536 644 
1 23 25 27 562 490 14 436 24 62 530 35 601 72 44 465 88 521 99 523 647 
1 23 25 27 507 62 490 14 436 24 530 35 54 72 44 465 88 521 99 523 647 
419 4 23 25 27 562 594 66 318 44 35 31 240 52 239 211 85 615 465 160 644 
630 569 217 167 536 562 594 280 491 260 277 20 210 31 2 12 60 281 58 615 662 
419 4 23 25 27 201 569 108 574 594 318 66 35 44 31 240 52 465 88 521 99 644 
4 261 143 27 536 562 594 160 44 35 247 240 538 412 66 31 616 615 515 318 644 
419 4 23 25 27 562 174 66 318 44 35 31 240 52 239 281 58 211 85 615 644 
630 217 167 536 594 210 50 112 445 232 12 293 260 277 365 281 58 97 187 185 31 662 
4 574 143 162 27 536 562 482 490 594 240 538 412 66 31 616 615 515 630 491 644 
122 491 547 536 59 569 260 575 108 277 422 248 97 2 112 232 281 58 12 60 187 662 
563 4 249 536 562 490 59 569 556 247 12 491 260 277 281 58 615 187 185 31 662 
419 4 23 25 27 562 594 160 44 489 247 240 538 412 168 58 66 31 616 615 644 
122 491 283 59 569 422 302 562 594 280 12 260 277 348 112 232 281 58 353 187 185 662 
122 108 547 536 59 569 260 277 50 112 232 281 58 491 615 468 97 187 185 31 662 
4 261 143 27 227 562 594 112 459 247 240 249 281 58 97 412 187 243 615 367 644 
4 574 143 260 536 575 162 27 562 482 490 594 240 538 412 66 31 616 615 515 644 
419 4 23 25 27 562 594 160 44 35 247 240 538 412 66 31 616 615 515 318 644 
4 261 143 574 25 27 562 73 536 594 318 35 66 162 44 211 240 31 616 615 644 
107 4 156 27 536 562 594 112 66 318 35 487 516 247 31 240 233 615 146 459 644 
574 4 25 27 562 143 536 594 66 35 247 54 318 44 58 617 240 233 615 465 644 
1 23 490 25 562 14 436 302 62 530 35 54 58 44 465 88 521 99 523 626 652 
419 4 335 25 27 562 536 594 318 44 160 35 247 240 538 412 66 31 616 615 644 
4 261 143 27 227 562 594 112 459 247 240 249 281 58 97 412 187 243 615 468 31 644 
4 574 27 536 562 594 66 44 490 235 412 515 143 162 31 153 599 240 616 615 644 
630 569 228 42 562 594 280 12 491 277 281 145 260 58 97 187 185 31 450 38 60 662 
1 23 490 25 562 14 436 24 62 530 35 54 58 44 465 88 521 99 523 626 647 
1 23 490 25 562 14 436 302 62 530 35 54 58 44 465 88 521 99 523 626 652 
1 23 490 25 562 14 436 24 62 530 35 54 72 44 465 88 521 189 523 626 652 
1 23 490 25 8 14 436 24 62 530 35 54 312 44 465 88 521 99 523 626 647 
4 261 143 574 25 27 562 73 536 594 318 35 66 162 44 211 240 31 616 615 644 
4 25 143 162 27 536 562 519 594 66 112 232 247 541 44 211 240 233 615 445 644 
4 261 143 27 536 562 594 112 459 247 240 249 412 66 31 425 615 53 169 482 644 
1 23 25 27 507 62 490 14 436 24 530 35 54 72 44 465 88 521 99 523 647 
4 574 27 536 562 594 66 44 490 235 412 515 143 162 31 240 616 615 482 630 644 
4 261 143 27 536 562 594 569 277 160 44 35 247 240 538 412 66 31 616 615 644 
419 4 23 25 27 562 594 160 44 35 247 240 538 412 66 31 616 615 515 318 644 
4 261 143 27 227 562 594 112 459 247 240 249 281 58 97 412 187 243 615 367 644 
1 23 25 27 562 14 436 302 62 530 35 54 58 72 44 465 88 521 99 523 652 
122 491 302 563 562 594 280 12 59 569 260 277 348 112 232 281 58 97 187 185 662 
4 261 473 27 536 562 594 112 459 247 240 249 412 66 31 425 615 53 169 482 644 
419 4 23 25 27 562 594 318 44 52 35 66 143 162 31 240 616 615 482 239 644 
1 23 25 27 562 490 14 436 24 62 530 35 601 72 44 465 88 521 99 523 647 
122 547 536 268 569 422 112 490 445 232 12 293 260 277 281 58 615 468 97 185 31 662 
122 491 547 468 59 569 260 575 108 277 422 248 232 112 281 58 97 187 185 31 183 662 
630 569 228 42 562 594 280 12 491 277 281 145 260 58 97 187 185 31 450 38 60 662 
122 491 547 536 260 108 59 569 277 422 81 232 58 97 2 12 60 281 187 185 662 
42 58 246 569 536 575 247 166 558 556 428 59 541 53 12 17 566 499 81 185 644 
630 569 217 167 536 594 562 482 280 491 260 277 20 210 31 2 12 60 281 58 662 
630 569 217 167 536 562 594 280 491 260 277 20 210 31 2 12 60 281 58 419 662 
563 4 249 536 562 490 59 569 556 247 12 491 260 277 281 58 615 187 185 31 662 
122 547 536 59 569 422 112 232 12 491 260 277 281 58 615 187 97 185 31 108 662 
4 261 143 27 227 562 594 112 459 247 240 249 281 58 97 412 187 243 615 468 644 
630 569 217 167 536 562 594 280 491 260 277 20 210 31 2 12 60 281 58 615 662 
4 261 143 27 536 562 594 160 621 35 247 240 538 412 66 31 616 615 515 318 644 
122 547 536 59 569 422 112 490 445 232 12 293 260 277 281 58 615 468 97 185 31 662 
122 491 536 59 569 422 302 562 594 280 12 260 277 348 112 232 281 58 353 187 185 662 
122 547 536 59 569 422 112 232 12 491 260 277 281 58 615 187 97 185 31 108 662 
122 491 547 536 59 569 260 575 108 277 422 248 97 2 112 232 281 58 12 60 187 662 
122 491 302 563 562 594 280 12 59 569 260 277 348 112 97 232 281 58 187 185 662 
4 261 143 574 25 27 562 73 536 594 318 44 35 66 162 31 240 616 615 379 644 
4 261 143 27 227 562 594 112 459 247 240 249 281 58 97 412 187 243 615 367 31 644 
4 261 143 27 536 562 594 160 621 35 247 240 538 412 66 31 616 615 515 318 644 
122 108 547 536 59 569 260 277 50 112 232 281 491 187 185 58 615 468 97 31 662 
4 574 25 27 562 73 536 594 318 44 35 66 143 162 31 240 616 615 482 185 644 
4 261 143 27 227 562 594 112 459 328 240 249 281 58 97 412 187 243 615 468 644 
630 217 167 536 594 569 260 277 50 112 232 365 281 58 97 187 185 31 615 562 482 662 
4 261 143 27 227 562 594 112 459 247 240 249 281 58 97 412 187 243 615 468 31 644 
419 4 23 25 27 562 594 318 44 52 35 66 143 414 31 240 616 615 482 239 644 
122 491 547 536 260 108 59 569 277 422 81 232 58 97 2 12 60 281 187 185 662 
4 574 25 27 562 73 536 388 318 44 35 66 143 162 482 490 53 240 616 615 644 
4 261 574 25 27 562 73 594 318 44 35 66 143 162 31 240 616 615 482 536 644 
