606 87 318 528 566 385 129 498 158 196 163 392 232 79 37 219 18 99 128 191 16 654 
24 181 36 432 104 66 458 321 416 498 239 320 134 503 466 294 513 79 546 559 646 
606 337 185 201 16 498 49 163 129 318 59 292 79 158 207 479 290 385 584 566 383 654 
66 337 104 384 439 460 130 239 320 79 546 123 513 59 389 556 129 558 424 559 654 
24 181 36 432 104 66 458 321 416 498 239 320 134 503 576 294 513 79 546 559 646 
337 384 511 460 104 169 458 239 129 320 59 123 513 389 79 546 556 558 424 559 654 
606 337 104 163 498 158 290 50 162 16 239 320 513 536 87 318 418 79 129 558 559 654 
606 515 104 418 566 577 16 239 320 59 385 228 513 536 479 546 79 129 558 559 654 
606 337 104 418 566 577 163 498 158 290 50 162 16 239 87 318 79 129 558 559 654 
66 24 163 203 123 37 239 513 512 104 79 546 615 548 556 332 178 558 424 559 654 
606 337 371 163 498 158 290 50 162 16 239 320 185 203 59 196 201 49 318 129 416 654 
606 337 104 163 498 158 290 50 162 16 239 129 201 49 318 59 385 584 533 79 402 654 
606 337 104 163 498 158 290 50 162 16 239 129 201 49 318 59 185 385 584 533 79 654 
606 337 371 104 203 16 239 320 59 196 163 201 49 318 129 498 416 158 290 336 558 654 
569 87 104 163 320 123 239 16 129 513 59 498 509 416 37 219 158 290 336 558 342 654 
606 337 104 163 498 158 290 50 162 16 239 201 513 536 479 546 79 129 558 49 654 
606 337 371 104 577 16 239 320 59 201 49 318 129 498 416 158 290 336 558 566 654 
4 87 16 104 129 49 498 318 201 6 533 584 219 79 37 239 240 123 207 615 654 
606 337 185 201 16 498 49 163 129 318 59 385 584 533 79 158 290 402 162 239 654 
606 337 185 201 16 498 49 163 129 318 59 292 79 515 104 248 566 577 239 320 654 
24 181 36 432 104 66 321 239 320 530 498 79 134 548 466 211 513 558 153 559 646 
24 181 36 432 104 66 321 239 320 530 498 79 134 548 466 211 513 558 153 559 646 
66 24 163 239 203 123 513 512 104 79 546 615 110 9 556 332 500 558 424 559 646 
66 24 163 239 203 123 513 512 104 79 546 615 110 9 556 332 500 558 424 559 646 
66 24 163 239 203 123 513 512 104 79 546 615 110 9 556 332 500 558 424 559 646 
66 24 163 239 203 123 513 512 104 79 546 615 110 9 556 332 500 558 424 559 646 
66 24 163 239 203 123 513 512 104 79 546 615 110 9 556 332 500 558 424 559 646 
66 24 163 239 203 123 513 512 104 79 546 615 110 9 556 332 500 558 424 559 646 
102 24 163 239 203 123 513 512 104 79 546 615 37 9 556 332 500 558 424 559 646 
102 24 163 239 203 123 513 512 104 79 546 615 37 9 556 332 500 558 424 559 646 
102 24 163 239 203 123 513 512 104 79 546 615 37 9 556 332 500 558 424 559 646 
102 24 297 239 203 123 513 512 104 79 546 615 37 9 556 332 500 558 424 559 646 
66 337 104 163 439 460 71 239 157 123 513 59 389 546 240 558 570 479 16 559 654 
66 337 104 163 439 460 71 239 157 123 513 59 389 546 240 558 570 479 16 559 654 
66 337 104 163 439 460 71 239 157 123 513 59 389 546 240 558 570 224 16 559 654 
606 337 104 418 515 566 577 16 239 320 59 385 228 513 536 479 546 79 129 558 559 654 
606 515 104 418 566 477 320 59 385 16 239 129 201 228 513 536 479 546 79 558 559 654 
606 515 104 418 566 477 320 59 385 16 239 129 201 228 513 536 479 546 79 558 559 654 
606 337 104 293 515 566 577 239 59 385 16 320 228 513 536 479 546 79 129 558 559 654 
606 337 104 293 515 100 577 239 59 385 16 320 228 513 536 479 546 79 129 558 559 654 
606 515 104 418 566 577 16 239 320 123 513 530 385 37 536 479 546 79 129 558 654 
606 515 104 418 566 577 16 239 320 123 513 530 385 37 536 479 546 79 129 558 654 
569 87 104 163 320 123 239 16 129 513 59 498 460 416 430 103 37 158 546 559 290 654 
569 87 104 163 320 123 239 16 129 513 59 498 460 416 430 103 37 158 546 559 290 654 
569 87 104 163 320 123 239 16 129 513 59 357 460 416 430 103 37 158 546 559 290 654 
569 87 104 163 16 129 37 239 320 123 513 59 498 460 416 158 290 336 558 485 654 
569 87 104 163 16 129 37 239 320 123 513 59 498 460 416 158 290 336 558 485 654 
569 87 104 163 460 37 239 320 123 16 129 513 59 498 416 219 158 290 336 558 654 
569 87 104 163 320 123 239 16 129 513 59 498 460 37 416 158 290 336 558 485 654 
606 87 104 163 320 337 418 566 577 498 158 290 50 162 16 239 318 79 129 558 559 654 
606 87 104 163 320 337 418 566 577 498 158 290 50 162 16 239 318 79 129 558 559 654 
606 337 104 418 158 290 50 162 566 577 163 498 182 239 87 318 79 129 558 559 533 654 
606 87 104 163 320 337 418 566 577 498 158 290 50 162 16 239 318 121 129 558 559 654 
569 123 104 163 320 337 418 566 577 439 545 37 239 16 129 498 416 158 290 336 558 654 
569 123 104 163 320 337 418 566 577 439 545 37 239 16 129 498 416 158 290 336 558 654 
606 337 185 201 16 498 49 163 129 318 569 87 104 103 37 385 320 301 239 123 654 
455 337 104 163 320 123 239 290 50 162 201 49 318 498 416 219 158 59 185 385 654 
606 337 104 163 320 123 239 498 158 290 50 162 16 129 201 49 318 59 185 385 584 654 
606 337 104 163 320 123 239 498 158 290 50 162 187 129 201 49 318 59 185 385 584 654 
606 337 104 163 320 123 239 498 158 290 50 162 187 16 129 201 49 318 59 185 385 654 
606 337 104 498 158 123 163 533 439 278 37 185 16 129 239 201 49 318 59 292 79 654 
455 337 104 163 320 123 239 498 158 290 50 162 201 49 318 59 185 385 584 187 16 654 
66 24 163 239 300 123 513 512 104 79 546 571 37 548 556 332 500 558 424 559 646 
606 337 104 418 158 290 50 162 566 577 163 498 182 239 87 318 79 129 558 559 533 654 
24 181 36 432 104 66 321 239 320 530 498 79 134 548 466 211 513 558 163 203 646 
606 337 104 123 163 533 130 239 16 129 498 416 158 290 336 558 439 278 37 185 654 
24 181 36 432 104 66 458 321 416 498 239 320 134 503 576 294 513 79 546 559 646 
606 515 104 418 566 477 320 59 385 16 239 129 201 228 513 536 479 546 79 558 559 654 
102 24 163 239 203 123 513 512 104 79 546 615 112 9 556 332 500 558 424 559 646 
606 337 104 123 16 498 49 163 129 318 533 130 239 416 158 290 336 558 439 278 654 
606 337 104 163 320 123 239 498 158 290 50 162 187 16 129 201 49 318 59 185 385 654 
606 337 104 163 498 158 290 320 123 239 50 210 187 16 129 201 49 318 59 185 385 654 
606 87 104 163 320 123 239 16 129 513 59 498 460 37 416 158 290 336 558 337 654 
606 337 104 163 320 123 239 16 498 158 290 50 162 187 129 201 49 318 59 185 385 654 
66 337 104 163 439 460 71 239 157 123 513 59 389 546 240 558 570 479 16 559 654 
606 337 104 163 290 50 37 239 498 416 158 162 187 16 129 201 49 318 59 385 584 654 
24 181 36 432 104 66 321 239 320 530 498 79 134 548 466 211 513 558 153 559 646 
569 87 104 163 320 123 239 16 129 513 59 498 509 460 416 430 103 37 158 546 559 654 
102 24 163 239 203 123 513 512 104 79 546 615 112 9 556 332 500 558 424 559 646 
606 337 104 163 498 158 290 50 162 16 239 201 513 536 479 546 79 129 558 49 654 
606 337 104 418 158 566 377 163 498 182 290 50 162 187 129 239 87 318 79 558 559 654 
