260 106 5 196 577 490 146 117 571 304 425 37 421 222 566 125 256 404 224 121 671 
490 582 302 2 14 566 13 314 561 8 45 67 79 77 113 10 121 73 591 624 671 
260 106 5 196 577 356 308 490 366 8 7 448 146 117 571 304 425 37 421 259 671 
490 582 302 2 13 14 356 566 314 8 45 67 19 232 15 16 539 77 121 591 671 
309 23 24 2 25 14 48 553 54 66 104 458 274 32 77 431 83 523 572 627 676 
490 582 302 2 13 14 356 566 314 8 45 67 19 232 15 16 539 384 121 591 671 
309 23 24 2 25 48 76 553 54 66 104 640 274 32 77 87 83 93 239 627 676 
342 23 24 25 325 14 2 54 66 70 77 83 93 390 240 87 466 104 191 493 676 
490 37 421 246 571 16 224 146 117 8 13 404 260 106 514 586 366 591 7 372 671 
309 183 24 2 25 14 48 553 54 66 104 458 274 32 77 431 83 523 572 627 676 
490 37 421 422 404 571 224 146 117 8 7 448 245 631 121 397 591 294 48 586 671 
490 582 231 2 232 356 566 13 8 445 45 174 158 121 81 234 5 586 366 591 671 
260 106 5 196 281 490 366 571 566 304 425 37 421 404 224 146 141 121 81 400 671 
309 183 394 2 25 14 48 553 54 66 104 458 274 32 77 431 83 523 572 627 676 
309 23 24 2 25 14 48 553 54 66 104 458 274 32 77 431 83 261 572 627 676 
309 23 24 2 25 14 54 48 66 77 553 104 458 274 32 431 83 523 572 627 673 
309 23 76 2 25 48 14 553 54 66 104 458 274 606 77 431 83 93 572 627 676 
490 37 421 185 16 571 566 13 8 14 45 224 146 117 404 260 106 5 586 366 671 
196 577 308 490 7 448 356 566 314 8 45 106 117 158 146 541 404 260 5 586 671 
490 582 302 2 14 571 224 146 117 8 13 404 260 106 514 586 366 591 7 37 671 
309 400 160 2 25 48 14 501 66 172 104 458 274 32 77 431 83 93 572 627 676 
490 582 231 543 232 14 356 566 314 8 45 106 117 158 121 125 256 81 591 7 671 
309 23 24 2 25 48 14 371 54 66 104 458 367 32 77 431 83 93 572 627 676 
490 582 231 2 232 356 566 13 8 445 45 106 174 158 121 81 591 125 256 7 671 
490 582 231 2 232 356 566 13 8 14 45 106 174 158 121 125 256 81 591 7 671 
196 577 356 308 490 8 7 448 146 117 541 404 260 106 5 586 366 304 425 37 671 
309 23 24 2 25 14 54 48 66 77 353 104 458 274 397 87 83 93 239 627 676 
309 23 24 2 36 48 14 553 54 66 104 458 274 257 77 431 83 93 572 627 673 
490 37 111 185 13 14 16 571 224 146 117 8 356 326 289 121 81 631 591 7 671 
309 23 24 2 25 48 39 553 54 66 104 458 274 32 77 87 83 93 239 627 676 
309 177 24 2 25 48 76 553 54 66 104 640 274 32 77 87 83 93 239 627 676 
490 37 421 185 16 571 224 146 117 8 13 356 326 289 121 81 631 591 7 288 671 
309 23 24 2 25 586 48 553 54 66 104 458 274 32 77 431 83 261 572 627 676 
490 582 302 2 13 14 356 566 224 146 468 561 8 45 260 106 5 586 366 67 671 
309 400 24 2 25 48 14 501 66 172 104 458 274 32 77 431 83 93 572 627 676 
490 37 421 582 302 2 14 571 224 146 281 8 13 404 260 106 5 586 366 591 671 
490 37 421 246 571 224 146 117 13 16 372 356 8 45 77 631 326 121 81 591 671 
342 23 24 2 25 14 54 48 66 70 93 77 83 390 239 87 466 104 191 493 676 
342 23 24 2 25 48 14 54 66 77 70 93 83 390 239 87 466 165 191 493 676 
342 23 24 2 25 14 54 48 66 77 70 93 83 390 239 590 466 104 191 493 676 
342 23 24 25 325 14 87 54 2 66 70 93 77 83 390 239 466 397 191 493 676 
309 23 24 2 25 48 14 371 54 66 104 458 339 340 77 431 83 93 572 627 676 
342 23 24 25 325 14 2 54 66 70 93 77 83 390 239 87 466 104 191 493 676 
309 23 24 2 25 48 14 553 54 66 104 458 274 32 77 431 83 93 239 572 676 
309 23 24 2 36 242 14 553 54 66 331 458 274 32 77 431 83 93 572 627 673 
309 23 24 2 36 242 14 553 54 66 331 458 274 32 77 431 83 93 572 627 673 
309 23 24 2 36 242 14 553 54 66 331 458 274 32 77 431 83 93 572 627 673 
309 23 24 2 36 242 14 553 54 66 331 458 274 32 77 431 83 93 572 627 673 
309 23 24 2 36 242 14 553 54 66 331 458 274 32 77 431 83 93 572 627 673 
309 23 24 2 36 242 14 553 54 66 331 458 274 32 77 431 83 93 572 627 673 
309 23 24 2 36 242 14 553 54 66 331 458 274 32 77 431 83 93 572 627 673 
309 23 24 2 36 242 14 553 54 66 331 458 274 32 77 431 83 93 572 627 673 
309 23 24 2 36 242 14 553 54 66 331 458 274 32 77 431 83 93 572 627 673 
309 23 24 2 36 242 14 553 54 66 331 458 274 394 77 431 83 93 572 627 673 
309 23 24 2 36 242 14 553 54 66 331 458 274 394 77 431 83 93 572 627 673 
309 23 24 2 36 242 14 553 637 66 331 458 274 32 77 431 83 93 572 627 673 
309 23 24 2 36 242 14 553 637 66 331 458 274 32 77 431 83 93 572 627 673 
309 23 24 2 36 242 14 553 308 66 331 458 274 32 77 431 83 93 572 627 673 
309 23 24 2 25 14 54 48 66 311 104 458 274 32 77 431 83 523 572 627 673 
309 23 24 2 25 48 14 54 66 311 104 318 274 32 77 431 83 523 572 627 673 
309 23 24 2 25 48 14 501 66 172 104 458 274 32 77 431 83 93 572 627 673 
309 23 24 2 25 48 14 501 66 172 104 458 274 32 77 431 83 93 572 627 673 
309 23 24 2 25 48 14 501 66 172 104 458 274 32 77 431 83 93 572 627 673 
309 23 24 2 36 48 14 162 54 66 104 458 274 257 77 431 83 93 572 627 676 
309 23 24 2 36 48 14 162 54 66 104 458 274 257 77 431 83 93 572 627 676 
309 23 24 2 36 48 14 162 54 66 104 458 274 257 77 431 83 93 572 627 676 
309 23 24 2 36 48 440 162 54 66 104 458 274 257 77 431 83 93 572 627 676 
309 23 24 2 36 242 14 553 54 66 331 458 274 32 77 431 83 93 572 627 673 
490 582 302 2 13 14 356 566 314 189 45 67 19 232 15 16 539 384 121 591 671 
309 23 76 2 25 48 14 553 54 66 104 458 274 606 77 431 83 93 572 627 676 
309 23 24 2 25 14 54 48 66 77 553 104 458 274 32 431 83 523 572 627 673 
641 582 231 2 232 356 566 13 8 14 45 106 174 158 121 125 256 81 591 7 671 
309 23 24 2 36 242 14 553 308 66 331 458 274 32 77 431 83 93 572 627 673 
