24 2 476 10 57 3 58 12 411 430 153 67 66 60 191 65 250 77 255 83 644 
24 2 476 10 57 3 411 425 60 12 67 58 66 366 65 77 250 558 494 393 644 
3 13 435 262 355 452 37 19 343 251 12 352 316 67 58 260 250 77 515 169 644 
24 2 54 10 57 3 58 12 194 153 67 66 60 191 65 250 77 366 83 90 644 
24 2 54 44 57 3 58 12 20 10 237 67 66 60 83 65 77 250 90 465 647 
24 2 54 10 57 3 58 237 12 20 67 66 65 60 255 558 83 90 360 77 644 
24 2 476 10 57 3 58 12 411 425 67 66 60 65 77 619 250 558 255 393 644 
3 13 352 402 316 452 37 12 411 425 67 66 60 65 77 250 558 417 337 453 644 
24 2 476 10 57 3 58 12 20 217 67 66 60 83 90 411 425 65 77 250 647 
3 13 435 149 402 87 452 37 19 343 260 12 515 563 365 169 67 558 239 250 644 
3 13 252 402 87 452 19 343 571 260 515 564 425 12 365 169 67 166 107 250 644 
3 13 352 316 452 37 19 343 538 616 12 67 66 276 553 191 239 250 77 255 644 
3 13 352 402 316 452 37 12 411 425 67 66 60 65 77 250 558 417 337 453 644 
3 13 149 402 87 452 37 337 343 260 12 515 169 137 19 166 107 250 558 255 644 
24 2 476 10 57 3 58 12 411 425 67 66 60 65 77 366 250 558 255 393 644 
27 97 44 3 58 67 640 191 74 66 65 60 105 607 240 255 546 296 559 558 644 
24 2 54 10 57 3 58 12 194 67 366 66 153 60 83 65 77 345 250 90 647 
3 13 543 316 452 37 19 343 538 12 67 58 260 515 169 107 250 558 255 399 644 
3 13 352 402 316 452 37 337 343 260 12 515 169 137 250 558 255 126 559 153 644 
13 262 355 452 57 3 58 12 411 425 67 60 66 366 65 77 250 558 37 19 644 
24 2 54 10 57 3 58 12 194 153 67 66 60 191 65 250 77 366 83 90 644 
3 13 435 262 355 452 37 19 343 251 12 352 316 67 58 260 515 169 107 250 644 
533 37 5 457 201 264 105 126 137 97 427 547 220 125 32 419 544 246 110 142 663 
3 13 149 402 452 37 19 87 343 166 107 316 260 12 515 250 558 255 126 435 644 
3 13 252 402 87 452 571 19 343 260 515 564 425 12 365 169 67 166 107 250 644 
3 13 352 402 316 452 37 12 337 425 67 66 60 65 77 250 558 255 393 153 644 
3 13 352 316 513 327 430 20 425 12 67 58 66 65 60 558 153 191 250 77 644 
24 2 54 10 57 3 58 237 12 20 67 66 60 83 65 77 250 90 465 287 647 
533 37 5 126 137 97 427 201 547 220 264 125 87 419 544 246 110 142 99 535 663 
24 2 54 44 57 3 58 12 20 10 237 67 66 60 83 65 77 250 90 465 647 
24 327 54 44 57 3 58 12 20 217 67 66 60 83 90 465 287 45 93 493 647 
3 13 149 402 87 452 343 166 107 316 37 19 260 12 515 250 558 255 126 435 644 
13 2 476 10 57 3 58 12 411 425 67 66 60 65 77 250 558 417 316 538 644 
24 327 44 33 57 3 58 12 68 153 67 66 60 191 65 250 77 83 90 75 644 
3 13 352 149 402 75 452 37 19 343 203 12 515 563 107 250 558 255 316 538 644 
24 2 476 10 57 3 58 12 430 153 67 66 60 191 65 250 77 255 83 27 644 
24 327 54 44 57 3 58 150 20 65 67 66 60 83 90 465 287 45 93 493 647 
24 327 44 33 57 3 68 153 66 67 58 12 515 191 65 60 250 77 83 90 644 
3 13 352 316 452 37 343 616 12 153 19 67 66 276 265 191 239 250 77 255 644 
533 37 5 457 105 96 427 201 547 220 264 125 87 419 544 246 110 511 58 327 663 
3 13 417 316 538 452 37 19 343 260 12 515 67 58 240 191 77 255 534 250 644 
533 37 5 457 201 264 105 126 137 97 427 547 220 125 32 419 544 246 110 142 663 
3 13 352 402 316 452 37 337 343 260 12 515 169 137 250 558 255 126 559 153 644 
13 262 355 452 57 3 58 12 411 425 67 60 66 366 65 77 250 558 37 19 644 
24 2 476 10 57 3 58 12 430 153 67 66 60 191 65 250 77 255 83 411 644 
24 2 476 10 57 3 58 12 411 425 67 60 66 366 65 77 250 558 255 393 644 
3 13 352 316 12 513 327 430 20 425 67 66 65 60 558 153 191 250 77 255 644 
304 2 415 10 57 3 58 12 20 153 67 194 66 366 65 77 191 250 83 90 644 
3 13 435 149 402 87 452 37 19 343 260 12 365 169 67 558 239 250 77 255 644 
3 13 252 402 87 452 37 19 343 260 515 12 365 169 67 166 107 250 558 255 644 
24 2 54 10 57 3 58 237 12 20 67 66 60 83 65 77 250 90 465 287 647 
24 327 54 44 57 3 58 12 20 217 67 66 60 83 90 465 287 409 93 493 647 
3 13 352 316 452 37 19 343 616 12 67 66 276 553 191 239 250 77 255 558 644 
533 37 275 126 137 97 501 201 547 375 264 125 87 419 544 246 110 142 99 529 663 
3 13 352 316 12 513 430 20 327 153 67 564 425 65 60 558 191 250 77 255 644 
3 13 352 611 12 20 513 327 185 153 67 66 60 366 65 77 191 250 255 83 644 
3 13 352 316 452 161 19 343 538 12 67 58 260 515 240 191 77 255 534 250 644 
3 13 149 402 75 452 37 19 343 203 12 515 169 107 250 558 255 352 316 538 644 
3 13 352 402 316 452 37 12 337 153 19 343 87 260 515 169 107 250 558 255 644 
3 13 435 262 355 452 37 19 343 251 12 352 316 67 58 260 515 169 107 250 644 
24 327 44 33 57 3 68 153 66 67 58 12 515 60 191 65 250 77 83 90 644 
24 2 54 10 57 3 58 237 12 20 65 67 66 60 83 90 465 287 45 93 644 
24 2 54 10 57 3 58 12 194 153 67 66 366 65 77 191 250 83 90 411 644 
533 37 275 126 137 97 201 547 375 264 327 480 19 505 99 501 125 87 419 544 663 
3 13 419 402 316 452 37 12 337 153 19 343 260 515 169 107 250 558 255 352 644 
24 327 44 33 57 3 58 12 68 153 67 66 60 191 65 250 77 83 90 75 644 
3 13 262 355 452 37 19 343 538 12 67 66 276 553 191 239 250 77 255 558 644 
24 2 476 10 57 3 58 12 411 425 67 66 60 65 77 250 558 255 393 617 644 
533 37 275 126 137 97 201 547 375 264 327 480 19 505 99 501 125 87 419 544 663 
3 13 352 316 452 37 19 343 538 12 67 58 260 515 240 191 77 255 534 250 644 
3 13 435 149 402 87 452 37 19 343 260 12 365 169 67 558 239 250 77 255 644 
24 2 476 10 57 3 58 12 411 425 67 66 60 65 77 250 558 255 393 617 644 
24 2 54 10 57 3 58 12 194 153 67 66 366 65 77 191 250 83 90 411 644 
24 327 54 44 57 3 58 12 20 65 311 66 60 83 90 465 287 45 93 493 647 
24 327 54 44 57 3 58 12 20 217 67 66 60 83 90 465 287 409 93 493 647 
533 37 275 126 137 97 501 201 547 375 264 125 87 419 544 246 110 142 99 529 663 
24 327 54 44 57 3 58 150 20 65 67 66 60 83 90 465 287 45 93 493 647 
24 327 54 44 57 3 446 490 20 65 67 66 60 83 90 434 93 465 17 493 644 
3 13 352 316 452 37 19 343 538 12 67 58 260 515 169 107 250 558 255 399 644 
3 13 352 316 452 37 19 343 616 12 67 66 276 553 191 239 250 77 255 558 644 
24 327 54 44 323 3 58 12 20 153 67 66 60 191 65 250 77 255 83 90 644 
24 327 54 44 57 3 58 12 20 217 67 66 60 83 90 465 287 45 93 493 647 
533 37 5 126 137 97 529 201 547 375 264 125 87 419 544 246 110 142 99 51 663 
3 13 352 316 12 513 327 430 20 425 67 66 65 60 558 153 191 250 77 255 644 
533 37 5 126 137 97 529 201 547 246 220 264 125 87 419 544 110 212 501 99 663 
24 327 54 44 57 3 446 490 20 65 67 66 60 83 90 45 93 465 17 493 644 
24 327 44 33 57 3 58 12 68 31 67 83 66 60 191 65 250 77 255 90 644 
24 327 54 44 57 3 58 12 20 65 311 66 60 83 90 465 287 45 93 493 647 
533 37 5 126 137 97 529 201 547 220 264 125 544 246 110 212 501 87 419 99 663 
24 327 54 44 323 3 58 12 20 153 67 66 60 191 65 250 77 255 83 90 644 
3 13 352 316 452 37 19 343 538 12 67 58 260 515 169 107 250 558 255 399 644 
24 327 54 44 57 3 58 12 20 65 67 66 60 83 90 465 287 45 93 493 647 
533 37 5 126 137 97 529 201 547 375 264 125 87 419 544 246 110 142 99 51 663 
24 327 54 44 57 3 35 12 20 153 67 66 65 60 255 558 83 90 360 93 644 
24 327 54 44 57 3 58 12 20 65 67 66 60 83 90 465 287 45 93 493 647 
27 97 44 3 58 67 640 191 74 66 65 60 105 607 240 255 546 296 559 558 644 
24 54 44 57 3 35 12 20 327 153 67 66 65 60 255 558 83 90 360 93 644 
24 44 58 3 12 20 170 327 430 153 67 66 60 191 65 250 77 255 83 90 644 
24 44 58 3 170 327 430 12 20 153 67 66 60 191 65 250 77 255 83 90 644 
24 327 54 44 57 3 254 12 20 153 67 66 65 60 255 558 83 90 360 93 644 
