37 253 575 185 361 355 375 214 260 188 640 38 88 130 19 515 545 401 107 85 664 
21 1 62 27 330 558 250 92 22 100 104 363 24 463 93 58 3 579 77 627 644 
37 253 575 185 88 527 630 361 355 375 214 260 188 640 38 130 19 515 545 401 664 
564 512 37 362 51 477 468 188 38 214 160 375 640 515 88 571 183 130 19 226 668 
21 1 62 432 330 141 448 588 22 100 231 363 24 463 93 413 106 579 77 627 644 
21 6 62 70 68 558 4 25 560 65 615 105 363 24 463 93 556 557 37 579 644 
21 1 62 599 466 558 250 588 22 100 104 363 24 463 93 58 3 579 77 627 644 
6 62 303 109 558 25 560 520 93 65 615 105 153 11 463 559 556 557 398 579 644 
556 6 62 474 109 65 239 560 105 346 391 546 558 445 11 463 559 234 557 579 644 
21 6 62 509 68 25 331 57 65 615 153 463 558 105 87 624 559 234 557 579 644 
51 105 401 230 88 527 630 294 567 38 545 546 558 87 189 108 582 604 556 557 646 
21 1 62 27 330 558 250 588 22 100 104 363 24 463 93 58 3 579 77 627 644 
21 6 62 509 68 558 4 25 560 65 615 105 363 24 463 93 556 557 260 579 644 
21 6 62 509 68 25 331 93 65 615 153 463 558 105 87 624 559 234 557 579 644 
546 51 230 105 87 567 558 434 494 395 640 38 88 545 75 556 499 281 579 557 646 
21 6 62 4 70 65 615 128 105 346 391 546 558 87 583 463 559 234 557 579 644 
21 6 62 4 197 558 68 25 184 65 615 105 380 87 211 463 559 234 557 579 644 
21 6 62 10 197 558 25 331 65 185 105 153 87 463 93 559 234 557 11 579 644 
21 6 62 4 70 65 615 128 105 346 391 546 558 566 11 463 559 234 557 579 644 
564 512 37 362 51 477 468 188 38 48 478 440 640 515 88 545 401 214 160 375 668 
228 512 37 362 51 477 468 188 280 48 478 440 640 515 88 545 253 575 7 361 668 
556 6 62 474 109 516 239 560 105 346 224 546 558 421 11 463 559 234 557 579 644 
564 512 283 105 302 87 88 558 434 560 640 38 397 7 75 556 557 300 575 361 646 
51 401 230 474 109 65 239 560 105 346 224 546 558 421 11 463 559 234 557 88 644 
556 6 112 263 513 214 239 560 105 14 391 546 558 87 11 463 559 234 557 579 644 
6 62 224 109 558 25 560 153 65 615 105 520 11 463 559 556 557 495 579 77 644 
21 6 62 509 68 558 25 331 93 65 615 105 153 87 11 463 559 234 557 579 644 
37 253 575 7 361 410 376 160 512 224 408 527 640 515 88 630 401 642 19 553 668 
21 6 62 10 197 558 25 331 65 185 105 153 87 463 93 559 234 557 11 579 644 
6 62 303 109 558 25 560 520 93 65 615 105 594 11 463 559 556 557 398 579 644 
564 512 37 7 567 188 28 160 38 48 527 440 640 515 88 545 401 642 623 408 668 
564 512 37 7 51 283 88 575 361 468 143 408 527 362 477 188 38 640 214 160 668 
51 401 230 474 109 65 239 560 105 346 224 546 558 421 10 463 559 234 557 88 646 
113 253 575 105 302 87 109 65 239 560 346 391 546 558 545 290 556 557 16 7 646 
564 512 37 7 567 51 355 375 214 260 188 640 38 88 130 19 515 361 299 160 668 
556 6 112 598 109 65 239 560 105 346 391 546 558 87 11 463 559 234 557 579 644 
21 1 62 599 330 558 250 588 22 100 104 363 24 463 93 58 3 579 77 627 644 
21 137 62 340 25 197 68 162 65 615 105 153 558 87 211 248 559 234 557 579 644 
21 6 62 70 68 558 4 25 560 65 615 105 363 24 463 93 556 557 37 579 644 
21 1 62 599 330 558 250 588 22 100 104 363 24 463 93 58 3 579 77 627 644 
564 512 37 7 605 340 263 160 38 48 463 440 640 515 88 545 401 642 623 408 668 
21 1 62 27 330 558 250 588 22 100 104 363 24 463 93 585 3 579 77 627 644 
21 1 62 386 330 141 448 588 22 100 231 363 24 463 93 413 43 579 77 627 644 
391 222 630 134 163 384 108 560 456 640 38 558 88 545 401 189 444 8 556 557 646 
21 6 62 4 197 558 68 25 184 65 505 105 153 87 211 463 559 234 557 579 644 
564 512 37 7 51 283 88 575 361 468 143 408 527 515 640 38 188 19 160 375 668 
21 6 62 509 68 558 4 25 560 65 615 105 363 24 463 93 556 557 260 579 644 
556 6 62 474 109 65 560 105 239 346 224 546 558 445 11 463 559 515 557 579 644 
564 512 283 105 302 87 88 558 434 562 640 38 397 7 75 556 557 300 575 361 646 
450 112 598 109 65 239 560 105 346 391 546 558 87 545 290 556 557 16 11 463 646 
564 512 37 7 51 283 88 575 361 468 143 408 527 392 38 499 515 188 19 362 668 
556 6 112 598 109 65 239 560 105 346 391 546 558 87 11 463 559 234 557 579 644 
228 253 575 7 361 410 376 160 512 224 408 527 515 375 183 88 640 630 19 553 668 
21 6 62 340 558 25 197 68 184 65 615 105 288 87 211 248 559 234 557 579 644 
21 456 62 4 80 65 615 128 105 346 391 546 558 87 11 463 559 234 557 579 644 
51 105 401 230 88 527 630 294 567 38 545 534 558 87 189 108 582 604 556 557 646 
564 512 37 7 51 283 88 575 361 468 143 408 527 392 38 499 515 188 19 160 668 
37 253 575 185 361 587 567 558 434 395 640 88 545 75 38 346 556 559 212 557 646 
564 512 37 7 544 612 453 408 527 515 188 160 88 640 38 499 440 545 401 642 668 
556 6 112 263 513 214 239 560 105 14 391 546 558 87 11 463 559 234 557 579 644 
21 6 62 4 166 128 55 391 65 615 105 546 558 87 622 463 559 234 557 579 644 
21 6 62 4 80 65 615 128 105 346 391 546 558 87 11 463 559 234 557 579 644 
564 253 575 7 51 283 88 361 410 376 160 512 224 408 527 640 515 630 19 553 668 
21 6 62 4 70 65 615 128 105 346 391 546 558 87 583 463 559 234 557 579 644 
546 51 230 105 302 87 88 558 434 567 560 640 38 362 7 75 556 557 260 579 646 
564 512 37 7 544 612 453 408 527 515 188 160 18 640 38 499 440 545 401 642 668 
450 112 598 109 65 239 560 105 346 208 546 558 87 545 290 556 557 16 11 463 646 
6 62 224 109 558 25 560 153 65 615 105 520 11 463 559 556 557 495 579 77 644 
564 512 37 7 567 188 28 160 38 48 527 440 640 515 88 545 401 642 623 408 668 
21 6 62 509 68 25 331 93 65 615 153 463 558 105 87 624 559 234 557 579 644 
113 253 575 105 302 87 109 65 239 514 346 391 546 558 545 290 556 557 16 7 646 
21 6 62 509 68 558 25 331 93 65 615 105 153 87 11 463 559 234 557 579 644 
21 6 62 4 70 65 615 128 105 346 391 546 558 566 11 463 559 234 557 579 644 
37 253 575 7 361 410 376 160 512 224 408 527 640 515 88 571 401 642 19 553 668 
564 512 37 7 605 340 263 160 38 48 463 440 640 515 88 545 401 642 623 408 668 
21 1 62 27 330 558 250 588 22 100 104 363 24 463 93 585 3 579 77 627 644 
201 105 401 230 88 527 630 294 567 38 545 534 558 87 189 108 582 604 556 557 646 
21 1 62 27 330 558 250 588 22 100 380 363 24 463 93 58 3 579 77 627 644 
37 253 575 185 361 587 567 558 434 395 640 38 559 545 290 556 557 16 7 593 646 
21 6 62 4 80 65 615 75 105 346 391 546 558 87 11 538 559 234 557 579 644 
21 6 62 340 558 25 197 68 184 65 615 105 288 87 211 248 559 234 557 579 644 
391 222 630 134 163 384 108 560 456 640 38 558 88 545 401 189 444 8 556 557 646 
37 253 575 185 361 587 567 558 434 395 640 38 559 545 290 556 557 16 7 304 646 
21 6 62 4 80 65 615 128 105 346 391 546 558 87 11 538 559 234 557 579 644 
37 253 575 185 361 587 567 558 434 395 640 88 545 75 38 346 556 559 212 557 646 
546 51 230 105 87 567 494 558 434 395 640 38 88 545 75 556 499 281 579 557 646 
21 6 62 4 197 558 68 25 184 65 615 105 380 87 211 463 559 234 557 579 644 
51 105 401 230 88 527 630 294 567 38 545 546 558 87 189 108 582 604 556 557 646 
21 6 62 4 80 65 615 128 105 346 391 546 558 87 11 463 559 234 557 579 644 
546 51 230 105 302 87 88 558 434 567 560 640 38 362 7 75 556 557 260 579 646 
564 512 283 105 302 87 88 558 434 560 640 38 397 7 75 556 557 300 575 361 646 
21 6 62 4 197 558 68 25 184 65 505 105 153 87 211 463 559 234 557 579 644 
21 1 62 386 330 141 448 588 22 100 231 363 24 463 93 413 43 579 77 627 644 
21 1 62 27 330 558 250 588 22 100 104 363 24 463 93 58 3 579 77 627 644 
21 6 62 4 80 65 615 75 105 346 391 546 558 87 11 538 559 234 557 579 644 
556 6 62 474 109 65 239 560 105 346 391 546 558 445 11 463 559 234 557 579 644 
569 253 37 362 51 477 468 188 38 640 214 160 515 375 183 575 185 355 88 361 664 
564 512 37 362 51 477 468 188 38 640 214 160 515 375 183 88 130 19 226 260 668 
21 6 62 10 197 558 25 331 65 185 105 153 87 463 93 559 234 557 11 579 644 
6 62 303 109 558 25 520 93 560 65 615 105 594 11 463 559 556 557 398 579 644 
