-0.6306983459241822 -0.8741911569893168 
-0.612017397562302 -0.9304197555227723 
-0.5807932025151616 -0.9853731770470926 
-0.0 -0.999732358674464 
-0.5743492048856341 -0.9875064190468653 
-0.5000000054186048 -0.9993317695626048 
-0.5468617999396357 -0.9959476425087814 
-0.5669536292622289 -0.9908051319600025 
-0.5000000238418698 -0.9991161277077412 
-0.570527295246785 -0.9902660477048746 
-0.6020176413461403 -0.9607397624645615 
-0.5760928313848107 -0.9867799760334299 
-0.59064689686309 -0.9719593780552204 
-0.5636891289577209 -0.9933928670160461 
-0.555149730977911 -0.9938968569165322 
-0.5816936984170988 -0.9827332457901776 
-0.5848660559937872 -0.981997439801989 
-0.5989355771945964 -0.9641179363005453 
-0.5873094995491215 -0.9747472538874138 
-0.5580616136274157 -0.993472761344794 
-0.5765894992960036 -0.985419686311898 
-0.5661468396662656 -0.9913539159185498 
-0.5152977750467997 -0.9986567425292775 
-0.53588675682123 -0.9977252436413764 
-0.5822117819146458 -0.9823290880963372 
-0.5418992192069642 -0.9975823008911631 
-0.551093041122101 -0.9944757609099898 
-0.6109253685840791 -0.9370807544447334 
-0.586111964850133 -0.9763491990324383 
-0.5724988096206775 -0.9878487455225217 
-0.5926879365412299 -0.9687718474288978 
-0.6281792500013771 -0.8803250469679363 
-0.528233679462925 -0.9984854942093774 
-0.5176324866033403 -0.9985540830499261 
-0.5981156279460462 -0.966909258346359 
-0.5547847624881335 -0.9944594561559587 
-0.6027434360634185 -0.9515576210239107 
