-0.6074070509829718 -0.9468094040516191 
-0.5972737489086699 -0.9674888234480669 
-0.5760928313848107 -0.9870031330287985 
-0.5936604401503461 -0.976043137367591 
-0.6114760146981129 -0.9317906533723522 
-0.5822117819146458 -0.986840313431876 
-0.528233679462925 -0.9983395671765946 
-0.5724988096206775 -0.9900592456471209 
-0.5688193475609288 -0.9937721911745655 
-0.5176324866033403 -0.9985106062004624 
-0.5000000238418698 -0.9993060393074551 
-0.6034529960321104 -0.9641650021349336 
-0.5580616136274157 -0.9940020570233941 
-0.6041470495370836 -0.9506578696288029 
-0.0 -0.9997044701301778 
-0.5525157576859623 -0.9967736516332814 
-0.5895738509537679 -0.9769004032752197 
-0.5873094995491215 -0.9815686162326113 
-0.5743492048856341 -0.9873049653001593 
-0.53588675682123 -0.9975245679990302 
