-0.570527295246785 -0.9919002636047837 
-0.5955191369285968 -0.9723494103433156 
-0.5760928313848107 -0.9871610551403481 
-0.5176324866033403 -0.998930770233144 
-0.5520447693719309 -0.9958169627179878 
-0.586111964850133 -0.9799135818906244 
-0.6140963510158939 -0.9297343443663975 
-0.6074070509829718 -0.9537791153253381 
-0.5981156279460462 -0.9608530894509597 
-0.5636891289577209 -0.9925585709237013 
-0.5418992192069642 -0.9980594913835705 
-0.5743492048856341 -0.9885317885127364 
-0.5705701679526788 -0.9896488558308689 
-0.5580616136274157 -0.9940786994163247 
-0.5972737489086699 -0.962988109753198 
-0.5766653057887414 -0.9848831230621 
-0.5873094995491215 -0.979516614569562 
-0.6114760146981129 -0.9479350080311196 
-0.5936604401503461 -0.9750225096541625 
-0.0 -0.999605075052378 
-0.5848660559937872 -0.9843593441592772 
-0.5884623644549559 -0.9763266363475862 
-0.6020176413461403 -0.9603031303947678 
