-0.625805715681385 -0.8979318184721263 
-0.6125498314832742 -0.9490534229758525 
-0.6169838059184686 -0.9150394292744284 
-0.551093041122101 -0.9939273368244383 
-0.5895738509537679 -0.9717785775631531 
-0.5848660559937872 -0.9757874525102709 
-0.5884623644549559 -0.9742075019714095 
-0.0 -0.99968563141134 
-0.5835675831606274 -0.9832834229080211 
-0.5743492048856341 -0.9876684219090596 
-0.528233679462925 -0.9979254376080985 
-0.586111964850133 -0.9744239147490283 
-0.5724988096206775 -0.9909044247675696 
-0.5610092539019996 -0.9936335202546889 
-0.5777416139307827 -0.9850373138463672 
-0.53588675682123 -0.9976449164359119 
-0.6020176413461403 -0.9617012324549158 
-0.5669536292622289 -0.9912218687102505 
-0.6041470495370836 -0.9552326443165209 
-0.5793055711326863 -0.9842224061474742 
-0.5684171760320547 -0.9911469739785195 
-0.5760928313848107 -0.9867303606138426 
-0.5485456532606594 -0.9963260571072038 
-0.5972737489086699 -0.970764652579105 
-0.5000000238418698 -0.9991706338944498 
-0.5167789032377729 -0.9988888985104064 
-0.5636891289577209 -0.9923512211152484 
-0.5176324866033403 -0.9987004477644704 
-0.5468617999396357 -0.9967660896231872 
-0.5418992192069642 -0.9975084817318692 
