-0.6095068409420271 -0.9311461462766722 
-0.5822117819146458 -0.9833189750460598 
-0.5807932025151616 -0.9848919489840862 
-0.5000000238418698 -0.9991842772498443 
-0.5916841355064867 -0.978790685826709 
-0.5724988096206775 -0.9885806672933618 
-0.0 -0.9995690805026751 
-0.5688193475609288 -0.9932830625281043 
-0.5418992192069642 -0.9973512189989607 
-0.551093041122101 -0.995724080242926 
-0.6080209243220388 -0.941213754321879 
-0.5926879365412299 -0.9724550715401086 
-0.53588675682123 -0.9976114695212223 
-0.5981156279460462 -0.9707737005364951 
-0.5848660559937872 -0.9788425303725939 
-0.5835675831606274 -0.9795249108489189 
-0.5445337917617026 -0.9965502902818951 
-0.5793055711326863 -0.9865008389902298 
-0.5579420089228049 -0.9934062342760247 
-0.5705701679526788 -0.9890842149660817 
-0.5268537480095585 -0.998416984366797 
-0.5997347379795662 -0.9599935010880954 
-0.606142754125506 -0.9587104324665564 
-0.6169838059184686 -0.919404972929905 
-0.5176324866033403 -0.9988861133667065 
