-0.615572236025243 -0.9067713511466454 
-0.5152977750467997 -0.9987559798673133 
-0.5176324866033403 -0.9984911710755378 
-0.5895738509537679 -0.9753274650783361 
-0.0 -0.9996208105946028 
-0.5926879365412299 -0.9697423787760139 
-0.528233679462925 -0.9978431646487904 
-0.5955191369285968 -0.9695277851661745 
-0.5997347379795662 -0.9649337467309554 
-0.5000000113532685 -0.9991844777679999 
-0.53588675682123 -0.9974151461028791 
-0.5760928313848107 -0.9906412321150851 
-0.5777416139307827 -0.9837640238365138 
-0.5636891289577209 -0.9921269961875655 
-0.5972737489086699 -0.9692608816983107 
-0.5649564037823274 -0.9920616348664161 
-0.5884623644549559 -0.9823952311430861 
-0.6135890314850595 -0.9332648207313728 
-0.5468617999396357 -0.9970422609743087 
-0.5398266242062744 -0.997327635281348 
-0.5000000238418698 -0.9991036847068661 
-0.6103651279065202 -0.9365114470774635 
-0.5610092539019996 -0.9953199923510568 
-0.6048262765477713 -0.9516103089729211 
-0.5268537480095585 -0.9983670471067124 
