-0.6020176413461403 -0.9609161625675472 
-0.6041470495370836 -0.9534883728032109 
-0.53588675682123 -0.9972567908512018 
-0.5479363469284368 -0.9946489530503145 
-0.5610092539019996 -0.9932986956448607 
-0.5835675831606274 -0.9822360626817938 
-0.5468617999396357 -0.9968534699276707 
-0.5793055711326863 -0.9840695762855578 
-0.0 -0.9995391777155075 
-0.5724988096206775 -0.9925760885576209 
-0.5418992192069642 -0.9970113089995266 
-0.5777416139307827 -0.989744548494643 
-0.5636891289577209 -0.9930105230258233 
-0.5580616136274157 -0.9942249020375297 
-0.5362409882728273 -0.9972305753905589 
-0.606142754125506 -0.9496264775113678 
-0.5000000238418698 -0.9992076832364164 
-0.5972737489086699 -0.9752079215368228 
-0.5579420089228049 -0.9943672162751783 
-0.528233679462925 -0.9991263033018263 
