-0.5737793251864776 -0.9908286342111363 
-0.5000000238418698 -0.9987886923195803 
-0.6130736149095858 -0.936060306818697 
-0.5684171760320547 -0.9926168343781131 
-0.5547847624881335 -0.9954000191317134 
-0.5688193475609288 -0.9917861203990913 
-0.53588675682123 -0.9983283469196007 
-0.5743492048856341 -0.9896668444862613 
-0.5807932025151616 -0.9880134548476802 
-0.5268537480095585 -0.9985930235360002 
-0.6034529960321104 -0.9676705412442467 
-0.5936604401503461 -0.9819403584224603 
-0.6074070509829718 -0.9397376322853092 
-0.0 -0.9996580152498538 
-0.606781158653093 -0.9515893518068581 
-0.5468617999396357 -0.9958942783044579 
-0.528233679462925 -0.998428063689678 
-0.5418992192069642 -0.9969600249370664 
-0.5835675831606274 -0.9870920911827401 
-0.6137352227035813 -0.9335296226403911 
-0.6103651279065202 -0.9361698428225211 
-0.5972737489086699 -0.9714885150823385 
-0.5610092539019996 -0.9936767612436886 
-0.6041470495370836 -0.9544509239932971 
