-0.6170075312028833 -0.9080770786523089 
-0.6133377196817441 -0.9154586755278821 
-0.5822117819146458 -0.9838510822033686 
-0.5610092539019996 -0.9920954368735341 
-0.5547847624881335 -0.9942370055733571 
-0.5418992192069642 -0.9959138180112124 
-0.5268537480095585 -0.9984004812167697 
-0.0 -0.9999456521739131 
-0.5777416139307827 -0.9896949296787839 
-0.5580616136274157 -0.9933218877682787 
-0.5955191369285968 -0.975013120245975 
-0.6112689604630478 -0.955781099819898 
-0.612017397562302 -0.9445200981091973 
-0.5926879365412299 -0.9815947810447148 
-0.5000000238418698 -0.9988623149794352 
-0.5379493323864363 -0.9972260716015184 
-0.528233679462925 -0.9983807865842463 
-0.5398266242062744 -0.9960768924056014 
-0.5793055711326863 -0.9885476324882425 
-0.5468617999396357 -0.9954451094683067 
-0.5636891289577209 -0.9919557809405144 
-0.5661468396662656 -0.9898123966181662 
-0.5000000113532685 -0.998865297587313 
-0.5485456532606594 -0.9944697899782632 
-0.555149730977911 -0.9933417217524622 
-0.6005141640959136 -0.9647720348309007 
