-0.6224787416772174 -0.8854208035468163 
-0.5972737489086699 -0.9650201633420248 
-0.6005141640959136 -0.9572341618831753 
-0.5702008366155333 -0.9909319311270036 
-0.528233679462925 -0.9979342993968986 
-0.53588675682123 -0.9973613153001879 
-0.5724988096206775 -0.988827287196881 
-0.6054913129158149 -0.9443981792908757 
-0.5895738509537679 -0.9769891798708153 
-0.5445337917617026 -0.9969211580391404 
-0.5176324866033403 -0.998852521930923 
-0.5610092539019996 -0.9936300076191705 
-0.5547847624881335 -0.9938189092109458 
-0.551093041122101 -0.9943683566304539 
-0.532520550491018 -0.9977123420502633 
-0.5684171760320547 -0.9928858899734022 
-0.0 -0.9995747313539222 
-0.5468617999396357 -0.9947085290946276 
-0.5256023990021789 -0.9979776311178454 
-0.5987281333192237 -0.9609006529134396 
-0.6012748305694486 -0.9484656031465987 
-0.5000000238418698 -0.999533388672021 
-0.6103651279065202 -0.9352285874134455 
-0.5462400715432542 -0.9948286348566548 
-0.5822117819146458 -0.985112173991446 
-0.5955191369285968 -0.9737850913815473 
-0.5520447693719309 -0.9938673360059083 
-0.5636891289577209 -0.9930716772974025 
-0.5873094995491215 -0.9823814499259209 
-0.5760928313848107 -0.988746699743739 
