-0.6160496183756462 -0.9310490755915533 
-0.5310635911838549 -0.9979675135657357 
-0.6114760146981129 -0.9449959411991651 
-0.5777416139307827 -0.9883070930538574 
-0.5547847624881335 -0.9940726232546574 
-0.6034529960321104 -0.9507779402994079 
-0.586111964850133 -0.9829833852556482 
-0.5468617999396357 -0.9954018116715562 
-0.6012748305694486 -0.9547245436802027 
-0.5445337917617026 -0.997120484804617 
-0.5688193475609288 -0.9900491970410524 
-0.5000000238418698 -0.9989603547749435 
-0.551093041122101 -0.994188482772474 
-0.0 -0.9996662509321999 
-0.570527295246785 -0.9890031410038925 
-0.5580616136274157 -0.993700113249296 
-0.5807932025151616 -0.98440653189138 
-0.5793055711326863 -0.9882137672680648 
-0.5268537480095585 -0.9983733529983645 
-0.528233679462925 -0.9980572546477947 
-0.5661468396662656 -0.9919460336642062 
-0.5684171760320547 -0.9917425516385427 
-0.5724988096206775 -0.9888152550743299 
-0.5997347379795662 -0.977261595208923 
-0.6178918680377397 -0.9071678108500697 
-0.5636891289577209 -0.993004523690056 
-0.5176324866033403 -0.9987151050127656 
-0.53588675682123 -0.9974439762684432 
-0.5884623644549559 -0.9784928299061025 
