-0.6165200739384666 -0.92467531439777 
-0.5822117819146458 -0.9897942223399779 
-0.6054913129158149 -0.959386323775608 
-0.5884623644549559 -0.9744149310978827 
-0.586111964850133 -0.9749495506035648 
-0.5580616136274157 -0.9932354589006456 
-0.5895738509537679 -0.9714435933817076 
-0.5628071385856358 -0.9917745096111511 
-0.5520447693719309 -0.9957984167085523 
-0.5849654196618821 -0.9819948027766874 
-0.0 -0.9997857302505982 
-0.59064689686309 -0.9698881912600293 
-0.6150877142451964 -0.932675922509971 
-0.5636891289577209 -0.9908621724933273 
-0.5167789032377729 -0.9988283270023779 
-0.5176324866033403 -0.9985913487681762 
-0.5000000238418698 -0.9995476844490818 
-0.5341208575352359 -0.9980686007049315 
-0.5610092539019996 -0.9922818193470349 
-0.5579420089228049 -0.9949647946411188 
-0.5684171760320547 -0.9902892141108601 
-0.5972737489086699 -0.9652183942057636 
-0.5379493323864363 -0.9977837116114939 
-0.5946035858542817 -0.9654594979411065 
