-0.6183365621763882 -0.9515555497340196 
-0.532520550491018 -0.9975924162768621 
-0.53588675682123 -0.9973185282381707 
-0.591422144473263 -0.9752083224133881 
-0.570527295246785 -0.9904209587275659 
-0.5610092539019996 -0.993484240504605 
-0.586111964850133 -0.9805516547381152 
-0.555149730977911 -0.9944544013644168 
-0.5000000113532685 -0.9992725741968628 
-0.528509020910722 -0.9981249378425883 
-0.6005141640959136 -0.9629692875120386 
-0.5661468396662656 -0.991428603495599 
-0.5777416139307827 -0.9851705801762907 
-0.6080209243220388 -0.9612948213130175 
-0.5176324866033403 -0.9984154008046556 
-0.551093041122101 -0.9971909087440323 
-0.5743492048856341 -0.9891133187678396 
-0.5760928313848107 -0.9872503463877313 
-0.5341208575352359 -0.9974156123626086 
-0.5684171760320547 -0.9905724753892812 
-0.5547847624881335 -0.994807779358498 
-0.5636891289577209 -0.992460449130126 
-0.5981156279460462 -0.9691546405813923 
-0.5793055711326863 -0.9851302501778129 
-0.0 -0.9995315501111257 
-0.5822117819146458 -0.9845904040203121 
-0.5167789032377729 -0.9988076646295598 
