-0.609794943089445 -0.9272431673673187 
-0.5422286036398776 -0.9960468303704663 
-0.5807932025151616 -0.9773139339386193 
-0.6174410086356354 -0.9140851077227293 
-0.528233679462925 -0.9981537952216971 
-0.5777416139307827 -0.9873657380117538 
-0.5793055711326863 -0.9869597303309594 
-0.6169838059184686 -0.9144484179531237 
-0.5575785269507205 -0.9949896519418585 
-0.5547847624881335 -0.9958093674539641 
-0.5398266242062744 -0.9979940650711095 
-0.5176324866033403 -0.9989848075551286 
-0.6048262765477713 -0.9559851746992106 
-0.5760928313848107 -0.9905052623113624 
-0.5684171760320547 -0.9906705462190737 
-0.5873094995491215 -0.9764385055910104 
-0.5000000238418698 -0.9993297457028567 
-0.0 -0.9999099025974026 
-0.5610092539019996 -0.992837932411994 
-0.5997347379795662 -0.974855085489217 
-0.59064689686309 -0.9752043312444973 
-0.5418992192069642 -0.9968913013305822 
-0.5661468396662656 -0.9925377848440728 
-0.6074070509829718 -0.9477389303334655 
-0.5167789032377729 -0.9989943159189816 
-0.5405086762537669 -0.9969742980718879 
-0.5926879365412299 -0.9749453155733526 
-0.5580616136274157 -0.9932637297850317 
