-0.5807932025151616 -0.981745351945784 
-0.0 -0.999640369475296 
-0.5152977750467997 -0.9987457291170876 
-0.5743492048856341 -0.9905529911533565 
-0.6005141640959136 -0.9624117556722486 
-0.5873094995491215 -0.9758985152222178 
-0.6114760146981129 -0.9522146547401277 
-0.6040576502547802 -0.9615159504113402 
-0.5848660559937872 -0.9789630489764622 
-0.5822117819146458 -0.9793479252649785 
-0.5418992192069642 -0.9974052248953993 
-0.6034529960321104 -0.9617987635234239 
-0.5884623644549559 -0.9754064745359646 
-0.5000000113532685 -0.9990595868546522 
-0.6165200739384666 -0.9254622835404722 
-0.586111964850133 -0.9776961337155506 
-0.5636891289577209 -0.995556001209522 
-0.5176324866033403 -0.9985119655650754 
-0.59064689686309 -0.9736269338024388 
-0.5684171760320547 -0.9926453144713029 
-0.528233679462925 -0.9983873026483356 
-0.5946035858542817 -0.9684615302791881 
-0.5445337917617026 -0.9964988381384574 
-0.5989355771945964 -0.9650162110857291 
-0.5916841355064867 -0.9691988010282588 
-0.551093041122101 -0.9957823075935112 
-0.5777416139307827 -0.9886687744238908 
