-0.6163824336137833 -0.8886738802207704 
-0.5580616136274157 -0.9954881467509309 
-0.5964087012091596 -0.9744209719042156 
-0.6150877142451964 -0.9404733273625775 
-0.5684171760320547 -0.9924670310282683 
-0.6130736149095858 -0.9410023387210595 
-0.5895738509537679 -0.9796486859032814 
-0.528233679462925 -0.9986916005724719 
-0.5610092539019996 -0.9930686288533461 
-0.6041470495370836 -0.9610125873566958 
-0.0 -0.9996371760713658 
-0.5822117819146458 -0.9874056831577402 
-0.6048262765477713 -0.9540890283434615 
-0.5000000113532685 -0.998979596461202 
-0.5955191369285968 -0.9763002562110848 
-0.53588675682123 -0.9977953291913424 
-0.5777416139307827 -0.9886902046770295 
-0.5848660559937872 -0.9809859706218097 
-0.5468617999396357 -0.997456543392297 
-0.606142754125506 -0.9471361462709655 
-0.551093041122101 -0.996573042050537 
-0.5167789032377729 -0.9988380385453157 
-0.6054913129158149 -0.9481721139984345 
