0.010458985279253217
0.011609834667448509
0.01093497378725122
0.01083333227102884
0.010562596138896934
0.010617644134141787
0.011034759680498513
0.010957547750395001
0.00973277072538301
0.01131614881079221
0.010617835053357312
0.010729038776100595
0.010630910158847744
0.010976403871051116
0.01149289111688218
0.010606593019768669
0.01142751400599093
0.010801989284801299
0.010267947476985907
0.010890633310693839
0.01141473009772619
0.011128951426378994
0.010992795755474388
0.011704053555940034
0.010810108008874547
0.010679325702595773
0.011111049052529185
0.011562970594412842
0.010634238519973875
0.010423521844572597
