-0.0 -1.0 
-1.0 -0.9282938777481604 
-1.0 -0.9282938777481604 
-0.0 -1.0 
-0.5013140868853756 -0.9992903005959609 
-0.9067308276588876 -0.9740673400903521 
-0.8648602025361654 -0.9956151786235128 
-0.9160805457006107 -0.9492064226870737 
-0.9067308276588876 -0.9740673400903521 
-0.9420484263509981 -0.9472477268964029 
-0.7872725666763027 -0.9957405285590358 
-0.9420484263509981 -0.9472477268964029 
-0.5627060368117017 -0.99922095493451 
-0.5031849709985139 -0.9992712792898988 
-0.8648602025361654 -0.9956151786235128 
-0.7200421355757181 -0.9979197095741263 
-0.6639565498145684 -0.9989825282930886 
-0.6942592296881508 -0.9984961378891238 
-0.7626857965615017 -0.9968836543833657 
-0.7425868755173398 -0.9969417351914465 
-0.6316161706757121 -0.999009681525887 
-0.6942592296881508 -0.9984961378891238 
-0.925063446184367 -0.9481094165593045 
-0.6639565498145684 -0.9989825282930886 
-0.7200421355757181 -0.9979197095741263 
-0.6020466130909611 -0.9990834011325014 
-0.7872725666763027 -0.9957405285590358 
-0.6268330867223856 -0.9990584952646148 
-0.7626857965615017 -0.9968836543833657 
-0.9160805457006107 -0.9492064226870737 
-0.6020466130909611 -0.9990834011325014 
-0.5780077484452236 -0.9991999579685775 
-0.7425868755173398 -0.9969417351914465 
-0.925063446184367 -0.9481094165593045 
-0.5780077484452236 -0.9991999579685775 
-0.5627060368117017 -0.99922095493451 
-0.5013140868853756 -0.9992903005959609 
-0.6316161706757121 -0.999009681525887 
-0.6268330867223856 -0.9990584952646148 
-0.5031849709985139 -0.9992712792898988 
-1.0 -0.9282938777481604 
-0.0 -1.0 
-0.9067308276588876 -0.9740673400903521 
-0.9420484263509981 -0.9472477268964029 
-0.8648602025361654 -0.9956151786235128 
-0.6942592296881508 -0.9984961378891238 
-0.6639565498145684 -0.9989825282930886 
-0.7200421355757181 -0.9979197095741263 
-0.7872725666763027 -0.9957405285590358 
-0.7626857965615017 -0.9968836543833657 
-0.9160805457006107 -0.9492064226870737 
-0.6020466130909611 -0.9990834011325014 
-0.7425868755173398 -0.9969417351914465 
-0.925063446184367 -0.9481094165593045 
-0.5780077484452236 -0.9991999579685775 
-0.5627060368117017 -0.99922095493451 
-0.5013140868853756 -0.9992903005959609 
-0.6316161706757121 -0.999009681525887 
-0.6268330867223856 -0.9990584952646148 
-0.5031849709985139 -0.9992712792898988 
-1.0 -0.9282938777481604 
-0.0 -1.0 
-0.9067308276588876 -0.9740673400903521 
-0.9420484263509981 -0.9472477268964029 
-0.8648602025361654 -0.9956151786235128 
-0.6942592296881508 -0.9984961378891238 
-0.6639565498145684 -0.9989825282930886 
-0.7200421355757181 -0.9979197095741263 
-0.7872725666763027 -0.9957405285590358 
-0.7626857965615017 -0.9968836543833657 
-0.9160805457006107 -0.9492064226870737 
-0.6020466130909611 -0.9990834011325014 
-0.7425868755173398 -0.9969417351914465 
-0.925063446184367 -0.9481094165593045 
-0.5780077484452236 -0.9991999579685775 
-0.5627060368117017 -0.99922095493451 
-0.5013140868853756 -0.9992903005959609 
-0.6316161706757121 -0.999009681525887 
-0.6268330867223856 -0.9990584952646148 
-0.5031849709985139 -0.9992712792898988 
-1.0 -0.9282938777481604 
-0.0 -1.0 
-0.9067308276588876 -0.9740673400903521 
-0.9420484263509981 -0.9472477268964029 
-0.8648602025361654 -0.9956151786235128 
-0.6942592296881508 -0.9984961378891238 
-0.6639565498145684 -0.9989825282930886 
-0.7200421355757181 -0.9979197095741263 
-0.7872725666763027 -0.9957405285590358 
-0.7626857965615017 -0.9968836543833657 
-0.9160805457006107 -0.9492064226870737 
-0.6020466130909611 -0.9990834011325014 
-0.7425868755173398 -0.9969417351914465 
-0.925063446184367 -0.9481094165593045 
-0.5780077484452236 -0.9991999579685775 
-0.5627060368117017 -0.99922095493451 
-0.5013140868853756 -0.9992903005959609 
-0.6316161706757121 -0.999009681525887 
-0.6268330867223856 -0.9990584952646148 
-0.5031849709985139 -0.9992712792898988 
