-0.0 -1.0 
-0.9501012939819689 -0.9144000684240434 
-0.9501012939819689 -0.9144000684240434 
-0.0 -1.0 
-0.5013140868853756 -0.9994448391078826 
-0.8648602025361654 -0.9953722647296988 
-0.9420484263509981 -0.9447176276403554 
-0.8867831768135153 -0.9677172890716836 
-0.8867831768135153 -0.9677172890716836 
-0.925063446184367 -0.9542062075246617 
-0.925063446184367 -0.9542062075246617 
-0.9420484263509981 -0.9447176276403554 
-0.7425868755173398 -0.9981231812380629 
-0.7974944350842875 -0.9959657610782258 
-0.5627060368117017 -0.9993209944447937 
-0.5031849709985139 -0.9994255241286492 
-0.6942592296881508 -0.9987228180121277 
-0.7626857965615017 -0.9960956312080959 
-0.6942592296881508 -0.9987228180121277 
-0.6639565498145684 -0.9991108690152135 
-0.6316161706757121 -0.9991379595163354 
-0.6639565498145684 -0.9991108690152135 
-0.8648602025361654 -0.9953722647296988 
-0.7425868755173398 -0.9981231812380629 
-0.6268330867223856 -0.9992294460903124 
-0.6020466130909611 -0.9992511841540166 
-0.5780077484452236 -0.9992985239358595 
-0.6020466130909611 -0.9992511841540166 
-0.7974944350842875 -0.9959657610782258 
-0.7626857965615017 -0.9960956312080959 
-0.7808653701047724 -0.9960927612710154 
-0.7808653701047724 -0.9960927612710154 
-0.5627060368117017 -0.9993209944447937 
-0.5780077484452236 -0.9992985239358595 
-0.5013140868853756 -0.9994448391078826 
-0.6316161706757121 -0.9991379595163354 
-0.6268330867223856 -0.9992294460903124 
-0.5031849709985139 -0.9994255241286492 
-0.0 -1.0 
-0.9501012939819689 -0.9144000684240434 
-0.8867831768135153 -0.9677172890716836 
-0.925063446184367 -0.9542062075246617 
-0.9420484263509981 -0.9447176276403554 
-0.6942592296881508 -0.9987228180121277 
-0.6639565498145684 -0.9991108690152135 
-0.8648602025361654 -0.9953722647296988 
-0.7425868755173398 -0.9981231812380629 
-0.6020466130909611 -0.9992511841540166 
-0.7974944350842875 -0.9959657610782258 
-0.7626857965615017 -0.9960956312080959 
-0.7808653701047724 -0.9960927612710154 
-0.5627060368117017 -0.9993209944447937 
-0.5780077484452236 -0.9992985239358595 
-0.5013140868853756 -0.9994448391078826 
-0.6316161706757121 -0.9991379595163354 
-0.6268330867223856 -0.9992294460903124 
-0.5031849709985139 -0.9994255241286492 
-0.9501012939819689 -0.9144000684240434 
-0.0 -1.0 
-0.8867831768135153 -0.9677172890716836 
-0.925063446184367 -0.9542062075246617 
-0.9420484263509981 -0.9447176276403554 
-0.6942592296881508 -0.9987228180121277 
-0.6639565498145684 -0.9991108690152135 
-0.8648602025361654 -0.9953722647296988 
-0.7425868755173398 -0.9981231812380629 
-0.6020466130909611 -0.9992511841540166 
-0.7974944350842875 -0.9959657610782258 
-0.7626857965615017 -0.9960956312080959 
-0.7808653701047724 -0.9960927612710154 
-0.5627060368117017 -0.9993209944447937 
-0.5780077484452236 -0.9992985239358595 
-0.5013140868853756 -0.9994448391078826 
-0.6316161706757121 -0.9991379595163354 
-0.6268330867223856 -0.9992294460903124 
-0.5031849709985139 -0.9994255241286492 
-0.9501012939819689 -0.9144000684240434 
-0.0 -1.0 
-0.8867831768135153 -0.9677172890716836 
-0.925063446184367 -0.9542062075246617 
-0.9420484263509981 -0.9447176276403554 
-0.6942592296881508 -0.9987228180121277 
-0.6639565498145684 -0.9991108690152135 
-0.8648602025361654 -0.9953722647296988 
-0.7425868755173398 -0.9981231812380629 
-0.6020466130909611 -0.9992511841540166 
-0.7974944350842875 -0.9959657610782258 
-0.7626857965615017 -0.9960956312080959 
-0.7808653701047724 -0.9960927612710154 
-0.5627060368117017 -0.9993209944447937 
-0.5780077484452236 -0.9992985239358595 
-0.5013140868853756 -0.9994448391078826 
-0.6316161706757121 -0.9991379595163354 
-0.6268330867223856 -0.9992294460903124 
-0.5031849709985139 -0.9994255241286492 
-0.9501012939819689 -0.9144000684240434 
-0.0 -1.0 
-0.8867831768135153 -0.9677172890716836 
-0.925063446184367 -0.9542062075246617 
-0.9420484263509981 -0.9447176276403554 
