-0.0 -0.9999375 
-1.0 -0.9943867071700002 
-1.0 -0.9943867071700002 
-0.0 -0.9999375 
-0.5002446785556427 -0.9998717948717949 
-0.8760959198898003 -0.9946774920205324 
-0.8648602025361654 -0.996549432010971 
-0.7626857965615017 -0.9968368152528384 
-0.5455206901895745 -0.9992884806889363 
-0.5031849709985139 -0.9998611111111111 
-0.6639565498145684 -0.9985756869815919 
-0.6020466130909611 -0.9988067109278801 
-0.5948945309806194 -0.9991494930170539 
-0.7626857965615017 -0.9968368152528384 
-0.8760959198898003 -0.9946774920205324 
-0.8648602025361654 -0.996549432010971 
-0.6316161706757121 -0.9986156974418716 
-0.6268330867223856 -0.9987717949471359 
-0.5738820411172648 -0.9992864138447642 
-0.5031849709985139 -0.9998611111111111 
-0.6639565498145684 -0.9985756869815919 
-0.5780077484452236 -0.9991810632229976 
-0.6020466130909611 -0.9988067109278801 
-0.5948945309806194 -0.9991494930170539 
-0.5002446785556427 -0.9998717948717949 
-0.6316161706757121 -0.9986156974418716 
-0.6268330867223856 -0.9987717949471359 
-0.5780077484452236 -0.9991810632229976 
-0.5738820411172648 -0.9992864138447642 
-0.5013140868853756 -0.9998648648648648 
-0.5013140868853756 -0.9998648648648648 
-0.5005605409330028 -0.9998684210526316 
-0.5005605409330028 -0.9998684210526316 
-1.0 -0.9943867071700002 
-0.0 -0.9999375 
-0.7626857965615017 -0.9968368152528384 
-0.8760959198898003 -0.9946774920205324 
-0.8648602025361654 -0.996549432010971 
-0.5031849709985139 -0.9998611111111111 
-0.6639565498145684 -0.9985756869815919 
-0.5948945309806194 -0.9991494930170539 
-0.5002446785556427 -0.9998717948717949 
-0.6316161706757121 -0.9986156974418716 
-0.6268330867223856 -0.9987717949471359 
-0.5780077484452236 -0.9991810632229976 
-0.5738820411172648 -0.9992864138447642 
-0.5013140868853756 -0.9998648648648648 
-0.5005605409330028 -0.9998684210526316 
-0.0 -0.9999375 
-0.5738820411172648 -0.9992864138447642 
-0.7626857965615017 -0.9968368152528384 
-0.8760959198898003 -0.9946774920205324 
-0.6639565498145684 -0.9985756869815919 
-0.5948945309806194 -0.9991494930170539 
-0.5002446785556427 -0.9998717948717949 
-0.6316161706757121 -0.9986156974418716 
-0.6268330867223856 -0.9987717949471359 
-0.5780077484452236 -0.9991810632229976 
-0.5013140868853756 -0.9998648648648648 
-0.5005605409330028 -0.9998684210526316 
-0.0 -0.9999375 
-0.5738820411172648 -0.9992864138447642 
-0.7626857965615017 -0.9968368152528384 
-0.8760959198898003 -0.9946774920205324 
-0.6639565498145684 -0.9985756869815919 
-0.5948945309806194 -0.9991494930170539 
-0.5002446785556427 -0.9998717948717949 
-0.6316161706757121 -0.9986156974418716 
-0.6268330867223856 -0.9987717949471359 
-0.5780077484452236 -0.9991810632229976 
-0.5013140868853756 -0.9998648648648648 
-0.5005605409330028 -0.9998684210526316 
-0.0 -0.9999375 
-0.5738820411172648 -0.9992864138447642 
-0.7626857965615017 -0.9968368152528384 
-0.8760959198898003 -0.9946774920205324 
-0.6639565498145684 -0.9985756869815919 
-0.5948945309806194 -0.9991494930170539 
-0.5002446785556427 -0.9998717948717949 
-0.6316161706757121 -0.9986156974418716 
-0.6268330867223856 -0.9987717949471359 
-0.5780077484452236 -0.9991810632229976 
-0.5002446785556427 -0.9998717948717949 
-0.5002446785556427 -0.9998717948717949 
-0.6268330867223856 -0.9987717949471359 
-0.6639565498145684 -0.9985756869815919 
-0.5780077484452236 -0.9991810632229976 
-0.7425868755173398 -0.9982007921966257 
-0.7626857965615017 -0.9968368152528384 
-0.6316161706757121 -0.9986156974418716 
-0.5948945309806194 -0.9991494930170539 
-0.5002446785556427 -0.9998717948717949 
-0.7626857965615017 -0.9968368152528384 
-0.5780077484452236 -0.9991810632229976 
-1.0 -0.9943867071700002 
-0.0 -0.9999375 
-0.6639565498145684 -0.9985756869815919 
