-0.0 -1.0 
-1.0 -0.967348611482369 
-1.0 -0.967348611482369 
-0.0 -1.0 
-0.5013140868853756 -0.9993941324330132 
-0.9420484263509981 -0.9817808403932717 
-0.9067308276588876 -0.9884559144175942 
-0.9420484263509981 -0.9817808403932717 
-0.8648602025361654 -0.9896227313877802 
-0.7425868755173398 -0.9969095320821952 
-0.7626857965615017 -0.9940470453894455 
-0.8271112166643794 -0.9922028992637388 
-0.7200421355757181 -0.9984946062806609 
-0.8648602025361654 -0.9896227313877802 
-0.7808653701047724 -0.9940382600571308 
-0.7425868755173398 -0.9969095320821952 
-0.8128421169901086 -0.9922785295158396 
-0.5627060368117017 -0.9993109671104325 
-0.5031849709985139 -0.9993771711885415 
-0.8271112166643794 -0.9922028992637388 
-0.6639565498145684 -0.9989981210531602 
-0.6316161706757121 -0.999026421440736 
-0.8128421169901086 -0.9922785295158396 
-0.7808653701047724 -0.9940382600571308 
-0.6942592296881508 -0.9986611049365749 
-0.6268330867223856 -0.9991646197090742 
-0.7200421355757181 -0.9984946062806609 
-0.6020466130909611 -0.9992469568961319 
-0.6020466130909611 -0.9992469568961319 
-0.5780077484452236 -0.9992911496831651 
-0.6757744745078007 -0.9988008758170048 
-0.6942592296881508 -0.9986611049365749 
-0.5013140868853756 -0.9993941324330132 
-0.7626857965615017 -0.9940470453894455 
-0.5627060368117017 -0.9993109671104325 
-0.5780077484452236 -0.9992911496831651 
-0.6757744745078007 -0.9988008758170048 
-0.6639565498145684 -0.9989981210531602 
-0.6268330867223856 -0.9991646197090742 
-0.6316161706757121 -0.999026421440736 
-0.5031849709985139 -0.9993771711885415 
-0.0 -1.0 
-1.0 -0.967348611482369 
-0.9420484263509981 -0.9817808403932717 
-0.8648602025361654 -0.9896227313877802 
-0.7425868755173398 -0.9969095320821952 
-0.8271112166643794 -0.9922028992637388 
-0.8128421169901086 -0.9922785295158396 
-0.7808653701047724 -0.9940382600571308 
-0.7200421355757181 -0.9984946062806609 
-0.6020466130909611 -0.9992469568961319 
-0.6942592296881508 -0.9986611049365749 
-0.5013140868853756 -0.9993941324330132 
-0.7626857965615017 -0.9940470453894455 
-0.5627060368117017 -0.9993109671104325 
-0.5780077484452236 -0.9992911496831651 
-0.6757744745078007 -0.9988008758170048 
-0.6639565498145684 -0.9989981210531602 
-0.6268330867223856 -0.9991646197090742 
-0.6316161706757121 -0.999026421440736 
-0.5031849709985139 -0.9993771711885415 
-0.0 -1.0 
-1.0 -0.967348611482369 
-0.9420484263509981 -0.9817808403932717 
-0.8648602025361654 -0.9896227313877802 
-0.7425868755173398 -0.9969095320821952 
-0.8271112166643794 -0.9922028992637388 
-0.8128421169901086 -0.9922785295158396 
-0.7808653701047724 -0.9940382600571308 
-0.7200421355757181 -0.9984946062806609 
-0.6020466130909611 -0.9992469568961319 
-0.6942592296881508 -0.9986611049365749 
-0.5013140868853756 -0.9993941324330132 
-0.7626857965615017 -0.9940470453894455 
-0.5627060368117017 -0.9993109671104325 
-0.5780077484452236 -0.9992911496831651 
-0.6757744745078007 -0.9988008758170048 
-0.6639565498145684 -0.9989981210531602 
-0.6268330867223856 -0.9991646197090742 
-0.6316161706757121 -0.999026421440736 
-0.5031849709985139 -0.9993771711885415 
-1.0 -0.967348611482369 
-0.0 -1.0 
-0.9420484263509981 -0.9817808403932717 
-0.8648602025361654 -0.9896227313877802 
-0.7425868755173398 -0.9969095320821952 
-0.8271112166643794 -0.9922028992637388 
-0.8128421169901086 -0.9922785295158396 
-0.7808653701047724 -0.9940382600571308 
-0.7200421355757181 -0.9984946062806609 
-0.6020466130909611 -0.9992469568961319 
-0.6942592296881508 -0.9986611049365749 
-0.5013140868853756 -0.9993941324330132 
-0.7626857965615017 -0.9940470453894455 
-0.5627060368117017 -0.9993109671104325 
-0.5780077484452236 -0.9992911496831651 
-0.6757744745078007 -0.9988008758170048 
-0.6639565498145684 -0.9989981210531602 
-0.6268330867223856 -0.9991646197090742 
-0.6316161706757121 -0.999026421440736 
