-0.0 -0.9999342105263158 
-1.0 -0.9795490873575812 
-0.0 -0.9999342105263158 
-1.0 -0.9795490873575812 
-0.8128421169901086 -0.9975132706637733 
-0.8648602025361654 -0.9877646651654372 
-0.5001086248440816 -0.9994811607467015 
-0.8885261025021761 -0.9830629184527649 
-0.8648602025361654 -0.9877646651654372 
-0.8885261025021761 -0.9830629184527649 
-0.7425868755173398 -0.9984736397294042 
-0.7017685234501846 -0.9985380326345259 
-0.8128421169901086 -0.9975132706637733 
-0.7585312008512162 -0.9975744328015131 
-0.7476104374175362 -0.9975870321436119 
-0.6933612743506347 -0.9989597466143518 
-0.6379986098789187 -0.9990188903162758 
-0.5401471907668891 -0.9993951392413251 
-0.5031849709985139 -0.9994201333980073 
-0.6268330867223856 -0.9992684909228354 
-0.6639565498145684 -0.9989843142400786 
-0.6639565498145684 -0.9989843142400786 
-0.6020466130909611 -0.9992895431794425 
-0.5001086248440816 -0.9994811607467015 
-0.6020466130909611 -0.9992895431794425 
-0.5856212004886759 -0.9993094032274037 
-0.7585312008512162 -0.9975744328015131 
-0.5526636442030195 -0.9993600030883484 
-0.5650382096671698 -0.9993459344272646 
-0.6379986098789187 -0.9990188903162758 
-0.6268330867223856 -0.9992684909228354 
-0.7017685234501846 -0.9985380326345259 
-0.6933612743506347 -0.9989597466143518 
-0.5650382096671698 -0.9993459344272646 
-0.5738820411172648 -0.999328170732776 
-0.5856212004886759 -0.9993094032274037 
-0.7425868755173398 -0.9984736397294042 
-0.5780077484452236 -0.9993204182982922 
-0.5455206901895745 -0.9993780779448883 
-0.5526636442030195 -0.9993600030883484 
-0.5401471907668891 -0.9993951392413251 
-0.5455206901895745 -0.9993780779448883 
-0.7476104374175362 -0.9975870321436119 
-0.5738820411172648 -0.999328170732776 
-0.5780077484452236 -0.9993204182982922 
-0.5031849709985139 -0.9994201333980073 
-0.5013140868853756 -0.999436718716324 
-0.5013140868853756 -0.999436718716324 
-0.5005605409330028 -0.999452367620368 
-0.5005605409330028 -0.999452367620368 
-0.5002446785556427 -0.9994671584046584 
-0.5002446785556427 -0.9994671584046584 
-0.0 -0.9999342105263158 
-1.0 -0.9795490873575812 
-0.8648602025361654 -0.9877646651654372 
-0.8885261025021761 -0.9830629184527649 
-0.8128421169901086 -0.9975132706637733 
-0.6639565498145684 -0.9989843142400786 
-0.5001086248440816 -0.9994811607467015 
-0.6020466130909611 -0.9992895431794425 
-0.7585312008512162 -0.9975744328015131 
-0.6379986098789187 -0.9990188903162758 
-0.6268330867223856 -0.9992684909228354 
-0.6933612743506347 -0.9989597466143518 
-0.5650382096671698 -0.9993459344272646 
-0.5856212004886759 -0.9993094032274037 
-0.7425868755173398 -0.9984736397294042 
-0.5526636442030195 -0.9993600030883484 
-0.5401471907668891 -0.9993951392413251 
-0.5455206901895745 -0.9993780779448883 
-0.7476104374175362 -0.9975870321436119 
-0.5738820411172648 -0.999328170732776 
-0.5780077484452236 -0.9993204182982922 
-0.5031849709985139 -0.9994201333980073 
-0.5013140868853756 -0.999436718716324 
-0.5005605409330028 -0.999452367620368 
-0.5002446785556427 -0.9994671584046584 
-1.0 -0.9795490873575812 
-0.0 -0.9999342105263158 
-0.8648602025361654 -0.9877646651654372 
-0.8885261025021761 -0.9830629184527649 
-0.8128421169901086 -0.9975132706637733 
-0.6639565498145684 -0.9989843142400786 
-0.5001086248440816 -0.9994811607467015 
-0.6020466130909611 -0.9992895431794425 
-0.7585312008512162 -0.9975744328015131 
-0.6379986098789187 -0.9990188903162758 
-0.6268330867223856 -0.9992684909228354 
-0.5650382096671698 -0.9993459344272646 
-0.7425868755173398 -0.9984736397294042 
-0.5526636442030195 -0.9993600030883484 
-0.5401471907668891 -0.9993951392413251 
-0.5455206901895745 -0.9993780779448883 
-0.7476104374175362 -0.9975870321436119 
-0.5738820411172648 -0.999328170732776 
-0.5780077484452236 -0.9993204182982922 
-0.5031849709985139 -0.9994201333980073 
-0.5013140868853756 -0.999436718716324 
-0.5005605409330028 -0.999452367620368 
-0.5002446785556427 -0.9994671584046584 
