-0.0 -0.9999375 
-1.0 -0.9909557328731214 
-0.0 -0.9999375 
-0.5013140868853756 -0.9998136553369111 
-0.9420484263509981 -0.9942889728642569 
-0.6933612743506347 -0.9987473144616795 
-0.6942592296881508 -0.9957258498632232 
-0.6020466130909611 -0.9996306204084529 
-0.8648602025361654 -0.9951614673632413 
-0.9420484263509981 -0.9942889728642569 
-0.6268330867223856 -0.9989114097002905 
-0.5031849709985139 -0.9998088972431077 
-0.8648602025361654 -0.9951614673632413 
-0.7872725666763027 -0.9952987873087709 
-0.7089651806819823 -0.995591245688884 
-0.6555486225011073 -0.998755967164823 
-0.6020466130909611 -0.9996306204084529 
-0.6268330867223856 -0.9989114097002905 
-0.7425868755173398 -0.9955307493054285 
-0.7626857965615017 -0.9954626964106004 
-0.6555486225011073 -0.998755967164823 
-0.7425868755173398 -0.9955307493054285 
-0.7626857965615017 -0.9954626964106004 
-0.7808653701047724 -0.995363842148705 
-0.5031849709985139 -0.9998088972431077 
-0.7872725666763027 -0.9952987873087709 
-0.7808653701047724 -0.995363842148705 
-0.6942592296881508 -0.9957258498632232 
-0.5013140868853756 -0.9998136553369111 
-0.6933612743506347 -0.9987473144616795 
-0.0 -0.9999375 
-0.9420484263509981 -0.9942889728642569 
-0.8648602025361654 -0.9951614673632413 
-0.6020466130909611 -0.9996306204084529 
-0.6268330867223856 -0.9989114097002905 
-0.6555486225011073 -0.998755967164823 
-0.7626857965615017 -0.9954626964106004 
-0.7425868755173398 -0.9955307493054285 
-0.5031849709985139 -0.9998088972431077 
-0.7872725666763027 -0.9952987873087709 
-0.6942592296881508 -0.9957258498632232 
-0.7808653701047724 -0.995363842148705 
-0.5013140868853756 -0.9998136553369111 
-0.6933612743506347 -0.9987473144616795 
-0.0 -0.9999375 
-0.9420484263509981 -0.9942889728642569 
-0.8648602025361654 -0.9951614673632413 
-0.6020466130909611 -0.9996306204084529 
-0.6268330867223856 -0.9989114097002905 
-0.6555486225011073 -0.998755967164823 
-0.7425868755173398 -0.9955307493054285 
-0.5031849709985139 -0.9998088972431077 
-0.7872725666763027 -0.9952987873087709 
-0.6942592296881508 -0.9957258498632232 
-0.7808653701047724 -0.995363842148705 
-0.5013140868853756 -0.9998136553369111 
-0.6933612743506347 -0.9987473144616795 
-0.0 -0.9999375 
-0.9420484263509981 -0.9942889728642569 
-0.8648602025361654 -0.9951614673632413 
-0.6020466130909611 -0.9996306204084529 
-0.6268330867223856 -0.9989114097002905 
-0.6555486225011073 -0.998755967164823 
-0.7425868755173398 -0.9955307493054285 
-0.5031849709985139 -0.9998088972431077 
-0.7872725666763027 -0.9952987873087709 
-0.6942592296881508 -0.9957258498632232 
-0.7808653701047724 -0.995363842148705 
-0.5013140868853756 -0.9998136553369111 
-0.6933612743506347 -0.9987473144616795 
-0.0 -0.9999375 
-0.9420484263509981 -0.9942889728642569 
-0.8648602025361654 -0.9951614673632413 
-0.6020466130909611 -0.9996306204084529 
-0.6268330867223856 -0.9989114097002905 
-0.6555486225011073 -0.998755967164823 
-0.7425868755173398 -0.9955307493054285 
-0.5031849709985139 -0.9998088972431077 
-0.7872725666763027 -0.9952987873087709 
-0.6942592296881508 -0.9957258498632232 
-0.5013140868853756 -0.9998136553369111 
-0.6933612743506347 -0.9987473144616795 
-0.0 -0.9999375 
-0.9420484263509981 -0.9942889728642569 
-0.8648602025361654 -0.9951614673632413 
-0.6020466130909611 -0.9996306204084529 
-0.7425868755173398 -0.9955307493054285 
-0.5031849709985139 -0.9998088972431077 
-0.7872725666763027 -0.9952987873087709 
-0.6942592296881508 -0.9957258498632232 
-0.5013140868853756 -0.9998136553369111 
-0.6933612743506347 -0.9987473144616795 
-0.0 -0.9999375 
-0.9420484263509981 -0.9942889728642569 
-0.8648602025361654 -0.9951614673632413 
-0.7425868755173398 -0.9955307493054285 
-0.6942592296881508 -0.9957258498632232 
-0.5013140868853756 -0.9998136553369111 
-0.6933612743506347 -0.9987473144616795 
-0.0 -0.9999375 
