-0.0 -1.0 
-0.9420484263509981 -0.9701840270717842 
-0.0 -1.0 
-0.9420484263509981 -0.9701840270717842 
-0.8867831768135153 -0.9919660483031686 
-0.5000046953206492 -0.9993533053872738 
-0.8867831768135153 -0.9919660483031686 
-0.8404586120495574 -0.996950467984708 
-0.7626857965615017 -0.9972736872001969 
-0.6942592296881508 -0.9989561182416786 
-0.7200421355757181 -0.9978097377254115 
-0.8128421169901086 -0.997099296435007 
-0.8404586120495574 -0.996950467984708 
-0.5000488543689853 -0.9993039433778941 
-0.5440962310962162 -0.9992953343727811 
-0.7200421355757181 -0.9978097377254115 
-0.7425868755173398 -0.9973430328616478 
-0.6555486225011073 -0.9989866354141609 
-0.8128421169901086 -0.997099296435007 
-0.6639565498145684 -0.9989737701300201 
-0.6020466130909611 -0.9991558222421179 
-0.5744052964318053 -0.9991682383206774 
-0.6268330867223856 -0.9990597916353965 
-0.6942592296881508 -0.9989561182416786 
-0.6316161706757121 -0.9990032124750928 
-0.6020466130909611 -0.9991558222421179 
-0.7425868755173398 -0.9973430328616478 
-0.5000046953206492 -0.9993533053872738 
-0.5738820411172648 -0.9992010479845232 
-0.5650382096671698 -0.9992218816355607 
-0.6639565498145684 -0.9989737701300201 
-0.6268330867223856 -0.9990597916353965 
-0.5650382096671698 -0.9992218816355607 
-0.5581161145103294 -0.99924165101909 
-0.5581161145103294 -0.99924165101909 
-0.552540283967241 -0.999260436041853 
-0.6316161706757121 -0.9990032124750928 
-0.552540283967241 -0.999260436041853 
-0.547947494835577 -0.9992783087701865 
-0.547947494835577 -0.9992783087701865 
-0.5440962310962162 -0.9992953343727811 
-0.5744052964318053 -0.9991682383206774 
-0.5000222005154896 -0.9993212182828678 
-0.5000222005154896 -0.9993212182828678 
-0.5000101738715135 -0.99933765220453 
-0.5000101738715135 -0.99933765220453 
-0.5000488543689853 -0.9993039433778941 
-0.0 -1.0 
-0.9420484263509981 -0.9701840270717842 
-0.8867831768135153 -0.9919660483031686 
-0.8404586120495574 -0.996950467984708 
-0.7200421355757181 -0.9978097377254115 
-0.8128421169901086 -0.997099296435007 
-0.6639565498145684 -0.9989737701300201 
-0.6942592296881508 -0.9989561182416786 
-0.6020466130909611 -0.9991558222421179 
-0.7425868755173398 -0.9973430328616478 
-0.5000046953206492 -0.9993533053872738 
-0.6268330867223856 -0.9990597916353965 
-0.5650382096671698 -0.9992218816355607 
-0.5581161145103294 -0.99924165101909 
-0.6316161706757121 -0.9990032124750928 
-0.552540283967241 -0.999260436041853 
-0.547947494835577 -0.9992783087701865 
-0.5440962310962162 -0.9992953343727811 
-0.5744052964318053 -0.9991682383206774 
-0.5000222005154896 -0.9993212182828678 
-0.5000101738715135 -0.99933765220453 
-0.5000488543689853 -0.9993039433778941 
-0.0 -1.0 
-0.9420484263509981 -0.9701840270717842 
-0.8867831768135153 -0.9919660483031686 
-0.8404586120495574 -0.996950467984708 
-0.7200421355757181 -0.9978097377254115 
-0.8128421169901086 -0.997099296435007 
-0.6639565498145684 -0.9989737701300201 
-0.6942592296881508 -0.9989561182416786 
-0.6020466130909611 -0.9991558222421179 
-0.7425868755173398 -0.9973430328616478 
-0.5000046953206492 -0.9993533053872738 
-0.5744052964318053 -0.9991682383206774 
-0.5581161145103294 -0.99924165101909 
-0.6316161706757121 -0.9990032124750928 
-0.552540283967241 -0.999260436041853 
-0.547947494835577 -0.9992783087701865 
-0.5440962310962162 -0.9992953343727811 
-0.5650382096671698 -0.9992218816355607 
-0.5000222005154896 -0.9993212182828678 
-0.5000101738715135 -0.99933765220453 
-0.5000488543689853 -0.9993039433778941 
-0.9420484263509981 -0.9701840270717842 
-0.0 -1.0 
-0.8867831768135153 -0.9919660483031686 
-0.8404586120495574 -0.996950467984708 
-0.7200421355757181 -0.9978097377254115 
-0.8128421169901086 -0.997099296435007 
-0.6639565498145684 -0.9989737701300201 
-0.6020466130909611 -0.9991558222421179 
-0.7425868755173398 -0.9973430328616478 
-0.5000046953206492 -0.9993533053872738 
