-0.0 -1.0 
-1.0 -0.981448822257498 
-0.0 -1.0 
-1.0 -0.981448822257498 
-0.9067308276588876 -0.9968278956138504 
-0.5031849709985139 -0.9987563268096168 
-0.5031849709985139 -0.9987563268096168 
-0.5780077484452236 -0.9986982460015359 
-0.9067308276588876 -0.9968278956138504 
-0.6268330867223856 -0.9986177535772935 
-0.8128421169901086 -0.9976617116875427 
-0.8648602025361654 -0.9970279096028567 
-0.7626857965615017 -0.9977387163039407 
-0.8648602025361654 -0.9970279096028567 
-0.8128421169901086 -0.9976617116875427 
-0.7425868755173398 -0.9981634695289987 
-0.6639565498145684 -0.9984912236032025 
-0.6639565498145684 -0.9984912236032025 
-0.6942592296881508 -0.9983475498227148 
-0.6942592296881508 -0.9983475498227148 
-0.7200421355757181 -0.9982373679681557 
-0.7200421355757181 -0.9982373679681557 
-0.7626857965615017 -0.9977387163039407 
-0.7425868755173398 -0.9981634695289987 
-0.0 -1.0 
-1.0 -0.981448822257498 
-0.5031849709985139 -0.9987563268096168 
-0.9067308276588876 -0.9968278956138504 
-0.8648602025361654 -0.9970279096028567 
-0.8128421169901086 -0.9976617116875427 
-0.6639565498145684 -0.9984912236032025 
-0.6942592296881508 -0.9983475498227148 
-0.7200421355757181 -0.9982373679681557 
-0.7626857965615017 -0.9977387163039407 
-0.7425868755173398 -0.9981634695289987 
-1.0 -0.981448822257498 
-0.0 -1.0 
-0.5031849709985139 -0.9987563268096168 
-0.9067308276588876 -0.9968278956138504 
-0.8648602025361654 -0.9970279096028567 
-0.8128421169901086 -0.9976617116875427 
-0.6639565498145684 -0.9984912236032025 
-0.6942592296881508 -0.9983475498227148 
-0.7200421355757181 -0.9982373679681557 
-0.7626857965615017 -0.9977387163039407 
-0.7425868755173398 -0.9981634695289987 
-1.0 -0.981448822257498 
-0.0 -1.0 
-0.5031849709985139 -0.9987563268096168 
-0.9067308276588876 -0.9968278956138504 
-0.8648602025361654 -0.9970279096028567 
-0.8128421169901086 -0.9976617116875427 
-0.6942592296881508 -0.9983475498227148 
-0.7200421355757181 -0.9982373679681557 
-0.7626857965615017 -0.9977387163039407 
-0.7425868755173398 -0.9981634695289987 
-1.0 -0.981448822257498 
-0.0 -1.0 
-0.5031849709985139 -0.9987563268096168 
-0.9067308276588876 -0.9968278956138504 
-0.8648602025361654 -0.9970279096028567 
-0.8128421169901086 -0.9976617116875427 
-0.6942592296881508 -0.9983475498227148 
-0.7200421355757181 -0.9982373679681557 
-0.7626857965615017 -0.9977387163039407 
-0.7425868755173398 -0.9981634695289987 
-0.0 -1.0 
-1.0 -0.981448822257498 
-0.5031849709985139 -0.9987563268096168 
-0.9067308276588876 -0.9968278956138504 
-0.8648602025361654 -0.9970279096028567 
-0.8128421169901086 -0.9976617116875427 
-0.6942592296881508 -0.9983475498227148 
-0.7200421355757181 -0.9982373679681557 
-0.7626857965615017 -0.9977387163039407 
-0.7425868755173398 -0.9981634695289987 
-0.0 -1.0 
-1.0 -0.981448822257498 
-0.5031849709985139 -0.9987563268096168 
-0.9067308276588876 -0.9968278956138504 
-0.8648602025361654 -0.9970279096028567 
-0.8128421169901086 -0.9976617116875427 
-0.6942592296881508 -0.9983475498227148 
-0.7200421355757181 -0.9982373679681557 
-0.7626857965615017 -0.9977387163039407 
-0.7425868755173398 -0.9981634695289987 
-0.0 -1.0 
-1.0 -0.981448822257498 
-0.5031849709985139 -0.9987563268096168 
-0.9067308276588876 -0.9968278956138504 
-0.8648602025361654 -0.9970279096028567 
-0.8128421169901086 -0.9976617116875427 
-0.6942592296881508 -0.9983475498227148 
-0.7200421355757181 -0.9982373679681557 
-0.7626857965615017 -0.9977387163039407 
-0.7425868755173398 -0.9981634695289987 
-1.0 -0.981448822257498 
-0.0 -1.0 
-0.5031849709985139 -0.9987563268096168 
-0.9067308276588876 -0.9968278956138504 
