-0.0 -1.0 
-0.8885261025021761 -0.9683306464292051 
-0.8885261025021761 -0.9683306464292051 
-0.0 -1.0 
-0.5005605409330028 -0.999462828994138 
-0.8454044855118727 -0.9839160152548881 
-0.7872725666763027 -0.9964082383870775 
-0.8038679774895205 -0.9887766116058544 
-0.8628569464538363 -0.9730721893174913 
-0.8572350303041841 -0.9793907246376307 
-0.8326831776556043 -0.98857654637991 
-0.8628569464538363 -0.9730721893174913 
-0.8572350303041841 -0.9793907246376307 
-0.7230200263994838 -0.997016813743173 
-0.5013140868853756 -0.9994448391078826 
-0.5526636442030195 -0.9993220547612585 
-0.7230200263994838 -0.997016813743173 
-0.6933612743506347 -0.997636471043698 
-0.5627060368117017 -0.9993209944447937 
-0.6933612743506347 -0.997636471043698 
-0.6757744745078007 -0.9981429614287226 
-0.7872725666763027 -0.9964082383870775 
-0.6101901341533087 -0.9990011460394511 
-0.6316161706757121 -0.9982613398596011 
-0.6555486225011073 -0.9982209471684731 
-0.6101901341533087 -0.9990011460394511 
-0.5856212004886759 -0.9991765014539404 
-0.6299549154968892 -0.9982671310256881 
-0.8038679774895205 -0.9887766116058544 
-0.6555486225011073 -0.9982209471684731 
-0.6020466130909611 -0.9991500515061097 
-0.5856212004886759 -0.9991765014539404 
-0.6299549154968892 -0.9982671310256881 
-0.6757744745078007 -0.9981429614287226 
-0.8326831776556043 -0.98857654637991 
-0.5005605409330028 -0.999462828994138 
-0.5526636442030195 -0.9993220547612585 
-0.6020466130909611 -0.9991500515061097 
-0.5013140868853756 -0.9994448391078826 
-0.8885261025021761 -0.9683306464292051 
-0.0 -1.0 
-0.8628569464538363 -0.9730721893174913 
-0.7230200263994838 -0.997016813743173 
-0.6933612743506347 -0.997636471043698 
-0.7872725666763027 -0.9964082383870775 
-0.6101901341533087 -0.9990011460394511 
-0.8038679774895205 -0.9887766116058544 
-0.6555486225011073 -0.9982209471684731 
-0.6299549154968892 -0.9982671310256881 
-0.5856212004886759 -0.9991765014539404 
-0.8326831776556043 -0.98857654637991 
-0.5005605409330028 -0.999462828994138 
-0.5526636442030195 -0.9993220547612585 
-0.8572350303041841 -0.9793907246376307 
-0.6020466130909611 -0.9991500515061097 
-0.5013140868853756 -0.9994448391078826 
-0.0 -1.0 
-0.8628569464538363 -0.9730721893174913 
-0.7230200263994838 -0.997016813743173 
-0.6933612743506347 -0.997636471043698 
-0.7872725666763027 -0.9964082383870775 
-0.6101901341533087 -0.9990011460394511 
-0.8038679774895205 -0.9887766116058544 
-0.6555486225011073 -0.9982209471684731 
-0.6299549154968892 -0.9982671310256881 
-0.5856212004886759 -0.9991765014539404 
-0.8326831776556043 -0.98857654637991 
-0.5005605409330028 -0.999462828994138 
-0.5526636442030195 -0.9993220547612585 
-0.8572350303041841 -0.9793907246376307 
-0.6020466130909611 -0.9991500515061097 
-0.5013140868853756 -0.9994448391078826 
-0.0 -1.0 
-0.8628569464538363 -0.9730721893174913 
-0.7230200263994838 -0.997016813743173 
-0.6933612743506347 -0.997636471043698 
-0.7872725666763027 -0.9964082383870775 
-0.8038679774895205 -0.9887766116058544 
-0.6555486225011073 -0.9982209471684731 
-0.6299549154968892 -0.9982671310256881 
-0.5856212004886759 -0.9991765014539404 
-0.8326831776556043 -0.98857654637991 
-0.5005605409330028 -0.999462828994138 
-0.5526636442030195 -0.9993220547612585 
-0.8572350303041841 -0.9793907246376307 
-0.6020466130909611 -0.9991500515061097 
-0.5013140868853756 -0.9994448391078826 
-0.0 -1.0 
-0.8628569464538363 -0.9730721893174913 
-0.6933612743506347 -0.997636471043698 
-0.7872725666763027 -0.9964082383870775 
-0.8038679774895205 -0.9887766116058544 
-0.6555486225011073 -0.9982209471684731 
-0.6299549154968892 -0.9982671310256881 
-0.5856212004886759 -0.9991765014539404 
-0.8326831776556043 -0.98857654637991 
-0.5005605409330028 -0.999462828994138 
-0.5013140868853756 -0.9994448391078826 
-0.0 -1.0 
-0.7872725666763027 -0.9964082383870775 
