-0.0 -0.9999358974358974 
-1.0 -0.9817571336441042 
-1.0 -0.9817571336441042 
-0.0 -0.9999358974358974 
-0.5005605409330028 -0.9998684210526316 
-0.896978766113503 -0.9900770925954374 
-0.8760959198898003 -0.9905780174595546 
-0.8648602025361654 -0.9958689889867525 
-0.896978766113503 -0.9900770925954374 
-0.8128421169901086 -0.996863067139717 
-0.6268330867223856 -0.999593425544645 
-0.5856212004886759 -0.9996145377016233 
-0.5031849709985139 -0.9998611111111111 
-0.6609748009422006 -0.998224479575648 
-0.8648602025361654 -0.9958689889867525 
-0.8128421169901086 -0.996863067139717 
-0.7200421355757181 -0.9978564513856444 
-0.7425868755173398 -0.9971774022398977 
-0.7626857965615017 -0.9970850377078779 
-0.6609748009422006 -0.998224479575648 
-0.6639565498145684 -0.9980052798359433 
-0.6942592296881508 -0.997948815917664 
-0.6268330867223856 -0.999593425544645 
-0.7626857965615017 -0.9970850377078779 
-0.5856212004886759 -0.9996145377016233 
-0.6942592296881508 -0.997948815917664 
-0.7425868755173398 -0.9971774022398977 
-0.7200421355757181 -0.9978564513856444 
-0.6020466130909611 -0.9996042656192912 
-0.6020466130909611 -0.9996042656192912 
-0.5031849709985139 -0.9998611111111111 
-0.6639565498145684 -0.9980052798359433 
-0.5005605409330028 -0.9998684210526316 
-0.5013140868853756 -0.9998648648648648 
-0.5013140868853756 -0.9998648648648648 
-1.0 -0.9817571336441042 
-0.0 -0.9999358974358974 
-0.896978766113503 -0.9900770925954374 
-0.8648602025361654 -0.9958689889867525 
-0.8128421169901086 -0.996863067139717 
-0.6609748009422006 -0.998224479575648 
-0.6268330867223856 -0.999593425544645 
-0.7626857965615017 -0.9970850377078779 
-0.5856212004886759 -0.9996145377016233 
-0.6942592296881508 -0.997948815917664 
-0.7425868755173398 -0.9971774022398977 
-0.7200421355757181 -0.9978564513856444 
-0.6020466130909611 -0.9996042656192912 
-0.5031849709985139 -0.9998611111111111 
-0.6639565498145684 -0.9980052798359433 
-0.5005605409330028 -0.9998684210526316 
-0.5013140868853756 -0.9998648648648648 
-1.0 -0.9817571336441042 
-0.0 -0.9999358974358974 
-0.896978766113503 -0.9900770925954374 
-0.8648602025361654 -0.9958689889867525 
-0.8128421169901086 -0.996863067139717 
-0.6609748009422006 -0.998224479575648 
-0.6268330867223856 -0.999593425544645 
-0.7626857965615017 -0.9970850377078779 
-0.5856212004886759 -0.9996145377016233 
-0.6942592296881508 -0.997948815917664 
-0.7425868755173398 -0.9971774022398977 
-0.7200421355757181 -0.9978564513856444 
-0.6020466130909611 -0.9996042656192912 
-0.5031849709985139 -0.9998611111111111 
-0.6639565498145684 -0.9980052798359433 
-0.5005605409330028 -0.9998684210526316 
-0.5013140868853756 -0.9998648648648648 
-1.0 -0.9817571336441042 
-0.0 -0.9999358974358974 
-0.896978766113503 -0.9900770925954374 
-0.8648602025361654 -0.9958689889867525 
-0.8128421169901086 -0.996863067139717 
-0.6609748009422006 -0.998224479575648 
-0.6268330867223856 -0.999593425544645 
-0.7626857965615017 -0.9970850377078779 
-0.5856212004886759 -0.9996145377016233 
-0.6942592296881508 -0.997948815917664 
-0.7425868755173398 -0.9971774022398977 
-0.7200421355757181 -0.9978564513856444 
-0.6020466130909611 -0.9996042656192912 
-0.5031849709985139 -0.9998611111111111 
-0.6639565498145684 -0.9980052798359433 
-0.5005605409330028 -0.9998684210526316 
-0.5013140868853756 -0.9998648648648648 
-1.0 -0.9817571336441042 
-0.0 -0.9999358974358974 
-0.896978766113503 -0.9900770925954374 
-0.6609748009422006 -0.998224479575648 
-0.6268330867223856 -0.999593425544645 
-0.7626857965615017 -0.9970850377078779 
-0.5856212004886759 -0.9996145377016233 
-0.6942592296881508 -0.997948815917664 
-0.7425868755173398 -0.9971774022398977 
-0.7200421355757181 -0.9978564513856444 
-0.6020466130909611 -0.9996042656192912 
-0.5031849709985139 -0.9998611111111111 
-0.6639565498145684 -0.9980052798359433 
-0.5005605409330028 -0.9998684210526316 
