-0.0 -1.0 
-1.0 -0.9473965472113169 
-1.0 -0.9473965472113169 
-0.0 -1.0 
-0.9420484263509981 -0.9730565148359848 
-0.5013140868853756 -0.9998136553369111 
-0.9420484263509981 -0.9730565148359848 
-0.9067308276588876 -0.9824530548752911 
-0.8128421169901086 -0.9928223478124204 
-0.7425868755173398 -0.998275667793507 
-0.8128421169901086 -0.9928223478124204 
-0.8530083223491562 -0.9876775303657063 
-0.8648602025361654 -0.9829653844418049 
-0.8530083223491562 -0.9876775303657063 
-0.6020466130909611 -0.999202038331615 
-0.5031849709985139 -0.9998088972431077 
-0.7425868755173398 -0.998275667793507 
-0.6933612743506347 -0.998324742381854 
-0.6268330867223856 -0.9991798752053452 
-0.6933612743506347 -0.998324742381854 
-0.8867831768135153 -0.9828184900565204 
-0.9067308276588876 -0.9824530548752911 
-0.6268330867223856 -0.9991798752053452 
-0.6020466130909611 -0.999202038331615 
-0.8648602025361654 -0.9829653844418049 
-0.5031849709985139 -0.9998088972431077 
-0.5013140868853756 -0.9998136553369111 
-1.0 -0.9473965472113169 
-0.0 -1.0 
-0.9420484263509981 -0.9730565148359848 
-0.8128421169901086 -0.9928223478124204 
-0.8530083223491562 -0.9876775303657063 
-0.7425868755173398 -0.998275667793507 
-0.6933612743506347 -0.998324742381854 
-0.9067308276588876 -0.9824530548752911 
-0.6268330867223856 -0.9991798752053452 
-0.6020466130909611 -0.999202038331615 
-0.8648602025361654 -0.9829653844418049 
-0.5031849709985139 -0.9998088972431077 
-0.5013140868853756 -0.9998136553369111 
-1.0 -0.9473965472113169 
-0.0 -1.0 
-0.9420484263509981 -0.9730565148359848 
-0.8128421169901086 -0.9928223478124204 
-0.8530083223491562 -0.9876775303657063 
-0.7425868755173398 -0.998275667793507 
-0.6933612743506347 -0.998324742381854 
-0.9067308276588876 -0.9824530548752911 
-0.6268330867223856 -0.9991798752053452 
-0.6020466130909611 -0.999202038331615 
-0.8648602025361654 -0.9829653844418049 
-0.5031849709985139 -0.9998088972431077 
-0.5013140868853756 -0.9998136553369111 
-0.0 -1.0 
-1.0 -0.9473965472113169 
-0.9420484263509981 -0.9730565148359848 
-0.8128421169901086 -0.9928223478124204 
-0.8530083223491562 -0.9876775303657063 
-0.7425868755173398 -0.998275667793507 
-0.6933612743506347 -0.998324742381854 
-0.9067308276588876 -0.9824530548752911 
-0.6268330867223856 -0.9991798752053452 
-0.6020466130909611 -0.999202038331615 
-0.8648602025361654 -0.9829653844418049 
-0.5031849709985139 -0.9998088972431077 
-0.5013140868853756 -0.9998136553369111 
-1.0 -0.9473965472113169 
-0.0 -1.0 
-0.9420484263509981 -0.9730565148359848 
-0.8128421169901086 -0.9928223478124204 
-0.8530083223491562 -0.9876775303657063 
-0.7425868755173398 -0.998275667793507 
-0.6933612743506347 -0.998324742381854 
-0.9067308276588876 -0.9824530548752911 
-0.6268330867223856 -0.9991798752053452 
-0.6020466130909611 -0.999202038331615 
-0.8648602025361654 -0.9829653844418049 
-0.5031849709985139 -0.9998088972431077 
-0.5013140868853756 -0.9998136553369111 
-1.0 -0.9473965472113169 
-0.0 -1.0 
-0.9420484263509981 -0.9730565148359848 
-0.8128421169901086 -0.9928223478124204 
-0.8530083223491562 -0.9876775303657063 
-0.7425868755173398 -0.998275667793507 
-0.6933612743506347 -0.998324742381854 
-0.9067308276588876 -0.9824530548752911 
-0.6268330867223856 -0.9991798752053452 
-0.6020466130909611 -0.999202038331615 
-0.8648602025361654 -0.9829653844418049 
-0.5031849709985139 -0.9998088972431077 
-0.5013140868853756 -0.9998136553369111 
-1.0 -0.9473965472113169 
-0.0 -1.0 
-0.9420484263509981 -0.9730565148359848 
-0.8128421169901086 -0.9928223478124204 
-0.8530083223491562 -0.9876775303657063 
-0.7425868755173398 -0.998275667793507 
-0.6933612743506347 -0.998324742381854 
-0.9067308276588876 -0.9824530548752911 
