-0.0 -0.9999404761904762 
-0.9420484263509981 -0.9967154513303365 
-0.0 -0.9999404761904762 
-0.9420484263509981 -0.9967154513303365 
-0.5002446785556427 -0.9998224932249322 
-0.9067308276588876 -0.9975080865129631 
-0.6379986098789187 -0.99889859422899 
-0.6020466130909611 -0.9996306204084529 
-0.6639565498145684 -0.9982511093252147 
-0.6609748009422006 -0.9987798761860465 
-0.8648602025361654 -0.9975831615880382 
-0.8128421169901086 -0.9977408274690013 
-0.8648602025361654 -0.9975831615880382 
-0.6942592296881508 -0.9981817636637638 
-0.5738820411172648 -0.9996480429292929 
-0.5031849709985139 -0.9998088972431077 
-0.6379986098789187 -0.99889859422899 
-0.7200421355757181 -0.9980347048402344 
-0.8128421169901086 -0.9977408274690013 
-0.5738820411172648 -0.9996480429292929 
-0.9067308276588876 -0.9975080865129631 
-0.5031849709985139 -0.9998088972431077 
-0.7200421355757181 -0.9980347048402344 
-0.6942592296881508 -0.9981817636637638 
-0.7425868755173398 -0.9979607796746346 
-0.7425868755173398 -0.9979607796746346 
-0.7974944350842875 -0.9978203102578493 
-0.6020466130909611 -0.9996306204084529 
-0.7808653701047724 -0.9978896559193003 
-0.7626857965615017 -0.9978914340131837 
-0.6609748009422006 -0.9987798761860465 
-0.7974944350842875 -0.9978203102578493 
-0.5002446785556427 -0.9998224932249322 
-0.6639565498145684 -0.9982511093252147 
-0.7626857965615017 -0.9978914340131837 
-0.5856212004886759 -0.9996395431016287 
-0.7808653701047724 -0.9978896559193003 
-0.5856212004886759 -0.9996395431016287 
-0.5013140868853756 -0.9998136553369111 
-0.5013140868853756 -0.9998136553369111 
-0.5005605409330028 -0.9998181818181818 
-0.5005605409330028 -0.9998181818181818 
-0.9420484263509981 -0.9967154513303365 
-0.0 -0.9999404761904762 
-0.8648602025361654 -0.9975831615880382 
-0.6379986098789187 -0.99889859422899 
-0.8128421169901086 -0.9977408274690013 
-0.5738820411172648 -0.9996480429292929 
-0.9067308276588876 -0.9975080865129631 
-0.5031849709985139 -0.9998088972431077 
-0.7200421355757181 -0.9980347048402344 
-0.6942592296881508 -0.9981817636637638 
-0.7425868755173398 -0.9979607796746346 
-0.6020466130909611 -0.9996306204084529 
-0.6609748009422006 -0.9987798761860465 
-0.7974944350842875 -0.9978203102578493 
-0.5002446785556427 -0.9998224932249322 
-0.6639565498145684 -0.9982511093252147 
-0.7626857965615017 -0.9978914340131837 
-0.7808653701047724 -0.9978896559193003 
-0.5856212004886759 -0.9996395431016287 
-0.5013140868853756 -0.9998136553369111 
-0.5005605409330028 -0.9998181818181818 
-0.9420484263509981 -0.9967154513303365 
-0.0 -0.9999404761904762 
-0.8648602025361654 -0.9975831615880382 
-0.6379986098789187 -0.99889859422899 
-0.8128421169901086 -0.9977408274690013 
-0.5738820411172648 -0.9996480429292929 
-0.9067308276588876 -0.9975080865129631 
-0.5031849709985139 -0.9998088972431077 
-0.7200421355757181 -0.9980347048402344 
-0.6942592296881508 -0.9981817636637638 
-0.7425868755173398 -0.9979607796746346 
-0.6020466130909611 -0.9996306204084529 
-0.6609748009422006 -0.9987798761860465 
-0.7974944350842875 -0.9978203102578493 
-0.5002446785556427 -0.9998224932249322 
-0.6639565498145684 -0.9982511093252147 
-0.7626857965615017 -0.9978914340131837 
-0.7808653701047724 -0.9978896559193003 
-0.5856212004886759 -0.9996395431016287 
-0.5013140868853756 -0.9998136553369111 
-0.5005605409330028 -0.9998181818181818 
-0.9420484263509981 -0.9967154513303365 
-0.0 -0.9999404761904762 
-0.8648602025361654 -0.9975831615880382 
-0.6379986098789187 -0.99889859422899 
-0.8128421169901086 -0.9977408274690013 
-0.5738820411172648 -0.9996480429292929 
-0.9067308276588876 -0.9975080865129631 
-0.5031849709985139 -0.9998088972431077 
-0.7200421355757181 -0.9980347048402344 
-0.6942592296881508 -0.9981817636637638 
-0.7425868755173398 -0.9979607796746346 
-0.6020466130909611 -0.9996306204084529 
-0.6609748009422006 -0.9987798761860465 
-0.7974944350842875 -0.9978203102578493 
-0.5002446785556427 -0.9998224932249322 
-0.6639565498145684 -0.9982511093252147 
