-0.0 -0.9998569749216301 
-0.9501012939819689 -0.9312920180959908 
-0.9501012939819689 -0.9312920180959908 
-0.0 -0.9998569749216301 
-0.5013140868853756 -0.9995782920543486 
-0.925063446184367 -0.97533704057512 
-0.9420484263509981 -0.9488144655631019 
-0.9420484263509981 -0.9488144655631019 
-0.896978766113503 -0.9879962553346566 
-0.925063446184367 -0.97533704057512 
-0.8648602025361654 -0.9921391307219736 
-0.8648602025361654 -0.9921391307219736 
-0.896978766113503 -0.9879962553346566 
-0.8128421169901086 -0.9963943883737555 
-0.5031849709985139 -0.9993771711885415 
-0.5627060368117017 -0.9993109671104325 
-0.8128421169901086 -0.9963943883737555 
-0.7626857965615017 -0.9980768991205334 
-0.7808653701047724 -0.99654787704195 
-0.6639565498145684 -0.9990410206251317 
-0.6316161706757121 -0.9990669871126162 
-0.6942592296881508 -0.9987118875716667 
-0.7200421355757181 -0.9985853575975757 
-0.6639565498145684 -0.9990410206251317 
-0.6942592296881508 -0.9987118875716667 
-0.6020466130909611 -0.9991875590262687 
-0.6268330867223856 -0.9991646197090742 
-0.7425868755173398 -0.9981525293726343 
-0.6020466130909611 -0.9991875590262687 
-0.5780077484452236 -0.9992911496831651 
-0.7200421355757181 -0.9985853575975757 
-0.7425868755173398 -0.9981525293726343 
-0.7626857965615017 -0.9980768991205334 
-0.7808653701047724 -0.99654787704195 
-0.7974944350842875 -0.9964722467898491 
-0.5780077484452236 -0.9992911496831651 
-0.7974944350842875 -0.9964722467898491 
-0.5627060368117017 -0.9993109671104325 
-0.5013140868853756 -0.9995782920543486 
-0.6316161706757121 -0.9990669871126162 
-0.6268330867223856 -0.9991646197090742 
-0.5031849709985139 -0.9993771711885415 
-0.9501012939819689 -0.9312920180959908 
-0.0 -0.9998569749216301 
-0.9420484263509981 -0.9488144655631019 
-0.925063446184367 -0.97533704057512 
-0.8648602025361654 -0.9921391307219736 
-0.896978766113503 -0.9879962553346566 
-0.8128421169901086 -0.9963943883737555 
-0.6639565498145684 -0.9990410206251317 
-0.6942592296881508 -0.9987118875716667 
-0.6020466130909611 -0.9991875590262687 
-0.7200421355757181 -0.9985853575975757 
-0.7425868755173398 -0.9981525293726343 
-0.7626857965615017 -0.9980768991205334 
-0.7808653701047724 -0.99654787704195 
-0.5780077484452236 -0.9992911496831651 
-0.7974944350842875 -0.9964722467898491 
-0.5627060368117017 -0.9993109671104325 
-0.5013140868853756 -0.9995782920543486 
-0.6316161706757121 -0.9990669871126162 
-0.6268330867223856 -0.9991646197090742 
-0.5031849709985139 -0.9993771711885415 
-0.9501012939819689 -0.9312920180959908 
-0.0 -0.9998569749216301 
-0.9420484263509981 -0.9488144655631019 
-0.925063446184367 -0.97533704057512 
-0.8648602025361654 -0.9921391307219736 
-0.896978766113503 -0.9879962553346566 
-0.8128421169901086 -0.9963943883737555 
-0.6639565498145684 -0.9990410206251317 
-0.6942592296881508 -0.9987118875716667 
-0.6020466130909611 -0.9991875590262687 
-0.7200421355757181 -0.9985853575975757 
-0.7425868755173398 -0.9981525293726343 
-0.7626857965615017 -0.9980768991205334 
-0.7808653701047724 -0.99654787704195 
-0.5780077484452236 -0.9992911496831651 
-0.7974944350842875 -0.9964722467898491 
-0.5627060368117017 -0.9993109671104325 
-0.5013140868853756 -0.9995782920543486 
-0.6316161706757121 -0.9990669871126162 
-0.6268330867223856 -0.9991646197090742 
-0.5031849709985139 -0.9993771711885415 
-0.9501012939819689 -0.9312920180959908 
-0.0 -0.9998569749216301 
-0.9420484263509981 -0.9488144655631019 
-0.925063446184367 -0.97533704057512 
-0.8648602025361654 -0.9921391307219736 
-0.896978766113503 -0.9879962553346566 
-0.8128421169901086 -0.9963943883737555 
-0.6639565498145684 -0.9990410206251317 
-0.6942592296881508 -0.9987118875716667 
-0.6020466130909611 -0.9991875590262687 
-0.7200421355757181 -0.9985853575975757 
-0.7425868755173398 -0.9981525293726343 
-0.7626857965615017 -0.9980768991205334 
-0.7808653701047724 -0.99654787704195 
-0.5780077484452236 -0.9992911496831651 
-0.7974944350842875 -0.9964722467898491 
