-0.0 -1.0 
-1.0 -0.9730403634813425 
-1.0 -0.9730403634813425 
-0.0 -1.0 
-0.5013140868853756 -0.999436718716324 
-0.9420484263509981 -0.9837312507572759 
-0.8648602025361654 -0.9902584801798774 
-0.9420484263509981 -0.9837312507572759 
-0.8648602025361654 -0.9902584801798774 
-0.8128421169901086 -0.9964251680801915 
-0.7872725666763027 -0.9970643992649588 
-0.7626857965615017 -0.9986602476816371 
-0.8128421169901086 -0.9964251680801915 
-0.5627060368117017 -0.9993408192454245 
-0.5031849709985139 -0.9994201333980073 
-0.6942592296881508 -0.9989847682745429 
-0.7425868755173398 -0.9987599627813522 
-0.6639565498145684 -0.9991687758231204 
-0.6942592296881508 -0.9989847682745429 
-0.6316161706757121 -0.9991936437085431 
-0.6639565498145684 -0.9991687758231204 
-0.7425868755173398 -0.9987599627813522 
-0.7626857965615017 -0.9986602476816371 
-0.6268330867223856 -0.9992684909228354 
-0.6020466130909611 -0.9992895431794425 
-0.6020466130909611 -0.9992895431794425 
-0.5780077484452236 -0.9993204182982922 
-0.5013140868853756 -0.999436718716324 
-0.5627060368117017 -0.9993408192454245 
-0.5780077484452236 -0.9993204182982922 
-0.6316161706757121 -0.9991936437085431 
-0.6268330867223856 -0.9992684909228354 
-0.5031849709985139 -0.9994201333980073 
-1.0 -0.9730403634813425 
-0.0 -1.0 
-0.9420484263509981 -0.9837312507572759 
-0.8648602025361654 -0.9902584801798774 
-0.6942592296881508 -0.9989847682745429 
-0.6639565498145684 -0.9991687758231204 
-0.7425868755173398 -0.9987599627813522 
-0.7626857965615017 -0.9986602476816371 
-0.6020466130909611 -0.9992895431794425 
-0.5013140868853756 -0.999436718716324 
-0.5627060368117017 -0.9993408192454245 
-0.5780077484452236 -0.9993204182982922 
-0.6316161706757121 -0.9991936437085431 
-0.6268330867223856 -0.9992684909228354 
-0.5031849709985139 -0.9994201333980073 
-1.0 -0.9730403634813425 
-0.0 -1.0 
-0.9420484263509981 -0.9837312507572759 
-0.8648602025361654 -0.9902584801798774 
-0.6942592296881508 -0.9989847682745429 
-0.6639565498145684 -0.9991687758231204 
-0.7425868755173398 -0.9987599627813522 
-0.7626857965615017 -0.9986602476816371 
-0.6020466130909611 -0.9992895431794425 
-0.5013140868853756 -0.999436718716324 
-0.5627060368117017 -0.9993408192454245 
-0.5780077484452236 -0.9993204182982922 
-0.6316161706757121 -0.9991936437085431 
-0.6268330867223856 -0.9992684909228354 
-0.5031849709985139 -0.9994201333980073 
-1.0 -0.9730403634813425 
-0.0 -1.0 
-0.9420484263509981 -0.9837312507572759 
-0.8648602025361654 -0.9902584801798774 
-0.6942592296881508 -0.9989847682745429 
-0.6639565498145684 -0.9991687758231204 
-0.7425868755173398 -0.9987599627813522 
-0.6020466130909611 -0.9992895431794425 
-0.5013140868853756 -0.999436718716324 
-0.5627060368117017 -0.9993408192454245 
-0.5780077484452236 -0.9993204182982922 
-0.6316161706757121 -0.9991936437085431 
-0.6268330867223856 -0.9992684909228354 
-0.5031849709985139 -0.9994201333980073 
-0.0 -1.0 
-1.0 -0.9730403634813425 
-0.9420484263509981 -0.9837312507572759 
-0.8648602025361654 -0.9902584801798774 
-0.6942592296881508 -0.9989847682745429 
-0.6639565498145684 -0.9991687758231204 
-0.7425868755173398 -0.9987599627813522 
-0.6020466130909611 -0.9992895431794425 
-0.5013140868853756 -0.999436718716324 
-0.5627060368117017 -0.9993408192454245 
-0.5780077484452236 -0.9993204182982922 
-0.6316161706757121 -0.9991936437085431 
-0.6268330867223856 -0.9992684909228354 
-0.5031849709985139 -0.9994201333980073 
-1.0 -0.9730403634813425 
-0.0 -1.0 
-0.9420484263509981 -0.9837312507572759 
-0.8648602025361654 -0.9902584801798774 
-0.6942592296881508 -0.9989847682745429 
-0.6639565498145684 -0.9991687758231204 
-0.7425868755173398 -0.9987599627813522 
-0.6020466130909611 -0.9992895431794425 
-0.5013140868853756 -0.999436718716324 
