-0.0 -1.0 
-0.9420484263509981 -0.927817412069284 
-0.0 -1.0 
-0.8885261025021761 -0.9918730125789416 
-0.9067308276588876 -0.9515174339920609 
-0.5013140868853756 -0.9995782920543486 
-0.925063446184367 -0.9364643210634064 
-0.9160805457006107 -0.9511104847497923 
-0.8648602025361654 -0.9972143015854453 
-0.925063446184367 -0.9364643210634064 
-0.7626857965615017 -0.9977170983011825 
-0.8885261025021761 -0.9918730125789416 
-0.5627060368117017 -0.9991841835048294 
-0.5031849709985139 -0.9995658194851743 
-0.7425868755173398 -0.9981241624138917 
-0.6933612743506347 -0.9981757221275046 
-0.6639565498145684 -0.9985439721437113 
-0.6316161706757121 -0.9985880809410659 
-0.8648602025361654 -0.9972143015854453 
-0.6933612743506347 -0.9981757221275046 
-0.6639565498145684 -0.9985439721437113 
-0.6268330867223856 -0.9989409825637711 
-0.6020466130909611 -0.9989706327141943 
-0.7626857965615017 -0.9977170983011825 
-0.6020466130909611 -0.9989706327141943 
-0.5780077484452236 -0.999158755372465 
-0.9067308276588876 -0.9515174339920609 
-0.7425868755173398 -0.9981241624138917 
-0.5627060368117017 -0.9991841835048294 
-0.5780077484452236 -0.999158755372465 
-0.9160805457006107 -0.9511104847497923 
-0.5013140868853756 -0.9995782920543486 
-0.5031849709985139 -0.9995658194851743 
-0.6316161706757121 -0.9985880809410659 
-0.6268330867223856 -0.9989409825637711 
-0.0 -1.0 
-0.925063446184367 -0.9364643210634064 
-0.8885261025021761 -0.9918730125789416 
-0.8648602025361654 -0.9972143015854453 
-0.6933612743506347 -0.9981757221275046 
-0.6639565498145684 -0.9985439721437113 
-0.7626857965615017 -0.9977170983011825 
-0.6020466130909611 -0.9989706327141943 
-0.9067308276588876 -0.9515174339920609 
-0.7425868755173398 -0.9981241624138917 
-0.5627060368117017 -0.9991841835048294 
-0.5780077484452236 -0.999158755372465 
-0.9160805457006107 -0.9511104847497923 
-0.5013140868853756 -0.9995782920543486 
-0.5031849709985139 -0.9995658194851743 
-0.6316161706757121 -0.9985880809410659 
-0.6268330867223856 -0.9989409825637711 
-0.0 -1.0 
-0.925063446184367 -0.9364643210634064 
-0.8885261025021761 -0.9918730125789416 
-0.8648602025361654 -0.9972143015854453 
-0.6933612743506347 -0.9981757221275046 
-0.6639565498145684 -0.9985439721437113 
-0.7626857965615017 -0.9977170983011825 
-0.6020466130909611 -0.9989706327141943 
-0.9067308276588876 -0.9515174339920609 
-0.7425868755173398 -0.9981241624138917 
-0.5627060368117017 -0.9991841835048294 
-0.5780077484452236 -0.999158755372465 
-0.9160805457006107 -0.9511104847497923 
-0.5013140868853756 -0.9995782920543486 
-0.5031849709985139 -0.9995658194851743 
-0.6316161706757121 -0.9985880809410659 
-0.6268330867223856 -0.9989409825637711 
-0.0 -1.0 
-0.925063446184367 -0.9364643210634064 
-0.8885261025021761 -0.9918730125789416 
-0.8648602025361654 -0.9972143015854453 
-0.6933612743506347 -0.9981757221275046 
-0.6639565498145684 -0.9985439721437113 
-0.7626857965615017 -0.9977170983011825 
-0.6020466130909611 -0.9989706327141943 
-0.9067308276588876 -0.9515174339920609 
-0.7425868755173398 -0.9981241624138917 
-0.5627060368117017 -0.9991841835048294 
-0.5780077484452236 -0.999158755372465 
-0.9160805457006107 -0.9511104847497923 
-0.5013140868853756 -0.9995782920543486 
-0.5031849709985139 -0.9995658194851743 
-0.6316161706757121 -0.9985880809410659 
-0.6268330867223856 -0.9989409825637711 
-0.0 -1.0 
-0.925063446184367 -0.9364643210634064 
-0.8885261025021761 -0.9918730125789416 
-0.8648602025361654 -0.9972143015854453 
-0.6933612743506347 -0.9981757221275046 
-0.6639565498145684 -0.9985439721437113 
-0.7626857965615017 -0.9977170983011825 
-0.6020466130909611 -0.9989706327141943 
-0.9067308276588876 -0.9515174339920609 
-0.7425868755173398 -0.9981241624138917 
-0.5627060368117017 -0.9991841835048294 
-0.5780077484452236 -0.999158755372465 
-0.9160805457006107 -0.9511104847497923 
-0.5013140868853756 -0.9995782920543486 
