-0.0 -1.0 
-0.9420484263509981 -0.9946512512717657 
-0.9420484263509981 -0.9946512512717657 
-0.0 -1.0 
-0.5013140868853756 -0.9993941324330132 
-0.8648602025361654 -0.9955922085885887 
-0.8128421169901086 -0.996814272461717 
-0.8648602025361654 -0.9955922085885887 
-0.8128421169901086 -0.996814272461717 
-0.7626857965615017 -0.9976694705770688 
-0.7626857965615017 -0.9976694705770688 
-0.7425868755173398 -0.9981980671677347 
-0.6020466130909611 -0.9987158747730102 
-0.5780077484452236 -0.9992911496831651 
-0.5013140868853756 -0.9993941324330132 
-0.6942592296881508 -0.998244824593643 
-0.6639565498145684 -0.9984736824837912 
-0.5627060368117017 -0.9993109671104325 
-0.5031849709985139 -0.9993771711885415 
-0.6020466130909611 -0.9987158747730102 
-0.6942592296881508 -0.998244824593643 
-0.6316161706757121 -0.998517451012098 
-0.6639565498145684 -0.9984736824837912 
-0.6268330867223856 -0.9985516682235417 
-0.6268330867223856 -0.9985516682235417 
-0.7425868755173398 -0.9981980671677347 
-0.5780077484452236 -0.9992911496831651 
-0.5627060368117017 -0.9993109671104325 
-0.5031849709985139 -0.9993771711885415 
-0.6316161706757121 -0.998517451012098 
-0.9420484263509981 -0.9946512512717657 
-0.0 -1.0 
-0.8648602025361654 -0.9955922085885887 
-0.8128421169901086 -0.996814272461717 
-0.7626857965615017 -0.9976694705770688 
-0.5013140868853756 -0.9993941324330132 
-0.6020466130909611 -0.9987158747730102 
-0.6942592296881508 -0.998244824593643 
-0.6639565498145684 -0.9984736824837912 
-0.6268330867223856 -0.9985516682235417 
-0.5780077484452236 -0.9992911496831651 
-0.5627060368117017 -0.9993109671104325 
-0.5031849709985139 -0.9993771711885415 
-0.6316161706757121 -0.998517451012098 
-0.0 -1.0 
-0.8128421169901086 -0.996814272461717 
-0.7626857965615017 -0.9976694705770688 
-0.5013140868853756 -0.9993941324330132 
-0.6020466130909611 -0.9987158747730102 
-0.6942592296881508 -0.998244824593643 
-0.6639565498145684 -0.9984736824837912 
-0.6268330867223856 -0.9985516682235417 
-0.5780077484452236 -0.9992911496831651 
-0.5627060368117017 -0.9993109671104325 
-0.5031849709985139 -0.9993771711885415 
-0.6316161706757121 -0.998517451012098 
-0.0 -1.0 
-0.8128421169901086 -0.996814272461717 
-0.7626857965615017 -0.9976694705770688 
-0.5013140868853756 -0.9993941324330132 
-0.6942592296881508 -0.998244824593643 
-0.6639565498145684 -0.9984736824837912 
-0.6268330867223856 -0.9985516682235417 
-0.5780077484452236 -0.9992911496831651 
-0.5627060368117017 -0.9993109671104325 
-0.5031849709985139 -0.9993771711885415 
-0.6316161706757121 -0.998517451012098 
-0.0 -1.0 
-0.8128421169901086 -0.996814272461717 
-0.7626857965615017 -0.9976694705770688 
-0.5013140868853756 -0.9993941324330132 
-0.6942592296881508 -0.998244824593643 
-0.6639565498145684 -0.9984736824837912 
-0.6268330867223856 -0.9985516682235417 
-0.5780077484452236 -0.9992911496831651 
-0.5627060368117017 -0.9993109671104325 
-0.5031849709985139 -0.9993771711885415 
-0.6316161706757121 -0.998517451012098 
-0.0 -1.0 
-0.8128421169901086 -0.996814272461717 
-0.7626857965615017 -0.9976694705770688 
-0.5013140868853756 -0.9993941324330132 
-0.6942592296881508 -0.998244824593643 
-0.6639565498145684 -0.9984736824837912 
-0.6268330867223856 -0.9985516682235417 
-0.5780077484452236 -0.9992911496831651 
-0.5627060368117017 -0.9993109671104325 
-0.5031849709985139 -0.9993771711885415 
-0.6316161706757121 -0.998517451012098 
-0.0 -1.0 
-0.8128421169901086 -0.996814272461717 
-0.7626857965615017 -0.9976694705770688 
-0.5013140868853756 -0.9993941324330132 
-0.6942592296881508 -0.998244824593643 
-0.6639565498145684 -0.9984736824837912 
-0.6268330867223856 -0.9985516682235417 
-0.5780077484452236 -0.9992911496831651 
-0.5627060368117017 -0.9993109671104325 
-0.5031849709985139 -0.9993771711885415 
-0.6316161706757121 -0.998517451012098 
