-0.0 -0.9995580637455638 
-0.9420484263509981 -0.9960578281402794 
-0.0 -0.9995580637455638 
-0.5013140868853756 -0.9994448391078826 
-0.6942592296881508 -0.9989088074432018 
-0.7200421355757181 -0.9982228322127118 
-0.8648602025361654 -0.9962027420001323 
-0.7200421355757181 -0.9982228322127118 
-0.7425868755173398 -0.9977012009732716 
-0.7808653701047724 -0.9973463960737098 
-0.8128421169901086 -0.9968384685626627 
-0.8271112166643794 -0.9966427409416645 
-0.7808653701047724 -0.9973463960737098 
-0.8271112166643794 -0.9966427409416645 
-0.8128421169901086 -0.9968384685626627 
-0.7626857965615017 -0.9975826238981729 
-0.8648602025361654 -0.9962027420001323 
-0.6639565498145684 -0.9990358076359914 
-0.5627060368117017 -0.9993209944447937 
-0.5031849709985139 -0.9994255241286492 
-0.6942592296881508 -0.9989088074432018 
-0.6020466130909611 -0.9991801807191006 
-0.6316161706757121 -0.9990669560814195 
-0.7425868755173398 -0.9977012009732716 
-0.7626857965615017 -0.9975826238981729 
-0.6268330867223856 -0.9991543847110903 
-0.5780077484452236 -0.9992985239358595 
-0.5627060368117017 -0.9993209944447937 
-0.6639565498145684 -0.9990358076359914 
-0.5013140868853756 -0.9994448391078826 
-0.6020466130909611 -0.9991801807191006 
-0.5780077484452236 -0.9992985239358595 
-0.5031849709985139 -0.9994255241286492 
-0.6316161706757121 -0.9990669560814195 
-0.6268330867223856 -0.9991543847110903 
-0.0 -0.9995580637455638 
-0.7200421355757181 -0.9982228322127118 
-0.7808653701047724 -0.9973463960737098 
-0.8271112166643794 -0.9966427409416645 
-0.8648602025361654 -0.9962027420001323 
-0.6942592296881508 -0.9989088074432018 
-0.7425868755173398 -0.9977012009732716 
-0.7626857965615017 -0.9975826238981729 
-0.5627060368117017 -0.9993209944447937 
-0.6639565498145684 -0.9990358076359914 
-0.5013140868853756 -0.9994448391078826 
-0.6020466130909611 -0.9991801807191006 
-0.5780077484452236 -0.9992985239358595 
-0.5031849709985139 -0.9994255241286492 
-0.6316161706757121 -0.9990669560814195 
-0.6268330867223856 -0.9991543847110903 
-0.0 -0.9995580637455638 
-0.7200421355757181 -0.9982228322127118 
-0.7808653701047724 -0.9973463960737098 
-0.8648602025361654 -0.9962027420001323 
-0.8271112166643794 -0.9966427409416645 
-0.6942592296881508 -0.9989088074432018 
-0.7425868755173398 -0.9977012009732716 
-0.7626857965615017 -0.9975826238981729 
-0.5627060368117017 -0.9993209944447937 
-0.6639565498145684 -0.9990358076359914 
-0.5013140868853756 -0.9994448391078826 
-0.6020466130909611 -0.9991801807191006 
-0.5780077484452236 -0.9992985239358595 
-0.5031849709985139 -0.9994255241286492 
-0.6316161706757121 -0.9990669560814195 
-0.6268330867223856 -0.9991543847110903 
-0.0 -0.9995580637455638 
-0.7200421355757181 -0.9982228322127118 
-0.8648602025361654 -0.9962027420001323 
-0.7808653701047724 -0.9973463960737098 
-0.8271112166643794 -0.9966427409416645 
-0.6639565498145684 -0.9990358076359914 
-0.6942592296881508 -0.9989088074432018 
-0.7425868755173398 -0.9977012009732716 
-0.6020466130909611 -0.9991801807191006 
-0.7626857965615017 -0.9975826238981729 
-0.5780077484452236 -0.9992985239358595 
-0.5627060368117017 -0.9993209944447937 
-0.5013140868853756 -0.9994448391078826 
-0.5031849709985139 -0.9994255241286492 
-0.6316161706757121 -0.9990669560814195 
-0.6268330867223856 -0.9991543847110903 
-0.0 -0.9995580637455638 
-0.7200421355757181 -0.9982228322127118 
-0.7808653701047724 -0.9973463960737098 
-0.8271112166643794 -0.9966427409416645 
-0.6639565498145684 -0.9990358076359914 
-0.6942592296881508 -0.9989088074432018 
-0.7425868755173398 -0.9977012009732716 
-0.6020466130909611 -0.9991801807191006 
-0.7626857965615017 -0.9975826238981729 
-0.5780077484452236 -0.9992985239358595 
-0.5627060368117017 -0.9993209944447937 
-0.5013140868853756 -0.9994448391078826 
-0.5031849709985139 -0.9994255241286492 
-0.6316161706757121 -0.9990669560814195 
-0.6268330867223856 -0.9991543847110903 
-0.0 -0.9995580637455638 
-0.7808653701047724 -0.9973463960737098 
