0.5754028861735573
0.6124374050494605
0.5261070305149111
0.6921232466927545
0.5641930258940072
0.5125698575622744
0.5780186340645569
0.6888027145006281
0.5416662501923
0.5708910211718166
0.5217084895156818
0.3973108496177268
0.5248586732280455
0.5208795466980752
0.5505020266069025
0.5544359346595163
0.6100009036122226
0.5350482207608799
0.5737603782917838
0.5829113485196215
0.6118163490401544
0.5559434081715627
0.604665653002789
0.6468671059564297
0.641813523470753
0.6062333758079599
0.5082259722577085
0.5032864041495605
0.5509118102283084
0.6014641641673842
