0.0032093633407038013
0.002616532105272219
0.003923069816111783
0.0010470748817818828
0.0034911030312134777
0.003601602614912038
0.0032880437285014046
0.0011502589506508212
0.003594315969913223
0.003046227395564241
0.0037339484682252983
0.008477447425068113
0.0044208816224615855
0.004103896946136187
0.003842272967732284
0.003517355562316847
0.0034699012677677846
0.0036739402798530245
0.003067841180152472
0.0035323268634559583
0.0037365714779067317
0.0029371329871290984
0.00227851313140119
0.0018972457667816487
0.0018728841759635087
0.003838403252580636
0.0037292563808341912
0.004294127703593122
0.0058417699472487344
0.0038199036029968754
