-0.0 -1.0 
-0.7539474411291538 -0.9651197017268446 
-0.8298265333662435 -0.9009942438513867 
-0.8939035350965676 -0.844433542647828 
-0.5000488543689853 -0.9915589904600893 
-0.6268330867223856 -0.9731913919413919 
-0.5581161145103294 -0.982992190959224 
-0.6020466130909611 -0.975965700965701 
-0.6379986098789187 -0.9677863802863803 
-0.5856212004886759 -0.9782176157176157 
-0.5738820411172648 -0.9800824175824177 
-0.5650382096671698 -0.9816522762951334 
-0.5081327481546147 -0.9851844583987441 
-0.5031849709985139 -0.9868437118437119 
-0.5013140868853756 -0.9881673881673881 
-0.5227579585747102 -0.983042255363684 
-0.5005605409330028 -0.9892482517482517 
-0.5002446785556427 -0.9901476728399805 
-0.5001086248440816 -0.9909079016221873 
-1.0 -0.814475405546834 
-1.0 -0.814475405546834 
-1.0 -0.814475405546834 
-1.0 -0.814475405546834 
-1.0 -0.814475405546834 
-1.0 -0.814475405546834 
-1.0 -0.814475405546834 
-1.0 -0.814475405546834 
-1.0 -0.814475405546834 
-1.0 -0.814475405546834 
-1.0 -0.814475405546834 
-1.0 -0.814475405546834 
-1.0 -0.814475405546834 
-1.0 -0.814475405546834 
-1.0 -0.814475405546834 
-1.0 -0.814475405546834 
-1.0 -0.814475405546834 
-1.0 -0.814475405546834 
-1.0 -0.814475405546834 
-1.0 -0.814475405546834 
-1.0 -0.814475405546834 
-1.0 -0.814475405546834 
-1.0 -0.814475405546834 
-1.0 -0.814475405546834 
-1.0 -0.814475405546834 
-1.0 -0.814475405546834 
-1.0 -0.814475405546834 
-1.0 -0.814475405546834 
-1.0 -0.814475405546834 
-1.0 -0.814475405546834 
-1.0 -0.814475405546834 
-1.0 -0.814475405546834 
-1.0 -0.814475405546834 
-1.0 -0.814475405546834 
-1.0 -0.814475405546834 
-1.0 -0.814475405546834 
-1.0 -0.814475405546834 
-1.0 -0.814475405546834 
-1.0 -0.814475405546834 
-1.0 -0.814475405546834 
-1.0 -0.814475405546834 
-1.0 -0.814475405546834 
-1.0 -0.814475405546834 
-1.0 -0.814475405546834 
-1.0 -0.814475405546834 
-1.0 -0.814475405546834 
-1.0 -0.814475405546834 
-1.0 -0.814475405546834 
-1.0 -0.814475405546834 
-1.0 -0.814475405546834 
-1.0 -0.814475405546834 
-1.0 -0.814475405546834 
-1.0 -0.814475405546834 
-1.0 -0.814475405546834 
-1.0 -0.814475405546834 
-1.0 -0.814475405546834 
-1.0 -0.814475405546834 
-1.0 -0.814475405546834 
-1.0 -0.814475405546834 
-1.0 -0.814475405546834 
-1.0 -0.814475405546834 
-1.0 -0.814475405546834 
-1.0 -0.814475405546834 
-1.0 -0.814475405546834 
-1.0 -0.814475405546834 
-1.0 -0.814475405546834 
-1.0 -0.814475405546834 
-1.0 -0.814475405546834 
-1.0 -0.814475405546834 
-1.0 -0.814475405546834 
-1.0 -0.814475405546834 
-1.0 -0.814475405546834 
-1.0 -0.814475405546834 
-1.0 -0.814475405546834 
-1.0 -0.814475405546834 
-1.0 -0.814475405546834 
-1.0 -0.814475405546834 
-1.0 -0.814475405546834 
-1.0 -0.814475405546834 
-1.0 -0.814475405546834 
-1.0 -0.814475405546834 
