-0.8326831776556043 -0.82671287046287 
-0.0 -1.0 
-0.6933612743506347 -0.9277458652458652 
-0.6316161706757121 -0.9464368964368965 
-0.7089651806819823 -0.9125034687534688 
-0.5000222005154896 -0.9921229068550497 
-0.5856212004886759 -0.9782176157176157 
-0.7230200263994838 -0.8936514874014873 
-0.6020466130909611 -0.960950160950161 
-0.552540283967241 -0.9841493328100471 
-0.6101901341533087 -0.950008325008325 
-0.5738820411172648 -0.9800824175824177 
-0.5650382096671698 -0.9816522762951334 
-0.5581161145103294 -0.982992190959224 
-0.5031849709985139 -0.9866605616605617 
-0.5013140868853756 -0.987962037962038 
-0.5005605409330028 -0.9892482517482517 
-0.5002446785556427 -0.9901476728399805 
-0.5001086248440816 -0.9909079016221873 
-0.5000488543689853 -0.9915589904600893 
-0.8115625398010615 -0.8422564538635966 
-0.8115625398010615 -0.8422564538635966 
-0.7872725666763027 -0.878998878106021 
-0.7872725666763027 -0.878998878106021 
-0.7872725666763027 -0.878998878106021 
-0.7872725666763027 -0.878998878106021 
-0.7872725666763027 -0.878998878106021 
-0.7872725666763027 -0.878998878106021 
-0.7872725666763027 -0.878998878106021 
-0.7872725666763027 -0.878998878106021 
-0.7872725666763027 -0.878998878106021 
-0.7872725666763027 -0.878998878106021 
-0.7872725666763027 -0.878998878106021 
-0.7872725666763027 -0.878998878106021 
-0.7872725666763027 -0.878998878106021 
-0.7872725666763027 -0.878998878106021 
-0.7872725666763027 -0.878998878106021 
-0.7872725666763027 -0.878998878106021 
-0.7872725666763027 -0.878998878106021 
-0.7872725666763027 -0.878998878106021 
-0.7872725666763027 -0.878998878106021 
-0.7872725666763027 -0.878998878106021 
-0.7872725666763027 -0.878998878106021 
-0.7872725666763027 -0.878998878106021 
-0.7872725666763027 -0.878998878106021 
-0.7872725666763027 -0.878998878106021 
-0.7872725666763027 -0.878998878106021 
-0.7872725666763027 -0.878998878106021 
-0.7872725666763027 -0.878998878106021 
-0.7872725666763027 -0.878998878106021 
-0.7872725666763027 -0.878998878106021 
-0.7872725666763027 -0.878998878106021 
-0.7872725666763027 -0.878998878106021 
-0.7872725666763027 -0.878998878106021 
-0.7872725666763027 -0.878998878106021 
-0.7872725666763027 -0.878998878106021 
-0.7872725666763027 -0.878998878106021 
-0.7872725666763027 -0.878998878106021 
-0.7872725666763027 -0.878998878106021 
-0.7872725666763027 -0.878998878106021 
-0.7872725666763027 -0.878998878106021 
-0.7872725666763027 -0.878998878106021 
-0.7872725666763027 -0.878998878106021 
-0.7872725666763027 -0.878998878106021 
-0.7872725666763027 -0.878998878106021 
-0.7872725666763027 -0.878998878106021 
-0.7872725666763027 -0.878998878106021 
-0.7872725666763027 -0.878998878106021 
-0.7872725666763027 -0.878998878106021 
-0.7872725666763027 -0.878998878106021 
-0.7872725666763027 -0.878998878106021 
-0.7872725666763027 -0.878998878106021 
-0.7872725666763027 -0.878998878106021 
-0.7872725666763027 -0.878998878106021 
-0.7872725666763027 -0.878998878106021 
-0.7872725666763027 -0.878998878106021 
-0.7872725666763027 -0.878998878106021 
-0.7872725666763027 -0.878998878106021 
-0.7872725666763027 -0.878998878106021 
-0.7872725666763027 -0.878998878106021 
-0.7872725666763027 -0.878998878106021 
-0.7872725666763027 -0.878998878106021 
-0.7872725666763027 -0.878998878106021 
-0.7872725666763027 -0.878998878106021 
-0.7872725666763027 -0.878998878106021 
-0.7872725666763027 -0.878998878106021 
-0.7872725666763027 -0.878998878106021 
-0.7872725666763027 -0.878998878106021 
-0.7872725666763027 -0.878998878106021 
-0.7872725666763027 -0.878998878106021 
-0.7872725666763027 -0.878998878106021 
-0.7872725666763027 -0.878998878106021 
-0.7872725666763027 -0.878998878106021 
-0.7872725666763027 -0.878998878106021 
-0.7872725666763027 -0.878998878106021 
-0.7872725666763027 -0.878998878106021 
-0.7872725666763027 -0.878998878106021 
-0.7476104374175362 -0.8793782606282604 
-0.7476104374175362 -0.8793782606282604 
-0.7476104374175362 -0.8793782606282604 
