-0.0 -1.0 
-0.7425868755173398 -0.956244549101692 
-0.8648602025361654 -0.8639706523635092 
-0.896978766113503 -0.8224075527646953 
-0.7626857965615017 -0.9019579626722483 
-0.5000222005154896 -0.9921229068550497 
-0.7808653701047724 -0.8809305773591484 
-0.6933612743506347 -0.9609168609168609 
-0.6268330867223856 -0.9731913919413919 
-0.6609748009422006 -0.9646839271839271 
-0.552540283967241 -0.9841493328100471 
-0.6020466130909611 -0.975965700965701 
-0.6379986098789187 -0.9677863802863803 
-0.5856212004886759 -0.9782176157176157 
-0.7974944350842875 -0.8659863945578229 
-0.5738820411172648 -0.9800824175824177 
-0.8128421169901086 -0.8646869004011857 
-0.5650382096671698 -0.9816522762951334 
-0.5581161145103294 -0.982992190959224 
-0.5031849709985139 -0.9868437118437119 
-0.5013140868853756 -0.9881673881673881 
-0.5005605409330028 -0.9892482517482517 
-0.5002446785556427 -0.9901476728399805 
-0.5001086248440816 -0.9909079016221873 
-0.5000488543689853 -0.9915589904600893 
-0.925063446184367 -0.8045329670329667 
-0.925063446184367 -0.8045329670329667 
-0.925063446184367 -0.8045329670329667 
-0.925063446184367 -0.8045329670329667 
-0.925063446184367 -0.8045329670329667 
-0.925063446184367 -0.8045329670329667 
-0.925063446184367 -0.8045329670329667 
-0.925063446184367 -0.8045329670329667 
-0.925063446184367 -0.8045329670329667 
-0.925063446184367 -0.8045329670329667 
-0.925063446184367 -0.8045329670329667 
-0.925063446184367 -0.8045329670329667 
-0.925063446184367 -0.8045329670329667 
-0.925063446184367 -0.8045329670329667 
-0.925063446184367 -0.8045329670329667 
-0.925063446184367 -0.8045329670329667 
-0.925063446184367 -0.8045329670329667 
-0.925063446184367 -0.8045329670329667 
-0.925063446184367 -0.8045329670329667 
-0.925063446184367 -0.8045329670329667 
-0.925063446184367 -0.8045329670329667 
-0.925063446184367 -0.8045329670329667 
-0.925063446184367 -0.8045329670329667 
-0.925063446184367 -0.8045329670329667 
-0.925063446184367 -0.8045329670329667 
-0.925063446184367 -0.8045329670329667 
-0.925063446184367 -0.8045329670329667 
-0.925063446184367 -0.8045329670329667 
-0.925063446184367 -0.8045329670329667 
-0.925063446184367 -0.8045329670329667 
-0.925063446184367 -0.8045329670329667 
-0.925063446184367 -0.8045329670329667 
-0.925063446184367 -0.8045329670329667 
-0.925063446184367 -0.8045329670329667 
-0.925063446184367 -0.8045329670329667 
-0.925063446184367 -0.8045329670329667 
-0.925063446184367 -0.8045329670329667 
-0.925063446184367 -0.8045329670329667 
-0.925063446184367 -0.8045329670329667 
-0.925063446184367 -0.8045329670329667 
-0.925063446184367 -0.8045329670329667 
-0.925063446184367 -0.8045329670329667 
-0.925063446184367 -0.8045329670329667 
-0.925063446184367 -0.8045329670329667 
-0.925063446184367 -0.8045329670329667 
-0.925063446184367 -0.8045329670329667 
-0.925063446184367 -0.8045329670329667 
-0.925063446184367 -0.8045329670329667 
-0.925063446184367 -0.8045329670329667 
-0.925063446184367 -0.8045329670329667 
-0.925063446184367 -0.8045329670329667 
-0.925063446184367 -0.8045329670329667 
-0.925063446184367 -0.8045329670329667 
-0.925063446184367 -0.8045329670329667 
-0.925063446184367 -0.8045329670329667 
-0.925063446184367 -0.8045329670329667 
-0.925063446184367 -0.8045329670329667 
-0.925063446184367 -0.8045329670329667 
-0.925063446184367 -0.8045329670329667 
-0.925063446184367 -0.8045329670329667 
-0.925063446184367 -0.8045329670329667 
-0.925063446184367 -0.8045329670329667 
-0.925063446184367 -0.8045329670329667 
-0.925063446184367 -0.8045329670329667 
-0.925063446184367 -0.8045329670329667 
-0.925063446184367 -0.8045329670329667 
-0.925063446184367 -0.8045329670329667 
-0.925063446184367 -0.8045329670329667 
-0.925063446184367 -0.8045329670329667 
-0.925063446184367 -0.8045329670329667 
-0.925063446184367 -0.8045329670329667 
-0.925063446184367 -0.8045329670329667 
-0.925063446184367 -0.8045329670329667 
-0.925063446184367 -0.8045329670329667 
-0.925063446184367 -0.8045329670329667 
