0.5704163371374479
0.5352589491960158
0.5719616171257983
0.50631520840463
0.5704163371374479
0.5222725856095413
0.5187834140397466
0.5704163371374479
0.5678491814639094
0.5687027520895502
0.5503458727673942
0.5596457370535077
0.5827322172097384
0.5654253140205259
0.5371863068894267
0.5503458727673942
0.5620696044968914
0.555423678680642
0.4993798151143106
0.5504348635879833
0.54372281402031
0.5528121934809975
0.5131832061488537
0.5331565698256845
0.5503458727673942
0.5224823538394054
0.5592608045159102
0.5503458727673942
0.5687027520895502
0.5527943945871633
