5.179587709701182E-4
0.0010920672854668274
9.17236803471376E-5
8.019485618732487E-4
5.179587709701182E-4
7.382845737731117E-4
8.714881868378478E-4
5.179587709701182E-4
5.72759989608699E-4
6.301832618805683E-4
9.364565604301734E-4
5.259059785807645E-4
2.3938150985733256E-4
5.194327755465465E-4
0.0010868165628437109
9.364565604301734E-4
5.786369290769126E-4
9.356397649125423E-4
0.0012494390722649106
9.332716906982484E-4
6.979378546224356E-4
5.430749284260422E-4
8.586332062652608E-4
0.0016685508545847333
9.364565604301734E-4
0.0010186670008734261
0.0013978044375948537
9.364565604301734E-4
7.74605659401382E-4
9.356397649125423E-4
