-1.0 -0.8937336473050757 
-1.0 -0.8937336473050757 
-0.7539474411291538 -0.9438121402407117 
-0.5013140868853756 -0.9881673881673881 
-0.5031849709985139 -0.9868437118437119 
-0.5005605409330028 -0.9892482517482517 
-0.8298265333662435 -0.8982142857142856 
-1.0 -0.8937336473050757 
-1.0 -0.8937336473050757 
-0.6942592296881508 -0.956244549101692 
-0.6268330867223856 -0.9731913919413919 
-0.6379986098789187 -0.9677863802863803 
-0.6933612743506347 -0.9609168609168609 
-0.5738820411172648 -0.9800824175824177 
-1.0 -0.8937336473050757 
-0.5856212004886759 -0.9782176157176157 
-0.5650382096671698 -0.9816522762951334 
-0.6020466130909611 -0.975965700965701 
-0.8298265333662435 -0.8982142857142856 
-0.8298265333662435 -0.8982142857142856 
-0.8298265333662435 -0.8982142857142856 
-0.8298265333662435 -0.8982142857142856 
-0.8298265333662435 -0.8982142857142856 
-0.6268330867223856 -0.9731913919413919 
-0.6268330867223856 -0.9731913919413919 
-0.6933612743506347 -0.9609168609168609 
-0.6268330867223856 -0.9731913919413919 
-0.6933612743506347 -0.9609168609168609 
-0.6268330867223856 -0.9731913919413919 
-0.6933612743506347 -0.9609168609168609 
-0.6933612743506347 -0.9609168609168609 
-0.6268330867223856 -0.9731913919413919 
-0.6942592296881508 -0.956244549101692 
-0.6933612743506347 -0.9609168609168609 
-0.6942592296881508 -0.956244549101692 
-0.6020466130909611 -0.975965700965701 
-0.6942592296881508 -0.956244549101692 
-0.6020466130909611 -0.975965700965701 
-0.6942592296881508 -0.956244549101692 
-0.6609748009422006 -0.9646839271839271 
-0.6020466130909611 -0.975965700965701 
-0.6609748009422006 -0.9646839271839271 
-0.6609748009422006 -0.9646839271839271 
-0.6609748009422006 -0.9646839271839271 
-0.6609748009422006 -0.9646839271839271 
-0.6942592296881508 -0.956244549101692 
-0.6020466130909611 -0.975965700965701 
-0.6020466130909611 -0.975965700965701 
-0.6379986098789187 -0.9677863802863803 
-0.6379986098789187 -0.9677863802863803 
-0.6379986098789187 -0.9677863802863803 
-0.5856212004886759 -0.9782176157176157 
-0.5650382096671698 -0.9816522762951334 
-0.5856212004886759 -0.9782176157176157 
-0.5650382096671698 -0.9816522762951334 
-0.5650382096671698 -0.9816522762951334 
-0.5650382096671698 -0.9816522762951334 
-0.5856212004886759 -0.9782176157176157 
-0.5738820411172648 -0.9800824175824177 
-0.5738820411172648 -0.9800824175824177 
-0.5738820411172648 -0.9800824175824177 
-0.6379986098789187 -0.9677863802863803 
-0.6379986098789187 -0.9677863802863803 
-0.5738820411172648 -0.9800824175824177 
-0.5650382096671698 -0.9816522762951334 
-0.5856212004886759 -0.9782176157176157 
-0.5856212004886759 -0.9782176157176157 
-0.6609748009422006 -0.9646839271839271 
-0.5738820411172648 -0.9800824175824177 
-0.5013140868853756 -0.9881673881673881 
-0.5013140868853756 -0.9881673881673881 
-0.5013140868853756 -0.9881673881673881 
-0.5013140868853756 -0.9881673881673881 
-0.5013140868853756 -0.9881673881673881 
-0.5001086248440816 -0.9909079016221873 
-0.5001086248440816 -0.9909079016221873 
-0.5001086248440816 -0.9909079016221873 
-0.5001086248440816 -0.9909079016221873 
-0.5031849709985139 -0.9868437118437119 
-0.5001086248440816 -0.9909079016221873 
-0.5031849709985139 -0.9868437118437119 
-0.5002446785556427 -0.9901476728399805 
-0.5031849709985139 -0.9868437118437119 
-0.5002446785556427 -0.9901476728399805 
-0.5031849709985139 -0.9868437118437119 
-0.5005605409330028 -0.9892482517482517 
-0.5031849709985139 -0.9868437118437119 
-0.5005605409330028 -0.9892482517482517 
-0.5002446785556427 -0.9901476728399805 
-0.5005605409330028 -0.9892482517482517 
-0.5002446785556427 -0.9901476728399805 
-0.5002446785556427 -0.9901476728399805 
-0.5005605409330028 -0.9892482517482517 
-0.5005605409330028 -0.9892482517482517 
-0.0 -1.0 
-0.0 -1.0 
-0.0 -1.0 
-0.0 -1.0 
-0.0 -1.0 
-0.0 -1.0 
