0.5503458727673942
0.5590766370988933
0.5503458727673942
0.5704163371374479
0.5773574418997689
0.5704163371374479
0.5827322172097384
0.5589757531584507
0.5654253140205259
0.5528121934809975
0.5444540925930852
0.5503458727673942
0.5539847300415286
0.5481924305524303
0.5596330145314276
0.5503458727673942
0.5312569104628789
0.555423678680642
0.5273474727478079
0.555423678680642
0.5704163371374479
0.5596457370535077
0.5527804867448741
0.5555892867258553
0.5719616171257983
0.5539847300415286
0.5704163371374479
0.555423678680642
0.5503458727673942
0.5506150866027143
