9.364565604301734E-4
0.001337294446668093
9.364565604301734E-4
5.179587709701182E-4
5.068058704741616E-4
5.179587709701182E-4
0.0
9.256706203737346E-4
5.194327755465465E-4
5.430749284260422E-4
9.400625402427807E-4
9.364565604301734E-4
9.264962046928243E-4
9.301407997207779E-4
5.259059785807645E-4
9.364565604301734E-4
0.0010913205789619136
9.356397649125423E-4
7.674240420469291E-4
9.356397649125423E-4
5.179587709701182E-4
5.259059785807645E-4
0.0013402332227040177
6.213026067959984E-4
3.9461129129982845E-4
9.264962046928243E-4
5.179587709701182E-4
9.356397649125423E-4
9.364565604301734E-4
7.470966264375386E-4
