-0.7872725666763027 -0.9044781350336915 
-0.7957865088883226 -0.9019976936643611 
-0.8885261025021761 -0.8938840737451856 
-0.7782717162260105 -0.9050795911907032 
-0.8787046164788804 -0.8946780971086534 
-0.8038679774895205 -0.9018662664496006 
-0.8189087443988545 -0.901425349342017 
-0.9523418833942503 -0.8847817563095348 
-0.8115625398010615 -0.9016972482250268 
-0.7230200263994838 -0.9078768710713163 
-0.6933612743506347 -0.911147571564239 
-0.7089651806819823 -0.9080826323881888 
-0.9066811409991332 -0.8914532612449287 
-0.6757744745078007 -0.911850777823001 
-0.825939508718733 -0.9007798014742469 
-0.8628569464538363 -0.8961750440917117 
-0.8454044855118727 -0.8978739881517667 
-1.0 -0.8735110397147441 
-0.8326831776556043 -0.9002515488626608 
-0.8572350303041841 -0.8963837988143551 
-0.7585312008512162 -0.9067386831275729 
-0.8391643429211539 -0.9000545493601058 
-0.7230200263994838 -0.9078768710713163 
-0.7230200263994838 -0.9078768710713163 
-0.9309089760092895 -0.8853086985031438 
-0.7230200263994838 -0.9078768710713163 
-0.9309089760092895 -0.8853086985031438 
-0.7230200263994838 -0.9078768710713163 
-0.9309089760092895 -0.8853086985031438 
-0.7089651806819823 -0.9080826323881888 
-0.7089651806819823 -0.9080826323881888 
-0.9309089760092895 -0.8853086985031438 
-0.7089651806819823 -0.9080826323881888 
-0.8572350303041841 -0.8963837988143551 
-0.8326831776556043 -0.9002515488626608 
-0.8326831776556043 -0.9002515488626608 
-0.8572350303041841 -0.8963837988143551 
-0.8572350303041841 -0.8963837988143551 
-0.7957865088883226 -0.9019976936643611 
-0.7957865088883226 -0.9019976936643611 
-0.8326831776556043 -0.9002515488626608 
-0.7089651806819823 -0.9080826323881888 
-0.7957865088883226 -0.9019976936643611 
-0.7957865088883226 -0.9019976936643611 
-0.8189087443988545 -0.901425349342017 
-0.8038679774895205 -0.9018662664496006 
-0.8038679774895205 -0.9018662664496006 
-0.8115625398010615 -0.9016972482250268 
-0.8189087443988545 -0.901425349342017 
-0.8115625398010615 -0.9016972482250268 
-0.8038679774895205 -0.9018662664496006 
-0.8189087443988545 -0.901425349342017 
-0.8115625398010615 -0.9016972482250268 
-0.8115625398010615 -0.9016972482250268 
-0.7585312008512162 -0.9067386831275729 
-0.7585312008512162 -0.9067386831275729 
-0.8787046164788804 -0.8946780971086534 
-0.8454044855118727 -0.8978739881517667 
-0.8787046164788804 -0.8946780971086534 
-0.7782717162260105 -0.9050795911907032 
-0.8787046164788804 -0.8946780971086534 
-0.8454044855118727 -0.8978739881517667 
-0.8787046164788804 -0.8946780971086534 
-0.7585312008512162 -0.9067386831275729 
-0.7782717162260105 -0.9050795911907032 
-0.8454044855118727 -0.8978739881517667 
-0.7585312008512162 -0.9067386831275729 
-0.8038679774895205 -0.9018662664496006 
-0.9066811409991332 -0.8914532612449287 
-0.9066811409991332 -0.8914532612449287 
-0.7782717162260105 -0.9050795911907032 
-0.8189087443988545 -0.901425349342017 
-0.8885261025021761 -0.8938840737451856 
-0.8391643429211539 -0.9000545493601058 
-0.9066811409991332 -0.8914532612449287 
-0.8391643429211539 -0.9000545493601058 
-0.8885261025021761 -0.8938840737451856 
-0.8885261025021761 -0.8938840737451856 
-0.6757744745078007 -0.911850777823001 
-0.6933612743506347 -0.911147571564239 
-0.8885261025021761 -0.8938840737451856 
-0.9066811409991332 -0.8914532612449287 
-0.825939508718733 -0.9007798014742469 
-0.8628569464538363 -0.8961750440917117 
-0.825939508718733 -0.9007798014742469 
-0.6933612743506347 -0.911147571564239 
-0.8391643429211539 -0.9000545493601058 
-0.7782717162260105 -0.9050795911907032 
-0.825939508718733 -0.9007798014742469 
-0.8628569464538363 -0.8961750440917117 
-0.8628569464538363 -0.8961750440917117 
-0.7872725666763027 -0.9044781350336915 
-0.7872725666763027 -0.9044781350336915 
-0.6933612743506347 -0.911147571564239 
-0.6757744745078007 -0.911850777823001 
-0.6757744745078007 -0.911850777823001 
-0.6933612743506347 -0.911147571564239 
-0.7872725666763027 -0.9044781350336915 
-0.6757744745078007 -0.911850777823001 
-0.7872725666763027 -0.9044781350336915 
