0.8108702604399045
0.8104805483223382
0.8104458492902092
0.8060442803420512
0.8108792653282854
0.8109014441018413
0.8108650845698094
0.809323877968141
0.8095603500621046
0.8110209932126065
0.8103628685838378
0.8102386885517685
0.8106467623039194
0.8109973626736924
0.8095487425571853
0.8109014441018413
0.809843376622231
0.8112582091672623
0.81074210756411
0.810232228706126
0.8108077902257254
0.8106120015740662
0.8100314027100199
0.81074210756411
0.8029931986404146
0.8107101422459331
0.8102706515853516
0.8111087758179981
0.8104099292636073
0.8107563686482456
