0.0010172923270902112
0.0010317959763576155
0.001030895869550071
0.0010274208561641563
0.0010164962662070395
0.0010304183721961478
0.0010304556134499907
0.001021078639079804
2.090190864988217E-4
0.0010155965670279603
0.0010312444375274678
1.9881223957842582E-4
1.2144450415171708E-4
0.0010299836199090901
1.5599746928751483E-4
0.001015725747038397
0.001036724214523791
0.0010297118794041844
0.0010327885025292426
0.0010323914402679088
0.0010207978169322744
0.001030895869550071
0.0010364062555270278
0.0010327885025292426
0.0012314860253043712
1.804931445490889E-4
0.0010313843420045184
0.0010290300190150593
1.9081975198412108E-4
0.0010309579320390372
