0.6251632075549721
0.6251632075549721
0.6251632075549721
0.5767021240834808
0.6251632075549721
0.6251632075549721
0.6251632075549721
0.6251632075549721
0.6251632075549721
0.6251632075549721
0.6251632075549721
0.6251632075549721
0.6251632075549721
0.6251632075549721
0.6251632075549721
0.6251632075549721
0.6251632075549721
0.6251632075549721
0.6251632075549721
0.6251632075549721
0.6251632075549721
0.6251632075549721
0.6251632075549721
0.5767021240834808
0.6251632075549721
0.6251632075549721
0.6251632075549721
0.6251632075549721
0.6251632075549721
0.6251632075549721
