0.0022651022752198813
1.69369584747456E-4
0.0022651022752198813
0.0030099714144234888
1.69369584747456E-4
3.542394052304526E-4
3.076083663232643E-4
1.69369584747456E-4
0.002258761222654771
0.0
0.0
3.542394052304526E-4
0.002258761222654771
0.0
0.0022796107492291805
0.0022651022752198813
0.0
0.0
0.002258761222654771
3.076083663232643E-4
0.0022651022752198813
0.0
0.002258761222654771
0.0030099714144234888
3.076083663232643E-4
0.0030037856622758125
0.0022651022752198813
0.002258761222654771
0.002258761222654771
0.0022651022752198813
