-0.6696702097555873 -0.9082441245537659 
-0.5000000238418698 -0.9972316983998334 
-0.6577651763487853 -0.9784214425664146 
-0.6434082273029601 -0.9942239279000391 
-0.6648957921052702 -0.9216286897660794 
-0.6618783222961934 -0.925780546843284 
-0.5936604401503461 -0.9960868118774736 
-0.6501621657277303 -0.9923650749450845 
-0.5176324866033403 -0.9971862723346705 
-0.6288272143766019 -0.9947770722285149 
-0.6130736149095858 -0.9954721386043982 
-0.5793055711326863 -0.996467169555454 
-0.528233679462925 -0.9971285051813268 
-0.6150877142451964 -0.9953083576664911 
-0.53588675682123 -0.9970881740044293 
-0.5418992192069642 -0.9970401306780841 
-0.6074070509829718 -0.9955801588876744 
-0.5636891289577209 -0.9967762979602423 
-0.5468617999396357 -0.9969849807859228 
-0.5684171760320547 -0.9967263471498466 
-0.5547847624881335 -0.9968869751669682 
-0.551093041122101 -0.9969369374595776 
-0.5724988096206775 -0.9966764560032574 
-0.5743492048856341 -0.996626493710648 
-0.5848660559937872 -0.9962594332396731 
-0.5580616136274157 -0.9968261891068315 
-0.5964087012091596 -0.9957699872306389 
-0.6020176413461403 -0.9956839690175964 
-0.5873094995491215 -0.9961906220073956 
-0.6005141640959136 -0.995711014057651 
-0.6169838059184686 -0.995101979787465 
-0.5760928313848107 -0.9965171318480635 
-0.5822117819146458 -0.9962904639643805 
-0.5807932025151616 -0.9963112809018149 
-0.6670517981159829 -0.9184378383808486 
-0.6670517981159829 -0.9184378383808486 
-0.6670517981159829 -0.9184378383808486 
-0.6670517981159829 -0.9184378383808486 
-0.6670517981159829 -0.9184378383808486 
-0.6670517981159829 -0.9184378383808486 
-0.6670517981159829 -0.9184378383808486 
-0.6670517981159829 -0.9184378383808486 
-0.6628348602333068 -0.9238663780335119 
-0.6628348602333068 -0.9238663780335119 
-0.6628348602333068 -0.9238663780335119 
-0.6628348602333068 -0.9238663780335119 
-0.6628348602333068 -0.9238663780335119 
-0.6628348602333068 -0.9238663780335119 
-0.6628348602333068 -0.9238663780335119 
-0.6622401068798265 -0.9239916116070944 
-0.6622401068798265 -0.9239916116070944 
-0.6622401068798265 -0.9239916116070944 
-0.6622401068798265 -0.9239916116070944 
-0.6622401068798265 -0.9239916116070944 
-0.6622401068798265 -0.9239916116070944 
-0.6593652438791504 -0.9335718854108921 
-0.6593652438791504 -0.9335718854108921 
-0.6593652438791504 -0.9335718854108921 
-0.6540213835696222 -0.984943221384661 
-0.6540213835696222 -0.984943221384661 
-0.6540213835696222 -0.984943221384661 
-0.6537158352720198 -0.9918343384322654 
-0.6537158352720198 -0.9918343384322654 
-0.6537158352720198 -0.9918343384322654 
-0.6537158352720198 -0.9918343384322654 
-0.6511684291921663 -0.9921934745750567 
-0.6511684291921663 -0.9921934745750567 
-0.6511684291921663 -0.9921934745750567 
-0.6385025074227881 -0.9943364204527423 
-0.6385025074227881 -0.9943364204527423 
-0.6385025074227881 -0.9943364204527423 
-0.6327558572333393 -0.9944636498846167 
-0.6327558572333393 -0.9944636498846167 
-0.6327558572333393 -0.9944636498846167 
-0.6327558572333393 -0.9944636498846167 
-0.6265014704571502 -0.9949432956327702 
-0.6265014704571502 -0.9949432956327702 
-0.6265014704571502 -0.9949432956327702 
-0.6265014704571502 -0.9949432956327702 
-0.6265014704571502 -0.9949432956327702 
-0.6265014704571502 -0.9949432956327702 
-0.6265014704571502 -0.9949432956327702 
-0.6204732862742364 -0.9950513159160463 
-0.6204732862742364 -0.9950513159160463 
-0.6204732862742364 -0.9950513159160463 
-0.6204732862742364 -0.9950513159160463 
-0.6204732862742364 -0.9950513159160463 
-0.6204732862742364 -0.9950513159160463 
-0.6204732862742364 -0.9950513159160463 
-0.6204732862742364 -0.9950513159160463 
-0.6204732862742364 -0.9950513159160463 
-0.6204732862742364 -0.9950513159160463 
-0.6204732862742364 -0.9950513159160463 
-0.6204732862742364 -0.9950513159160463 
-0.6204732862742364 -0.9950513159160463 
-0.6086232430477937 -0.9955260601730256 
-0.6086232430477937 -0.9955260601730256 
-0.6086232430477937 -0.9955260601730256 
-0.6086232430477937 -0.9955260601730256 
-0.5895738509537679 -0.9961386595396154 
