-0.7215649746448182 -0.9316095334586104 
-0.0 -0.9999080634278003 
-0.7070722721781199 -0.9545155758788193 
-0.6670517981159829 -0.9845116429491966 
-0.6552171678670946 -0.9889633471549736 
-0.6442284222928246 -0.991121610554243 
-0.6278504434198372 -0.9948529960349567 
-0.5000000113532685 -0.9991100953762955 
-0.6150877142451964 -0.9968597881300441 
-0.6702477748830481 -0.9747597645326845 
-0.6731780764197552 -0.972416479799103 
-0.5936604401503461 -0.9974348035715143 
-0.5418992192069642 -0.9986976639615797 
-0.5636891289577209 -0.9981229940370971 
-0.5724988096206775 -0.9978041331545854 
-0.5547847624881335 -0.9983855255438489 
-0.6090499298441002 -0.9969300689598937 
-0.6829533977989016 -0.9702205122614201 
-0.53588675682123 -0.9989439240649232 
-0.5848660559937872 -0.9975309494423853 
-0.6006116082481338 -0.9969772387712145 
-0.5167789032377729 -0.9990611113414624 
-0.6210796916761933 -0.9949034125740236 
-0.6596248889442381 -0.9845685056942947 
-0.5688193475609288 -0.9978483049241913 
-0.5485456532606594 -0.9984194882563726 
-0.5888263517022614 -0.9974866155379062 
-0.5268537480095585 -0.9990138861031126 
-0.5341208575352359 -0.9989649020682795 
-0.528233679462925 -0.9989938863575325 
-0.555149730977911 -0.9982137025077297 
-0.5176324866033403 -0.9990420223951643 
-0.5580616136274157 -0.9981274507165949 
-0.5760928313848107 -0.9975334496063305 
-0.551093041122101 -0.998387444510113 
-0.6888576085062 -0.9701613285879508 
-0.6888576085062 -0.9701613285879508 
-0.6888576085062 -0.9701613285879508 
-0.6888576085062 -0.9701613285879508 
-0.6888576085062 -0.9701613285879508 
-0.6888576085062 -0.9701613285879508 
-0.6888576085062 -0.9701613285879508 
-0.6888576085062 -0.9701613285879508 
-0.6888576085062 -0.9701613285879508 
-0.6888576085062 -0.9701613285879508 
-0.6888576085062 -0.9701613285879508 
-0.6888576085062 -0.9701613285879508 
-0.6888576085062 -0.9701613285879508 
-0.6888576085062 -0.9701613285879508 
-0.6888576085062 -0.9701613285879508 
-0.6888576085062 -0.9701613285879508 
-0.6888576085062 -0.9701613285879508 
-0.6888576085062 -0.9701613285879508 
-0.6888576085062 -0.9701613285879508 
-0.6888576085062 -0.9701613285879508 
-0.6888576085062 -0.9701613285879508 
-0.6888576085062 -0.9701613285879508 
-0.6888576085062 -0.9701613285879508 
-0.6888576085062 -0.9701613285879508 
-0.6888576085062 -0.9701613285879508 
-0.6888576085062 -0.9701613285879508 
-0.6888576085062 -0.9701613285879508 
-0.6888576085062 -0.9701613285879508 
-0.6888576085062 -0.9701613285879508 
-0.6888576085062 -0.9701613285879508 
-0.6888576085062 -0.9701613285879508 
-0.6888576085062 -0.9701613285879508 
-0.6888576085062 -0.9701613285879508 
-0.6888576085062 -0.9701613285879508 
-0.6888576085062 -0.9701613285879508 
-0.6888576085062 -0.9701613285879508 
-0.6888576085062 -0.9701613285879508 
-0.6888576085062 -0.9701613285879508 
-0.6888576085062 -0.9701613285879508 
-0.6888576085062 -0.9701613285879508 
-0.6888576085062 -0.9701613285879508 
-0.6888576085062 -0.9701613285879508 
-0.6888576085062 -0.9701613285879508 
-0.6888576085062 -0.9701613285879508 
-0.6888576085062 -0.9701613285879508 
-0.6888576085062 -0.9701613285879508 
-0.6888576085062 -0.9701613285879508 
-0.6888576085062 -0.9701613285879508 
-0.6888576085062 -0.9701613285879508 
-0.6888576085062 -0.9701613285879508 
-0.6888576085062 -0.9701613285879508 
-0.6888576085062 -0.9701613285879508 
-0.6888576085062 -0.9701613285879508 
-0.6888576085062 -0.9701613285879508 
-0.6888576085062 -0.9701613285879508 
-0.6888576085062 -0.9701613285879508 
-0.6888576085062 -0.9701613285879508 
-0.6888576085062 -0.9701613285879508 
-0.6888576085062 -0.9701613285879508 
-0.6888576085062 -0.9701613285879508 
-0.6888576085062 -0.9701613285879508 
-0.6888576085062 -0.9701613285879508 
-0.6888576085062 -0.9701613285879508 
-0.6888576085062 -0.9701613285879508 
-0.6888576085062 -0.9701613285879508 
