-0.5000000238418698 -0.999295562642462 
-0.6846501999542053 -0.9036584887230429 
-0.6150877142451964 -0.9915393269373004 
-0.6505008831184983 -0.9675447229279914 
-0.654624463205824 -0.9483075455501644 
-0.6491254123213213 -0.9694002058614605 
-0.6271828473979703 -0.9835475913073622 
-0.6306983459241822 -0.9785451413831571 
-0.667570713102423 -0.9332718395897368 
-0.53588675682123 -0.998573400789685 
-0.5418992192069642 -0.9976919329271501 
-0.6385025074227881 -0.9737011375453171 
-0.6770853978518374 -0.9216364371339398 
-0.6405963241266317 -0.9718651778148293 
-0.6247337199790338 -0.9855460840680569 
-0.659753986845983 -0.9382050138435838 
-0.677941085673688 -0.9091386893001316 
-0.6628348602333068 -0.9354043036029394 
-0.6352272019502848 -0.9746630767263447 
-0.528233679462925 -0.9988322071066922 
-0.5936604401503461 -0.9936759211599666 
-0.6160496183756462 -0.9887757881368191 
-0.6576284408490329 -0.9405671014523108 
-0.6682845560045436 -0.9316435936435844 
-0.6183365621763882 -0.9863051693128092 
-0.5835675831606274 -0.994315589711942 
-0.67090986287754 -0.9276534048158813 
-0.6613900225509087 -0.9362357641078081 
-0.6738742522238117 -0.9231086485450694 
-0.5884623644549559 -0.9939309845187803 
-0.6693778393321455 -0.9287482474214217 
-0.5580616136274157 -0.9963072669741687 
-0.5981156279460462 -0.9928137138012049 
-0.5743492048856341 -0.9953831549750134 
-0.6771640418731578 -0.9200608520715121 
-0.5547847624881335 -0.9964845591134087 
-0.5724988096206775 -0.995709589196253 
-0.6730018744540132 -0.9253270878722253 
-0.6315957717348185 -0.976051149260386 
-0.5468617999396357 -0.9966415327329318 
-0.6560875538569694 -0.9421739211500387 
-0.6321808701929883 -0.9754241969130311 
-0.5610092539019996 -0.9959579628622084 
-0.5989355771945964 -0.992375327077312 
-0.6727359169872045 -0.9266015431303223 
-0.5997347379795662 -0.9919036532056746 
-0.5793055711326863 -0.9944914500987007 
-0.6566558552119927 -0.9413819518518012 
-0.6724679466757891 -0.9267459982131524 
-0.5777416139307827 -0.9946183929602391 
-0.5946035858542817 -0.9931537755516135 
-0.625094946149998 -0.9840399483018947 
-0.5955191369285968 -0.992960092526884 
-0.5684171760320547 -0.9957698200579674 
-0.5661468396662656 -0.9958169898692881 
-0.6772425127398604 -0.9105808466296526 
-0.6412663115182495 -0.9694894801039757 
-0.6216912503584245 -0.9855509937446935 
-0.570527295246785 -0.9957143158951551 
-0.5636891289577209 -0.9958204839293859 
-0.692421872767175 -0.8757398498493837 
-0.692421872767175 -0.8757398498493837 
-0.6872922151037916 -0.8930214968249426 
-0.659753986845983 -0.9382050138435838 
-0.6555097427770294 -0.9434040151003802 
-0.6566558552119927 -0.9413819518518012 
-0.5418992192069642 -0.9976919329271501 
-0.6613900225509087 -0.9362357641078081 
-0.6684858774602617 -0.9287848343531186 
-0.654624463205824 -0.9483075455501644 
-0.6587075011651841 -0.940204552449371 
-0.5636891289577209 -0.9958204839293859 
-0.659753986845983 -0.9382050138435838 
-0.551093041122101 -0.9965400632762209 
-0.5997347379795662 -0.9919036532056746 
-0.5176324866033403 -0.999203659666994 
-0.53588675682123 -0.998573400789685 
-0.5989355771945964 -0.992375327077312 
-0.5793055711326863 -0.9944914500987007 
-0.5661468396662656 -0.9958169898692881 
-0.6738742522238117 -0.9231086485450694 
-0.6904126042516948 -0.8765114043567179 
-0.667570713102423 -0.9332718395897368 
-0.53588675682123 -0.998573400789685 
-0.5997347379795662 -0.9919036532056746 
-0.5835675831606274 -0.994315589711942 
-0.6613900225509087 -0.9362357641078081 
-0.659753986845983 -0.9382050138435838 
-0.654624463205824 -0.9483075455501644 
-0.6771640418731578 -0.9200608520715121 
-0.6183365621763882 -0.9863051693128092 
-0.6247337199790338 -0.9855460840680569 
-0.6563728731344654 -0.9416109719032846 
-0.6315957717348185 -0.976051149260386 
-0.6516606913551489 -0.9487139865955927 
-0.6693778393321455 -0.9287482474214217 
-0.5580616136274157 -0.9963072669741687 
-0.551093041122101 -0.9965400632762209 
-0.6321808701929883 -0.9754241969130311 
-0.5760928313848107 -0.9948741280825105 
