-0.6705330491163869 -0.8949532265418972 
-0.0 -0.9998607071325603 
-0.6501621657277303 -0.9767021723026011 
-0.6370304779028153 -0.9914068770576867 
-0.6688850974079172 -0.920553916082758 
-0.5000000238418698 -0.9989174471570126 
-0.5936604401503461 -0.9973267360954255 
-0.6150877142451964 -0.9958195474473343 
-0.606142754125506 -0.9961685258591416 
-0.6616350283074424 -0.9280006798394245 
-0.5724988096206775 -0.9979842330788522 
-0.6513333031805338 -0.9518519572233284 
-0.6187752616496291 -0.994070155497917 
-0.6556551049711666 -0.9449556765794823 
-0.6196353241678454 -0.9935486835857767 
-0.5610092539019996 -0.9983543055137559 
-0.5793055711326863 -0.9974891042047888 
-0.5418992192069642 -0.9987183239756118 
-0.5176324866033403 -0.998865406340686 
-0.6610192497195813 -0.9288819483531824 
-0.528233679462925 -0.9988193488267714 
-0.6602656325806283 -0.9290998814564568 
-0.551093041122101 -0.9985074896205388 
-0.5661468396662656 -0.9980629729215337 
-0.53588675682123 -0.9987673080104449 
-0.6521459881431826 -0.9499903610273572 
-0.5468617999396357 -0.9985679971529635 
-0.5547847624881335 -0.9984097133151744 
-0.6576284408490329 -0.9359273957724098 
-0.6216912503584245 -0.9914158875099054 
-0.6694755659273274 -0.8981962194193892 
-0.6694755659273274 -0.8981962194193892 
-0.6642222295612932 -0.9211879551051909 
-0.6642222295612932 -0.9211879551051909 
-0.6642222295612932 -0.9211879551051909 
-0.6642222295612932 -0.9211879551051909 
-0.6642222295612932 -0.9211879551051909 
-0.6642222295612932 -0.9211879551051909 
-0.6642222295612932 -0.9211879551051909 
-0.6642222295612932 -0.9211879551051909 
-0.6637658690950969 -0.9212471338491522 
-0.6637658690950969 -0.9212471338491522 
-0.6637658690950969 -0.9212471338491522 
-0.6637658690950969 -0.9212471338491522 
-0.6581721724592074 -0.935821731207629 
-0.6581721724592074 -0.935821731207629 
-0.6581721724592074 -0.935821731207629 
-0.6581721724592074 -0.935821731207629 
-0.6581721724592074 -0.935821731207629 
-0.6581721724592074 -0.935821731207629 
-0.6581721724592074 -0.935821731207629 
-0.6581721724592074 -0.935821731207629 
-0.6581721724592074 -0.935821731207629 
-0.6581721724592074 -0.935821731207629 
-0.6581721724592074 -0.935821731207629 
-0.6581721724592074 -0.935821731207629 
-0.6581721724592074 -0.935821731207629 
-0.6581721724592074 -0.935821731207629 
-0.6581721724592074 -0.935821731207629 
-0.6581721724592074 -0.935821731207629 
-0.6581721724592074 -0.935821731207629 
-0.6581721724592074 -0.935821731207629 
-0.6581721724592074 -0.935821731207629 
-0.6581721724592074 -0.935821731207629 
-0.6581721724592074 -0.935821731207629 
-0.6581721724592074 -0.935821731207629 
-0.6581721724592074 -0.935821731207629 
-0.6581721724592074 -0.935821731207629 
-0.6581721724592074 -0.935821731207629 
-0.6581721724592074 -0.935821731207629 
-0.6581721724592074 -0.935821731207629 
-0.6581721724592074 -0.935821731207629 
-0.6581721724592074 -0.935821731207629 
-0.6581721724592074 -0.935821731207629 
-0.6581721724592074 -0.935821731207629 
-0.6572149626424465 -0.943380049749731 
-0.6572149626424465 -0.943380049749731 
-0.6572149626424465 -0.943380049749731 
-0.6572149626424465 -0.943380049749731 
-0.6572149626424465 -0.943380049749731 
-0.6544746804343199 -0.9475434449935413 
-0.6544746804343199 -0.9475434449935413 
-0.6544746804343199 -0.9475434449935413 
-0.6544746804343199 -0.9475434449935413 
-0.6544746804343199 -0.9475434449935413 
-0.6544746804343199 -0.9475434449935413 
-0.6540213835696222 -0.9495929549662767 
-0.6540213835696222 -0.9495929549662767 
-0.6540213835696222 -0.9495929549662767 
-0.6540213835696222 -0.9495929549662767 
-0.6540213835696222 -0.9495929549662767 
-0.6540213835696222 -0.9495929549662767 
-0.6540213835696222 -0.9495929549662767 
-0.6540213835696222 -0.9495929549662767 
-0.6540213835696222 -0.9495929549662767 
-0.6540213835696222 -0.9495929549662767 
-0.6540213835696222 -0.9495929549662767 
-0.6540213835696222 -0.9495929549662767 
-0.6540213835696222 -0.9495929549662767 
-0.6540213835696222 -0.9495929549662767 
