-0.6856560013398285 -0.9671502686715755 
-0.5176324866033403 -0.9963354516419184 
-0.6370304779028153 -0.9921653499874236 
-0.6150877142451964 -0.9937001441956933 
-0.6187752616496291 -0.9931889801253286 
-0.6005141640959136 -0.9943616007862822 
-0.5936604401503461 -0.9948704580828736 
-0.6427797767276562 -0.9887590558600767 
-0.53588675682123 -0.9962373533116773 
-0.6410444575608033 -0.9889777062866365 
-0.5724988096206775 -0.9954663801356805 
-0.5636891289577209 -0.9957152676451874 
-0.5468617999396357 -0.99608160599182 
-0.5580616136274157 -0.9959306639269966 
-0.5955191369285968 -0.9945563681577353 
-0.5418992192069642 -0.9961383692768442 
-0.5610092539019996 -0.9958142516800205 
-0.5793055711326863 -0.9951054641519682 
-0.5760928313848107 -0.9953066710569543 
-0.5547847624881335 -0.9959816443191534 
-0.5777416139307827 -0.9951960417028455 
-0.5807932025151616 -0.9949484130017806 
-0.5661468396662656 -0.995511663289344 
-0.5743492048856341 -0.9953634343419784 
-0.551093041122101 -0.9959852161148158 
-0.5835675831606274 -0.9948713280060058 
-0.6829533977989016 -0.9850144027083001 
-0.6829533977989016 -0.9850144027083001 
-0.6829533977989016 -0.9850144027083001 
-0.6829533977989016 -0.9850144027083001 
-0.6829533977989016 -0.9850144027083001 
-0.6829533977989016 -0.9850144027083001 
-0.6596248889442381 -0.9877167389280339 
-0.6596248889442381 -0.9877167389280339 
-0.6596248889442381 -0.9877167389280339 
-0.6596248889442381 -0.9877167389280339 
-0.6596248889442381 -0.9877167389280339 
-0.6596248889442381 -0.9877167389280339 
-0.6596248889442381 -0.9877167389280339 
-0.6596248889442381 -0.9877167389280339 
-0.6596248889442381 -0.9877167389280339 
-0.6596248889442381 -0.9877167389280339 
-0.6596248889442381 -0.9877167389280339 
-0.6596248889442381 -0.9877167389280339 
-0.6596248889442381 -0.9877167389280339 
-0.6596248889442381 -0.9877167389280339 
-0.6596248889442381 -0.9877167389280339 
-0.6596248889442381 -0.9877167389280339 
-0.6596248889442381 -0.9877167389280339 
-0.6596248889442381 -0.9877167389280339 
-0.6596248889442381 -0.9877167389280339 
-0.6596248889442381 -0.9877167389280339 
-0.6596248889442381 -0.9877167389280339 
-0.6596248889442381 -0.9877167389280339 
-0.6596248889442381 -0.9877167389280339 
-0.6596248889442381 -0.9877167389280339 
-0.6596248889442381 -0.9877167389280339 
-0.6596248889442381 -0.9877167389280339 
-0.6596248889442381 -0.9877167389280339 
-0.6596248889442381 -0.9877167389280339 
-0.6596248889442381 -0.9877167389280339 
-0.6596248889442381 -0.9877167389280339 
-0.6596248889442381 -0.9877167389280339 
-0.6596248889442381 -0.9877167389280339 
-0.6596248889442381 -0.9877167389280339 
-0.6596248889442381 -0.9877167389280339 
-0.6596248889442381 -0.9877167389280339 
-0.6596248889442381 -0.9877167389280339 
-0.6596248889442381 -0.9877167389280339 
-0.6596248889442381 -0.9877167389280339 
-0.6596248889442381 -0.9877167389280339 
-0.6596248889442381 -0.9877167389280339 
-0.6596248889442381 -0.9877167389280339 
-0.6596248889442381 -0.9877167389280339 
-0.6596248889442381 -0.9877167389280339 
-0.6596248889442381 -0.9877167389280339 
-0.6596248889442381 -0.9877167389280339 
-0.6596248889442381 -0.9877167389280339 
-0.6596248889442381 -0.9877167389280339 
-0.6596248889442381 -0.9877167389280339 
-0.6596248889442381 -0.9877167389280339 
-0.6596248889442381 -0.9877167389280339 
-0.6596248889442381 -0.9877167389280339 
-0.6596248889442381 -0.9877167389280339 
-0.6596248889442381 -0.9877167389280339 
-0.6596248889442381 -0.9877167389280339 
-0.6596248889442381 -0.9877167389280339 
-0.6596248889442381 -0.9877167389280339 
-0.6596248889442381 -0.9877167389280339 
-0.6596248889442381 -0.9877167389280339 
-0.6596248889442381 -0.9877167389280339 
-0.6596248889442381 -0.9877167389280339 
-0.6596248889442381 -0.9877167389280339 
-0.6596248889442381 -0.9877167389280339 
-0.6596248889442381 -0.9877167389280339 
-0.6596248889442381 -0.9877167389280339 
-0.6596248889442381 -0.9877167389280339 
-0.6596248889442381 -0.9877167389280339 
-0.6596248889442381 -0.9877167389280339 
-0.6596248889442381 -0.9877167389280339 
