-0.5268537480095585 -0.9986410017658863 
-0.6412663115182495 -0.970629004157623 
-0.6635354339173467 -0.9347976218044116 
-0.6540213835696222 -0.9466793088999021 
-0.6145958303598867 -0.9889859769150079 
-0.6562305081198346 -0.9416986988232356 
-0.6278504434198372 -0.9794290037919466 
-0.6192081300139013 -0.9863579447446585 
-0.6372803440475396 -0.9725841942876504 
-0.6092144449209769 -0.9901513019063363 
-0.6247337199790338 -0.9826092087386076 
-0.5792884956826382 -0.996845775530454 
-0.5688193475609288 -0.9978298683097782 
-0.646386788204827 -0.9614184829995979 
-0.5849654196618821 -0.9956003953305566 
-0.590581993995975 -0.9934381026557386 
-0.6454226798726564 -0.9623251797678651 
-0.6297759819524049 -0.9770268024115069 
-0.6005141640959136 -0.9914590578634757 
-0.5520447693719309 -0.9982006778473153 
-0.612017397562302 -0.9894733171349583 
-0.5869593350912293 -0.9947943677583686 
-0.6169838059184686 -0.986845284964609 
-0.6606444828388239 -0.9366964638896808 
-0.5445337917617026 -0.9984026553920401 
-0.6436151449551651 -0.9645879714899444 
-0.5752584977556053 -0.997469225838628 
-0.6224787416772174 -0.9832925234006379 
-0.5341208575352359 -0.9985920849245167 
-0.5737793251864776 -0.9976196587390609 
-0.6475087751634455 -0.9586000550362237 
-0.6261554291274924 -0.9804152926159034 
-0.5879076637965774 -0.9941548987335859 
-0.555149730977911 -0.9980180366438932 
-0.654624463205824 -0.9426131690798454 
-0.6341513546395805 -0.9741739165481028 
-0.5398266242062744 -0.9984869439526304 
-0.6318896076575763 -0.9758832181838124 
-0.5816936984170988 -0.9959572029590801 
-0.5967181469264977 -0.9917630083186256 
-0.6254522492280018 -0.9809429936753565 
-0.6204732862742364 -0.9838309937995902 
-0.6196353241678454 -0.984537947295321 
-0.641923257406026 -0.9650925109085734 
-0.592239082997756 -0.9926397650340857 
-0.5945628975962367 -0.9920805956998957 
-0.6312993153163514 -0.9761132108063014 
-0.5926879365412299 -0.9923126854336096 
-0.621290283024113 -0.9834180941565857 
-0.591422144473263 -0.9927326819148153 
-0.5989355771945964 -0.9915089490100649 
-0.6324696051799622 -0.9742929915429485 
-0.6432000375383463 -0.9646343644244456 
-0.5974032754838945 -0.9915728296773126 
-0.6315957717348185 -0.9759358306656701 
-0.5946035858542817 -0.9920095807289836 
-0.6641086968931701 -0.9307905352282206 
-0.6641086968931701 -0.9307905352282206 
-0.6601384258669133 -0.93766200645397 
-0.6601384258669133 -0.93766200645397 
-0.6601384258669133 -0.93766200645397 
-0.6587075011651841 -0.9377369967979359 
-0.6587075011651841 -0.9377369967979359 
-0.6587075011651841 -0.9377369967979359 
-0.6523062405814017 -0.9466893058908057 
-0.6579013739083549 -0.9396744884875051 
-0.6514973879966177 -0.9526136203724664 
-0.6092144449209769 -0.9901513019063363 
-0.665006802441411 -0.9212122469273367 
-0.6540213835696222 -0.9466793088999021 
-0.6312993153163514 -0.9761132108063014 
-0.612017397562302 -0.9894733171349583 
-0.5967181469264977 -0.9917630083186256 
-0.5816936984170988 -0.9959572029590801 
-0.6360119572522979 -0.9738790476988052 
-0.6432000375383463 -0.9646343644244456 
-0.5828255551699343 -0.9956060476303265 
-0.6310001899768349 -0.9763543244187464 
-0.6318896076575763 -0.9758832181838124 
-0.6318896076575763 -0.9758832181838124 
-0.6080209243220388 -0.9908621378656656 
-0.5989355771945964 -0.9915089490100649 
-0.6601384258669133 -0.93766200645397 
-0.5752584977556053 -0.997469225838628 
-0.5752584977556053 -0.997469225838628 
-0.5268537480095585 -0.9986410017658863 
-0.648949520979429 -0.9579803328816822 
-0.6224787416772174 -0.9832925234006379 
-0.6601384258669133 -0.93766200645397 
-0.590581993995975 -0.9934381026557386 
-0.6192081300139013 -0.9863579447446585 
-0.6579013739083549 -0.9396744884875051 
-0.6601384258669133 -0.93766200645397 
-0.590581993995975 -0.9934381026557386 
-0.6540213835696222 -0.9466793088999021 
-0.5805160036584298 -0.9961046465870982 
-0.648949520979429 -0.9579803328816822 
-0.6587075011651841 -0.9377369967979359 
-0.609794943089445 -0.9895285892438019 
