-0.0 -0.9993816776282758 
-0.6596248889442381 -0.9925829756436064 
-0.5000000113532685 -0.9992843909863462 
-0.5936604401503461 -0.9984031998934247 
-0.5167789032377729 -0.999189785836594 
-0.5724988096206775 -0.9987550629472797 
-0.5752584977556053 -0.9985864241283938 
-0.5888263517022614 -0.9984336842536424 
-0.5688193475609288 -0.9987785931119961 
-0.5485456532606594 -0.9989707457060687 
-0.5547847624881335 -0.9988545437532814 
-0.551093041122101 -0.9989509786908928 
-0.5268537480095585 -0.9991112276367136 
-0.5341208575352359 -0.999013999817653 
-0.528233679462925 -0.999094158081041 
-0.53588675682123 -0.9989949815650565 
-0.5176324866033403 -0.9991365972856567 
-0.5520447693719309 -0.9988761405563165 
-0.555149730977911 -0.9987803203492099 
-0.5000000238418698 -0.999270356046459 
-0.6862096810988445 -0.9257362746625236 
-0.6862096810988445 -0.9257362746625236 
-0.6862096810988445 -0.9257362746625236 
-0.6840070150787193 -0.948135383582871 
-0.6840070150787193 -0.948135383582871 
-0.6840070150787193 -0.948135383582871 
-0.6840070150787193 -0.948135383582871 
-0.6840070150787193 -0.948135383582871 
-0.6840070150787193 -0.948135383582871 
-0.6829533977989016 -0.9913324007234089 
-0.6829533977989016 -0.9913324007234089 
-0.6829533977989016 -0.9913324007234089 
-0.6728874649455069 -0.9915055775756857 
-0.6728874649455069 -0.9915055775756857 
-0.6420822300045577 -0.9948646172879838 
-0.6420822300045577 -0.9948646172879838 
-0.6420822300045577 -0.9948646172879838 
-0.6420822300045577 -0.9948646172879838 
-0.6420822300045577 -0.9948646172879838 
-0.6420822300045577 -0.9948646172879838 
-0.6420822300045577 -0.9948646172879838 
-0.6420822300045577 -0.9948646172879838 
-0.6370304779028153 -0.9952579483112872 
-0.6370304779028153 -0.9952579483112872 
-0.6370304779028153 -0.9952579483112872 
-0.6370304779028153 -0.9952579483112872 
-0.6370304779028153 -0.9952579483112872 
-0.6370304779028153 -0.9952579483112872 
-0.6370304779028153 -0.9952579483112872 
-0.6370304779028153 -0.9952579483112872 
-0.6370304779028153 -0.9952579483112872 
-0.6370304779028153 -0.9952579483112872 
-0.6297253025971844 -0.9953682204187788 
-0.6297253025971844 -0.9953682204187788 
-0.6210796916761933 -0.9962561326781154 
-0.6210796916761933 -0.9962561326781154 
-0.6204732862742364 -0.9965436218096428 
-0.6204732862742364 -0.9965436218096428 
-0.6150877142451964 -0.9974297599556621 
-0.6150877142451964 -0.9974297599556621 
-0.6150877142451964 -0.9974297599556621 
-0.6150877142451964 -0.9974297599556621 
-0.6150877142451964 -0.9974297599556621 
-0.6150877142451964 -0.9974297599556621 
-0.6150877142451964 -0.9974297599556621 
-0.6150877142451964 -0.9974297599556621 
-0.6150877142451964 -0.9974297599556621 
-0.6150877142451964 -0.9974297599556621 
-0.6150877142451964 -0.9974297599556621 
-0.6150877142451964 -0.9974297599556621 
-0.6150877142451964 -0.9974297599556621 
-0.6150877142451964 -0.9974297599556621 
-0.6150877142451964 -0.9974297599556621 
-0.6150877142451964 -0.9974297599556621 
-0.6150877142451964 -0.9974297599556621 
-0.6090499298441002 -0.9975766982999488 
-0.6090499298441002 -0.9975766982999488 
-0.5972737489086699 -0.9976925986515337 
-0.5972737489086699 -0.9976925986515337 
-0.5972737489086699 -0.9976925986515337 
-0.5972737489086699 -0.9976925986515337 
-0.5972737489086699 -0.9976925986515337 
-0.5972737489086699 -0.9976925986515337 
-0.5972737489086699 -0.9976925986515337 
-0.5972737489086699 -0.9976925986515337 
-0.5972737489086699 -0.9976925986515337 
-0.5972737489086699 -0.9976925986515337 
-0.5972737489086699 -0.9976925986515337 
-0.5972737489086699 -0.9976925986515337 
-0.5972737489086699 -0.9976925986515337 
-0.5972737489086699 -0.9976925986515337 
-0.5972737489086699 -0.9976925986515337 
-0.5972737489086699 -0.9976925986515337 
-0.5972737489086699 -0.9976925986515337 
-0.5972737489086699 -0.9976925986515337 
-0.5972737489086699 -0.9976925986515337 
-0.5972737489086699 -0.9976925986515337 
-0.5972737489086699 -0.9976925986515337 
-0.5972737489086699 -0.9976925986515337 
-0.5972737489086699 -0.9976925986515337 
