-0.528233679462925 -0.9961659043509878 
-0.6442284222928246 -0.9793862201125648 
-0.659753986845983 -0.9461468872655725 
-0.6150877142451964 -0.9876333186459684 
-0.6555097427770294 -0.9544629028481144 
-0.6278504434198372 -0.9831881649053532 
-0.6370304779028153 -0.9809746034467541 
-0.6521459881431826 -0.9620635661331665 
-0.6643353947151519 -0.93143046521687 
-0.59064689686309 -0.9906230485459883 
-0.6484163449485223 -0.9683800669619562 
-0.6169838059184686 -0.9860188216561299 
-0.5835675831606274 -0.9927011662193095 
-0.5777416139307827 -0.9936921016327545 
-0.5964087012091596 -0.9893083893044202 
-0.5547847624881335 -0.9955401804311023 
-0.5848660559937872 -0.9918132607176292 
-0.5468617999396357 -0.9959035182778593 
-0.6623598719267543 -0.9354259118392201 
-0.5610092539019996 -0.9951065565143924 
-0.5972737489086699 -0.9888412940341489 
-0.5743492048856341 -0.9942125404792733 
-0.6652277724508465 -0.922268383600779 
-0.6523062405814017 -0.9587651147012627 
-0.5418992192069642 -0.9960025023126924 
-0.6615127409440028 -0.9363252879435218 
-0.5661468396662656 -0.9948762206481191 
-0.53588675682123 -0.9960627677979361 
-0.6465763727881376 -0.9695083636912027 
-0.5724988096206775 -0.9944319194897427 
-0.551093041122101 -0.9956391644659354 
-0.6475087751634455 -0.9687221480273072 
-0.666736727622014 -0.9169679066153836 
-0.570527295246785 -0.9945603951643235 
-0.6598826065595015 -0.939496499008506 
-0.5684171760320547 -0.9946713718985545 
-0.6456177016701888 -0.9698823048386271 
-0.6625981747589691 -0.9339851651364375 
-0.5916841355064867 -0.9894811321890182 
-0.5636891289577209 -0.9949421990353663 
-0.6608947755591164 -0.9374448054900382 
-0.5793055711326863 -0.9927591372338023 
-0.6629526034708252 -0.9320980049464597 
-0.6607698543681618 -0.9375205365513396 
-0.5981156279460462 -0.9876973054182996 
-0.6450292445440292 -0.9699363864712802 
-0.646004419490713 -0.9695595775074696 
-0.665006802441411 -0.9223741034256574 
-0.6690830222620242 -0.9151091945000706 
-0.6690830222620242 -0.9151091945000706 
-0.667156196322626 -0.9166385169342498 
-0.667156196322626 -0.9166385169342498 
-0.667156196322626 -0.9166385169342498 
-0.6658824378769073 -0.9176926843795674 
-0.6658824378769073 -0.9176926843795674 
-0.6654473566007346 -0.9179488758625032 
-0.6654473566007346 -0.9179488758625032 
-0.6648957921052702 -0.9227721193913887 
-0.6648957921052702 -0.9227721193913887 
-0.6648957921052702 -0.9227721193913887 
-0.6648957921052702 -0.9227721193913887 
-0.6648957921052702 -0.9227721193913887 
-0.6628348602333068 -0.9332163844569591 
-0.6628348602333068 -0.9332163844569591 
-0.6628348602333068 -0.9332163844569591 
-0.6628348602333068 -0.9332163844569591 
-0.6628348602333068 -0.9332163844569591 
-0.6628348602333068 -0.9332163844569591 
-0.6628348602333068 -0.9332163844569591 
-0.6628348602333068 -0.9332163844569591 
-0.6628348602333068 -0.9332163844569591 
-0.6628348602333068 -0.9332163844569591 
-0.6628348602333068 -0.9332163844569591 
-0.6628348602333068 -0.9332163844569591 
-0.6628348602333068 -0.9332163844569591 
-0.6628348602333068 -0.9332163844569591 
-0.6628348602333068 -0.9332163844569591 
-0.6628348602333068 -0.9332163844569591 
-0.6628348602333068 -0.9332163844569591 
-0.6628348602333068 -0.9332163844569591 
-0.6628348602333068 -0.9332163844569591 
-0.6628348602333068 -0.9332163844569591 
-0.6628348602333068 -0.9332163844569591 
-0.6628348602333068 -0.9332163844569591 
-0.6628348602333068 -0.9332163844569591 
-0.6628348602333068 -0.9332163844569591 
-0.6628348602333068 -0.9332163844569591 
-0.6628348602333068 -0.9332163844569591 
-0.6628348602333068 -0.9332163844569591 
-0.6628348602333068 -0.9332163844569591 
-0.6628348602333068 -0.9332163844569591 
-0.6628348602333068 -0.9332163844569591 
-0.6628348602333068 -0.9332163844569591 
-0.6628348602333068 -0.9332163844569591 
-0.6628348602333068 -0.9332163844569591 
-0.6628348602333068 -0.9332163844569591 
-0.6628348602333068 -0.9332163844569591 
-0.6628348602333068 -0.9332163844569591 
-0.6628348602333068 -0.9332163844569591 
-0.6628348602333068 -0.9332163844569591 
