-0.6666310723990739 -0.9291586405285678 
-0.528233679462925 -0.998929775691202 
-0.625094946149998 -0.9902700448980373 
-0.6338768879417591 -0.9791149283330913 
-0.5936604401503461 -0.9944653595006547 
-0.6034529960321104 -0.9929275733853158 
-0.646196141203463 -0.9625409012749875 
-0.6291464997806984 -0.9814424382018049 
-0.5636891289577209 -0.9967553866592083 
-0.6519849839930852 -0.9567482173304104 
-0.6473243255060045 -0.9600205298948478 
-0.6265014704571502 -0.9834592566630495 
-0.5418992192069642 -0.9982916417170865 
-0.551093041122101 -0.9978209454341009 
-0.606142754125506 -0.9911569932845504 
-0.53588675682123 -0.998585183487238 
-0.5580616136274157 -0.9974234391996419 
-0.6550699443488586 -0.9511364499662646 
-0.6566558552119927 -0.9465895411454663 
-0.6523062405814017 -0.9557337385161055 
-0.5547847624881335 -0.9975237687361417 
-0.5724988096206775 -0.9946027693924218 
-0.5743492048856341 -0.9945496231339184 
-0.646386788204827 -0.9607283930745243 
-0.6341513546395805 -0.970242928496946 
-0.6344235826882855 -0.9699917488857742 
-0.6563728731344654 -0.9501411834051163 
-0.6563728731344654 -0.9501411834051163 
-0.653868948523583 -0.9530380910735177 
-0.653868948523583 -0.9530380910735177 
-0.653868948523583 -0.9530380910735177 
-0.653868948523583 -0.9530380910735177 
-0.6423542294603065 -0.9634639553191253 
-0.6423542294603065 -0.9634639553191253 
-0.6399127524491194 -0.9638942851672937 
-0.6399127524491194 -0.9638942851672937 
-0.6399127524491194 -0.9638942851672937 
-0.6399127524491194 -0.9638942851672937 
-0.6370304779028153 -0.9671509083308945 
-0.6370304779028153 -0.9671509083308945 
-0.6370304779028153 -0.9671509083308945 
-0.6360119572522979 -0.9694090619410417 
-0.6360119572522979 -0.9694090619410417 
-0.6360119572522979 -0.9694090619410417 
-0.6352272019502848 -0.9698010504035416 
-0.6617568877373163 -0.9351887480591748 
-0.5636891289577209 -0.9967553866592083 
-0.6588400513992008 -0.9409975909227025 
-0.53588675682123 -0.998585183487238 
-0.5636891289577209 -0.9967553866592083 
-0.6617568877373163 -0.9351887480591748 
-0.6344235826882855 -0.9699917488857742 
-0.6579013739083549 -0.9459752129527031 
-0.646386788204827 -0.9607283930745243 
-0.5684171760320547 -0.9963464794736593 
-0.652782558800477 -0.9537808501784447 
-0.6485949970993327 -0.9570439071416552 
-0.6291464997806984 -0.9814424382018049 
-0.6344235826882855 -0.9699917488857742 
-0.6265014704571502 -0.9834592566630495 
-0.6399127524491194 -0.9638942851672937 
