-0.5000000113532685 -0.9992414361328619 
-0.6619993350136055 -0.9157820108688742 
-0.6532523636202627 -0.9439953615102112 
-0.646196141203463 -0.9578983221723893 
-0.5468617999396357 -0.9979279898631529 
-0.6344235826882855 -0.9700823551556386 
-0.6145958303598867 -0.9842300823757412 
-0.625094946149998 -0.9751872248420359 
-0.6048262765477713 -0.9901751743042111 
-0.5268537480095585 -0.9989587624651874 
-0.6354908379076486 -0.9665811832266697 
-0.5822117819146458 -0.995238673057383 
-0.6467649070352349 -0.952588656653162 
-0.6480562099874024 -0.9481165828936582 
-0.6165200739384666 -0.9778456735949063 
-0.5777416139307827 -0.9957127991504433 
-0.6498200619905099 -0.9460550524085646 
-0.6392150187817145 -0.9626617429720821 
-0.5981156279460462 -0.9919907781850827 
-0.6092144449209769 -0.9878535428632971 
-0.5167789032377729 -0.9991033676149397 
-0.6442284222928246 -0.958967477051546 
-0.570527295246785 -0.996103648638616 
-0.5916841355064867 -0.993332705822677 
-0.5341208575352359 -0.9981591077023625 
-0.6417056923459922 -0.9606536391242871 
-0.612017397562302 -0.9852987396602978 
-0.5580616136274157 -0.9965888599529263 
-0.609794943089445 -0.9868848431469097 
-0.6380189673336621 -0.9630908120358013 
-0.6265014704571502 -0.973594241710087 
-0.6432000375383463 -0.9595169624587127 
-0.6224787416772174 -0.9759060866095328 
-0.5398266242062744 -0.9980233016083646 
-0.528233679462925 -0.9985369138170253 
-0.6109253685840791 -0.9857450226352832 
-0.5946035858542817 -0.9927046625158431 
-0.5873094995491215 -0.9939976660270461 
-0.5661468396662656 -0.9963003915985331 
-0.6405963241266317 -0.9611699498459245 
-0.6020176413461403 -0.9904788180265722 
-0.5848660559937872 -0.9943489529131153 
-0.6315957717348185 -0.9712809421740182 
-0.5895738509537679 -0.9937399958979782 
-0.551093041122101 -0.996688944095598 
-0.6471388718196077 -0.9492309150723239 
-0.6074070509829718 -0.988459310317163 
-0.6510027582009784 -0.944749045597147 
-0.606142754125506 -0.9887094557832102 
-0.6169838059184686 -0.977003329317715 
-0.5610092539019996 -0.9964924134796002 
-0.6278504434198372 -0.9731084548412109 
-0.5636891289577209 -0.9963994153170351 
-0.6005141640959136 -0.9908156815604187 
-0.6300862953619664 -0.9715545710318392 
-0.5997347379795662 -0.9911336628927621 
-0.6503319434114093 -0.9452347348325058 
-0.6080209243220388 -0.9881904063971435 
-0.5724988096206775 -0.9958596240096037 
-0.6324696051799622 -0.9707464085555049 
-0.639681777706297 -0.9615765517111697 
-0.6421394303905459 -0.9599444292021168 
-0.6516606913551489 -0.9442548371412481 
-0.6125498314832742 -0.9846014253768758 
-0.6208843378394441 -0.9762355525378782 
-0.6321808701929883 -0.9709794201440016 
-0.5989355771945964 -0.9912987803879681 
-0.5964087012091596 -0.9921209780923546 
-0.5936604401503461 -0.9928176903747409 
-0.6365250881251069 -0.9631923134898919 
-0.5926879365412299 -0.9929128982830622 
-0.6281792500013771 -0.972303119999643 
-0.5743492048856341 -0.9957606002911016 
-0.6285048187284736 -0.9720170520016774 
-0.621290283024113 -0.9761824062793748 
-0.6275183321867448 -0.9731733468121304 
-0.5176324866033403 -0.9990349573927293 
-0.5884623644549559 -0.9937931421564816 
-0.6178918680377397 -0.9762999464772721 
-0.6135890314850595 -0.9842854901771596 
-0.6291464997806984 -0.9717211686190284 
-0.5955191369285968 -0.9921741243508579 
-0.6482367526485385 -0.9463003660995801 
-0.6216912503584245 -0.9760137275012272 
-0.6288272143766019 -0.9717513667782992 
-0.6639947942524858 -0.9108258481632501 
-0.6639947942524858 -0.9108258481632501 
-0.6639947942524858 -0.9108258481632501 
-0.6639947942524858 -0.9108258481632501 
-0.6639947942524858 -0.9108258481632501 
-0.6639947942524858 -0.9108258481632501 
-0.6639947942524858 -0.9108258481632501 
-0.6639947942524858 -0.9108258481632501 
-0.6639947942524858 -0.9108258481632501 
-0.6639947942524858 -0.9108258481632501 
-0.6563728731344654 -0.9245329265684927 
-0.6563728731344654 -0.9245329265684927 
-0.6557998574090624 -0.9336459643924032 
-0.6557998574090624 -0.9336459643924032 
-0.5835675831606274 -0.9945044091524585 
