-0.6660994334619708 -0.9297102886187084 
-0.5000000113532685 -0.9964553443969454 
-0.6390629475297044 -0.9803487860121235 
-0.6090499298441002 -0.9929684123157093 
-0.6577609312459802 -0.9432176004778413 
-0.6537735666354967 -0.9550565806210999 
-0.5888263517022614 -0.9945742113712979 
-0.6304258074454431 -0.9844782671856406 
-0.6407753261874896 -0.9721484524642265 
-0.6112689604630478 -0.9907403194387023 
-0.6492312219765228 -0.959673234353383 
-0.6177988647205693 -0.9888222353094266 
-0.6294882952302541 -0.9856917107230301 
-0.5167789032377729 -0.9964082063498073 
-0.6270144325571522 -0.9870622239364771 
-0.6436444324375992 -0.9686348256019968 
-0.5398266242062744 -0.9961653451496413 
-0.6425589153803892 -0.9693648362256826 
-0.6517006191438747 -0.9560774070113094 
-0.5688193475609288 -0.9954315621941601 
-0.645134297587997 -0.967212907806959 
-0.6216961702043707 -0.9881666769524364 
-0.6204507265539745 -0.9884582942037365 
-0.5341208575352359 -0.9962626317915708 
-0.6392383701794201 -0.9761123776289358 
-0.6006116082481338 -0.9930675096469496 
-0.6248844489675653 -0.9873147189806164 
-0.5268537480095585 -0.9963109197078779 
-0.6581538053883424 -0.9409603212832194 
-0.591422144473263 -0.9940208535266549 
-0.5579420089228049 -0.9956798913748396 
-0.5485456532606594 -0.9959203979258089 
-0.6411070795514313 -0.9704557526767681 
-0.628027476816801 -0.986354042123993 
-0.555149730977911 -0.995776798041006 
-0.6125269106313044 -0.9895306589164764 
-0.5604800285062527 -0.9955283504602416 
-0.5792884956826382 -0.9947413737219755 
-0.5780066536249309 -0.9948945244234751 
-0.6225985565045733 -0.9875323291693942 
-0.592239082997756 -0.9934752025220566 
-0.5520447693719309 -0.9958257820758392 
-0.5722197193006302 -0.9952865702574338 
-0.5737793251864776 -0.9951881337463354 
-0.5752584977556053 -0.9950935178963657 
-0.5766653057887414 -0.994993928593807 
-0.6551929227130762 -0.9437737832055748 
-0.5930340872750042 -0.9932558814828739 
-0.5705701679526788 -0.9953337083045719 
-0.6116940507244951 -0.989729652367901 
-0.6322211469453975 -0.9803793464900125 
-0.5897172378391182 -0.9941253417243002 
-0.590581993995975 -0.994069837561488 
-0.5938083315651527 -0.9931106603651786 
-0.6275250430399616 -0.9864039332705823 
-0.6121133136332757 -0.9895825579713615 
-0.6616695949790105 -0.9396586607455837 
-0.6616695949790105 -0.9396586607455837 
-0.6616695949790105 -0.9396586607455837 
-0.6616695949790105 -0.9396586607455837 
-0.6616695949790105 -0.9396586607455837 
-0.6591159532330175 -0.9397778892880645 
-0.6591159532330175 -0.9397778892880645 
-0.6549785262812944 -0.9516851556703877 
-0.6549785262812944 -0.9516851556703877 
-0.6521727895174391 -0.955206201011164 
-0.6521727895174391 -0.955206201011164 
-0.6521727895174391 -0.955206201011164 
-0.6485833922657723 -0.9607659484769953 
-0.6485833922657723 -0.9607659484769953 
-0.6466973900494676 -0.9627486342262299 
-0.6466973900494676 -0.9627486342262299 
-0.6462785381451782 -0.9665404272881754 
-0.6462785381451782 -0.9665404272881754 
-0.6462785381451782 -0.9665404272881754 
-0.6462785381451782 -0.9665404272881754 
-0.643947969188293 -0.967542098592497 
-0.643947969188293 -0.967542098592497 
-0.643947969188293 -0.967542098592497 
-0.643947969188293 -0.967542098592497 
-0.643947969188293 -0.967542098592497 
-0.643947969188293 -0.967542098592497 
-0.643947969188293 -0.967542098592497 
-0.643947969188293 -0.967542098592497 
-0.643947969188293 -0.967542098592497 
-0.6507352377816815 -0.9570650121701699 
-0.6485833922657723 -0.9607659484769953 
-0.5722197193006302 -0.9952865702574338 
-0.5445337917617026 -0.9960158385800433 
-0.6116940507244951 -0.989729652367901 
-0.5485456532606594 -0.9959203979258089 
-0.5752584977556053 -0.9950935178963657 
-0.5752584977556053 -0.9950935178963657 
-0.6248844489675653 -0.9873147189806164 
-0.6462785381451782 -0.9665404272881754 
-0.6462785381451782 -0.9665404272881754 
