-0.5000000113532685 -0.9990600953762955 
-0.6327558572333393 -0.9883662853638626 
-0.6535620375920963 -0.954771989536428 
-0.5936604401503461 -0.9956287356731657 
-0.6375283625541986 -0.9722960457095492 
-0.6452265319734851 -0.9665673588825725 
-0.5268537480095585 -0.9989074559479019 
-0.6210796916761933 -0.9898363487083033 
-0.5724988096206775 -0.9978341915913586 
-0.6006116082481338 -0.9944014820810209 
-0.606142754125506 -0.9936780459287715 
-0.666736727622014 -0.9326661287660475 
-0.646386788204827 -0.9614931692744394 
-0.6427797767276562 -0.9681487136904663 
-0.5752584977556053 -0.9964071480365764 
-0.5398266242062744 -0.9984689141107606 
-0.6469524028213094 -0.9587967124554161 
-0.6224787416772174 -0.9889019784717542 
-0.5485456532606594 -0.9981766234290086 
-0.5341208575352359 -0.9985899248135791 
-0.6140963510158939 -0.9910956462505951 
-0.6092144449209769 -0.992373589961623 
-0.6130736149095858 -0.9920532337677714 
-0.6125498314832742 -0.9921677445110931 
-0.606781158653093 -0.992802670497393 
-0.6389791885244624 -0.9685515064577979 
-0.551093041122101 -0.9980906869253062 
-0.6330396697872708 -0.9824981690018416 
-0.6401421539498777 -0.9682712910240102 
-0.5520447693719309 -0.9980125724301422 
-0.528233679462925 -0.998651126262707 
-0.6135890314850595 -0.9912372381938891 
-0.6494745016748092 -0.9555695832686626 
-0.6380189673336621 -0.9687710551191456 
-0.6682845560045436 -0.9320797063489751 
-0.6682845560045436 -0.9320797063489751 
-0.6682845560045436 -0.9320797063489751 
-0.658574442202464 -0.9476961801987724 
-0.658574442202464 -0.9476961801987724 
-0.6541731465477786 -0.9477211037362909 
-0.6541731465477786 -0.9477211037362909 
-0.6541731465477786 -0.9477211037362909 
-0.6541731465477786 -0.9477211037362909 
-0.6541731465477786 -0.9477211037362909 
-0.6541731465477786 -0.9477211037362909 
-0.6499915414908128 -0.9549506142063316 
-0.6499915414908128 -0.9549506142063316 
-0.6499915414908128 -0.9549506142063316 
-0.6498200619905099 -0.9555072909098585 
-0.6498200619905099 -0.9555072909098585 
-0.6498200619905099 -0.9555072909098585 
-0.6498200619905099 -0.9555072909098585 
-0.6498200619905099 -0.9555072909098585 
-0.6484163449485223 -0.9557391989121758 
-0.6484163449485223 -0.9557391989121758 
-0.6484163449485223 -0.9557391989121758 
-0.6484163449485223 -0.9557391989121758 
-0.6475087751634455 -0.9562132795782942 
-0.6475087751634455 -0.9562132795782942 
-0.6475087751634455 -0.9562132795782942 
-0.6465763727881376 -0.9588588160494964 
-0.6465763727881376 -0.9588588160494964 
-0.6454226798726564 -0.9625385454711481 
-0.6454226798726564 -0.9625385454711481 
-0.6434082273029601 -0.9672216547339301 
-0.6434082273029601 -0.9672216547339301 
-0.6382616073925871 -0.9687142918341215 
-0.6382616073925871 -0.9687142918341215 
-0.6382616073925871 -0.9687142918341215 
-0.6382616073925871 -0.9687142918341215 
-0.6382616073925871 -0.9687142918341215 
-0.6382616073925871 -0.9687142918341215 
-0.6377745612501731 -0.9688368691676654 
-0.6377745612501731 -0.9688368691676654 
-0.6377745612501731 -0.9688368691676654 
-0.6377745612501731 -0.9688368691676654 
-0.6377745612501731 -0.9688368691676654 
-0.6352272019502848 -0.979770755630269 
-0.6352272019502848 -0.979770755630269 
-0.6352272019502848 -0.979770755630269 
-0.6352272019502848 -0.979770755630269 
-0.6352272019502848 -0.979770755630269 
-0.6352272019502848 -0.979770755630269 
-0.6352272019502848 -0.979770755630269 
-0.6352272019502848 -0.979770755630269 
-0.6344235826882855 -0.9814547844689688 
-0.6344235826882855 -0.9814547844689688 
-0.6341513546395805 -0.9816613663047706 
-0.6341513546395805 -0.9816613663047706 
-0.6341513546395805 -0.9816613663047706 
-0.6341513546395805 -0.9816613663047706 
-0.6341513546395805 -0.9816613663047706 
-0.6341513546395805 -0.9816613663047706 
-0.6341513546395805 -0.9816613663047706 
-0.6341513546395805 -0.9816613663047706 
-0.6336001444769346 -0.98193817159584 
-0.6336001444769346 -0.98193817159584 
-0.6336001444769346 -0.98193817159584 
-0.5688193475609288 -0.9978772261743238 
-0.5688193475609288 -0.9978772261743238 
