-0.0 -0.9995918689577304 
-0.5000000238418698 -0.9989863235911141 
-0.528233679462925 -0.99878094549648 
-0.6644481947884163 -0.9578684810840675 
-0.6278504434198372 -0.9910846112534869 
-0.6370304779028153 -0.9881596760643353 
-0.606142754125506 -0.9931792904849089 
-0.5936604401503461 -0.994720076803011 
-0.6210796916761933 -0.9912636082667796 
-0.6090499298441002 -0.9919005401488002 
-0.5888263517022614 -0.9948247004249565 
-0.6006116082481338 -0.9933151718274903 
-0.5724988096206775 -0.9953501061315242 
-0.6297253025971844 -0.9883997739598035 
-0.5398266242062744 -0.9962087799690955 
-0.5760928313848107 -0.9950330556446653 
-0.5520447693719309 -0.9960057381210066 
-0.5743492048856341 -0.9951980009024795 
-0.5341208575352359 -0.9962568232954407 
-0.5661468396662656 -0.9956694040871295 
-0.5684171760320547 -0.9955584960029655 
-0.5485456532606594 -0.9960547221558396 
-0.555149730977911 -0.995908463842971 
-0.5445337917617026 -0.9961027654821848 
-0.5604800285062527 -0.9958053552918583 
-0.5579420089228049 -0.99585556448455 
-0.5418992192069642 -0.9961331839268622 
-0.5628071385856358 -0.9957543748997014 
-0.5636891289577209 -0.9957237037325195 
-0.5688193475609288 -0.995441735938087 
-0.5610092539019996 -0.9957724252956128 
-0.5580616136274157 -0.9958287282423235 
-0.6733534064352727 -0.9439168362709158 
-0.6733534064352727 -0.9439168362709158 
-0.6733534064352727 -0.9439168362709158 
-0.6733534064352727 -0.9439168362709158 
-0.6733534064352727 -0.9439168362709158 
-0.6654473566007346 -0.9494483565347795 
-0.6654473566007346 -0.9494483565347795 
-0.6654473566007346 -0.9494483565347795 
-0.6654473566007346 -0.9494483565347795 
-0.6654473566007346 -0.9494483565347795 
-0.6654473566007346 -0.9494483565347795 
-0.6645606321904585 -0.9516335088806095 
-0.6645606321904585 -0.9516335088806095 
-0.6645606321904585 -0.9516335088806095 
-0.6645606321904585 -0.9516335088806095 
-0.6645606321904585 -0.9516335088806095 
-0.6645606321904585 -0.9516335088806095 
-0.6645606321904585 -0.9516335088806095 
-0.6596248889442381 -0.9656364389481817 
-0.6596248889442381 -0.9656364389481817 
-0.6501621657277303 -0.9865871209067143 
-0.6501621657277303 -0.9865871209067143 
-0.6501621657277303 -0.9865871209067143 
-0.6501621657277303 -0.9865871209067143 
-0.6501621657277303 -0.9865871209067143 
-0.6501621657277303 -0.9865871209067143 
-0.6501621657277303 -0.9865871209067143 
-0.6501621657277303 -0.9865871209067143 
-0.6501621657277303 -0.9865871209067143 
-0.6501621657277303 -0.9865871209067143 
-0.6501621657277303 -0.9865871209067143 
-0.6501621657277303 -0.9865871209067143 
-0.6501621657277303 -0.9865871209067143 
-0.6501621657277303 -0.9865871209067143 
-0.6501621657277303 -0.9865871209067143 
-0.6501621657277303 -0.9865871209067143 
-0.6501621657277303 -0.9865871209067143 
-0.6501621657277303 -0.9865871209067143 
-0.6501621657277303 -0.9865871209067143 
-0.6501621657277303 -0.9865871209067143 
-0.6501621657277303 -0.9865871209067143 
-0.6501621657277303 -0.9865871209067143 
-0.6501621657277303 -0.9865871209067143 
-0.6501621657277303 -0.9865871209067143 
-0.6501621657277303 -0.9865871209067143 
-0.6501621657277303 -0.9865871209067143 
-0.6501621657277303 -0.9865871209067143 
-0.6501621657277303 -0.9865871209067143 
-0.6501621657277303 -0.9865871209067143 
-0.6501621657277303 -0.9865871209067143 
-0.6501621657277303 -0.9865871209067143 
-0.6501621657277303 -0.9865871209067143 
-0.6501621657277303 -0.9865871209067143 
-0.6501621657277303 -0.9865871209067143 
-0.6501621657277303 -0.9865871209067143 
-0.6501621657277303 -0.9865871209067143 
-0.6501621657277303 -0.9865871209067143 
-0.6501621657277303 -0.9865871209067143 
-0.6501621657277303 -0.9865871209067143 
-0.6501621657277303 -0.9865871209067143 
-0.6501621657277303 -0.9865871209067143 
-0.6420822300045577 -0.9868597548638729 
-0.6420822300045577 -0.9868597548638729 
-0.6420822300045577 -0.9868597548638729 
-0.6420822300045577 -0.9868597548638729 
-0.6420822300045577 -0.9868597548638729 
-0.6420822300045577 -0.9868597548638729 
-0.6420822300045577 -0.9868597548638729 
