-0.0 -0.9991547112262652 
-0.6596248889442381 -0.9867224965505579 
-0.6370304779028153 -0.9904683049045603 
-0.6150877142451964 -0.9934929400978225 
-0.5936604401503461 -0.996072808729735 
-0.5000000113532685 -0.9990600953762955 
-0.6637658690950969 -0.9263822864109545 
-0.6655566345304881 -0.9176418665009481 
-0.6509792800066794 -0.9869951854535763 
-0.5176324866033403 -0.9988483467044046 
-0.6297253025971844 -0.9906652916374568 
-0.5418992192069642 -0.998403074903872 
-0.5724988096206775 -0.9971621374456806 
-0.6090499298441002 -0.9936255652245329 
-0.5580616136274157 -0.9975437164829153 
-0.5547847624881335 -0.9979187871647442 
-0.5888263517022614 -0.996152916418151 
-0.6659903693169782 -0.9134932587085622 
-0.5777416139307827 -0.9965666224794747 
-0.6623598719267543 -0.9268044343284783 
-0.5688193475609288 -0.9972189397969298 
-0.6643353947151519 -0.9222283487804637 
-0.6607698543681618 -0.9271536420825205 
-0.6669470885414319 -0.9117337463036926 
-0.5485456532606594 -0.9980693548117578 
-0.53588675682123 -0.9985502264719989 
-0.5268537480095585 -0.9986734664305608 
-0.6642222295612932 -0.9227166285731819 
-0.5341208575352359 -0.998578850580591 
-0.6673640661931658 -0.9113878902014215 
-0.6680820755936504 -0.9110724892403805 
-0.5760928313848107 -0.996616584772084 
-0.5520447693719309 -0.9980203707769247 
-0.528233679462925 -0.998646672945325 
-0.5946035858542817 -0.9937769957457815 
-0.6687857161452462 -0.9108898803960127 
-0.5955191369285968 -0.9937219305210139 
-0.5964087012091596 -0.993670950128857 
-0.551093041122101 -0.9980300729581314 
-0.5737793251864776 -0.9966350612170187 
-0.5000000238418698 -0.9990409642796104 
-0.6735278733116282 -0.9031464686737558 
-0.6735278733116282 -0.9031464686737558 
-0.6730018744540132 -0.910146803892023 
-0.6730018744540132 -0.910146803892023 
-0.6720167705503355 -0.9104062113057529 
-0.6720167705503355 -0.9104062113057529 
-0.6712826979706363 -0.9108242238303561 
-0.6720167705503355 -0.9104062113057529 
-0.6655566345304881 -0.9176418665009481 
