-0.6836810621690453 -0.8873211266013601 
-0.6596248889442381 -0.9831270541933199 
-0.0 -0.9972374429198636 
-0.5000000238418698 -0.9972356958898148 
-0.6303937319474091 -0.9908410017159985 
-0.6727359169872045 -0.9192837835185295 
-0.6145958303598867 -0.9934396040527833 
-0.5895738509537679 -0.995649378362904 
-0.6080209243220388 -0.994132606309106 
-0.669767130035799 -0.9220054239853883 
-0.6370304779028153 -0.9876130717907095 
-0.6243684812640922 -0.9915339708206748 
-0.6606444828388239 -0.9271572624641581 
-0.5661468396662656 -0.9966783038235014 
-0.5793055711326863 -0.9960936615266893 
-0.6476922318862659 -0.9862539856636136 
-0.6408211351274846 -0.9869705197764456 
-0.6655566345304881 -0.9233119823036445 
-0.6730900849866638 -0.9132836006027966 
-0.5176324866033403 -0.9971902698246518 
-0.5724988096206775 -0.9962515342909652 
-0.5418992192069642 -0.9970401306780841 
-0.6743875597632032 -0.9086976115319872 
-0.663069950721742 -0.9235356566665645 
-0.528233679462925 -0.9971402148207559 
-0.5468617999396357 -0.9969369374595776 
-0.6665250980516297 -0.9225210694958346 
-0.6187752616496291 -0.9916527844191948 
-0.53588675682123 -0.9970921714944107 
-0.5580616136274157 -0.9967857247583238 
-0.6702477748830481 -0.920144992602419 
-0.5997347379795662 -0.9944351885865577 
-0.5981156279460462 -0.9945788380833305 
-0.6150877142451964 -0.992106925656588 
-0.6469524028213094 -0.9863183796030075 
-0.551093041122101 -0.9968343740680001 
-0.5684171760320547 -0.9963014428425254 
-0.6442284222928246 -0.9863835969943118 
-0.6425676724200232 -0.9864451911972103 
-0.6005141640959136 -0.9942489774412776 
-0.6759657500270736 -0.9078011844447688 
-0.6737014857258828 -0.9087692578734508 
-0.6698637845698611 -0.9204518384268914 
-0.5547847624881335 -0.996793637645701 
-0.6607698543681618 -0.9235375492459345 
-0.6810317848089253 -0.8946864156956891 
-0.6810317848089253 -0.8946864156956891 
-0.6810317848089253 -0.8946864156956891 
-0.6810317848089253 -0.8946864156956891 
-0.6810317848089253 -0.8946864156956891 
-0.6810317848089253 -0.8946864156956891 
-0.6810317848089253 -0.8946864156956891 
-0.6810317848089253 -0.8946864156956891 
-0.6810317848089253 -0.8946864156956891 
-0.6810317848089253 -0.8946864156956891 
-0.6810317848089253 -0.8946864156956891 
-0.6810317848089253 -0.8946864156956891 
-0.6784751188107349 -0.9076776068319055 
-0.6784751188107349 -0.9076776068319055 
-0.677554680195946 -0.9077420007712994 
-0.677554680195946 -0.9077420007712994 
-0.677554680195946 -0.9077420007712994 
-0.677554680195946 -0.9077420007712994 
-0.677554680195946 -0.9077420007712994 
-0.677554680195946 -0.9077420007712994 
-0.677554680195946 -0.9077420007712994 
-0.677554680195946 -0.9077420007712994 
-0.677554680195946 -0.9077420007712994 
-0.677554680195946 -0.9077420007712994 
-0.677554680195946 -0.9077420007712994 
-0.677554680195946 -0.9077420007712994 
-0.677554680195946 -0.9077420007712994 
-0.677554680195946 -0.9077420007712994 
-0.677554680195946 -0.9077420007712994 
-0.677554680195946 -0.9077420007712994 
-0.677554680195946 -0.9077420007712994 
-0.677554680195946 -0.9077420007712994 
-0.677554680195946 -0.9077420007712994 
-0.677554680195946 -0.9077420007712994 
-0.677554680195946 -0.9077420007712994 
-0.677554680195946 -0.9077420007712994 
-0.677554680195946 -0.9077420007712994 
-0.677554680195946 -0.9077420007712994 
-0.677554680195946 -0.9077420007712994 
-0.677554680195946 -0.9077420007712994 
-0.677554680195946 -0.9077420007712994 
-0.677554680195946 -0.9077420007712994 
-0.677554680195946 -0.9077420007712994 
-0.677554680195946 -0.9077420007712994 
-0.677554680195946 -0.9077420007712994 
-0.677554680195946 -0.9077420007712994 
-0.677554680195946 -0.9077420007712994 
-0.677554680195946 -0.9077420007712994 
-0.677554680195946 -0.9077420007712994 
-0.677554680195946 -0.9077420007712994 
-0.677554680195946 -0.9077420007712994 
-0.677554680195946 -0.9077420007712994 
-0.6769275871955087 -0.9077519495930392 
-0.6769275871955087 -0.9077519495930392 
-0.5964087012091596 -0.9949781666277812 
