-0.6893087332138084 -0.8913961545532763 
-0.0 -0.9998556267806268 
-0.6596248889442381 -0.971617840005227 
-0.6370304779028153 -0.9869652203539163 
-0.6757211735235744 -0.9173816346295174 
-0.6150877142451964 -0.9934860385555898 
-0.6803915982474461 -0.9040618518558982 
-0.5176324866033403 -0.9971862723346705 
-0.5936604401503461 -0.9956817701582547 
-0.6728247915901974 -0.9247255883114102 
-0.5989355771945964 -0.9949013984800847 
-0.6600107517063906 -0.9357289978100902 
-0.621290283024113 -0.9913078919442047 
-0.6216912503584245 -0.990864468761436 
-0.6768484189720045 -0.906274612095955 
-0.6708160358305914 -0.9256667458307586 
-0.570527295246785 -0.9964789664417897 
-0.6020176413461403 -0.9937995765175823 
-0.551093041122101 -0.9968804388958632 
-0.528233679462925 -0.9971382290083253 
-0.6821424117269022 -0.8954597788226589 
-0.5468617999396357 -0.9969713440988938 
-0.53588675682123 -0.9970861881919988 
-0.5793055711326863 -0.995802316998812 
-0.6694755659273274 -0.9257254781002621 
-0.6762892584725312 -0.9068913440723085 
-0.5418992192069642 -0.9970294249069745 
-0.6629526034708252 -0.9259192483467009 
-0.5580616136274157 -0.996728732285036 
-0.6808905063607568 -0.8960830018915427 
-0.5610092539019996 -0.9966297085665339 
-0.6278504434198372 -0.9870123584010543 
-0.5760928313848107 -0.9958596480716071 
-0.5724988096206775 -0.9959588093270183 
-0.5636891289577209 -0.9965263893133006 
-0.6612668699980574 -0.9259805341931394 
-0.6715597646967381 -0.9247868741578487 
-0.6602656325806283 -0.9261479664926556 
-0.5684171760320547 -0.9964855527126616 
-0.5547847624881335 -0.9967353185559079 
-0.684777470329988 -0.8950848271537235 
-0.5724988096206775 -0.9959588093270183 
