-0.0 -0.9978529458522344 
-0.6480562099874024 -0.9716282087758632 
-0.5000000113532685 -0.9978105961254584 
-0.6278504434198372 -0.994158349414964 
-0.6357524120657372 -0.9767895968513074 
-0.6220873635406292 -0.9956867528321158 
-0.5888263517022614 -0.99658554789356 
-0.6150877142451964 -0.9959015174941181 
-0.5724988096206775 -0.9971059524931493 
-0.6375283625541986 -0.9736028896003495 
-0.5167789032377729 -0.9977659802754887 
-0.5268537480095585 -0.9977121207290817 
-0.5341208575352359 -0.9976697710023057 
-0.5485456532606594 -0.9974685856780529 
-0.5752584977556053 -0.9968507332391868 
-0.5936604401503461 -0.9962356486213074 
-0.551093041122101 -0.9974180296200006 
-0.5760928313848107 -0.9967739784002426 
-0.5176324866033403 -0.997721431366771 
-0.53588675682123 -0.9976233330365298 
-0.6556551049711666 -0.9550048915971703 
-0.6556551049711666 -0.9550048915971703 
-0.6312993153163514 -0.9886870687344821 
-0.6312993153163514 -0.9886870687344821 
-0.6312993153163514 -0.9886870687344821 
-0.6312993153163514 -0.9886870687344821 
-0.6312993153163514 -0.9886870687344821 
-0.6312993153163514 -0.9886870687344821 
-0.6310001899768349 -0.9890955379831918 
-0.6310001899768349 -0.9890955379831918 
-0.6310001899768349 -0.9890955379831918 
-0.6310001899768349 -0.9890955379831918 
-0.6300862953619664 -0.9904950968972344 
-0.6300862953619664 -0.9904950968972344 
-0.6300862953619664 -0.9904950968972344 
-0.6090499298441002 -0.9959842336849521 
-0.6090499298441002 -0.9959842336849521 
-0.6090499298441002 -0.9959842336849521 
-0.6090499298441002 -0.9959842336849521 
-0.6090499298441002 -0.9959842336849521 
-0.6005141640959136 -0.9961296437193466 
-0.6005141640959136 -0.9961296437193466 
-0.5952987840722676 -0.9961976137389678 
-0.5952987840722676 -0.9961976137389678 
-0.5952987840722676 -0.9961976137389678 
-0.5793055711326863 -0.996733981472211 
-0.5793055711326863 -0.996733981472211 
-0.5793055711326863 -0.996733981472211 
-0.5793055711326863 -0.996733981472211 
-0.5688193475609288 -0.9971628626798771 
-0.5688193475609288 -0.9971628626798771 
-0.5688193475609288 -0.9971628626798771 
-0.5688193475609288 -0.9971628626798771 
-0.555149730977911 -0.9973686484285199 
-0.555149730977911 -0.9973686484285199 
-0.5418992192069642 -0.9975752897101847 
-0.5418992192069642 -0.9975752897101847 
-0.5398266242062744 -0.9976226329551676 
-0.5398266242062744 -0.9976226329551676 
-0.5398266242062744 -0.9976226329551676 
-0.5398266242062744 -0.9976226329551676 
-0.5398266242062744 -0.9976226329551676 
-0.6414867166840517 -0.9731828587506924 
-0.5688193475609288 -0.9971628626798771 
-0.6494745016748092 -0.9553140174883672 
-0.5610092539019996 -0.9973250593773662 
-0.6357524120657372 -0.9767895968513074 
-0.6090499298441002 -0.9959842336849521 
-0.6310001899768349 -0.9890955379831918 
-0.5580616136274157 -0.9973681384734113 
-0.5398266242062744 -0.9976226329551676 
-0.5398266242062744 -0.9976226329551676 
-0.5793055711326863 -0.996733981472211 
-0.5398266242062744 -0.9976226329551676 
-0.6300862953619664 -0.9904950968972344 
-0.5268537480095585 -0.9977121207290817 
-0.6556551049711666 -0.9550048915971703 
-0.5952987840722676 -0.9961976137389678 
-0.6310001899768349 -0.9890955379831918 
-0.5936604401503461 -0.9962356486213074 
-0.5688193475609288 -0.9971628626798771 
