-0.6829533977989016 -0.9697496816863219 
-0.5000000238418698 -0.999162302605277 
-0.6294627359122194 -0.9880764713901864 
-0.6370304779028153 -0.9842185576592913 
-0.6020176413461403 -0.9943283881237549 
-0.53588675682123 -0.9988765998437902 
-0.6174410086356354 -0.9889740705219496 
-0.5468617999396357 -0.9982812737311916 
-0.551093041122101 -0.9981463067921841 
-0.5724988096206775 -0.9973725926145441 
-0.5822117819146458 -0.9964572339344824 
-0.551093041122101 -0.9981463067921841 
-0.5760928313848107 -0.9970677263783785 
-0.551093041122101 -0.9981463067921841 
-0.53588675682123 -0.9988765998437902 
-0.551093041122101 -0.9981463067921841 
-0.5822117819146458 -0.9964572339344824 
-0.551093041122101 -0.9981463067921841 
-0.5822117819146458 -0.9964572339344824 
-0.5724988096206775 -0.9973725926145441 
-0.5972737489086699 -0.9962426217280553 
-0.551093041122101 -0.9981463067921841 
-0.5547847624881335 -0.998093381708009 
-0.5580616136274157 -0.9979486428371047 
-0.5822117819146458 -0.9964572339344824 
-0.6174410086356354 -0.9889740705219496 
-0.5981156279460462 -0.9948602621422755 
-0.5580616136274157 -0.9979486428371047 
-0.5822117819146458 -0.9964572339344824 
-0.606142754125506 -0.9937661629083278 
-0.551093041122101 -0.9981463067921841 
-0.5822117819146458 -0.9964572339344824 
-0.6829533977989016 -0.9697496816863219 
-0.6596248889442381 -0.9782766027909229 
-0.5822117819146458 -0.9964572339344824 
-0.6596248889442381 -0.9782766027909229 
-0.5936604401503461 -0.996294390521192 
-0.6174410086356354 -0.9889740705219496 
-0.551093041122101 -0.9981463067921841 
-0.551093041122101 -0.9981463067921841 
-0.5822117819146458 -0.9964572339344824 
-0.6192081300139013 -0.9887558094013369 
-0.551093041122101 -0.9981463067921841 
-0.53588675682123 -0.9988765998437902 
-0.5822117819146458 -0.9964572339344824 
-0.5936604401503461 -0.996294390521192 
-0.5468617999396357 -0.9982812737311916 
-0.6150877142451964 -0.9937171788734946 
-0.5760928313848107 -0.9970677263783785 
-0.551093041122101 -0.9981463067921841 
-0.528233679462925 -0.9990667300783199 
-0.551093041122101 -0.9981463067921841 
-0.551093041122101 -0.9981463067921841 
-0.5661468396662656 -0.9976973773028158 
-0.6596248889442381 -0.9782766027909229 
-0.5822117819146458 -0.9964572339344824 
-0.6370304779028153 -0.9842185576592913 
-0.5822117819146458 -0.9964572339344824 
-0.5822117819146458 -0.9964572339344824 
-0.6596248889442381 -0.9782766027909229 
-0.551093041122101 -0.9981463067921841 
-0.6020176413461403 -0.9943283881237549 
-0.5822117819146458 -0.9964572339344824 
-0.6174410086356354 -0.9889740705219496 
-0.0 -0.9992180597895226 
-0.5822117819146458 -0.9964572339344824 
-0.551093041122101 -0.9981463067921841 
-0.5468617999396357 -0.9982812737311916 
-0.551093041122101 -0.9981463067921841 
