-0.5000000238418698 -0.999116892359317 
-0.654922089466995 -0.9735124507366693 
-0.6480562099874024 -0.9815805458825092 
-0.6638805191559817 -0.9444422704486244 
-0.6278504434198372 -0.9950797859202757 
-0.6421394303905459 -0.9890367234091835 
-0.5636891289577209 -0.9982403237220143 
-0.6724679466757891 -0.9276902731681835 
-0.551093041122101 -0.9986055357041901 
-0.5848660559937872 -0.9968481194382437 
-0.6707219587708411 -0.9305779777050391 
-0.5684171760320547 -0.9977750036196145 
-0.6005141640959136 -0.9958544964154565 
-0.5176324866033403 -0.9990251699978577 
-0.6109253685840791 -0.9953899820820258 
-0.5418992192069642 -0.9987980904460302 
-0.53588675682123 -0.998881821490373 
-0.528233679462925 -0.998936121135763 
-0.5955191369285968 -0.9961018191360912 
-0.5895738509537679 -0.9962674827286144 
-0.6768484189720045 -0.9223511638999919 
-0.6768484189720045 -0.9223511638999919 
-0.6713752951321841 -0.9298576814667573 
-0.6713752951321841 -0.9298576814667573 
-0.6713752951321841 -0.9298576814667573 
-0.6713752951321841 -0.9298576814667573 
-0.6713752951321841 -0.9298576814667573 
-0.6713752951321841 -0.9298576814667573 
-0.6713752951321841 -0.9298576814667573 
-0.6713752951321841 -0.9298576814667573 
-0.6674675415942998 -0.9309811402275732 
-0.6674675415942998 -0.9309811402275732 
-0.6674675415942998 -0.9309811402275732 
-0.6617568877373163 -0.9450341024065356 
-0.6617568877373163 -0.9450341024065356 
-0.6617568877373163 -0.9450341024065356 
-0.6617568877373163 -0.9450341024065356 
-0.6617568877373163 -0.9450341024065356 
-0.6617568877373163 -0.9450341024065356 
-0.6617568877373163 -0.9450341024065356 
-0.6617568877373163 -0.9450341024065356 
-0.6617568877373163 -0.9450341024065356 
-0.6617568877373163 -0.9450341024065356 
-0.6617568877373163 -0.9450341024065356 
-0.6617568877373163 -0.9450341024065356 
-0.6617568877373163 -0.9450341024065356 
-0.6617568877373163 -0.9450341024065356 
-0.6617568877373163 -0.9450341024065356 
-0.6617568877373163 -0.9450341024065356 
-0.6606444828388239 -0.957941161007441 
-0.6606444828388239 -0.957941161007441 
-0.606142754125506 -0.9954494360841577 
-0.606142754125506 -0.9954494360841577 
-0.606142754125506 -0.9954494360841577 
-0.5936604401503461 -0.9961876008815196 
-0.5936604401503461 -0.9961876008815196 
-0.5936604401503461 -0.9961876008815196 
-0.5936604401503461 -0.9961876008815196 
-0.5916841355064867 -0.9962178550606079 
-0.5916841355064867 -0.9962178550606079 
-0.5916841355064867 -0.9962178550606079 
-0.5916841355064867 -0.9962178550606079 
-0.5916841355064867 -0.9962178550606079 
-0.5916841355064867 -0.9962178550606079 
-0.5916841355064867 -0.9962178550606079 
-0.5793055711326863 -0.9970025228518089 
-0.5793055711326863 -0.9970025228518089 
-0.5793055711326863 -0.9970025228518089 
-0.5793055711326863 -0.9970025228518089 
-0.5793055711326863 -0.9970025228518089 
-0.5793055711326863 -0.9970025228518089 
-0.5793055711326863 -0.9970025228518089 
-0.5760928313848107 -0.9971516660588343 
-0.5760928313848107 -0.9971516660588343 
-0.5760928313848107 -0.9971516660588343 
-0.5724988096206775 -0.9973043266227062 
-0.5724988096206775 -0.9973043266227062 
-0.5724988096206775 -0.9973043266227062 
-0.5724988096206775 -0.9973043266227062 
-0.6425676724200232 -0.9872983784114275 
-0.6617568877373163 -0.9450341024065356 
-0.6768484189720045 -0.9223511638999919 
-0.5176324866033403 -0.9990251699978577 
-0.6713752951321841 -0.9298576814667573 
-0.6713752951321841 -0.9298576814667573 
-0.6370304779028153 -0.9939596243186896 
-0.6724679466757891 -0.9276902731681835 
-0.6617568877373163 -0.9450341024065356 
-0.6617568877373163 -0.9450341024065356 
-0.6617568877373163 -0.9450341024065356 
