0.8853173655470793
0.8604787121395826
0.8820765138007018
0.8936739243564682
0.8493263915824362
0.8769929792495269
0.9385587700660529
0.8905134492019361
0.8822845360057769
0.8761622083926464
0.8590031719388317
0.8697886551686433
0.8883503820737255
0.8663978846500058
0.8751314230740909
0.887996863274034
0.8717962342842257
0.9277997826058741
0.8607940961869124
0.8782971534082559
0.8676639121462641
0.8425640180201694
0.837315538617922
0.9022509309594681
0.9270777058597275
0.8604848549103963
0.8632516052614382
0.8849183925083941
0.87287018768754
0.8622928457040524
