0.01935198665660015
0.01884128937187479
0.0038780207413560163
0.005361684359424723
0.018784130679245215
0.013669538215348526
0.021034685723139285
0.008858844333660918
0.004842725005353974
0.006832585267001596
0.0069496778086058225
0.0172777747783731
0.016708983545229247
0.008094377197321017
0.005742846425584341
0.007464196839772125
0.017713640102789675
0.0025212120991068847
0.017895507856400483
0.00445318605649759
0.018353634627132485
0.01784517065078035
0.019456258693730015
0.00965773351681756
0.0030934432104094277
0.008407547853885686
0.01851176866295644
0.0066996982724013875
0.01722782958685033
0.006613348413087769
