-0.6750820539805016 -0.9008532066224372 
-0.6750820539805016 -0.9008532066224372 
-0.6750820539805016 -0.9008532066224372 
-0.6750820539805016 -0.9008532066224372 
-0.755271240814566 -0.8233648829802672 
-0.755271240814566 -0.8233648829802672 
-0.6750820539805016 -0.9008532066224372 
-0.755271240814566 -0.8233648829802672 
-0.731913721749997 -0.8586944038867117 
-0.731913721749997 -0.8586944038867117 
-0.755271240814566 -0.8233648829802672 
-0.731913721749997 -0.8586944038867117 
-0.731913721749997 -0.8586944038867117 
-0.7017685234501846 -0.9008401854555699 
-0.7017685234501846 -0.9008401854555699 
-0.755271240814566 -0.8233648829802672 
-0.7017685234501846 -0.9008401854555699 
-0.7017685234501846 -0.9008401854555699 
-0.7017685234501846 -0.9008401854555699 
-0.731913721749997 -0.8586944038867117 
-0.7179456038864067 -0.8710187248648789 
-0.7179456038864067 -0.8710187248648789 
-0.7179456038864067 -0.8710187248648789 
-0.7179456038864067 -0.8710187248648789 
-0.7179456038864067 -0.8710187248648789 
-0.6609748009422006 -0.9646839271839271 
-0.6609748009422006 -0.9646839271839271 
-0.6609748009422006 -0.9646839271839271 
-0.6609748009422006 -0.9646839271839271 
-0.6609748009422006 -0.9646839271839271 
-0.6379986098789187 -0.9677863802863803 
-0.6379986098789187 -0.9677863802863803 
-0.6379986098789187 -0.9677863802863803 
-0.6379986098789187 -0.9677863802863803 
-0.6379986098789187 -0.9677863802863803 
-0.6020466130909611 -0.975965700965701 
-0.6020466130909611 -0.975965700965701 
-0.5856212004886759 -0.9782176157176157 
-0.6020466130909611 -0.975965700965701 
-0.6020466130909611 -0.975965700965701 
-0.5856212004886759 -0.9782176157176157 
-0.5856212004886759 -0.9782176157176157 
-0.5856212004886759 -0.9782176157176157 
-0.5856212004886759 -0.9782176157176157 
-0.5005605409330028 -0.9892482517482517 
-0.5005605409330028 -0.9892482517482517 
-0.5005605409330028 -0.9892482517482517 
-0.5005605409330028 -0.9892482517482517 
-0.6074663709930894 -0.9725969085859196 
-0.6074663709930894 -0.9725969085859196 
-0.6074663709930894 -0.9725969085859196 
-0.6074663709930894 -0.9725969085859196 
-0.6208177516759259 -0.970386298683002 
-0.6208177516759259 -0.970386298683002 
-0.6208177516759259 -0.970386298683002 
-0.6208177516759259 -0.970386298683002 
-0.6208177516759259 -0.970386298683002 
-0.552540283967241 -0.9841493328100471 
-0.5013140868853756 -0.9881673881673881 
-0.5013140868853756 -0.9881673881673881 
-0.5581161145103294 -0.982992190959224 
-0.5738820411172648 -0.9800824175824177 
-0.5581161145103294 -0.982992190959224 
-0.5738820411172648 -0.9800824175824177 
-0.552540283967241 -0.9841493328100471 
-0.5013140868853756 -0.9881673881673881 
-0.5581161145103294 -0.982992190959224 
-0.5000222005154896 -0.9921229068550497 
-0.5000222005154896 -0.9921229068550497 
-0.5013140868853756 -0.9881673881673881 
-0.5738820411172648 -0.9800824175824177 
-0.5738820411172648 -0.9800824175824177 
-0.552540283967241 -0.9841493328100471 
-0.5000222005154896 -0.9921229068550497 
-0.5581161145103294 -0.982992190959224 
-0.552540283967241 -0.9841493328100471 
-0.5000222005154896 -0.9921229068550497 
-0.5738820411172648 -0.9800824175824177 
-0.5000488543689853 -0.9915589904600893 
-0.5002446785556427 -0.9901476728399805 
-0.5000488543689853 -0.9915589904600893 
-0.5000488543689853 -0.9915589904600893 
-0.5002446785556427 -0.9901476728399805 
-0.5650382096671698 -0.9816522762951334 
-0.5650382096671698 -0.9816522762951334 
-0.5650382096671698 -0.9816522762951334 
-0.5002446785556427 -0.9901476728399805 
-0.5001086248440816 -0.9909079016221873 
-0.5650382096671698 -0.9816522762951334 
-0.5650382096671698 -0.9816522762951334 
-0.5000488543689853 -0.9915589904600893 
-0.5002446785556427 -0.9901476728399805 
-0.0 -1.0 
-0.0 -1.0 
-0.5001086248440816 -0.9909079016221873 
-0.5001086248440816 -0.9909079016221873 
-0.5001086248440816 -0.9909079016221873 
-0.0 -1.0 
-0.0 -1.0 
-0.0 -1.0 
