-0.8391643429211539 -0.7919232553161116 
-0.8454044855118727 -0.790629013843299 
-0.7476104374175362 -0.9215863501577787 
-0.6074663709930894 -0.9725969085859196 
-0.7476104374175362 -0.9215863501577787 
-0.5002446785556427 -0.9901476728399805 
-0.5005605409330028 -0.9892482517482517 
-0.5001086248440816 -0.9909079016221873 
-0.552540283967241 -0.9841493328100471 
-0.5013140868853756 -0.9881673881673881 
-0.6020466130909611 -0.975965700965701 
-0.5581161145103294 -0.982992190959224 
-0.6933612743506347 -0.9609168609168609 
-0.6933612743506347 -0.9609168609168609 
-0.6933612743506347 -0.9609168609168609 
-0.7872725666763027 -0.878998878106021 
-0.6933612743506347 -0.9609168609168609 
-0.7872725666763027 -0.878998878106021 
-0.7089651806819823 -0.9290355477855476 
-0.7872725666763027 -0.878998878106021 
-0.7089651806819823 -0.9290355477855476 
-0.7089651806819823 -0.9290355477855476 
-0.8391643429211539 -0.7919232553161116 
-0.8326831776556043 -0.82671287046287 
-0.8391643429211539 -0.7919232553161116 
-0.8391643429211539 -0.7919232553161116 
-0.7872725666763027 -0.878998878106021 
-0.7089651806819823 -0.9290355477855476 
-0.8454044855118727 -0.790629013843299 
-0.5650382096671698 -0.9816522762951334 
-0.8326831776556043 -0.82671287046287 
-0.8454044855118727 -0.790629013843299 
-0.8326831776556043 -0.82671287046287 
-0.6609748009422006 -0.9646839271839271 
-0.8326831776556043 -0.82671287046287 
-0.8115625398010615 -0.8422564538635966 
-0.6609748009422006 -0.9646839271839271 
-0.8115625398010615 -0.8422564538635966 
-0.8115625398010615 -0.8422564538635966 
-0.6609748009422006 -0.9646839271839271 
-0.6609748009422006 -0.9646839271839271 
-0.8115625398010615 -0.8422564538635966 
-0.8683014690354691 -0.7815184815184807 
-0.8683014690354691 -0.7815184815184807 
-0.8683014690354691 -0.7815184815184807 
-0.8683014690354691 -0.7815184815184807 
-0.8454044855118727 -0.790629013843299 
-0.6208177516759259 -0.970386298683002 
-0.6379986098789187 -0.9677863802863803 
-0.6208177516759259 -0.970386298683002 
-0.6074663709930894 -0.9725969085859196 
-0.6074663709930894 -0.9725969085859196 
-0.6074663709930894 -0.9725969085859196 
-0.6379986098789187 -0.9677863802863803 
-0.6208177516759259 -0.970386298683002 
-0.6208177516759259 -0.970386298683002 
-0.6379986098789187 -0.9677863802863803 
-0.6379986098789187 -0.9677863802863803 
-0.5738820411172648 -0.9800824175824177 
-0.5581161145103294 -0.982992190959224 
-0.5738820411172648 -0.9800824175824177 
-0.5738820411172648 -0.9800824175824177 
-0.552540283967241 -0.9841493328100471 
-0.5738820411172648 -0.9800824175824177 
-0.5581161145103294 -0.982992190959224 
-0.552540283967241 -0.9841493328100471 
-0.0 -0.9994734432234432 
-0.552540283967241 -0.9841493328100471 
-0.5581161145103294 -0.982992190959224 
-0.0 -0.9994734432234432 
-0.6020466130909611 -0.975965700965701 
-0.5000488543689853 -0.9915589904600893 
-0.5856212004886759 -0.9782176157176157 
-0.5000488543689853 -0.9915589904600893 
-0.6020466130909611 -0.975965700965701 
-0.5000488543689853 -0.9915589904600893 
-0.5002446785556427 -0.9901476728399805 
-0.5856212004886759 -0.9782176157176157 
-0.5856212004886759 -0.9782176157176157 
-0.5002446785556427 -0.9901476728399805 
-0.0 -0.9994734432234432 
-0.5000222005154896 -0.9921229068550497 
-0.5000222005154896 -0.9921229068550497 
-0.5856212004886759 -0.9782176157176157 
-0.5650382096671698 -0.9816522762951334 
-0.5000222005154896 -0.9921229068550497 
-0.5650382096671698 -0.9816522762951334 
-0.5650382096671698 -0.9816522762951334 
-0.0 -0.9994734432234432 
-0.5013140868853756 -0.9881673881673881 
-0.5001086248440816 -0.9909079016221873 
-0.5002446785556427 -0.9901476728399805 
-0.6020466130909611 -0.975965700965701 
-0.5001086248440816 -0.9909079016221873 
-0.5005605409330028 -0.9892482517482517 
-0.5013140868853756 -0.9881673881673881 
-0.5013140868853756 -0.9881673881673881 
-0.5005605409330028 -0.9892482517482517 
-0.5001086248440816 -0.9909079016221873 
-0.5005605409330028 -0.9892482517482517 
