-0.7585312008512162 -0.831980519480519 
-0.7358284495789809 -0.857437701187701 
-0.705061490719745 -0.9294753857253859 
-0.7358284495789809 -0.857437701187701 
-0.7230200263994838 -0.8794025419025416 
-0.7585312008512162 -0.831980519480519 
-0.7230200263994838 -0.8794025419025416 
-0.705061490719745 -0.9294753857253859 
-0.7230200263994838 -0.8794025419025416 
-0.7230200263994838 -0.8794025419025416 
-0.705061490719745 -0.9294753857253859 
-0.7585312008512162 -0.831980519480519 
-0.7957865088883226 -0.8025945284873849 
-0.7957865088883226 -0.8025945284873849 
-0.7957865088883226 -0.8025945284873849 
-0.7957865088883226 -0.8025945284873849 
-0.7089651806819823 -0.9157016594516594 
-0.7089651806819823 -0.9157016594516594 
-0.705061490719745 -0.9294753857253859 
-0.7687181475342102 -0.8272670781599345 
-0.7687181475342102 -0.8272670781599345 
-0.7089651806819823 -0.9157016594516594 
-0.7476104374175362 -0.8525398212898208 
-0.7476104374175362 -0.8525398212898208 
-0.7476104374175362 -0.8525398212898208 
-0.7476104374175362 -0.8525398212898208 
-0.7089651806819823 -0.9157016594516594 
-0.7687181475342102 -0.8272670781599345 
-0.7782717162260105 -0.8036365420293987 
-0.7782717162260105 -0.8036365420293987 
-0.7782717162260105 -0.8036365420293987 
-0.7782717162260105 -0.8036365420293987 
-0.6933612743506347 -0.9609168609168609 
-0.6933612743506347 -0.9609168609168609 
-0.6933612743506347 -0.9609168609168609 
-0.6609748009422006 -0.9646839271839271 
-0.6609748009422006 -0.9646839271839271 
-0.6609748009422006 -0.9646839271839271 
-0.5856212004886759 -0.9782176157176157 
-0.5856212004886759 -0.9782176157176157 
-0.5856212004886759 -0.9782176157176157 
-0.6379986098789187 -0.9677863802863803 
-0.6379986098789187 -0.9677863802863803 
-0.5005605409330028 -0.9892482517482517 
-0.5005605409330028 -0.9892482517482517 
-0.6609748009422006 -0.9646839271839271 
-0.6379986098789187 -0.9677863802863803 
-0.5005605409330028 -0.9892482517482517 
-0.6379986098789187 -0.9677863802863803 
-0.6933612743506347 -0.9609168609168609 
-0.5738820411172648 -0.9800824175824177 
-0.5738820411172648 -0.9800824175824177 
-0.5738820411172648 -0.9800824175824177 
-0.5002446785556427 -0.9901476728399805 
-0.5002446785556427 -0.9901476728399805 
-0.6208177516759259 -0.970386298683002 
-0.6020466130909611 -0.975965700965701 
-0.6020466130909611 -0.975965700965701 
-0.6208177516759259 -0.970386298683002 
-0.6020466130909611 -0.975965700965701 
-0.5880356792451895 -0.9761549812232585 
-0.5880356792451895 -0.9761549812232585 
-0.5002446785556427 -0.9901476728399805 
-0.6208177516759259 -0.970386298683002 
-0.547947494835577 -0.9851587750484809 
-0.547947494835577 -0.9851587750484809 
-0.6208177516759259 -0.970386298683002 
-0.6074663709930894 -0.9725969085859196 
-0.6074663709930894 -0.9725969085859196 
-0.5650382096671698 -0.9816522762951334 
-0.5880356792451895 -0.9761549812232585 
-0.5650382096671698 -0.9816522762951334 
-0.6074663709930894 -0.9725969085859196 
-0.547947494835577 -0.9851587750484809 
-0.5581161145103294 -0.982992190959224 
-0.5001086248440816 -0.9909079016221873 
-0.5013140868853756 -0.9881673881673881 
-0.5013140868853756 -0.9881673881673881 
-0.5000101738715135 -0.9926160848954967 
-0.5000101738715135 -0.9926160848954967 
-0.5013140868853756 -0.9881673881673881 
-0.5581161145103294 -0.982992190959224 
-0.5001086248440816 -0.9909079016221873 
-0.5000222005154896 -0.9921229068550497 
-0.5000101738715135 -0.9926160848954967 
-0.552540283967241 -0.9841493328100471 
-0.5000488543689853 -0.9915589904600893 
-0.5650382096671698 -0.9816522762951334 
-0.5581161145103294 -0.982992190959224 
-0.552540283967241 -0.9841493328100471 
-0.5000222005154896 -0.9921229068550497 
-0.552540283967241 -0.9841493328100471 
-0.5000222005154896 -0.9921229068550497 
-0.5000488543689853 -0.9915589904600893 
-0.5000488543689853 -0.9915589904600893 
-0.5001086248440816 -0.9909079016221873 
-0.0 -1.0 
-0.0 -1.0 
-0.0 -1.0 
-0.0 -1.0 
