-0.8326831776556043 -0.82671287046287 
-0.7476104374175362 -0.8793782606282604 
-0.8326831776556043 -0.82671287046287 
-0.8326831776556043 -0.82671287046287 
-0.8326831776556043 -0.82671287046287 
-0.7957865088883226 -0.8436454418597275 
-0.7957865088883226 -0.8436454418597275 
-0.8454044855118727 -0.790629013843299 
-0.8454044855118727 -0.790629013843299 
-0.8454044855118727 -0.790629013843299 
-0.8454044855118727 -0.790629013843299 
-0.7957865088883226 -0.8436454418597275 
-0.6609748009422006 -0.9646839271839271 
-0.6609748009422006 -0.9646839271839271 
-0.6609748009422006 -0.9646839271839271 
-0.547947494835577 -0.9851587750484809 
-0.6609748009422006 -0.9646839271839271 
-0.5967829151850388 -0.9744997333252827 
-0.5581161145103294 -0.982992190959224 
-0.5650382096671698 -0.9816522762951334 
-0.7957865088883226 -0.8436454418597275 
-0.7089651806819823 -0.9056471306471308 
-0.6933612743506347 -0.9277458652458652 
-0.7089651806819823 -0.9056471306471308 
-0.6933612743506347 -0.9277458652458652 
-0.6933612743506347 -0.9277458652458652 
-0.7872725666763027 -0.878998878106021 
-0.6933612743506347 -0.9277458652458652 
-0.7089651806819823 -0.9056471306471308 
-0.675680135216122 -0.9412618059596082 
-0.675680135216122 -0.9412618059596082 
-0.7872725666763027 -0.878998878106021 
-0.7872725666763027 -0.878998878106021 
-0.6074663709930894 -0.9725969085859196 
-0.675680135216122 -0.9412618059596082 
-0.6208177516759259 -0.970386298683002 
-0.7872725666763027 -0.878998878106021 
-0.5738820411172648 -0.9800824175824177 
-0.7089651806819823 -0.9056471306471308 
-0.7230200263994838 -0.8799396040467466 
-0.675680135216122 -0.9412618059596082 
-0.7230200263994838 -0.8799396040467466 
-0.7230200263994838 -0.8799396040467466 
-0.7230200263994838 -0.8799396040467466 
-0.6208177516759259 -0.970386298683002 
-0.6208177516759259 -0.970386298683002 
-0.6208177516759259 -0.970386298683002 
-0.6379986098789187 -0.9677863802863803 
-0.6379986098789187 -0.9677863802863803 
-0.6379986098789187 -0.9677863802863803 
-0.6379986098789187 -0.9677863802863803 
-0.5856212004886759 -0.9782176157176157 
-0.5967829151850388 -0.9744997333252827 
-0.5967829151850388 -0.9744997333252827 
-0.5880356792451895 -0.9761549812232585 
-0.547947494835577 -0.9851587750484809 
-0.6074663709930894 -0.9725969085859196 
-0.5967829151850388 -0.9744997333252827 
-0.5856212004886759 -0.9782176157176157 
-0.547947494835577 -0.9851587750484809 
-0.547947494835577 -0.9851587750484809 
-0.5880356792451895 -0.9761549812232585 
-0.552540283967241 -0.9841493328100471 
-0.552540283967241 -0.9841493328100471 
-0.5880356792451895 -0.9761549812232585 
-0.5738820411172648 -0.9800824175824177 
-0.5581161145103294 -0.982992190959224 
-0.552540283967241 -0.9841493328100471 
-0.5738820411172648 -0.9800824175824177 
-0.5650382096671698 -0.9816522762951334 
-0.5650382096671698 -0.9816522762951334 
-0.5581161145103294 -0.982992190959224 
-0.5581161145103294 -0.982992190959224 
-0.6074663709930894 -0.9725969085859196 
-0.5650382096671698 -0.9816522762951334 
-0.5856212004886759 -0.9782176157176157 
-0.6074663709930894 -0.9725969085859196 
-0.5738820411172648 -0.9800824175824177 
-0.5000101738715135 -0.9926160848954967 
-0.5000101738715135 -0.9926160848954967 
-0.5000101738715135 -0.9926160848954967 
-0.5001086248440816 -0.9909079016221873 
-0.5001086248440816 -0.9909079016221873 
-0.5000222005154896 -0.9921229068550497 
-0.5000222005154896 -0.9921229068550497 
-0.5000222005154896 -0.9921229068550497 
-0.5001086248440816 -0.9909079016221873 
-0.5005605409330028 -0.9892482517482517 
-0.5002446785556427 -0.9901476728399805 
-0.5002446785556427 -0.9901476728399805 
-0.5005605409330028 -0.9892482517482517 
-0.5005605409330028 -0.9892482517482517 
-0.5000488543689853 -0.9915589904600893 
-0.5000488543689853 -0.9915589904600893 
-0.5000488543689853 -0.9915589904600893 
-0.0 -1.0 
-0.0 -1.0 
-0.0 -1.0 
-0.0 -1.0 
-0.5002446785556427 -0.9901476728399805 
