0.0012350075269844888
0.0013310216964294186
0.0017325706221413897
7.825983696449533E-4
0.0012351025409276396
0.0010351787557460973
7.908130296327448E-4
0.0013353868331123018
0.0013310216964294186
0.0012351025409276396
0.0012351025409276396
3.881679255127185E-4
0.0014413061619727126
9.026967759596093E-4
3.436249790333717E-4
0.0013310216964294186
0.0013333183700751654
4.928441065459122E-4
6.292580573253681E-4
0.0013311098569477333
0.0013718376975194217
5.822837906136772E-4
3.2384851972881316E-4
6.073294674000817E-4
0.0013831247351341897
0.0013323487888855733
9.093327704811452E-4
0.001441387577106893
0.0012350075269844888
8.825135157676915E-4
