3 378 7 389 80 646 
24 39 62 74 92 95 673 
3 378 7 389 286 646 
389 377 433 413 185 81 669 
3 378 7 389 80 646 
3 641 7 389 80 646 
389 356 168 96 77 81 669 
3 641 7 389 80 646 
389 356 168 96 77 81 669 
3 641 7 389 80 646 
286 378 3 7 389 646 
389 356 168 96 77 81 669 
3 379 7 389 80 646 
3 641 7 389 80 646 
389 377 430 413 185 81 669 
389 377 430 413 185 81 669 
3 378 7 389 80 646 
3 378 7 389 80 646 
389 356 168 96 77 81 669 
389 377 187 305 430 413 185 81 669 
58 2 25 90 549 646 
3 378 7 389 80 646 
58 2 25 90 549 646 
389 377 430 413 185 81 669 
24 39 46 74 92 95 673 
24 39 46 74 92 95 673 
24 39 46 74 92 95 673 
58 2 25 90 549 646 
24 39 46 74 92 95 673 
24 39 46 74 92 95 673 
483 2 25 58 90 646 
483 2 25 58 90 646 
58 2 25 90 549 646 
389 356 168 96 77 81 669 
438 2 25 58 90 646 
389 509 187 305 413 185 81 669 
483 2 25 58 90 646 
389 509 187 305 413 185 81 669 
389 394 187 305 413 185 81 669 
286 378 7 389 5 646 
286 378 7 389 5 646 
389 394 187 305 413 185 81 669 
286 378 7 389 5 646 
389 394 168 413 377 185 81 669 
483 2 25 58 90 646 
286 378 7 389 5 646 
286 378 7 389 5 646 
389 377 168 413 77 81 669 
389 168 413 441 377 185 81 669 
183 394 138 441 377 185 106 669 
477 394 138 441 377 575 413 185 669 
389 377 168 413 185 81 669 
477 394 61 87 377 575 413 185 669 
183 394 138 441 377 185 106 669 
180 394 138 384 413 185 61 669 
183 394 138 441 377 185 106 669 
389 377 168 413 185 81 669 
477 394 377 575 413 185 669 
477 106 61 394 377 575 413 185 669 
183 394 138 441 106 544 61 185 669 
208 2 25 10 58 646 
389 377 168 413 185 81 669 
58 2 25 90 549 646 
389 394 138 61 377 305 413 185 669 
389 394 138 377 305 413 185 669 
389 394 593 87 377 458 185 669 
389 394 384 413 185 61 669 
477 394 377 575 413 185 669 
477 394 377 575 413 185 669 
208 2 25 10 58 646 
389 106 61 87 138 441 183 185 669 
389 394 168 413 377 185 81 669 
477 394 377 575 413 185 669 
389 394 168 413 377 185 81 669 
389 394 187 305 413 185 669 
389 394 183 106 544 61 185 669 
389 394 138 441 183 106 61 185 669 
389 377 394 575 413 185 669 
389 106 61 87 441 477 413 185 669 
389 394 305 87 377 458 185 669 
389 377 168 413 185 81 669 
389 394 377 305 413 185 669 
389 356 168 413 77 81 669 
389 377 77 168 413 81 669 
389 377 168 413 77 81 669 
389 377 168 413 185 81 669 
435 2 25 10 58 646 
208 2 25 10 58 646 
389 377 168 413 77 81 669 
24 39 54 74 92 95 673 
24 39 54 74 92 95 673 
24 39 54 74 92 95 673 
24 39 54 74 92 95 673 
435 2 25 10 58 646 
24 39 54 74 92 95 673 
138 441 183 106 61 667 
490 453 138 441 544 667 
183 106 544 394 61 667 
320 631 636 106 544 667 
138 441 183 106 61 667 
