193 103 309 601 515 669 
69 57 81 141 624 669 
193 103 618 371 185 669 
69 213 81 141 624 669 
69 77 81 240 141 669 
193 371 81 141 185 669 
69 185 81 141 580 669 
69 19 81 141 193 669 
193 601 371 185 389 669 
425 580 81 141 240 669 
193 371 185 389 81 669 
69 19 81 240 141 669 
69 77 81 141 493 669 
69 77 81 141 493 669 
69 77 81 141 493 669 
69 77 81 141 493 669 
69 77 81 141 493 669 
69 77 81 141 493 669 
69 77 81 141 493 669 
69 77 81 141 493 669 
69 77 81 141 493 669 
69 77 81 141 493 669 
69 77 81 141 493 669 
69 77 81 141 493 669 
69 77 81 141 493 669 
69 77 81 141 493 669 
69 77 81 141 493 669 
69 77 81 141 493 669 
69 77 81 141 493 669 
69 77 81 141 493 669 
69 77 81 141 493 669 
69 77 81 141 493 669 
69 77 81 141 493 669 
69 77 81 141 493 669 
69 77 81 141 493 669 
69 77 81 141 493 669 
69 77 81 141 493 669 
69 77 81 141 493 669 
69 77 81 141 493 669 
69 77 81 141 493 669 
69 77 81 141 493 669 
69 77 81 141 493 669 
69 77 81 141 493 669 
69 77 81 141 493 669 
69 77 81 141 493 669 
69 77 81 141 493 669 
69 77 81 141 493 669 
69 77 81 141 493 669 
69 77 81 141 493 669 
69 77 81 141 493 669 
69 77 81 141 493 669 
69 77 81 141 493 669 
69 77 81 141 493 669 
69 77 81 141 493 669 
69 77 81 141 493 669 
69 77 81 141 493 669 
69 77 81 141 493 669 
69 77 81 141 493 669 
69 77 81 141 493 669 
69 77 81 141 493 669 
69 77 81 141 493 669 
69 77 81 141 493 669 
69 77 81 141 493 669 
69 77 81 141 493 669 
69 77 81 141 493 669 
69 77 81 141 493 669 
69 77 81 141 493 669 
69 77 81 141 493 669 
69 77 81 141 493 669 
69 77 81 141 493 669 
69 77 81 141 493 669 
69 77 81 141 493 669 
69 77 81 141 493 669 
69 77 81 141 493 669 
69 77 81 141 493 669 
69 77 81 141 493 669 
69 77 81 141 493 669 
69 77 81 141 493 669 
69 77 81 141 493 669 
69 77 81 141 493 669 
69 77 81 141 493 669 
69 77 81 141 493 669 
69 77 81 141 493 669 
69 77 81 141 493 669 
69 77 81 141 493 669 
69 77 81 141 493 669 
69 77 81 141 493 669 
69 77 81 141 493 669 
69 77 81 141 493 669 
69 77 81 141 493 669 
69 77 81 141 493 669 
69 77 81 141 493 669 
69 77 81 141 493 669 
69 77 81 141 493 669 
69 77 81 141 493 669 
69 77 81 141 493 669 
69 77 81 141 493 669 
69 77 81 141 493 669 
69 77 81 141 493 669 
69 77 81 141 493 669 
