438 187 472 373 377 667 
4 21 92 521 572 644 
4 21 92 521 572 644 
438 187 162 237 8 373 667 
438 187 237 373 476 184 670 
44 320 91 489 518 670 
4 21 66 65 92 644 
4 66 65 92 381 644 
4 66 65 92 381 644 
4 21 66 65 635 644 
4 21 66 65 635 644 
4 21 66 65 92 644 
121 458 91 489 518 670 
44 7 489 518 476 670 
593 476 7 566 287 237 670 
237 187 373 476 184 670 
237 476 7 489 518 670 
44 7 489 518 318 670 
476 489 7 237 518 670 
237 476 7 566 586 670 
237 476 7 629 187 586 670 
476 237 7 566 586 670 
44 320 91 489 518 670 
256 340 91 489 518 670 
566 7 237 468 586 670 
237 106 7 566 504 586 670 
237 476 297 228 7 670 
237 106 7 566 504 586 670 
44 7 476 489 518 670 
44 7 237 489 518 670 
44 473 489 518 476 670 
44 489 237 476 518 670 
237 476 7 629 601 169 670 
476 237 7 566 629 670 
228 301 162 237 476 254 670 
237 476 7 629 566 586 670 
566 7 237 468 586 670 
438 476 85 414 385 670 
438 187 162 237 8 373 667 
4 21 92 521 572 644 
4 66 65 92 381 644 
4 21 66 65 635 644 
4 21 66 65 92 644 
476 237 7 489 518 670 
476 7 237 566 586 670 
44 458 91 489 518 670 
256 458 91 489 518 670 
566 169 7 237 435 586 670 
44 7 489 518 476 670 
44 7 489 518 566 670 
44 265 489 476 518 670 
438 476 7 566 85 414 670 
476 237 7 566 379 670 
601 476 169 629 290 162 670 
237 476 7 629 566 586 670 
299 7 237 291 586 670 
438 187 254 476 566 670 
4 21 92 521 572 644 
438 187 254 362 458 667 
4 66 65 92 381 644 
4 21 66 65 635 644 
4 21 66 65 92 644 
476 237 7 489 518 670 
237 476 7 566 586 670 
44 458 91 489 518 670 
121 458 91 489 518 670 
237 106 7 566 504 586 670 
44 7 489 518 476 670 
44 7 489 518 438 670 
44 476 489 491 518 670 
324 237 7 566 476 297 670 
121 458 237 476 7 670 
476 136 162 237 430 566 670 
237 348 7 566 476 586 670 
566 7 237 291 586 670 
228 476 254 362 203 670 
4 21 92 521 572 644 
438 187 254 362 458 667 
4 66 65 92 381 644 
4 21 66 65 635 644 
4 21 66 65 92 644 
237 476 489 518 7 670 
237 476 7 566 586 670 
44 320 91 489 518 670 
121 458 91 489 518 670 
237 253 7 629 187 586 670 
44 7 476 489 518 670 
44 7 489 518 566 670 
44 476 489 491 518 670 
237 106 7 409 476 566 670 
476 7 237 566 187 670 
601 476 566 169 162 125 670 
237 348 7 566 476 586 670 
299 7 237 291 586 670 
438 476 85 414 385 670 
4 21 92 521 572 644 
438 136 162 237 8 373 667 
4 66 65 92 381 644 
4 21 66 65 635 644 
4 21 66 65 92 644 
