415 518 114 437 53 7 648 
536 307 114 53 7 437 648 
516 104 239 546 558 660 
230 518 114 437 53 7 648 
536 307 114 53 7 401 648 
516 104 118 239 558 660 
250 104 431 239 471 660 
471 307 355 53 516 536 648 
230 518 114 437 53 7 648 
230 518 114 437 53 7 648 
516 104 239 546 556 660 
516 104 239 546 556 660 
516 104 239 546 556 660 
516 104 239 546 556 660 
516 104 239 546 556 660 
516 104 239 546 556 660 
250 104 431 516 239 660 
250 104 118 239 431 660 
516 104 250 431 239 660 
250 104 431 239 471 660 
536 267 114 437 53 7 648 
536 307 114 437 53 7 648 
250 104 431 239 516 660 
516 307 114 53 7 528 648 
536 307 114 53 437 7 648 
516 104 239 546 556 660 
536 267 114 307 53 7 648 
250 104 431 516 239 660 
516 104 239 546 556 660 
536 307 114 437 53 7 648 
536 267 114 437 53 7 648 
237 104 239 347 558 660 
250 104 431 239 471 660 
536 307 114 53 7 437 648 
250 104 431 239 471 660 
536 307 114 53 7 401 648 
516 503 114 53 7 528 648 
516 104 239 347 558 660 
471 139 519 53 7 307 648 
503 104 239 347 558 660 
516 139 191 53 7 307 648 
536 307 114 53 7 471 648 
536 307 114 437 53 7 648 
516 104 239 347 558 660 
536 307 114 53 7 437 648 
149 104 239 347 558 660 
516 139 191 53 7 307 648 
503 104 239 347 558 660 
516 104 239 347 558 660 
101 104 239 546 558 660 
101 104 239 546 558 660 
101 104 239 546 558 660 
101 104 239 546 558 660 
101 104 239 546 558 660 
101 104 239 546 558 660 
101 104 239 546 558 660 
101 104 239 546 558 660 
516 104 347 239 558 660 
101 104 239 546 558 660 
250 104 118 239 609 660 
139 104 527 239 250 660 
250 104 609 480 239 660 
250 104 118 239 516 660 
250 104 516 480 239 660 
250 104 118 527 239 660 
250 104 527 118 239 660 
516 104 239 546 558 660 
250 104 527 118 239 660 
516 104 239 546 558 660 
516 104 239 546 558 660 
516 104 239 546 558 660 
337 104 239 546 558 660 
516 104 239 546 558 660 
516 104 239 546 558 660 
516 307 355 53 114 178 648 
471 307 355 53 85 516 648 
471 307 355 53 449 318 648 
471 307 355 53 85 139 648 
471 307 355 53 85 516 648 
471 307 355 53 139 114 648 
471 307 355 53 516 136 648 
516 104 118 239 558 660 
193 104 118 239 558 660 
516 104 118 239 558 660 
516 104 118 239 558 660 
516 104 239 546 558 660 
516 104 118 239 558 660 
471 307 355 53 85 318 648 
516 503 528 355 471 307 318 359 650 
516 503 528 355 372 536 61 527 650 
516 104 118 239 558 660 
516 503 528 355 372 536 61 527 650 
516 503 528 355 372 218 61 527 650 
516 104 527 239 558 660 
516 104 118 239 558 660 
391 503 528 355 471 307 318 359 650 
516 503 528 355 372 536 61 527 650 
516 114 528 471 307 355 318 359 650 
516 503 528 355 372 536 61 527 650 
516 503 528 355 372 536 61 527 650 
