428 88 79 279 327 415 659 
244 88 71 4 187 653 
428 7 170 571 79 671 
478 7 636 195 586 671 
320 7 48 586 170 671 
591 9 7 586 642 671 
13 14 27 45 77 671 
13 14 27 45 77 671 
13 7 77 586 642 671 
13 7 77 586 642 671 
13 7 77 586 642 671 
13 7 77 586 642 671 
13 7 77 586 642 671 
13 7 77 586 642 671 
13 7 9 586 642 671 
13 7 9 586 642 671 
13 7 9 586 642 671 
13 7 9 586 642 671 
13 7 9 586 642 671 
13 7 9 586 642 671 
13 7 9 586 642 671 
13 7 9 586 642 671 
166 9 12 586 642 671 
166 9 12 586 642 671 
166 9 12 586 642 671 
166 9 12 586 642 671 
478 9 12 591 586 671 
478 9 12 591 586 671 
198 9 7 586 591 671 
198 9 7 586 591 671 
198 9 7 586 591 671 
478 293 9 586 591 671 
478 293 9 586 591 671 
162 293 9 586 591 671 
162 293 9 586 591 671 
162 293 9 586 591 671 
162 293 9 586 591 671 
478 293 9 586 591 671 
428 7 9 586 170 671 
291 7 170 9 586 671 
478 7 170 9 586 671 
428 7 9 586 170 671 
320 7 170 9 586 671 
320 7 9 586 170 671 
291 7 9 586 170 671 
320 7 9 586 170 671 
320 7 9 586 170 671 
320 7 170 9 586 671 
428 7 9 586 170 671 
291 7 170 9 586 671 
320 7 9 170 586 671 
320 7 9 586 170 671 
320 7 9 586 170 671 
320 7 9 586 170 671 
320 7 170 9 586 671 
320 7 9 586 170 671 
291 7 9 586 170 671 
202 7 9 586 170 671 
320 7 9 586 170 671 
320 7 9 586 170 671 
97 7 170 9 586 671 
320 7 9 586 170 671 
320 7 9 586 170 671 
320 7 170 9 586 671 
478 7 9 586 636 671 
478 7 9 586 244 671 
320 7 9 586 48 671 
198 9 428 7 586 671 
198 9 428 7 586 671 
291 7 9 586 198 671 
625 7 9 586 244 671 
198 9 428 7 586 671 
320 7 9 586 48 671 
108 7 9 586 48 671 
424 7 198 9 586 671 
266 7 9 586 291 671 
478 7 9 586 320 671 
424 7 307 9 586 671 
137 7 428 9 586 671 
291 7 625 9 586 671 
151 7 9 586 562 671 
425 7 625 9 586 671 
244 7 478 9 586 671 
320 7 9 586 48 671 
320 7 625 9 586 671 
291 9 629 7 586 671 
151 7 126 9 586 671 
291 7 9 586 629 671 
291 7 625 9 586 671 
151 7 9 586 126 671 
425 7 625 9 586 671 
126 9 428 7 586 671 
320 7 9 586 539 671 
320 7 9 586 48 671 
9 7 291 586 198 671 
126 9 428 7 586 671 
415 7 108 9 586 671 
291 7 307 9 586 671 
320 7 9 586 291 671 
320 7 9 586 48 671 
