413 9 442 586 278 671 
413 9 442 586 395 671 
611 9 395 442 586 671 
413 9 442 586 395 671 
214 7 442 586 591 671 
2 7 442 586 591 671 
413 9 395 7 586 671 
170 7 442 586 591 671 
413 9 395 7 586 671 
2 7 442 586 591 671 
413 9 395 7 586 671 
2 7 442 586 591 671 
170 7 442 586 591 671 
170 7 442 586 591 671 
413 9 395 7 586 671 
2 14 7 442 586 671 
2 14 7 442 586 671 
2 14 7 442 586 671 
2 7 442 586 591 671 
2 14 7 442 586 671 
611 9 395 442 586 671 
2 14 7 442 586 671 
215 501 511 395 586 591 675 
170 7 442 586 591 671 
215 395 267 501 511 586 675 
215 501 544 395 511 586 675 
215 501 511 395 586 278 675 
215 501 511 395 586 591 675 
215 501 511 395 586 278 675 
222 586 305 395 215 591 675 
413 9 395 7 586 671 
305 182 395 215 586 675 
12 7 442 586 591 671 
305 222 395 215 586 675 
12 14 7 442 586 671 
305 222 395 215 586 675 
305 114 395 586 215 675 
215 501 511 395 586 278 675 
305 222 395 215 586 675 
12 14 7 442 586 671 
215 501 511 395 586 591 675 
278 366 395 215 539 675 
215 501 511 395 586 591 675 
278 366 395 215 38 675 
12 14 7 442 586 671 
222 395 161 38 278 215 675 
366 38 395 215 163 675 
2 7 442 586 591 671 
170 7 442 586 591 671 
278 395 267 366 539 215 675 
366 38 395 215 163 675 
12 14 7 442 586 671 
278 395 267 366 539 215 675 
278 366 38 254 395 586 215 675 
12 14 7 442 586 671 
222 395 267 366 38 215 675 
278 425 38 395 215 511 586 675 
267 366 38 395 215 511 586 675 
278 366 611 361 395 38 215 675 
395 161 38 278 215 511 207 675 
278 366 38 561 353 395 215 675 
278 366 611 254 395 38 215 675 
278 366 38 395 215 511 586 675 
278 366 38 395 215 511 586 675 
278 366 395 215 511 675 
2 14 7 550 586 671 
2 14 7 550 586 671 
2 14 7 550 586 671 
611 314 395 586 591 675 
611 222 395 586 591 675 
278 501 511 395 586 591 675 
222 586 611 254 395 591 675 
278 501 511 395 586 591 675 
278 501 511 395 586 591 675 
305 222 395 586 591 675 
362 222 395 586 591 675 
222 395 611 254 586 591 675 
278 501 511 332 395 586 591 675 
278 501 511 332 395 586 591 675 
2 14 7 550 586 671 
278 501 511 332 395 586 591 675 
611 222 395 586 591 675 
278 501 511 332 395 586 591 675 
278 501 511 332 395 586 591 675 
278 366 611 254 395 586 591 675 
278 366 189 254 395 586 591 675 
278 366 611 254 395 586 591 675 
278 366 611 254 395 586 591 675 
2 14 7 550 586 671 
278 366 611 254 395 586 591 675 
170 7 395 586 496 671 
170 7 395 586 224 671 
170 7 224 395 586 671 
170 7 395 565 586 671 
170 7 395 586 330 671 
395 366 38 163 128 561 565 675 
565 366 511 561 636 85 516 675 
565 366 38 561 353 188 207 675 
395 366 38 163 224 516 207 675 
565 366 38 561 353 188 207 675 
