24 33 45 76 211 644 
265 253 630 530 122 529 658 
265 574 630 530 122 529 658 
24 66 45 76 211 644 
254 34 77 255 434 645 
119 66 45 76 211 644 
368 34 389 234 197 644 
34 102 389 368 234 644 
24 53 45 211 557 644 
211 367 389 234 607 644 
254 489 264 399 518 348 199 670 
41 105 45 76 211 644 
187 70 45 76 211 644 
199 253 264 399 518 630 530 670 
254 34 366 255 434 645 
254 489 264 399 518 348 539 670 
254 489 264 623 518 348 199 670 
70 211 34 607 311 644 
24 105 45 76 211 644 
24 105 45 76 211 644 
24 105 45 76 211 644 
24 105 45 76 211 644 
24 105 45 76 211 644 
24 105 45 76 211 644 
24 105 45 76 211 644 
24 105 45 76 211 644 
24 105 45 76 211 644 
24 105 45 76 211 644 
24 105 45 76 211 644 
24 105 45 76 211 644 
24 105 45 76 211 644 
24 105 45 76 211 644 
24 105 45 76 211 644 
24 105 45 76 211 644 
24 105 45 76 211 644 
24 105 45 76 211 644 
24 105 45 76 211 644 
24 105 45 76 211 644 
24 105 45 76 211 644 
24 105 45 76 211 644 
24 105 45 76 211 644 
24 105 45 76 211 644 
24 105 45 76 211 644 
24 105 45 76 211 644 
24 12 45 76 211 644 
24 12 45 76 211 644 
24 279 45 76 211 644 
24 157 45 76 211 644 
24 300 45 76 211 644 
24 571 45 76 211 644 
24 539 45 76 211 644 
24 161 45 76 211 644 
24 284 45 76 211 644 
24 300 45 76 211 644 
24 256 45 76 211 644 
24 279 45 76 211 644 
24 504 45 76 211 644 
24 509 45 76 211 644 
24 539 45 76 211 644 
24 184 45 76 211 644 
24 279 45 76 211 644 
24 335 45 76 211 644 
24 279 45 76 211 644 
24 539 45 76 211 644 
24 300 45 76 211 644 
24 279 45 76 211 644 
24 509 45 76 211 644 
24 279 45 76 211 644 
24 606 45 76 211 644 
24 284 45 76 211 644 
24 422 45 76 211 644 
24 539 45 76 211 644 
24 300 45 76 211 644 
24 539 45 76 211 644 
24 539 45 76 211 644 
24 539 45 76 211 644 
24 509 45 76 211 644 
24 422 45 76 211 644 
24 539 45 76 211 644 
24 539 45 76 211 644 
24 539 45 76 211 644 
24 300 45 76 211 644 
24 279 45 76 211 644 
24 539 45 76 211 644 
24 279 45 76 211 644 
24 279 45 76 211 644 
24 606 45 76 211 644 
24 539 45 76 211 644 
24 300 45 76 211 644 
24 279 45 76 211 644 
24 422 45 76 211 644 
24 279 45 76 211 644 
24 284 45 76 211 644 
24 279 45 76 211 644 
24 539 45 76 211 644 
24 161 45 76 211 644 
24 539 45 76 211 644 
24 335 45 76 211 644 
24 539 45 76 211 644 
24 279 45 76 211 644 
