330 474 166 353 49 653 
9 10 12 25 442 662 
9 10 12 25 442 662 
598 474 166 353 205 653 
9 10 12 442 506 662 
156 474 166 641 4 653 
9 10 12 442 506 662 
156 411 212 185 503 662 
506 160 280 450 4 653 
9 12 212 588 442 662 
440 185 212 154 599 662 
9 12 212 588 442 662 
9 185 212 588 442 662 
9 12 442 425 185 662 
413 204 212 343 588 662 
164 185 212 588 7 662 
413 185 212 588 383 662 
458 185 212 588 164 662 
9 185 212 588 442 662 
609 455 212 343 588 662 
164 185 212 588 7 662 
598 185 212 588 506 662 
164 185 212 588 485 662 
9 12 442 425 185 662 
9 12 185 212 442 662 
9 185 212 12 442 662 
9 10 12 25 442 662 
330 474 166 280 450 653 
9 10 12 442 149 662 
506 160 280 51 4 653 
383 474 470 185 212 662 
9 12 212 588 442 662 
9 185 212 442 588 662 
330 474 212 588 409 662 
164 185 212 588 7 662 
413 185 212 588 383 662 
164 474 212 588 185 662 
9 12 100 185 442 662 
9 12 442 212 185 662 
9 10 12 25 442 662 
156 474 166 359 584 653 
9 10 12 442 48 662 
609 160 51 122 4 653 
383 185 212 330 474 662 
9 12 212 588 442 662 
9 185 212 442 588 662 
413 469 212 588 330 662 
164 185 212 588 7 662 
383 185 212 588 430 662 
413 185 212 588 164 662 
9 12 100 185 442 662 
9 12 185 212 442 662 
9 10 12 25 442 662 
506 160 359 474 195 653 
9 10 12 442 48 662 
506 160 51 122 4 653 
413 185 212 391 330 662 
9 12 442 212 588 662 
9 185 212 442 588 662 
330 474 212 588 166 662 
164 185 212 588 7 662 
413 185 212 588 176 662 
458 185 212 588 164 662 
9 185 12 442 156 662 
9 12 212 185 442 662 
9 10 12 25 442 662 
506 160 330 474 166 653 
9 10 12 442 131 662 
506 160 166 51 4 653 
383 185 212 154 156 662 
9 12 442 212 588 662 
9 185 212 588 442 662 
330 474 212 588 166 662 
164 185 212 588 7 662 
413 185 212 588 253 662 
164 185 212 588 390 662 
9 12 442 425 185 662 
9 185 12 442 212 662 
9 10 12 25 442 662 
330 474 280 450 166 653 
9 10 12 442 425 662 
156 474 166 641 4 653 
330 474 470 185 212 662 
9 12 442 212 588 662 
9 185 212 588 442 662 
506 160 212 588 280 662 
164 185 212 588 7 662 
106 411 212 185 588 662 
491 185 212 588 164 662 
9 12 442 425 185 662 
9 12 212 185 442 662 
506 160 359 474 195 653 
9 10 12 442 425 662 
506 160 51 122 4 653 
413 474 166 185 212 662 
9 12 212 588 442 662 
9 185 212 588 442 662 
106 455 212 588 506 662 
164 185 212 588 7 662 
413 185 212 588 383 662 
