71 561 641 16 163 88 59 87 471 106 616 85 630 667 
24 95 123 104 513 660 
71 213 55 310 225 51 561 641 16 667 
24 95 123 104 513 660 
104 123 513 570 559 660 
536 561 16 225 163 88 59 87 471 106 212 411 641 663 
104 123 513 570 559 660 
104 123 513 556 559 660 
104 123 513 556 250 660 
171 440 110 212 588 663 
104 123 556 593 558 660 
104 123 513 222 559 660 
104 123 513 556 559 660 
150 16 225 561 482 212 411 641 348 106 663 
71 16 213 310 225 561 348 212 588 290 482 55 51 663 
104 123 556 445 558 660 
104 123 513 556 500 660 
171 440 225 212 110 588 663 
104 123 513 205 559 660 
315 440 110 212 588 663 
71 51 289 212 588 310 663 
536 16 163 366 110 225 212 59 87 588 663 
315 440 85 212 588 663 
171 440 110 212 588 663 
315 440 225 212 110 588 663 
213 55 16 212 588 310 663 
104 123 513 556 593 660 
150 225 641 16 163 88 59 87 561 482 310 410 212 663 
51 212 16 71 588 310 561 426 663 
16 213 55 310 225 51 212 588 561 663 
315 440 110 212 588 663 
315 440 454 212 588 663 
16 213 55 310 225 51 212 588 561 663 
641 16 440 561 348 482 212 163 118 588 663 
641 16 440 359 348 482 212 163 118 588 663 
536 225 330 16 561 482 212 411 163 88 588 663 
315 440 225 212 110 588 663 
536 561 16 59 213 55 310 225 51 212 588 663 
641 225 330 16 561 482 212 411 163 88 588 106 663 
641 16 440 561 163 482 348 212 118 588 375 411 663 
71 561 641 16 213 55 310 225 51 212 588 85 630 663 
16 213 55 366 110 225 310 51 212 588 663 
150 225 411 16 561 482 212 213 55 641 348 663 
536 225 330 16 561 482 212 213 55 310 51 663 
150 213 55 310 225 163 59 636 640 212 411 16 663 
337 213 55 310 225 482 212 536 16 261 440 561 663 
641 16 440 561 348 359 482 212 163 118 663 
71 213 55 310 225 51 561 641 16 667 
24 95 123 104 513 660 
104 123 513 570 559 660 
104 123 513 556 559 660 
104 123 556 593 558 660 
104 123 513 205 559 660 
315 440 110 212 588 663 
171 440 110 212 588 663 
71 51 16 212 588 310 663 
104 123 513 556 500 660 
150 16 225 561 163 88 59 87 471 106 372 212 411 663 
315 440 85 212 588 663 
16 213 55 310 225 51 212 588 561 663 
641 16 440 359 348 482 212 163 118 588 663 
315 440 225 212 110 588 663 
536 561 16 59 213 55 310 225 51 212 588 663 
641 16 440 561 163 482 348 212 118 588 375 411 663 
337 213 55 310 225 561 348 212 588 641 482 163 118 663 
536 16 163 366 110 225 212 59 87 588 663 
536 561 16 59 225 212 411 641 163 88 330 663 
337 213 55 310 225 536 16 261 440 212 561 348 663 
213 16 243 561 348 55 157 225 51 212 663 
71 213 55 310 225 51 561 641 16 667 
24 95 123 104 513 660 
104 123 513 570 559 660 
104 123 513 556 559 660 
556 593 123 104 558 660 
104 123 513 222 559 660 
315 440 110 212 588 663 
171 440 110 212 588 663 
213 55 16 212 588 310 663 
104 123 513 556 500 660 
150 225 641 16 163 88 59 87 561 536 330 482 212 663 
641 330 16 71 110 324 212 561 588 426 663 
536 246 225 561 16 59 212 588 530 440 663 
315 440 225 212 110 588 663 
641 16 440 482 163 561 348 212 118 588 375 663 
16 163 225 640 212 411 59 361 561 641 330 588 663 
337 213 55 310 225 561 348 212 588 641 482 163 375 663 
16 213 55 310 225 51 212 588 561 663 
150 16 310 225 561 410 212 482 411 641 348 663 
641 225 330 16 561 482 212 411 163 440 348 118 663 
150 163 59 636 640 212 411 16 561 88 663 
24 95 123 104 513 660 
71 561 641 16 163 88 59 87 471 106 616 85 630 667 
104 123 513 570 559 660 
104 123 513 556 559 660 
104 123 556 445 558 660 
104 123 513 165 559 660 
315 440 110 212 588 663 
71 51 16 212 588 310 663 
104 123 513 556 150 660 
150 16 225 561 163 88 59 87 482 212 411 641 348 663 
