87 169 107 498 85 649 
104 239 160 243 559 645 
87 314 160 169 16 243 239 645 
104 239 255 513 240 645 
104 255 160 243 239 645 
104 314 239 513 517 546 645 
467 138 87 160 243 239 255 645 
104 314 160 243 239 559 645 
458 138 104 379 160 243 239 645 
87 113 160 104 243 239 645 
104 160 243 239 214 645 
87 314 160 243 239 255 645 
104 314 160 243 239 255 645 
104 314 239 513 255 546 645 
104 138 87 255 630 243 239 645 
87 314 160 243 239 587 645 
104 239 513 517 546 645 
104 239 513 517 546 645 
104 239 513 517 546 645 
104 239 513 517 546 645 
104 239 513 8 546 645 
104 239 513 8 546 645 
104 239 513 471 546 645 
104 239 513 191 546 645 
104 239 513 468 546 645 
104 239 513 471 546 645 
104 239 559 318 255 645 
104 239 513 468 546 645 
104 239 255 160 371 645 
104 239 255 314 160 645 
104 239 513 8 546 645 
104 239 255 160 243 645 
104 255 243 239 457 645 
104 239 243 255 160 645 
104 239 243 255 598 645 
104 239 255 314 160 645 
104 239 255 160 371 645 
87 113 160 104 243 239 645 
104 239 314 160 243 645 
104 160 243 239 314 645 
104 239 513 125 546 645 
104 239 138 87 301 645 
104 243 255 160 239 645 
104 239 243 255 222 645 
104 255 239 243 222 645 
104 239 243 160 559 645 
