424 9 176 27 212 85 45 662 
24 29 465 493 495 647 
424 9 176 27 212 85 45 662 
66 513 134 3 104 558 646 
361 551 134 286 104 558 646 
424 9 176 27 212 85 45 662 
361 551 134 286 104 558 646 
66 102 134 357 104 558 646 
356 102 619 558 104 559 646 
66 102 134 101 104 558 646 
407 102 85 558 104 559 646 
424 9 45 40 212 606 588 662 
424 9 45 528 212 128 588 662 
356 102 619 558 104 559 646 
66 102 134 101 104 558 646 
356 102 619 558 104 559 646 
66 102 134 101 104 558 646 
24 29 465 493 568 647 
110 18 134 513 104 558 646 
24 29 465 493 495 647 
424 9 45 621 212 606 588 662 
66 102 134 101 104 558 646 
407 102 85 558 104 559 646 
424 9 45 528 212 606 588 662 
24 29 465 493 570 647 
356 102 85 558 104 559 646 
66 102 134 101 104 558 646 
24 29 465 493 495 647 
424 9 45 528 212 606 588 662 
24 29 465 493 570 647 
24 29 465 493 570 647 
424 9 176 615 212 207 588 662 
24 29 465 493 570 647 
424 9 176 615 212 288 588 662 
66 102 134 101 104 558 646 
356 102 619 558 104 559 646 
66 513 134 96 104 558 646 
424 9 176 615 212 288 588 662 
66 513 134 101 104 558 646 
66 513 134 18 104 558 646 
66 513 134 18 104 558 646 
66 513 134 18 104 558 646 
66 513 134 490 104 558 646 
424 9 176 615 212 207 588 662 
356 102 619 558 104 559 646 
66 513 134 101 104 558 646 
24 29 465 493 570 647 
24 39 311 66 588 647 
66 513 134 101 104 558 646 
24 39 311 66 588 647 
424 9 176 615 212 288 588 662 
66 513 134 18 104 558 646 
66 513 134 101 104 558 646 
24 39 311 66 588 647 
24 29 465 68 570 647 
361 551 134 286 104 558 646 
356 102 85 558 104 559 646 
24 29 465 68 570 647 
66 513 134 101 104 558 646 
24 29 465 68 570 647 
424 317 176 27 212 85 588 662 
24 39 311 66 588 647 
424 317 176 27 212 85 588 662 
407 102 85 558 104 559 646 
24 29 465 68 570 647 
424 317 176 27 212 85 588 662 
24 39 311 66 588 647 
424 317 176 27 212 85 588 662 
424 317 176 27 212 85 588 662 
282 348 277 116 176 353 512 668 
24 29 465 68 570 647 
282 348 176 528 512 543 217 668 
282 253 176 528 512 361 571 668 
282 348 176 528 512 543 217 668 
282 348 277 116 176 353 512 668 
424 9 582 528 212 606 588 662 
282 348 176 528 512 543 217 668 
424 9 176 528 212 606 588 662 
424 9 176 528 212 303 588 662 
424 9 176 528 212 285 588 662 
424 9 176 528 212 606 588 662 
424 9 176 528 212 606 588 662 
424 317 598 116 512 176 528 668 
337 217 512 490 598 116 355 668 
337 217 598 116 512 490 355 668 
61 217 598 116 512 380 157 668 
528 217 277 116 140 512 366 668 
528 217 598 116 512 366 275 668 
126 317 176 528 212 539 588 662 
424 317 176 528 212 539 588 662 
424 317 176 528 212 539 588 662 
424 317 176 313 212 85 588 662 
424 317 176 313 212 85 588 662 
424 317 176 313 212 85 588 662 
545 217 598 116 157 366 19 668 
582 217 411 122 528 505 157 668 
582 217 598 116 157 366 61 668 
61 217 380 157 355 19 87 668 
582 217 598 61 169 19 498 668 
61 217 380 157 355 19 87 668 
