387 240 525 276 600 657 
75 21 67 436 464 654 
75 21 67 436 464 654 
75 168 67 436 517 654 
75 168 67 436 517 654 
387 240 525 276 600 657 
75 168 67 436 517 654 
75 168 67 436 517 654 
75 168 580 436 464 654 
75 168 580 436 464 654 
75 168 67 436 517 654 
75 168 67 436 517 654 
387 240 42 276 600 657 
387 600 42 276 240 657 
387 240 42 276 600 657 
75 168 67 436 517 654 
387 240 42 276 600 657 
75 168 580 436 464 654 
387 240 42 276 340 657 
387 240 42 276 600 657 
387 240 42 637 276 657 
387 240 42 276 600 657 
387 150 42 240 276 657 
387 240 42 276 183 657 
387 240 42 276 600 657 
387 240 42 150 276 657 
387 240 42 276 156 657 
387 240 42 276 183 657 
75 168 580 436 464 654 
75 168 580 436 464 654 
27 621 42 276 387 657 
27 621 42 276 387 657 
75 168 580 436 464 654 
27 621 42 387 276 657 
27 621 42 387 276 657 
27 621 42 387 276 657 
27 621 42 387 276 657 
387 600 42 150 276 657 
75 168 498 436 464 654 
75 168 180 436 464 654 
75 168 158 436 464 654 
27 621 42 387 276 657 
75 168 498 436 464 654 
387 600 42 276 224 657 
387 621 42 276 600 657 
387 150 42 600 276 657 
75 168 323 436 464 654 
75 168 158 436 464 654 
75 168 67 436 464 654 
75 168 323 436 464 654 
387 150 42 600 276 657 
75 168 67 436 464 654 
387 600 42 276 150 657 
387 600 42 276 150 657 
75 168 67 436 464 654 
387 150 42 276 183 657 
75 168 67 436 464 654 
387 150 42 276 183 657 
387 150 42 276 438 657 
387 183 42 150 276 657 
387 150 42 276 183 657 
387 150 42 276 438 657 
75 168 67 436 464 654 
387 150 42 276 183 657 
75 168 67 436 464 654 
390 621 618 42 276 657 
151 621 42 268 276 657 
621 150 42 618 276 657 
505 621 42 246 276 657 
151 621 42 338 276 657 
416 621 42 246 276 657 
75 168 67 436 464 654 
505 621 42 246 276 657 
75 12 2 436 464 654 
75 12 2 436 464 654 
75 12 2 436 464 654 
75 12 2 436 464 654 
75 12 2 436 464 654 
621 150 42 219 387 657 
387 183 42 621 307 657 
621 150 42 425 387 657 
219 633 42 390 387 657 
387 183 42 621 307 657 
156 150 387 633 42 657 
498 193 42 387 533 657 
75 12 2 436 464 654 
219 390 16 498 633 666 
307 150 42 156 337 657 
621 150 42 219 390 657 
219 390 16 498 204 666 
219 150 42 425 313 657 
156 150 42 504 16 657 
156 150 16 609 219 666 
498 633 42 219 127 657 
156 150 16 609 228 666 
621 150 42 156 231 657 
156 150 16 609 228 666 
621 150 42 425 16 657 
156 150 16 609 228 666 
156 150 16 498 228 666 
