101 123 513 270 104 646 
23 320 101 104 513 644 
23 91 62 101 526 644 
23 91 101 104 513 644 
67 13 93 526 523 644 
337 586 329 332 600 675 
281 586 329 219 600 675 
67 163 62 215 586 675 
23 91 518 104 513 644 
23 320 101 104 513 644 
23 320 101 104 513 644 
23 91 62 101 526 644 
23 320 101 104 513 644 
23 91 62 101 526 644 
23 91 101 104 513 644 
23 91 62 101 526 644 
129 586 136 332 600 675 
101 123 513 270 598 646 
337 586 329 332 600 675 
129 586 329 332 600 675 
23 91 101 104 513 644 
101 123 513 270 598 646 
23 320 101 104 513 644 
23 91 62 101 526 644 
23 91 101 104 513 644 
101 123 513 270 79 646 
337 586 329 332 600 675 
101 123 513 270 79 646 
23 91 62 101 526 644 
23 91 62 101 526 644 
101 123 513 270 598 646 
337 586 329 332 600 675 
101 123 513 270 598 646 
23 91 101 104 513 644 
281 586 329 332 600 675 
337 586 329 332 600 675 
23 91 101 104 513 644 
23 91 62 101 526 644 
281 586 219 329 600 675 
281 586 219 329 600 675 
67 329 83 332 215 675 
67 83 329 332 215 675 
281 586 219 49 600 675 
281 586 329 600 369 675 
101 123 513 270 598 646 
281 586 219 329 600 675 
23 91 101 104 513 644 
67 83 51 332 215 675 
281 586 329 600 369 675 
485 586 219 215 530 675 
67 163 62 215 586 675 
485 586 219 215 530 675 
23 91 101 104 513 644 
485 530 210 452 222 675 
67 163 62 215 586 675 
281 586 329 600 369 675 
67 163 62 215 586 675 
67 13 93 526 523 644 
300 61 106 530 430 675 
67 361 83 335 215 675 
485 530 219 215 430 675 
485 329 430 215 202 675 
67 329 83 332 215 675 
67 13 93 526 523 644 
67 13 93 526 523 644 
67 99 62 215 586 675 
67 13 93 526 523 644 
67 163 62 215 586 675 
67 163 62 215 586 675 
67 13 93 526 523 644 
67 329 83 332 215 675 
67 163 62 215 586 675 
67 329 83 332 215 675 
67 329 83 332 215 675 
67 13 93 526 523 644 
67 13 93 526 523 644 
67 329 83 430 215 675 
67 129 83 335 215 675 
67 412 83 430 215 675 
67 129 83 335 215 675 
67 129 83 430 215 675 
67 329 83 430 215 675 
485 329 430 215 586 675 
485 329 430 215 586 675 
485 329 430 215 586 675 
485 329 430 215 586 675 
485 329 430 215 586 675 
485 329 430 215 586 675 
369 154 330 215 149 675 
300 154 430 215 329 675 
210 452 222 215 328 675 
369 154 430 215 106 675 
485 329 430 215 106 675 
485 329 430 215 391 675 
369 154 106 530 561 675 
392 452 328 107 533 675 
485 329 435 361 318 675 
87 329 435 338 106 675 
392 452 328 107 500 675 
369 154 106 530 561 675 
