308 299 8 114 106 666 
24 36 67 92 199 644 
24 36 67 92 199 644 
308 299 8 114 100 666 
24 67 90 82 488 644 
100 561 601 7 308 299 665 
24 67 90 82 488 644 
24 67 12 82 488 644 
379 67 12 82 250 644 
198 561 7 69 642 665 
379 67 12 82 250 644 
62 67 12 82 488 644 
24 67 193 82 488 644 
62 67 12 82 488 644 
453 100 601 7 500 642 665 
472 384 7 299 281 665 
100 561 7 69 642 665 
500 372 417 7 69 642 665 
100 561 7 642 289 665 
561 100 308 7 69 642 665 
24 67 363 82 488 644 
24 67 12 82 488 644 
100 561 7 8 642 665 
633 369 8 7 642 561 665 
24 67 193 82 488 644 
284 417 7 299 412 665 
100 561 601 7 308 299 665 
24 36 67 92 199 644 
308 299 8 114 157 666 
24 67 90 82 488 644 
379 67 12 82 250 644 
62 67 12 82 488 644 
100 561 7 69 642 665 
100 561 601 7 69 642 665 
24 67 12 82 488 644 
100 561 7 642 289 665 
561 100 8 7 642 377 665 
24 67 193 82 488 644 
472 384 7 299 281 665 
107 372 129 7 198 100 665 
24 36 67 92 199 644 
633 369 561 569 8 114 666 
24 67 90 82 488 644 
300 67 12 82 250 644 
62 67 12 82 488 644 
100 561 7 69 642 665 
500 372 417 7 69 642 665 
24 67 12 82 488 644 
100 561 7 103 642 665 
100 372 417 7 561 642 665 
24 67 193 82 488 644 
284 417 7 100 261 665 
7 8 100 561 472 384 665 
308 633 8 114 106 666 
24 36 67 92 199 644 
24 67 90 82 488 644 
379 67 12 82 250 644 
62 67 12 82 488 644 
162 561 7 69 642 665 
284 100 261 7 69 642 665 
24 67 12 82 488 644 
284 202 7 642 100 665 
284 100 261 7 243 642 665 
24 67 292 82 488 644 
8 561 7 100 472 665 
500 372 107 288 7 100 665 
24 36 67 92 199 644 
308 299 8 114 100 666 
24 67 90 82 488 644 
300 67 12 82 250 644 
62 67 12 82 488 644 
198 561 7 69 642 665 
500 372 417 7 69 642 665 
24 67 12 82 488 644 
8 561 7 642 377 665 
561 100 601 7 500 642 665 
24 67 193 82 488 644 
372 417 7 284 356 665 
284 100 631 369 561 7 665 
24 36 67 92 199 644 
308 299 8 114 100 666 
24 67 90 82 488 644 
379 67 12 82 250 644 
62 67 12 82 488 644 
162 561 7 69 642 665 
284 100 261 7 69 642 665 
24 67 12 82 488 644 
100 202 7 642 372 665 
100 372 417 7 561 642 665 
24 67 292 82 488 644 
100 561 7 361 8 665 
561 372 417 7 100 601 665 
24 36 67 92 199 644 
308 299 8 114 355 666 
24 67 90 82 488 644 
379 67 12 82 250 644 
62 67 12 82 488 644 
100 561 7 69 642 665 
500 372 417 7 69 642 665 
24 67 12 82 488 644 
