38 59 261 446 18 666 
105 184 558 556 557 660 
104 281 239 558 556 660 
261 446 38 375 18 126 71 239 280 660 
104 281 239 375 558 660 
104 356 578 556 239 660 
105 211 578 556 557 660 
104 281 226 556 239 660 
239 375 131 59 446 425 88 107 250 660 
105 347 578 556 557 660 
239 49 131 59 446 250 515 221 264 660 
104 244 131 281 239 250 660 
104 281 239 375 131 660 
104 375 131 88 281 239 440 261 660 
104 281 131 250 527 239 375 660 
104 375 88 250 131 281 239 440 660 
104 281 131 59 446 250 527 239 375 660 
239 375 131 631 250 515 88 107 660 
104 244 131 281 239 448 660 
104 587 88 281 239 131 440 660 
239 375 131 88 307 38 59 261 660 
105 513 558 556 557 660 
105 513 558 556 557 660 
105 513 558 556 557 660 
105 513 558 556 557 660 
105 513 558 556 557 660 
105 513 558 556 557 660 
105 513 558 556 557 660 
105 513 558 556 557 660 
105 513 558 556 557 660 
105 513 558 556 557 660 
105 513 558 556 557 660 
105 513 558 556 557 660 
105 513 558 556 557 660 
105 513 558 556 557 660 
105 513 558 556 557 660 
105 513 558 556 557 660 
105 513 558 556 557 660 
105 513 558 556 557 660 
105 513 558 556 557 660 
105 513 558 556 557 660 
105 513 558 556 557 660 
105 513 558 556 557 660 
105 513 558 556 557 660 
105 513 558 556 557 660 
105 513 558 556 557 660 
105 513 558 556 557 660 
105 513 558 556 557 660 
105 513 558 556 557 660 
105 513 558 556 557 660 
105 513 558 556 557 660 
105 513 558 556 557 660 
105 513 558 556 557 660 
105 513 558 556 557 660 
105 513 558 556 557 660 
105 513 558 556 557 660 
105 513 558 556 557 660 
105 513 558 556 557 660 
105 513 558 556 557 660 
105 513 558 556 557 660 
105 513 558 556 557 660 
105 513 558 556 557 660 
105 513 558 556 557 660 
105 513 558 556 557 660 
105 513 558 556 557 660 
105 513 558 556 557 660 
105 513 558 556 557 660 
105 513 558 556 557 660 
105 513 558 556 557 660 
105 513 558 556 557 660 
105 513 558 556 557 660 
105 513 558 556 557 660 
105 513 558 556 557 660 
105 513 558 556 557 660 
105 513 558 556 557 660 
105 513 558 556 557 660 
105 513 558 556 557 660 
105 513 558 556 557 660 
105 513 558 556 557 660 
105 513 558 556 557 660 
105 513 558 556 557 660 
105 513 558 556 557 660 
105 513 558 556 557 660 
105 513 558 556 557 660 
105 513 558 556 557 660 
105 513 558 556 557 660 
105 513 558 556 557 660 
105 513 558 556 557 660 
105 513 558 556 557 660 
105 513 558 556 557 660 
105 513 558 556 557 660 
105 513 558 556 557 660 
105 513 558 556 557 660 
105 513 558 556 557 660 
105 513 558 556 557 660 
105 513 558 556 557 660 
105 513 558 556 557 660 
105 513 558 556 557 660 
105 513 558 556 557 660 
105 513 558 556 557 660 
