397 157 479 16 136 99 665 
13 7 69 586 642 665 
13 7 69 586 642 665 
411 157 479 412 500 373 665 
411 157 479 412 7 373 665 
13 7 479 69 586 642 665 
13 7 304 586 642 665 
13 7 586 397 336 642 665 
314 7 586 353 642 665 
259 7 373 586 467 642 665 
99 7 586 126 328 665 
414 7 453 151 586 183 665 
99 126 328 7 479 665 
397 157 7 586 565 41 665 
631 7 373 586 232 642 665 
582 7 586 467 304 665 
631 7 292 373 382 665 
13 7 586 397 183 642 665 
449 7 304 586 642 665 
13 7 479 69 586 642 665 
631 7 382 355 397 498 665 
13 7 304 586 642 665 
13 7 69 586 642 665 
631 552 382 355 397 498 665 
157 7 373 586 149 395 665 
157 7 586 491 565 642 665 
157 7 586 373 631 665 
447 7 253 218 355 665 
13 7 479 304 586 642 665 
414 7 586 183 642 665 
13 7 479 69 586 642 665 
631 355 79 7 283 373 665 
13 7 304 586 642 665 
13 7 69 586 642 665 
382 355 397 498 631 218 665 
218 355 79 7 586 467 665 
631 7 373 586 232 642 665 
99 7 586 631 414 665 
218 7 256 545 304 665 
13 7 479 304 586 642 665 
314 7 586 353 642 665 
13 7 288 69 586 642 665 
447 157 397 479 7 631 665 
13 7 586 161 642 665 
382 355 397 498 631 218 665 
13 7 69 586 642 665 
359 7 373 501 586 397 665 
157 7 414 586 183 642 665 
564 7 586 565 259 665 
218 7 539 183 561 665 
13 7 373 586 183 642 665 
564 7 586 565 642 665 
13 7 479 69 586 642 665 
397 7 157 468 126 395 665 
13 7 586 183 642 665 
13 7 69 586 642 665 
411 157 479 16 136 412 665 
631 7 586 397 414 183 665 
157 7 373 586 631 642 665 
99 7 586 565 126 665 
157 7 149 395 479 665 
13 7 586 397 336 642 665 
314 7 586 353 642 665 
13 7 288 69 586 642 665 
157 7 373 16 136 501 665 
13 7 586 183 642 665 
13 7 69 586 642 665 
397 157 395 401 355 498 665 
157 7 373 501 586 397 665 
157 7 373 586 631 642 665 
157 7 304 586 565 665 
447 7 631 253 157 665 
13 7 453 151 586 642 665 
157 7 586 565 642 665 
13 7 479 69 586 642 665 
631 157 395 401 7 373 665 
13 7 586 183 642 665 
13 7 69 586 642 665 
411 157 479 16 136 412 665 
397 245 498 414 7 586 665 
631 7 414 586 183 642 665 
157 7 586 467 373 665 
218 7 256 467 304 665 
13 7 453 151 586 642 665 
157 7 586 565 642 665 
13 7 288 69 586 642 665 
411 157 479 412 7 357 665 
13 7 586 353 642 665 
13 7 69 586 642 665 
382 355 397 498 631 218 665 
218 7 586 491 468 309 665 
631 7 373 586 232 642 665 
218 7 586 467 304 665 
259 7 292 231 397 665 
13 7 157 304 586 642 665 
414 7 586 183 642 665 
13 7 438 69 586 642 665 
467 7 412 201 373 228 665 
13 7 586 183 642 665 
13 7 69 586 642 665 
