416 527 100 148 97 508 648 
180 253 104 239 513 558 559 645 
201 65 104 239 513 546 558 645 
313 512 100 637 320 117 648 
180 253 104 239 19 558 559 645 
37 117 81 389 313 527 113 569 326 361 669 
388 529 101 104 239 513 546 558 645 
37 117 81 389 313 527 104 240 113 569 669 
104 255 239 180 253 416 558 645 
104 255 239 210 313 637 298 645 
180 447 104 239 210 189 558 645 
313 104 302 239 438 307 558 559 645 
637 516 148 104 210 298 239 117 645 
313 104 302 438 210 239 307 558 645 
16 298 104 428 210 239 348 255 645 
637 298 104 210 516 239 117 645 
313 239 104 148 210 546 558 559 645 
104 255 55 438 210 239 313 434 645 
104 255 239 210 313 434 382 645 
23 65 101 104 239 513 546 558 645 
23 65 101 104 239 513 546 558 645 
23 65 101 104 239 513 546 558 645 
23 65 101 104 239 513 546 558 645 
23 65 101 104 239 513 546 558 645 
23 65 101 104 239 513 546 558 645 
23 65 101 104 239 513 546 558 645 
23 65 101 104 239 513 546 558 645 
23 65 101 104 239 513 546 558 645 
23 65 101 104 239 513 546 558 645 
23 65 101 104 239 513 546 558 645 
23 65 101 104 239 513 546 558 645 
23 65 101 104 239 513 546 558 645 
23 65 101 104 239 513 546 558 645 
23 65 101 104 239 513 546 558 645 
23 65 101 104 239 513 546 558 645 
23 65 101 104 239 513 546 558 645 
23 65 101 104 239 513 546 558 645 
23 65 101 104 239 513 546 558 645 
23 65 101 104 239 513 546 558 645 
23 65 101 104 239 513 546 558 645 
23 65 101 104 239 513 546 558 645 
23 65 101 104 239 513 546 558 645 
23 65 101 104 239 513 546 558 645 
23 65 101 104 239 513 546 558 645 
23 65 101 104 239 513 546 558 645 
23 65 101 104 239 513 546 558 645 
23 65 101 104 239 513 546 558 645 
23 65 101 104 239 513 546 558 645 
23 65 101 104 239 513 546 558 645 
23 65 101 104 239 513 546 558 645 
23 65 101 104 239 513 546 558 645 
23 65 101 104 239 513 546 558 645 
23 65 101 104 239 513 546 558 645 
23 65 101 104 239 513 546 558 645 
23 65 101 104 239 513 546 558 645 
23 65 101 104 239 513 546 558 645 
23 65 101 104 239 513 546 558 645 
23 65 101 104 239 513 546 558 645 
23 65 101 104 239 513 546 558 645 
23 65 101 104 239 513 546 558 645 
23 65 101 104 239 513 546 558 645 
23 65 101 104 239 513 546 558 645 
23 65 101 104 239 513 546 558 645 
23 65 101 104 239 513 546 558 645 
23 65 101 104 239 513 546 558 645 
23 65 101 104 239 513 546 558 645 
23 65 101 104 239 513 546 558 645 
23 65 101 104 239 513 546 558 645 
23 65 101 104 239 513 546 558 645 
23 65 101 104 239 513 546 558 645 
23 65 101 104 239 513 546 558 645 
23 65 101 104 239 513 546 558 645 
23 65 101 104 239 513 546 558 645 
23 65 101 104 239 513 546 558 645 
23 65 101 104 239 513 546 558 645 
23 65 101 104 239 513 546 558 645 
23 65 101 104 239 513 546 558 645 
23 65 101 104 239 513 546 558 645 
102 65 101 104 239 513 546 558 645 
102 65 101 104 239 513 546 558 645 
413 65 101 104 239 513 546 558 645 
630 65 101 104 239 513 546 558 645 
201 65 101 104 239 513 546 558 645 
452 65 101 104 239 513 546 558 645 
388 65 101 104 239 513 546 558 645 
201 65 101 104 239 513 546 558 645 
413 65 101 104 239 513 546 558 645 
388 65 101 104 239 513 546 558 645 
388 65 101 104 239 513 546 558 645 
413 65 101 104 239 513 546 558 645 
388 65 101 104 239 513 546 558 645 
388 65 101 104 239 513 546 558 645 
388 65 101 104 239 513 546 558 645 
388 65 101 104 239 513 546 558 645 
388 65 101 104 239 513 546 558 645 
388 65 101 104 239 513 546 558 645 
388 65 101 104 239 513 546 558 645 
413 65 101 104 239 513 546 558 645 
388 65 101 104 239 513 546 558 645 
413 65 101 104 239 513 546 558 645 
