361 373 312 140 166 18 659 
62 23 65 83 332 489 644 
125 390 180 404 275 373 312 659 
231 410 457 7 275 166 125 665 
62 496 65 83 332 489 644 
62 227 91 332 389 489 644 
125 10 7 253 457 69 586 665 
62 496 65 83 332 489 644 
62 496 65 91 332 489 644 
496 62 65 91 332 489 644 
125 390 7 166 457 586 373 665 
361 140 126 290 166 7 665 
125 390 166 7 69 586 457 665 
62 332 225 91 489 102 644 
125 178 404 7 69 586 587 665 
62 641 91 83 332 489 644 
49 166 410 7 69 642 665 
125 166 7 390 457 586 665 
62 225 552 83 332 489 644 
125 166 7 409 457 586 665 
62 225 91 83 332 489 644 
49 166 410 7 69 642 665 
125 10 166 7 69 586 457 665 
62 332 227 91 489 102 644 
49 509 361 7 166 373 586 665 
62 225 207 83 332 489 644 
62 332 225 91 489 102 644 
62 332 227 91 489 102 644 
49 390 457 7 140 166 577 665 
361 140 126 290 166 7 665 
125 178 404 275 373 312 140 659 
62 496 65 83 332 489 644 
565 62 65 91 332 489 644 
125 178 404 7 69 586 587 665 
62 340 91 83 332 489 644 
49 166 410 7 69 642 665 
125 10 343 7 166 69 586 665 
125 390 7 166 457 586 373 665 
62 161 552 83 332 489 644 
62 225 332 91 489 102 644 
62 332 227 91 489 102 644 
361 390 457 7 140 126 290 665 
372 373 410 7 140 390 665 
275 373 312 140 166 410 659 
62 496 65 83 332 489 644 
62 496 65 91 332 489 644 
372 390 404 7 69 410 586 665 
62 225 91 83 332 489 644 
336 166 410 7 69 642 665 
125 10 166 7 69 586 457 665 
125 576 7 166 457 586 373 665 
62 225 207 83 332 489 644 
62 332 225 91 489 102 644 
62 332 227 91 489 102 644 
536 393 7 361 373 140 126 665 
49 166 509 7 361 373 665 
361 373 312 140 166 18 659 
62 496 65 83 332 489 644 
409 62 65 332 91 489 644 
125 390 404 7 69 586 587 665 
62 87 91 83 332 489 644 
275 166 410 7 69 642 665 
125 10 166 7 69 586 457 665 
125 390 7 166 457 586 373 665 
62 225 552 83 332 489 644 
62 332 225 91 489 102 644 
62 332 227 91 489 102 644 
536 390 7 361 373 140 126 665 
275 166 410 7 380 290 665 
361 373 140 126 490 166 659 
62 496 65 83 332 489 644 
496 62 65 91 332 489 644 
453 390 457 7 69 410 586 665 
62 340 91 83 332 489 644 
275 166 151 7 69 642 665 
125 10 166 7 69 586 457 665 
125 576 7 166 457 586 373 665 
62 225 332 91 489 102 644 
62 332 227 91 489 102 644 
231 410 7 275 166 125 390 665 
125 373 312 390 7 166 665 
275 373 312 140 166 410 659 
496 62 65 83 332 489 644 
565 62 65 91 332 489 644 
125 390 457 7 404 69 586 665 
62 641 91 83 332 489 644 
275 166 410 7 69 642 665 
125 10 166 7 69 586 457 665 
62 225 332 91 489 102 644 
62 332 227 91 489 102 644 
231 410 7 275 166 125 390 665 
361 373 410 7 140 126 665 
275 373 312 140 166 410 659 
62 496 65 83 332 489 644 
353 62 65 91 332 489 644 
125 390 457 7 69 586 587 665 
62 225 91 83 332 489 644 
336 166 410 7 69 642 665 
62 332 225 91 489 102 644 
62 332 227 91 489 102 644 
