567 472 496 385 584 664 
4 23 25 27 240 654 
4 23 25 27 240 654 
483 195 201 496 630 472 509 664 
24 104 239 493 517 660 
2 7 69 586 201 668 
483 201 195 343 472 567 512 668 
4 23 65 27 240 654 
4 23 65 27 240 654 
2 7 69 336 282 668 
24 104 239 493 517 660 
380 7 69 586 282 668 
201 7 586 282 512 668 
633 7 69 586 426 668 
201 7 586 282 512 668 
201 7 633 69 586 668 
480 282 195 509 189 512 264 668 
201 512 605 480 496 668 
633 512 292 7 586 668 
2 7 69 609 282 668 
496 7 201 512 178 586 668 
264 7 69 586 282 668 
483 201 195 509 496 383 512 668 
633 7 586 512 605 668 
430 7 480 512 282 668 
189 7 496 282 512 567 668 
201 7 69 586 512 668 
7 512 496 69 586 668 
189 7 567 480 267 282 512 668 
567 480 496 282 512 668 
189 282 621 7 278 512 668 
567 480 496 282 512 528 668 
2 7 69 586 380 668 
426 282 264 621 512 633 508 668 
567 480 496 282 201 512 668 
189 7 567 480 267 282 512 668 
567 480 496 282 512 668 
496 7 201 512 178 586 668 
633 512 480 282 7 668 
633 512 48 183 176 668 
399 480 562 337 512 118 668 
399 480 562 337 512 118 668 
4 23 25 27 240 654 
483 312 201 496 630 472 264 664 
4 23 65 27 240 654 
24 104 239 493 517 660 
201 7 586 282 512 668 
633 7 69 586 480 668 
2 7 69 609 282 668 
201 7 69 586 282 668 
483 201 195 509 496 383 512 668 
264 512 292 7 586 668 
567 7 69 586 512 668 
201 7 354 282 480 512 668 
2 7 69 586 567 668 
426 282 480 380 512 633 593 668 
567 480 496 282 512 453 668 
496 7 195 282 189 201 512 668 
567 480 496 282 512 668 
225 7 201 512 178 586 668 
480 512 633 7 282 668 
630 512 292 472 496 668 
201 187 562 337 605 512 668 
4 23 25 27 240 654 
483 312 201 496 630 472 385 664 
4 23 65 27 240 654 
24 104 239 493 517 660 
201 7 586 282 512 668 
633 7 69 586 426 668 
380 7 69 586 282 668 
483 201 195 509 496 383 512 668 
633 512 605 7 586 668 
277 7 69 586 512 668 
264 282 621 512 633 7 668 
2 7 69 586 567 668 
426 282 246 118 512 605 480 668 
264 282 621 512 633 508 668 
480 201 195 282 189 7 512 668 
264 512 480 282 195 668 
201 480 496 512 7 586 668 
480 282 189 7 512 668 
633 512 48 183 474 668 
399 606 562 337 512 118 668 
483 201 630 472 496 385 584 664 
4 23 25 27 240 654 
4 23 65 27 240 654 
24 104 239 493 517 660 
201 7 586 282 512 668 
633 7 69 586 426 668 
201 7 69 586 282 668 
483 201 195 509 496 383 512 668 
264 512 292 7 586 668 
201 7 69 586 512 668 
567 480 496 282 512 7 668 
264 282 201 496 88 567 512 668 
264 282 621 512 201 605 668 
189 7 567 480 267 282 512 668 
480 282 189 512 264 668 
512 201 195 605 7 586 668 
496 7 480 512 282 668 
