88 214 222 395 103 38 653 
104 239 513 517 196 559 644 
104 239 513 517 196 559 644 
180 154 364 55 404 88 653 
104 239 517 234 559 53 644 
530 28 52 290 437 512 668 
544 154 249 4 365 530 653 
544 457 52 437 512 282 668 
544 28 52 437 512 457 668 
544 154 543 4 128 530 653 
104 239 517 234 559 53 644 
544 457 364 437 512 282 668 
544 457 52 437 512 282 668 
544 397 52 290 437 512 668 
457 52 584 530 437 512 668 
544 457 364 437 512 282 668 
544 285 222 88 512 282 668 
37 485 16 512 88 282 668 
313 154 314 437 379 512 668 
37 485 16 437 364 512 668 
544 457 313 154 530 417 653 
104 239 513 517 196 559 644 
228 28 52 437 512 290 668 
530 485 421 154 543 4 653 
104 239 517 234 559 53 644 
544 457 52 437 512 282 668 
544 457 52 437 364 512 668 
544 457 364 437 512 282 668 
222 485 231 512 88 282 668 
180 154 364 437 512 425 668 
37 485 16 285 307 326 653 
104 239 513 517 196 559 644 
530 28 52 290 437 512 668 
544 457 364 4 365 637 653 
104 239 517 234 559 53 644 
544 457 52 437 512 282 668 
530 154 52 437 364 512 668 
544 457 364 437 512 282 668 
37 485 16 512 149 282 668 
180 154 314 437 512 364 668 
104 239 513 517 196 559 644 
285 289 544 399 485 180 653 
530 28 52 437 512 180 668 
544 154 249 4 365 530 653 
104 239 517 234 559 53 644 
544 457 52 437 512 282 668 
530 457 52 437 512 633 668 
544 457 364 437 512 282 668 
544 326 88 512 222 282 668 
327 335 222 437 512 599 668 
104 239 513 517 196 559 644 
544 154 530 417 380 584 653 
530 28 52 437 512 544 668 
313 154 530 417 584 4 653 
104 239 517 234 559 53 644 
544 457 52 437 512 282 668 
37 457 52 437 512 323 668 
544 457 438 437 512 282 668 
180 285 88 512 222 282 668 
327 335 222 599 437 512 668 
104 239 513 517 373 559 644 
37 485 16 285 289 544 653 
544 28 52 437 512 457 668 
544 380 584 4 457 364 653 
104 239 517 234 559 53 644 
544 457 52 437 512 282 668 
544 397 52 437 512 290 668 
544 457 364 437 512 282 668 
544 326 222 88 512 282 668 
327 335 222 599 437 512 668 
104 239 513 517 196 559 644 
180 154 364 55 404 88 653 
530 28 52 437 512 547 668 
530 154 342 4 365 222 653 
104 239 517 234 559 53 644 
544 457 52 437 512 282 668 
544 457 52 437 512 364 668 
544 457 364 437 512 282 668 
544 326 373 512 222 282 668 
530 154 364 437 512 421 668 
37 277 314 581 154 485 653 
104 239 513 517 196 559 644 
530 28 52 437 512 547 668 
313 154 584 4 530 421 653 
104 239 517 234 559 368 644 
544 457 52 437 512 282 668 
544 457 52 437 364 512 668 
544 457 364 437 512 282 668 
37 485 16 512 88 282 668 
327 335 222 421 437 512 668 
104 239 513 517 196 559 644 
88 154 342 55 222 305 653 
530 28 52 437 512 544 668 
544 380 584 4 457 364 653 
104 239 517 234 559 53 644 
544 126 52 437 512 282 668 
544 457 52 437 364 512 668 
37 485 16 88 512 282 668 
530 154 467 437 512 342 668 
104 239 513 517 196 559 644 
