183 88 457 565 79 59 666 
45 9 486 442 591 662 
22 2 24 44 486 579 644 
137 213 248 594 7 308 670 
46 65 77 526 523 522 644 
45 9 588 442 591 662 
22 65 24 44 486 492 644 
46 250 526 523 522 627 644 
212 9 442 591 588 662 
212 164 588 375 185 662 
436 65 526 523 522 627 644 
22 506 24 44 523 579 644 
77 65 526 523 522 627 644 
46 65 526 523 626 627 644 
212 19 588 375 185 662 
212 501 588 562 491 662 
212 9 588 442 164 662 
46 65 526 523 522 525 644 
45 9 19 442 591 662 
212 9 19 442 588 662 
382 9 588 442 591 662 
375 395 19 185 588 662 
12 65 526 523 522 627 644 
375 395 19 185 88 662 
46 65 526 523 522 627 644 
46 65 526 523 522 627 644 
46 65 526 523 522 627 644 
46 65 526 523 522 627 644 
46 65 526 523 522 627 644 
46 65 526 523 522 627 644 
46 65 526 523 522 627 644 
46 65 526 523 522 627 644 
46 65 526 523 522 627 644 
46 65 526 523 522 627 644 
46 65 526 523 522 627 644 
46 65 526 523 522 627 644 
46 65 526 523 522 627 644 
46 65 526 523 522 627 644 
46 65 526 523 522 627 644 
46 65 526 523 522 627 644 
46 65 526 523 522 627 644 
46 65 526 523 522 627 644 
46 65 526 523 522 627 644 
46 65 526 523 522 627 644 
46 65 526 523 522 627 644 
46 65 526 523 522 627 644 
46 65 526 523 522 627 644 
46 65 526 523 522 627 644 
46 65 526 523 522 627 644 
46 65 526 523 522 627 644 
46 65 526 523 522 627 644 
46 65 526 523 522 627 644 
46 65 526 523 522 627 644 
46 65 526 523 522 627 644 
46 65 526 523 522 627 644 
46 65 526 523 522 627 644 
46 65 526 523 522 627 644 
46 65 526 523 522 627 644 
46 65 526 523 522 627 644 
46 65 526 523 522 627 644 
46 65 526 523 522 627 644 
46 65 526 523 522 627 644 
46 65 526 523 522 627 644 
46 65 526 523 522 627 644 
46 65 526 523 522 627 644 
46 65 526 523 522 627 644 
46 65 526 523 522 627 644 
46 65 526 523 522 627 644 
46 65 526 523 522 627 644 
46 65 526 523 522 627 644 
46 65 526 523 522 627 644 
46 65 526 523 522 627 644 
46 65 526 523 522 627 644 
46 65 526 523 522 627 644 
46 65 526 523 522 627 644 
46 65 526 523 522 627 644 
46 65 526 523 522 627 644 
46 65 526 523 522 627 644 
46 65 526 523 522 627 644 
46 65 526 523 522 627 644 
46 65 526 523 522 627 644 
46 65 526 523 522 627 644 
46 65 526 523 522 627 644 
46 65 526 523 522 627 644 
46 65 526 523 522 627 644 
46 65 526 523 522 627 644 
46 65 526 523 522 627 644 
46 65 526 523 522 627 644 
46 65 526 523 522 627 644 
46 65 526 523 522 627 644 
46 65 526 523 522 627 644 
46 65 526 523 522 627 644 
46 65 526 523 522 627 644 
46 65 526 523 522 627 644 
46 65 526 523 522 627 644 
46 65 526 523 522 627 644 
46 65 526 523 522 627 644 
46 65 526 523 522 627 644 
46 65 526 523 522 627 644 
46 65 526 523 522 627 644 
