8 543 606 629 85 666 
62 82 93 488 634 654 
175 412 606 629 108 666 
62 82 93 488 634 654 
12 13 9 442 591 662 
175 588 268 416 561 662 
305 543 246 588 529 662 
175 79 185 50 588 662 
12 13 9 442 591 662 
175 293 185 50 588 662 
12 138 9 442 591 662 
12 13 404 442 591 662 
7 588 9 442 12 662 
12 13 404 442 591 662 
12 214 9 442 591 662 
175 113 9 442 591 662 
175 588 7 293 185 662 
7 175 293 588 185 662 
7 588 112 293 442 662 
175 293 7 588 442 662 
7 588 9 253 442 662 
7 588 561 9 442 662 
7 588 9 442 12 662 
175 113 9 442 591 662 
519 543 606 8 40 666 
62 82 93 488 634 654 
175 588 268 416 561 662 
12 13 9 442 591 662 
12 13 563 442 591 662 
12 310 9 442 591 662 
175 293 185 7 588 662 
175 588 7 293 442 662 
9 588 7 442 413 662 
7 588 9 442 12 662 
175 143 9 442 591 662 
62 82 93 488 634 654 
175 543 606 629 113 666 
175 588 561 195 402 662 
12 13 9 442 591 662 
12 13 404 442 591 662 
12 231 9 442 591 662 
7 588 175 293 185 662 
7 416 293 588 442 662 
7 113 9 442 588 662 
9 588 7 442 12 662 
175 113 9 442 591 662 
62 82 93 488 634 654 
8 543 606 629 40 666 
175 412 108 588 561 662 
12 13 9 442 591 662 
12 13 404 442 591 662 
12 231 9 442 591 662 
7 588 415 293 442 662 
7 588 9 442 415 662 
7 588 9 442 12 662 
175 113 9 442 591 662 
62 82 93 488 634 654 
457 114 404 330 543 666 
175 588 561 113 150 662 
12 13 9 442 591 662 
12 13 404 442 591 662 
12 231 9 442 591 662 
7 293 588 442 377 662 
7 588 9 442 415 662 
7 588 9 442 12 662 
175 113 9 442 591 662 
457 114 404 8 543 666 
62 82 93 488 634 654 
8 588 415 543 606 662 
12 13 9 442 591 662 
12 13 404 442 591 662 
12 231 9 442 591 662 
7 293 588 442 175 662 
7 416 588 9 442 662 
7 588 9 442 12 662 
175 113 9 442 591 662 
519 543 606 629 412 666 
62 82 93 488 634 654 
175 588 561 8 543 662 
12 13 9 442 591 662 
12 13 563 442 591 662 
12 377 9 442 591 662 
7 588 415 293 442 662 
7 588 9 416 442 662 
7 588 9 442 12 662 
175 412 9 442 591 662 
8 40 404 543 606 666 
62 82 93 488 634 654 
175 412 108 588 561 662 
12 13 9 442 591 662 
12 13 563 442 591 662 
12 231 9 442 591 662 
7 293 588 126 442 662 
7 402 588 9 442 662 
7 588 9 442 12 662 
175 113 9 442 591 662 
62 82 93 488 634 654 
519 402 350 482 337 666 
175 588 561 195 402 662 
12 13 9 442 591 662 
