317 536 129 544 638 674 
24 26 102 104 239 660 
24 26 102 104 239 660 
317 536 129 581 184 674 
103 207 294 598 298 512 668 
24 23 102 104 239 660 
294 23 102 104 239 660 
24 23 102 104 239 660 
501 23 102 104 239 660 
437 333 102 512 553 668 
102 124 239 437 512 553 668 
437 512 369 282 553 668 
437 333 102 512 553 668 
393 207 512 129 355 282 668 
268 536 49 512 317 668 
437 512 586 480 282 668 
437 512 553 317 103 668 
437 512 317 282 245 668 
437 512 586 480 282 668 
103 207 437 512 468 282 668 
317 282 437 512 193 668 
437 512 369 553 108 668 
437 512 553 317 282 668 
437 512 245 641 636 668 
103 207 437 184 519 512 668 
103 207 437 156 512 317 668 
103 512 317 282 300 668 
294 598 298 512 491 207 668 
317 184 512 467 103 282 668 
399 512 317 282 369 668 
437 512 103 317 282 467 668 
437 512 245 641 355 668 
103 512 129 480 108 668 
24 26 102 104 239 660 
317 536 129 327 638 674 
24 23 102 104 239 660 
127 23 102 104 239 660 
437 512 586 480 282 668 
437 512 317 282 193 668 
437 512 553 288 641 668 
437 512 369 282 553 668 
103 207 437 404 512 369 668 
317 112 512 536 294 505 668 
245 512 641 355 282 356 668 
317 282 416 512 193 668 
103 317 437 512 282 300 668 
437 512 369 372 317 668 
103 512 129 480 536 668 
24 26 102 104 239 660 
317 536 129 544 638 674 
24 23 102 104 239 660 
294 23 102 104 239 660 
437 512 586 480 282 668 
437 512 317 282 193 668 
437 512 553 288 519 668 
437 512 369 282 553 668 
103 575 437 184 512 317 668 
317 319 512 536 268 480 668 
581 184 512 480 282 128 668 
103 512 317 282 300 668 
480 207 437 512 139 282 668 
437 512 369 372 317 668 
103 512 129 207 355 668 
24 26 102 104 239 660 
317 536 129 544 638 674 
24 23 102 104 239 660 
55 23 102 104 239 660 
437 512 317 282 586 668 
437 512 383 282 480 668 
437 512 553 317 536 668 
437 512 641 103 317 49 668 
317 319 512 536 268 49 668 
245 184 512 38 317 282 668 
399 512 369 282 294 668 
103 317 437 536 512 282 668 
437 512 369 103 207 668 
317 512 195 479 536 668 
317 536 129 544 103 674 
24 26 102 104 239 660 
24 23 102 104 239 660 
294 23 102 104 239 660 
437 512 317 282 586 668 
437 512 317 282 193 668 
437 536 129 512 553 668 
317 184 437 536 401 512 668 
317 184 512 536 294 505 668 
103 536 512 317 480 282 668 
404 512 369 282 268 668 
103 317 437 512 282 300 668 
437 512 480 207 139 668 
103 512 480 536 317 668 
24 26 102 104 239 660 
317 184 482 294 598 491 674 
24 23 102 104 239 660 
127 23 102 104 239 660 
437 512 586 480 282 668 
437 512 480 383 282 668 
437 512 369 553 108 668 
103 207 437 512 245 184 668 
294 598 447 207 512 48 668 
