470 137 371 165 143 100 655 
234 294 213 468 598 52 655 
105 558 546 556 557 660 
123 563 556 557 239 660 
123 558 556 557 559 660 
123 558 556 557 578 660 
123 558 556 104 559 660 
105 558 556 324 557 660 
123 141 268 556 239 660 
407 342 123 640 176 239 660 
123 558 556 563 239 660 
123 563 176 556 239 660 
131 558 629 556 557 660 
123 558 268 556 557 660 
123 563 176 146 239 660 
123 556 563 239 291 100 660 
123 556 141 239 291 100 660 
470 294 87 123 563 660 
513 558 556 557 579 660 
513 558 556 557 579 660 
513 558 556 557 579 660 
513 558 556 557 579 660 
513 558 556 557 579 660 
105 558 556 559 557 660 
105 558 556 557 559 660 
105 558 556 557 559 660 
105 558 556 557 559 660 
105 558 556 123 557 660 
105 558 556 123 557 660 
105 558 556 123 557 660 
105 558 556 557 123 660 
105 558 556 557 123 660 
105 558 556 557 123 660 
105 558 556 123 557 660 
105 558 556 557 123 660 
105 558 556 557 123 660 
105 558 556 557 123 660 
105 558 556 557 123 660 
105 558 556 557 123 660 
105 558 556 123 557 660 
105 558 123 556 557 660 
105 558 556 557 123 660 
105 558 556 557 123 660 
105 558 556 557 123 660 
105 558 123 556 557 660 
105 558 556 557 123 660 
105 558 123 556 557 660 
105 558 556 557 123 660 
105 558 123 556 557 660 
105 558 556 557 123 660 
105 558 123 556 557 660 
105 558 556 123 557 660 
105 558 556 123 557 660 
105 558 556 123 557 660 
105 558 556 123 557 660 
105 558 123 556 557 660 
105 558 556 557 123 660 
105 558 556 557 123 660 
105 558 556 557 123 660 
105 558 556 557 123 660 
105 558 556 557 123 660 
105 558 556 123 557 660 
105 558 556 557 123 660 
105 558 556 123 557 660 
105 558 556 557 123 660 
105 558 556 557 123 660 
105 558 556 557 123 660 
105 558 556 557 123 660 
105 558 556 557 123 660 
105 558 556 123 557 660 
105 558 123 556 557 660 
105 558 123 556 557 660 
105 558 556 123 557 660 
105 558 123 556 557 660 
105 558 556 557 123 660 
105 558 556 123 557 660 
105 558 556 557 123 660 
105 558 556 123 557 660 
105 558 556 557 123 660 
105 558 556 557 123 660 
105 558 556 123 557 660 
105 558 556 557 123 660 
105 558 556 123 557 660 
105 558 556 557 123 660 
105 558 556 123 557 660 
105 558 556 557 123 660 
105 558 556 557 123 660 
105 558 556 123 557 660 
105 558 556 557 123 660 
105 558 556 123 557 660 
105 558 556 557 123 660 
105 558 556 123 557 660 
105 558 556 123 557 660 
105 558 556 123 557 660 
105 558 123 556 557 660 
105 558 556 123 557 660 
105 558 556 123 557 660 
105 558 556 123 557 660 
105 558 556 123 557 660 
105 558 556 557 123 660 
