41 479 515 71 633 483 649 
41 483 324 512 536 668 
138 13 7 69 586 668 
282 512 7 586 478 668 
7 282 69 586 623 668 
598 7 69 282 586 668 
292 282 468 324 512 668 
282 483 324 7 512 668 
292 391 7 586 512 668 
204 13 7 512 586 668 
52 533 7 512 586 668 
52 282 7 512 586 668 
14 13 7 69 586 668 
14 13 7 69 586 668 
14 13 7 69 586 668 
14 13 7 69 586 668 
14 13 7 69 586 668 
14 13 7 69 586 668 
14 13 7 69 586 668 
14 13 7 69 586 668 
14 13 7 69 586 668 
14 13 7 69 586 668 
14 13 7 69 586 668 
14 13 7 69 586 668 
14 13 7 69 586 668 
14 13 7 69 586 668 
14 13 7 69 586 668 
14 13 7 69 586 668 
14 13 7 69 586 668 
14 13 7 69 586 668 
14 13 7 69 586 668 
14 13 7 69 586 668 
14 13 7 69 586 668 
14 13 7 69 586 668 
14 13 7 69 586 668 
14 13 7 69 586 668 
14 13 7 69 586 668 
14 13 7 69 586 668 
14 13 7 69 586 668 
14 13 7 69 586 668 
14 13 7 69 586 668 
14 13 7 69 586 668 
14 13 7 69 586 668 
14 13 7 69 586 668 
14 13 7 69 586 668 
14 13 7 69 586 668 
14 13 7 69 586 668 
14 13 7 69 586 668 
14 13 7 69 586 668 
14 13 7 69 586 668 
14 13 7 69 586 668 
14 13 7 69 586 668 
14 13 7 69 586 668 
14 13 7 69 586 668 
14 13 7 69 586 668 
14 13 7 69 586 668 
14 13 7 69 586 668 
14 13 7 69 586 668 
14 13 7 69 586 668 
14 13 7 69 586 668 
14 13 7 69 586 668 
14 13 7 69 586 668 
14 13 7 69 586 668 
14 13 7 69 586 668 
14 13 7 69 586 668 
14 13 7 69 586 668 
14 13 7 69 586 668 
14 13 7 69 586 668 
14 13 7 69 586 668 
14 13 7 69 586 668 
14 13 7 69 586 668 
14 13 7 69 586 668 
14 13 7 69 586 668 
14 13 7 69 586 668 
14 13 7 69 586 668 
14 13 7 69 586 668 
14 13 7 69 586 668 
14 13 7 69 586 668 
14 13 7 69 586 668 
14 13 7 69 586 668 
14 13 7 69 586 668 
14 13 7 69 586 668 
14 13 7 69 586 668 
14 13 7 69 586 668 
14 13 7 69 586 668 
14 13 7 69 586 668 
14 13 7 69 586 668 
14 13 7 69 586 668 
14 13 7 69 586 668 
14 13 7 69 586 668 
14 13 7 69 586 668 
14 13 7 69 586 668 
14 13 7 69 586 668 
14 13 7 69 586 668 
14 13 7 69 586 668 
14 13 7 69 586 668 
14 13 7 69 586 668 
14 13 7 69 586 668 
14 13 7 69 586 668 
14 13 7 69 586 668 
