53 156 7 442 447 648 
53 312 7 442 447 648 
53 447 7 442 470 648 
53 564 7 447 442 648 
53 625 7 372 442 648 
3 13 7 442 181 648 
53 564 7 372 442 648 
113 449 7 442 53 648 
53 587 7 442 300 648 
53 638 7 400 442 648 
53 587 7 442 300 648 
53 372 7 442 447 648 
53 400 7 442 422 648 
53 422 7 442 639 648 
53 422 7 442 380 648 
53 564 7 447 442 648 
3 449 7 442 53 648 
3 564 7 119 442 648 
3 156 7 442 449 648 
3 449 7 442 470 648 
3 156 7 564 442 648 
3 278 7 638 442 648 
3 564 7 442 470 648 
248 565 470 224 206 661 
3 564 7 442 300 648 
300 156 498 224 206 661 
3 564 7 442 470 648 
3 638 7 442 459 648 
380 131 470 224 206 661 
53 447 7 442 470 648 
3 156 7 442 449 648 
3 638 7 442 449 648 
3 564 7 442 300 648 
470 224 453 380 616 667 
3 103 7 638 442 648 
300 156 498 224 206 661 
183 135 470 498 206 661 
3 156 7 442 114 648 
140 135 498 470 206 661 
380 135 470 79 206 661 
3 638 7 442 412 648 
380 135 470 224 206 661 
639 224 7 442 447 648 
300 103 7 442 498 648 
380 474 470 224 206 661 
470 224 7 442 453 648 
470 224 357 156 498 667 
470 224 335 85 581 667 
3 638 7 442 412 648 
470 224 340 426 581 667 
380 447 335 85 470 667 
300 400 7 442 156 648 
380 103 7 442 447 648 
300 156 7 442 357 648 
300 156 7 442 498 648 
300 156 7 442 357 648 
300 156 7 442 498 648 
300 103 7 442 498 648 
300 156 7 442 498 648 
380 224 7 442 340 648 
300 103 7 442 616 648 
380 121 7 442 470 648 
300 103 7 442 498 648 
300 156 7 442 498 648 
380 135 470 224 206 661 
470 224 453 380 447 667 
248 565 470 224 206 661 
380 447 470 224 206 661 
380 18 562 224 206 661 
300 156 498 224 206 661 
380 131 470 224 206 661 
380 18 470 224 206 661 
380 392 470 224 206 661 
380 447 470 224 206 661 
357 156 498 224 206 661 
357 135 498 224 206 661 
569 135 498 224 206 661 
380 135 470 224 206 661 
140 135 498 470 206 661 
569 135 498 224 206 661 
380 135 470 224 206 661 
380 135 470 224 206 661 
357 135 498 224 206 661 
380 447 470 224 206 661 
380 135 470 224 206 661 
380 135 470 224 206 661 
414 565 470 224 206 661 
380 565 470 224 206 661 
380 135 470 224 206 661 
470 224 335 85 581 667 
470 224 319 85 581 667 
470 224 340 85 581 667 
470 224 616 85 232 667 
470 224 616 85 99 667 
380 224 340 85 581 667 
470 224 453 85 581 667 
470 224 340 85 99 667 
470 224 453 85 581 667 
470 224 340 85 581 667 
470 224 453 85 581 667 
