7 62 68 547 309 642 654 
330 16 506 569 561 275 476 670 
427 276 415 195 630 7 642 670 
104 370 559 7 62 654 
312 37 415 195 630 7 586 670 
309 16 506 195 19 335 287 670 
44 62 141 68 626 676 
104 74 7 370 559 654 
7 29 62 68 104 654 
7 29 62 68 411 654 
309 16 434 104 559 239 645 
104 370 559 7 62 654 
7 62 68 547 309 642 654 
44 62 465 68 141 676 
7 62 68 477 104 654 
427 276 415 195 630 7 642 670 
7 62 68 477 104 654 
7 62 68 547 121 642 654 
104 370 559 7 62 654 
7 62 68 477 104 654 
34 332 253 104 559 239 645 
7 29 62 68 104 654 
7 62 68 547 641 642 654 
44 62 141 68 548 676 
7 29 62 68 104 654 
44 62 141 68 548 676 
427 276 415 330 630 7 642 670 
7 62 68 477 104 654 
427 276 415 330 630 7 642 670 
104 370 559 7 62 654 
7 62 68 477 559 654 
427 276 415 195 630 7 642 670 
44 62 141 68 548 676 
7 62 68 477 559 654 
104 370 559 7 62 654 
7 62 68 477 104 654 
7 62 68 477 559 654 
34 332 253 104 559 239 645 
104 370 559 7 62 654 
7 62 68 477 559 654 
34 16 253 104 131 239 645 
34 16 253 104 611 239 645 
34 16 253 104 131 239 645 
312 37 415 372 506 7 586 670 
312 37 415 372 630 7 586 670 
312 37 415 195 630 7 586 670 
312 37 415 372 630 7 586 670 
7 29 62 68 104 654 
7 62 68 547 309 642 654 
34 16 253 104 561 239 645 
7 29 62 68 104 654 
312 37 415 195 630 7 586 670 
44 62 34 68 141 676 
44 62 34 68 141 676 
267 276 415 195 630 7 642 670 
44 62 34 68 141 676 
267 276 415 195 630 7 642 670 
44 62 141 68 626 676 
267 276 415 195 630 7 642 670 
44 62 34 68 141 676 
104 40 7 559 185 654 
29 40 7 62 68 654 
44 62 141 68 626 676 
309 16 253 104 559 239 645 
104 40 7 559 185 654 
44 62 141 68 626 676 
309 16 253 104 559 239 645 
29 477 7 62 68 654 
44 62 29 68 93 676 
44 62 29 68 93 676 
104 40 7 559 185 654 
309 16 253 104 559 239 645 
44 62 29 68 93 676 
7 29 62 180 68 654 
29 40 7 62 68 654 
309 16 253 104 559 239 645 
44 62 29 68 93 676 
44 62 141 68 626 676 
267 276 415 195 630 7 642 670 
104 40 7 559 185 654 
309 16 253 104 559 239 645 
44 62 157 68 141 676 
44 62 208 68 141 676 
44 62 484 68 141 676 
44 62 208 68 141 676 
330 16 506 569 561 7 476 670 
312 37 415 561 476 195 7 670 
330 16 506 569 561 7 476 670 
312 37 415 561 476 195 7 670 
312 37 415 561 476 195 7 670 
330 16 506 569 476 195 561 670 
309 19 506 335 16 287 476 670 
309 16 576 37 476 195 55 670 
330 16 506 287 476 195 561 670 
309 16 506 287 476 37 55 670 
330 16 506 195 561 37 459 670 
330 16 506 195 37 55 149 670 
353 19 506 37 55 149 195 670 
330 16 506 195 561 37 55 670 
330 16 506 37 55 149 616 670 
