1 35 27 42 276 657 
21 35 608 42 276 657 
1 35 27 42 276 657 
21 35 42 276 608 657 
1 35 42 276 387 657 
1 35 42 276 387 657 
21 35 42 276 608 657 
1 35 42 276 387 657 
1 35 42 276 387 657 
1 35 42 276 387 657 
27 387 608 42 276 657 
27 387 608 42 276 657 
27 387 608 42 276 657 
1 35 42 276 387 657 
27 387 608 42 276 657 
27 387 42 276 608 657 
1 35 42 276 387 657 
1 35 27 42 276 657 
27 387 42 276 608 657 
21 35 42 276 608 657 
27 387 42 276 608 657 
387 108 42 276 69 657 
387 108 42 276 69 657 
387 108 42 276 69 657 
387 108 42 276 69 657 
21 35 42 276 608 657 
387 108 42 276 69 657 
27 387 608 42 276 657 
387 108 42 276 69 657 
21 35 608 42 276 657 
387 108 42 276 69 657 
1 35 42 276 387 657 
387 108 42 276 69 657 
27 283 42 387 276 657 
27 387 42 276 616 657 
27 387 42 276 237 657 
27 108 42 387 276 657 
27 387 42 276 237 657 
27 108 42 387 276 657 
27 387 42 276 237 657 
27 387 42 276 598 657 
27 35 42 276 584 657 
27 35 42 598 276 657 
27 35 42 276 237 657 
27 35 42 276 108 657 
27 35 42 276 237 657 
27 35 42 598 276 657 
27 35 42 276 108 657 
27 35 42 276 108 657 
237 629 27 42 276 657 
27 108 237 42 276 657 
237 108 27 42 276 657 
237 108 27 42 276 657 
594 108 27 42 276 657 
616 108 42 387 276 657 
616 387 42 276 529 657 
594 108 27 42 276 657 
108 42 100 387 276 657 
409 108 42 276 387 657 
409 387 42 276 85 657 
616 108 42 387 276 657 
387 108 42 598 276 657 
594 108 42 387 276 657 
237 108 27 42 276 657 
594 108 27 42 276 657 
609 108 42 276 616 657 
594 108 42 598 276 657 
594 108 42 276 478 657 
594 108 42 598 276 657 
594 108 42 490 276 657 
594 108 42 276 377 657 
616 108 42 276 85 657 
616 108 42 276 100 657 
616 529 42 85 387 657 
409 387 42 79 424 657 
85 108 42 409 387 657 
409 377 42 598 387 657 
409 108 42 598 387 657 
409 108 42 598 387 657 
409 387 85 156 42 657 
409 387 424 42 616 657 
362 108 42 598 85 657 
616 598 42 79 85 657 
609 108 42 616 529 657 
616 108 42 598 85 657 
85 377 42 598 88 657 
609 108 42 616 529 657 
630 108 42 598 387 657 
609 108 42 598 100 657 
609 108 42 598 100 657 
609 108 42 598 320 657 
85 377 88 564 616 666 
100 598 49 496 478 666 
616 529 446 301 85 666 
616 598 85 496 51 666 
609 598 85 496 162 666 
616 598 85 496 482 666 
85 377 88 564 40 666 
616 598 85 496 482 666 
85 162 569 88 106 666 
