10 12 9 14 442 586 671 
395 618 170 392 410 496 671 
9 326 410 12 442 586 671 
10 7 12 410 442 586 671 
9 618 7 586 254 410 671 
9 7 410 12 442 586 671 
410 18 7 310 586 363 671 
9 618 87 303 442 586 671 
352 9 14 12 442 586 671 
9 618 170 410 442 586 671 
340 175 7 392 118 586 671 
352 9 14 12 442 586 671 
415 410 7 363 175 445 671 
10 12 9 14 442 586 671 
9 618 87 410 442 586 671 
9 618 87 410 442 586 671 
9 618 7 410 442 586 671 
9 618 7 566 442 586 671 
9 618 528 410 442 586 671 
10 12 9 14 442 586 671 
9 618 87 410 442 586 671 
9 618 7 410 442 586 671 
9 618 161 410 442 586 671 
9 618 87 410 442 586 671 
9 618 7 410 442 586 671 
9 326 410 12 442 586 671 
9 618 87 410 442 586 671 
9 354 222 12 442 586 671 
9 354 410 12 442 586 671 
9 326 410 12 442 586 671 
9 618 7 445 586 254 671 
9 618 7 410 442 586 671 
9 366 7 586 254 410 671 
9 618 392 18 7 586 671 
9 618 7 445 586 254 671 
9 326 410 12 442 586 671 
9 7 410 12 442 586 671 
9 618 7 586 254 410 671 
9 326 410 12 442 586 671 
9 618 7 445 586 254 671 
9 618 7 586 254 410 671 
9 618 7 410 442 586 671 
9 618 7 410 442 586 671 
9 7 231 12 442 586 671 
9 354 410 12 442 586 671 
9 12 7 388 442 586 671 
9 7 410 12 442 586 671 
9 12 7 410 442 586 671 
9 12 7 410 442 586 671 
9 12 7 410 442 586 671 
10 12 470 14 442 586 671 
10 12 470 14 442 586 671 
10 12 470 14 442 586 671 
10 12 470 14 442 586 671 
10 12 7 14 442 586 671 
10 12 7 14 442 586 671 
10 12 470 14 442 586 671 
10 12 7 14 442 586 671 
10 12 470 14 442 586 671 
10 12 470 14 442 586 671 
10 12 7 14 442 586 671 
10 12 7 14 442 586 671 
10 12 7 14 442 586 671 
392 410 18 291 85 284 650 
10 12 7 14 442 586 671 
392 18 7 421 363 586 671 
410 18 7 310 586 363 671 
340 175 7 445 363 586 671 
392 18 7 421 363 586 671 
392 410 7 363 496 291 671 
154 629 7 445 363 340 671 
392 410 7 363 496 175 671 
410 175 7 445 363 340 671 
154 629 7 445 363 586 671 
410 210 7 363 392 291 671 
392 18 7 107 410 363 671 
410 629 7 445 363 586 671 
392 410 7 363 496 291 671 
410 175 7 445 363 586 671 
10 12 7 107 442 586 671 
10 7 410 12 442 586 671 
10 12 7 442 586 430 671 
10 12 7 442 586 88 671 
392 18 7 310 586 107 671 
392 18 7 163 586 474 671 
18 7 245 586 362 410 671 
10 12 7 107 442 586 671 
392 18 7 310 586 107 671 
10 7 410 12 442 586 671 
392 18 7 310 586 107 671 
392 18 7 586 254 107 671 
392 18 7 107 422 586 671 
10 12 7 107 442 586 671 
392 410 18 291 85 284 650 
392 410 496 291 121 565 650 
638 410 18 575 621 468 650 
99 317 18 506 319 565 650 
392 410 18 291 85 284 650 
392 410 18 291 85 284 650 
392 410 18 291 85 284 650 
