65 326 52 94 96 676 
65 419 94 96 102 676 
65 419 94 96 102 676 
143 13 24 35 70 590 654 
131 454 7 422 586 642 665 
65 92 94 96 102 676 
13 139 7 226 586 642 665 
19 313 611 210 191 7 665 
237 630 397 313 611 373 665 
267 131 7 313 210 586 665 
65 92 94 96 389 676 
65 92 94 96 389 676 
65 92 94 96 389 676 
65 92 94 96 389 676 
65 312 52 94 96 676 
65 214 52 94 96 676 
65 92 94 96 389 676 
65 312 52 94 96 676 
65 458 52 94 96 676 
65 92 94 96 389 676 
65 214 52 94 96 676 
65 214 52 94 96 676 
65 458 52 94 96 676 
65 92 94 96 389 676 
65 92 94 96 389 676 
65 92 94 96 389 676 
65 312 52 94 96 676 
611 13 7 139 586 642 665 
611 13 7 284 586 642 665 
65 92 94 96 389 676 
65 312 52 94 96 676 
611 13 7 139 586 642 665 
611 13 24 35 70 590 654 
611 13 7 139 586 642 665 
611 13 24 35 70 590 654 
611 13 24 35 70 590 654 
611 13 7 139 586 642 665 
65 92 52 94 96 676 
65 92 52 94 96 676 
611 13 7 284 586 642 665 
611 13 24 35 70 590 654 
65 136 52 94 96 676 
65 92 52 94 96 676 
65 92 52 94 96 676 
65 92 52 94 96 676 
65 92 52 94 96 676 
611 13 24 35 70 590 654 
611 13 7 139 586 642 665 
65 92 52 94 96 676 
131 281 7 422 586 642 665 
576 313 7 422 586 642 665 
307 313 7 422 586 642 665 
576 313 7 422 586 642 665 
65 92 52 94 96 676 
611 13 7 139 586 642 665 
611 13 24 35 70 590 654 
307 313 7 422 586 642 665 
65 92 52 94 96 676 
131 313 7 422 586 642 665 
611 13 24 35 70 590 654 
611 13 24 35 70 590 654 
131 313 7 422 586 642 665 
65 92 52 94 96 676 
611 13 7 139 586 642 665 
131 454 7 422 586 642 665 
611 13 24 35 70 590 654 
611 13 24 35 70 590 654 
131 313 7 422 586 642 665 
131 313 7 422 586 642 665 
611 13 7 139 586 642 665 
611 131 7 313 210 586 665 
131 313 611 373 7 210 665 
131 313 7 611 210 586 665 
373 313 611 210 7 586 665 
373 313 7 611 210 586 665 
131 313 7 611 210 586 665 
131 313 7 611 210 586 665 
611 373 7 313 210 586 665 
611 131 7 313 210 586 665 
611 373 7 313 210 586 665 
611 373 7 313 210 586 665 
313 237 611 582 373 636 665 
366 630 611 210 636 397 665 
237 313 611 210 191 7 665 
237 313 611 210 191 160 665 
237 313 611 210 636 7 665 
611 373 7 313 210 638 665 
237 630 397 373 611 582 665 
237 630 397 313 611 79 665 
373 237 611 196 571 485 665 
611 373 7 210 636 638 665 
237 313 611 210 191 7 665 
237 313 611 210 636 7 665 
397 625 7 313 237 329 665 
373 237 611 313 571 485 665 
611 373 7 313 210 638 665 
366 630 397 313 611 571 665 
397 313 611 210 636 237 665 
366 630 397 313 611 571 665 
237 313 7 611 571 330 665 
