433 329 330 303 395 287 656 
354 37 380 636 340 586 675 
354 37 148 332 340 586 675 
9 12 442 586 203 662 
9 7 442 586 642 662 
9 598 293 442 586 662 
615 185 287 293 164 662 
9 442 38 586 366 662 
285 185 287 293 164 662 
615 185 518 293 164 662 
9 12 442 586 642 662 
9 12 442 586 642 662 
9 12 442 586 642 662 
9 12 442 586 642 662 
9 12 442 586 642 662 
9 12 442 586 642 662 
9 12 442 586 642 662 
9 12 442 586 642 662 
9 12 442 586 642 662 
9 12 442 586 642 662 
9 12 442 586 642 662 
9 12 442 586 642 662 
9 12 442 586 642 662 
9 12 442 586 642 662 
9 12 442 586 642 662 
9 12 442 586 642 662 
9 12 442 586 642 662 
9 12 442 586 642 662 
9 12 442 586 642 662 
9 12 442 586 642 662 
9 12 442 586 642 662 
9 12 442 586 642 662 
9 12 442 586 642 662 
9 12 442 586 642 662 
9 12 442 586 642 662 
9 12 442 586 642 662 
9 12 442 586 642 662 
9 12 442 586 642 662 
9 12 442 586 642 662 
9 12 442 586 642 662 
9 12 442 586 642 662 
9 12 442 586 642 662 
9 12 442 586 642 662 
9 12 442 586 642 662 
9 12 442 586 642 662 
9 12 442 586 642 662 
9 12 442 586 642 662 
9 12 442 586 642 662 
9 12 442 586 642 662 
9 12 442 586 642 662 
9 12 442 586 642 662 
9 12 442 586 642 662 
9 12 442 586 642 662 
9 12 442 586 642 662 
9 12 442 586 642 662 
9 12 442 586 642 662 
9 12 442 586 642 662 
9 12 442 586 642 662 
9 12 442 586 642 662 
9 12 442 586 642 662 
9 12 442 586 642 662 
9 12 442 586 642 662 
9 12 442 586 642 662 
9 12 442 586 642 662 
9 12 442 586 642 662 
9 12 442 586 642 662 
9 12 442 586 642 662 
9 12 442 586 642 662 
9 12 442 586 642 662 
9 12 442 586 642 662 
9 12 442 586 642 662 
9 12 442 586 642 662 
9 12 442 586 642 662 
9 12 442 586 642 662 
9 12 442 586 642 662 
9 12 442 586 642 662 
9 12 442 586 642 662 
9 12 442 586 642 662 
9 12 442 586 642 662 
9 12 442 586 642 662 
9 12 442 586 642 662 
9 12 442 586 642 662 
9 12 442 586 642 662 
9 12 442 586 642 662 
9 12 442 586 642 662 
9 12 442 586 642 662 
9 12 442 586 642 662 
9 12 442 586 642 662 
9 12 442 586 642 662 
9 12 442 586 642 662 
9 12 442 586 642 662 
9 12 442 586 642 662 
9 12 442 586 642 662 
9 12 442 586 642 662 
9 12 442 586 642 662 
9 12 442 586 642 662 
9 12 442 586 642 662 
9 12 442 586 642 662 
9 12 442 586 642 662 
9 12 442 586 642 662 
