104 239 546 558 559 645 
106 265 193 37 528 338 576 651 
379 244 193 137 516 442 37 528 314 671 
332 244 193 137 516 442 37 528 314 671 
332 244 193 137 516 442 170 528 314 671 
104 312 289 239 558 559 645 
104 312 265 239 558 353 645 
104 312 265 379 138 239 645 
104 289 239 503 265 645 
116 255 353 239 289 645 
104 255 265 239 289 353 645 
104 332 255 289 239 645 
104 289 239 558 559 645 
104 289 239 558 559 645 
104 411 239 558 559 645 
104 50 239 558 559 645 
104 218 239 558 559 645 
104 117 239 558 559 645 
104 139 239 558 559 645 
104 289 239 558 559 645 
104 50 239 558 559 645 
104 289 239 558 559 645 
104 289 239 558 559 645 
104 289 239 558 559 645 
104 411 239 558 559 645 
104 289 239 558 559 645 
104 289 239 558 559 645 
104 289 239 558 559 645 
104 289 239 558 559 645 
104 289 239 558 559 645 
104 239 50 558 559 645 
104 308 239 558 559 645 
104 289 239 558 559 645 
104 289 239 558 559 645 
104 289 239 558 559 645 
104 117 239 558 559 645 
104 289 239 558 559 645 
104 239 255 289 558 645 
104 255 239 558 289 645 
104 255 239 558 106 645 
104 255 239 558 289 645 
104 289 239 558 255 645 
104 289 239 558 255 645 
104 255 239 558 289 645 
104 255 239 558 402 645 
104 255 239 558 312 645 
104 117 239 255 558 645 
104 606 239 558 255 645 
104 255 239 558 265 645 
104 606 239 558 255 645 
104 543 255 239 558 645 
104 239 255 558 402 645 
104 117 239 255 558 645 
104 255 239 558 353 645 
104 255 239 558 312 645 
104 289 239 558 255 645 
104 255 239 558 353 645 
104 255 239 558 289 645 
104 289 239 255 558 645 
104 255 289 239 558 645 
104 218 239 255 558 645 
104 289 239 558 255 645 
104 255 289 239 558 645 
104 606 239 255 558 645 
104 289 239 558 255 645 
104 255 239 558 289 645 
104 255 289 239 558 645 
104 289 239 255 558 645 
104 289 255 239 558 645 
104 289 239 558 255 645 
104 255 239 558 289 645 
104 255 239 50 558 645 
104 289 255 239 558 645 
104 255 289 239 558 645 
104 255 239 558 50 645 
104 289 239 255 558 645 
104 289 239 558 255 645 
104 218 239 255 558 645 
104 289 239 558 255 645 
104 239 255 289 558 645 
104 239 255 289 558 645 
104 50 255 239 558 645 
104 255 239 558 289 645 
104 255 239 289 558 645 
104 289 239 558 255 645 
104 255 239 558 289 645 
104 255 411 239 558 645 
104 239 255 289 558 645 
104 289 239 558 255 645 
104 289 239 558 265 645 
104 18 239 289 558 645 
104 289 239 433 558 645 
104 50 239 558 253 645 
289 426 104 239 558 645 
104 289 239 558 265 645 
104 117 239 558 210 645 
104 606 239 558 289 645 
104 289 239 558 18 645 
104 18 239 139 558 645 
104 265 255 289 239 645 
