59 275 107 38 264 359 665 
239 546 558 559 568 646 
383 392 415 340 128 114 665 
348 275 88 415 340 7 665 
104 546 239 558 559 646 
88 275 114 10 7 586 665 
104 146 239 346 378 646 
88 275 114 7 204 586 665 
104 449 239 558 559 646 
104 546 239 558 559 646 
88 421 121 7 69 665 
88 415 340 275 7 665 
104 449 239 558 559 646 
104 88 438 239 558 559 646 
104 88 106 239 558 155 646 
69 275 415 340 7 586 665 
88 275 7 469 390 586 665 
88 421 121 7 69 665 
104 449 239 300 559 646 
104 106 239 558 155 646 
69 275 415 340 7 586 665 
104 438 239 469 559 646 
104 106 239 558 155 646 
104 346 239 378 558 646 
88 415 287 275 7 665 
104 88 438 239 558 559 646 
104 346 239 378 558 646 
104 207 239 346 378 646 
383 128 114 38 7 287 665 
106 275 114 10 7 586 665 
88 167 114 59 107 38 665 
104 546 239 558 559 646 
104 106 239 558 559 646 
625 275 415 340 7 586 665 
88 421 121 7 69 665 
69 392 415 340 7 586 665 
104 106 239 558 155 646 
104 449 239 300 559 646 
88 421 121 7 356 665 
104 88 195 239 558 559 646 
104 146 239 346 378 646 
104 346 239 558 378 646 
287 275 356 88 114 7 665 
287 275 88 10 7 586 665 
287 275 356 88 114 516 665 
104 546 239 558 559 646 
104 449 239 558 559 646 
356 275 7 390 415 586 665 
88 421 121 7 69 665 
69 275 415 340 7 586 665 
104 449 239 300 559 646 
88 275 326 7 204 665 
104 88 449 239 558 559 646 
104 346 239 146 378 646 
104 346 239 378 558 646 
287 275 88 421 7 264 665 
106 275 114 10 7 586 665 
131 275 114 362 356 575 665 
104 546 239 558 559 646 
104 422 239 558 559 646 
287 275 7 114 180 586 665 
88 421 121 7 69 665 
69 275 415 340 7 586 665 
104 438 239 469 559 646 
88 275 114 7 204 665 
104 88 449 239 558 559 646 
104 346 239 146 378 646 
104 346 239 558 378 646 
88 275 508 575 421 7 665 
287 275 88 10 7 586 665 
260 193 356 575 88 415 665 
104 546 239 558 559 646 
104 449 239 558 559 646 
287 275 7 114 127 586 665 
88 421 121 7 69 665 
69 275 415 340 7 586 665 
104 449 239 300 559 646 
88 415 340 275 7 665 
104 88 438 239 558 559 646 
104 346 239 378 146 646 
88 275 468 7 469 390 665 
88 275 114 10 7 586 665 
260 275 356 575 88 415 665 
104 546 239 558 559 646 
104 449 239 558 559 646 
88 275 7 469 390 586 665 
104 438 239 261 559 646 
88 275 114 7 204 665 
104 569 449 239 558 559 646 
104 449 239 346 378 646 
88 275 114 340 7 584 665 
88 275 114 10 7 586 665 
59 275 107 38 264 359 665 
104 546 239 558 559 646 
104 449 239 558 559 646 
104 438 239 391 559 646 
104 207 239 346 378 646 
287 275 356 575 7 419 665 
88 275 114 10 7 586 665 
383 275 114 362 59 575 665 
