527 213 302 157 440 284 38 658 
38 557 437 607 527 512 648 
38 557 437 562 527 512 648 
66 104 412 239 558 660 
38 445 437 562 527 512 648 
88 104 412 239 558 660 
564 107 527 468 601 49 512 157 392 38 648 
38 445 527 468 437 562 512 49 485 648 
638 104 170 239 556 660 
38 445 174 562 527 512 648 
38 445 527 468 71 562 512 49 485 648 
66 104 558 239 559 660 
527 213 302 157 440 284 38 658 
66 104 558 239 559 660 
66 104 556 239 558 660 
66 104 558 239 559 660 
66 104 556 239 558 660 
66 104 556 239 558 660 
329 104 170 239 556 660 
66 104 556 239 558 660 
38 445 471 562 527 512 648 
66 104 558 239 559 660 
66 104 556 239 558 660 
66 104 558 239 559 660 
66 104 558 239 559 660 
38 445 527 468 437 562 512 49 485 648 
564 399 302 157 440 284 107 658 
329 104 556 239 170 660 
66 104 556 239 558 660 
66 104 556 239 558 660 
38 445 174 562 527 512 648 
38 445 342 562 527 512 648 
474 104 556 239 558 660 
38 445 174 471 388 527 512 158 485 648 
638 104 170 239 556 660 
66 104 556 239 558 660 
66 104 556 239 558 660 
38 557 437 562 527 512 648 
414 213 302 157 440 284 38 658 
66 104 556 239 558 660 
66 104 556 239 558 660 
5 104 558 239 559 660 
66 104 556 239 558 660 
66 104 556 239 558 660 
