104 239 250 558 590 660 
104 239 558 559 145 660 
104 250 239 141 590 660 
397 239 145 250 123 660 
104 239 517 558 559 660 
104 336 145 239 558 660 
104 239 145 210 123 660 
421 79 145 239 123 660 
104 239 250 145 123 660 
104 239 558 559 593 660 
397 239 145 250 123 660 
529 239 145 250 123 660 
397 239 145 250 123 660 
478 250 239 470 123 660 
399 239 470 250 123 660 
342 37 594 477 369 404 649 
104 239 558 559 593 660 
97 239 145 369 37 660 
104 239 250 51 558 660 
104 250 239 141 590 660 
104 239 145 250 123 660 
104 239 250 558 590 660 
529 239 145 250 123 660 
104 239 145 196 558 660 
104 184 145 239 123 660 
104 239 145 545 558 660 
104 239 250 558 590 660 
184 404 594 304 421 235 649 
504 239 145 369 123 660 
104 250 239 143 558 660 
97 419 145 37 239 660 
104 250 239 145 123 660 
104 250 239 145 123 660 
104 250 239 558 590 660 
104 239 250 558 590 660 
104 239 250 558 590 660 
104 239 145 250 123 660 
104 239 470 250 123 660 
104 239 145 250 123 660 
104 239 145 250 123 660 
104 250 239 558 590 660 
104 250 239 145 123 660 
104 239 558 590 250 660 
104 239 250 141 590 660 
104 239 250 141 590 660 
104 239 145 210 123 660 
104 250 239 141 590 660 
104 239 558 590 250 660 
104 239 97 184 123 660 
104 250 239 141 590 660 
104 184 283 239 123 660 
104 239 558 590 250 660 
104 239 250 141 590 660 
104 250 239 141 590 660 
104 184 283 239 123 660 
104 239 145 184 123 660 
104 239 145 250 123 660 
104 250 239 141 590 660 
104 239 145 184 123 660 
104 250 239 141 590 660 
104 239 145 184 123 660 
104 239 145 184 123 660 
104 250 51 239 558 660 
104 239 183 369 558 660 
104 239 145 250 558 660 
104 239 545 558 421 660 
104 239 145 558 250 660 
104 239 145 250 558 660 
104 239 145 97 558 660 
104 239 145 369 558 660 
104 369 285 239 558 660 
104 250 145 239 558 660 
104 369 145 239 558 660 
104 239 558 145 97 660 
104 239 558 145 250 660 
104 239 558 145 250 660 
421 369 145 239 123 660 
421 239 145 369 123 660 
421 369 145 239 123 660 
421 79 145 239 123 660 
421 369 145 239 123 660 
421 79 145 239 123 660 
421 369 145 239 123 660 
421 369 145 239 123 660 
97 239 145 114 19 660 
97 369 145 37 239 660 
97 239 145 114 19 660 
51 239 145 114 19 660 
97 239 145 114 19 660 
97 369 145 37 239 660 
97 369 145 37 239 660 
97 369 145 37 239 660 
184 404 594 304 131 402 649 
288 404 594 477 18 529 649 
342 37 594 477 369 404 649 
342 37 594 477 369 404 649 
184 404 594 304 477 37 649 
342 37 594 477 19 458 649 
359 404 594 477 505 145 649 
369 404 594 477 19 145 649 
