479 292 284 246 362 433 533 668 
359 7 62 623 12 243 642 662 
4 311 466 6 573 652 
479 292 433 533 7 243 246 668 
4 311 11 81 573 652 
62 81 4 311 190 652 
27 311 62 81 573 652 
14 7 623 430 243 220 642 668 
4 311 466 465 573 652 
4 25 311 466 521 652 
4 311 466 521 573 652 
18 7 62 410 185 338 442 662 
479 7 408 246 533 362 589 668 
479 7 100 593 494 246 586 668 
479 7 100 593 623 246 586 668 
4 311 466 30 573 652 
479 7 623 430 243 544 642 668 
4 311 271 81 573 652 
479 7 317 430 437 243 246 668 
62 81 473 311 190 652 
4 311 466 204 573 652 
4 311 466 522 573 652 
4 311 466 519 573 652 
479 7 100 593 623 246 586 668 
4 311 466 301 573 652 
4 311 466 301 573 652 
4 311 466 576 573 652 
4 311 466 30 573 652 
4 311 466 30 573 652 
479 292 284 246 533 362 433 668 
4 25 311 466 521 652 
4 311 466 253 573 652 
4 311 466 519 573 652 
4 311 466 30 573 652 
4 311 466 122 573 652 
4 311 11 81 573 652 
4 25 311 466 521 652 
479 292 284 246 498 362 433 668 
4 311 466 484 573 652 
4 311 466 519 573 652 
4 311 466 114 573 652 
4 311 466 372 573 652 
4 311 466 30 573 652 
4 311 466 484 573 652 
4 311 466 465 573 652 
4 311 466 415 573 652 
4 311 466 301 573 652 
4 311 466 533 573 652 
27 311 62 81 573 652 
4 311 466 253 573 652 
4 311 466 484 573 652 
4 311 466 253 573 652 
479 292 284 246 567 433 533 668 
4 311 466 30 573 652 
4 311 466 576 573 652 
4 311 466 522 573 652 
4 311 466 521 573 652 
479 292 433 533 7 243 246 668 
4 311 466 519 573 652 
479 292 284 246 498 362 433 668 
4 311 466 122 573 652 
4 311 466 465 573 652 
4 311 466 415 573 652 
4 311 466 522 573 652 
4 311 466 519 573 652 
4 311 466 415 573 652 
4 311 466 533 573 652 
