7 488 99 586 642 670 
7 586 416 518 476 670 
438 7 586 13 642 670 
26 77 92 321 466 645 
99 379 265 40 122 157 18 87 650 
23 65 464 518 532 670 
99 122 157 379 265 40 18 87 650 
7 586 99 642 636 670 
7 586 99 476 642 670 
7 586 416 518 476 670 
511 18 226 476 379 670 
26 239 92 321 466 645 
7 586 142 13 642 670 
122 55 99 476 354 670 
7 586 533 99 642 670 
122 55 99 157 476 670 
26 77 92 321 466 645 
7 586 416 518 476 670 
379 7 99 476 586 670 
379 7 99 586 476 670 
7 488 99 586 642 670 
23 65 464 518 532 670 
390 379 99 476 7 670 
7 586 533 99 122 670 
26 239 92 321 466 645 
23 65 464 518 532 670 
122 157 99 476 390 670 
122 55 99 476 354 670 
122 157 99 476 379 670 
533 256 99 511 476 670 
379 7 99 476 122 670 
379 7 99 390 476 670 
379 7 476 527 586 670 
390 379 99 222 476 670 
99 7 476 527 511 670 
438 7 476 527 586 670 
390 379 99 7 476 670 
379 7 99 476 586 670 
379 7 99 476 586 670 
379 7 99 476 586 670 
390 379 99 222 476 670 
7 586 476 527 413 670 
379 7 99 476 586 670 
438 7 586 13 642 670 
7 413 586 13 642 670 
379 7 99 390 476 670 
379 7 99 476 586 670 
7 586 438 13 642 670 
379 7 99 390 476 670 
533 511 99 476 165 670 
438 7 99 372 476 670 
7 413 586 13 642 670 
390 379 99 7 476 670 
122 7 99 476 354 670 
7 413 586 13 642 670 
7 413 586 13 642 670 
438 7 586 13 642 670 
438 7 586 13 642 670 
26 77 92 321 466 645 
26 77 92 321 466 645 
26 77 92 321 466 645 
379 7 586 99 642 670 
379 7 302 586 642 670 
7 586 99 642 122 670 
379 7 99 586 642 670 
26 77 92 321 466 645 
26 77 92 321 466 645 
7 586 99 642 122 670 
379 7 99 586 642 670 
379 7 99 586 642 670 
26 77 92 321 466 645 
379 7 586 99 642 670 
26 77 92 321 466 645 
26 77 92 321 466 645 
7 586 533 99 122 670 
7 586 533 99 441 670 
533 7 99 586 122 670 
379 7 99 586 59 670 
379 7 99 586 533 670 
7 586 99 527 122 670 
7 586 533 99 122 670 
636 379 99 7 586 670 
533 7 99 586 122 670 
26 239 92 321 466 645 
26 239 92 321 466 645 
26 239 92 321 466 645 
26 239 92 321 466 645 
26 239 92 321 466 645 
26 239 92 321 466 645 
99 122 157 379 265 40 18 87 650 
99 533 511 18 379 265 326 40 650 
26 239 92 321 466 645 
99 511 18 379 122 157 265 40 650 
99 533 157 379 265 40 18 87 650 
99 122 157 379 265 40 18 87 650 
99 122 157 379 265 40 18 87 650 
99 122 157 379 265 40 18 87 650 
99 511 18 379 265 157 40 87 650 
99 122 157 379 265 40 18 87 650 
26 239 92 321 466 645 
