97 503 415 355 354 361 656 
23 427 36 513 589 602 646 
23 427 36 513 589 602 646 
97 503 415 355 354 361 656 
601 246 41 476 355 382 511 670 
23 58 602 493 562 642 662 
382 2 470 14 586 642 670 
23 58 602 9 562 642 662 
23 58 602 24 72 642 662 
23 58 602 442 72 642 662 
23 58 602 442 586 642 662 
23 58 602 24 72 642 662 
23 58 602 72 442 642 662 
618 2 9 332 586 530 662 
97 503 476 100 278 473 670 
355 246 503 609 476 458 518 670 
618 2 9 332 586 530 662 
382 228 503 14 586 642 670 
601 246 41 169 7 476 670 
382 228 503 14 586 642 670 
293 246 9 332 586 41 662 
382 2 470 14 586 642 670 
458 427 503 476 150 518 586 670 
293 246 381 332 586 41 662 
601 246 9 332 586 97 662 
458 427 503 476 355 518 586 670 
458 427 503 476 150 355 518 670 
97 9 503 354 332 586 100 662 
23 58 602 9 562 642 662 
382 503 355 9 332 586 662 
458 503 476 355 427 518 670 
108 640 503 476 355 427 518 670 
601 260 246 9 332 586 382 662 
293 246 9 332 586 382 662 
23 58 602 442 586 642 662 
601 246 41 458 503 476 97 670 
355 246 503 609 476 458 518 670 
458 208 476 355 427 518 670 
458 208 476 601 246 41 670 
23 427 36 513 589 602 646 
97 355 308 415 354 361 656 
23 58 602 24 72 642 662 
618 2 9 332 586 530 662 
382 265 228 14 586 642 670 
618 2 470 14 586 642 670 
458 427 503 476 355 518 586 670 
23 58 602 9 562 642 662 
601 246 9 332 586 382 662 
618 260 246 9 332 586 382 662 
108 640 503 476 126 427 518 670 
23 58 602 442 586 642 662 
382 415 503 609 476 355 354 670 
601 246 503 476 458 354 518 670 
23 58 602 72 442 642 662 
218 355 503 476 427 518 670 
97 503 601 246 476 458 670 
601 503 415 355 354 260 656 
23 58 602 24 72 642 662 
618 2 9 332 586 601 662 
382 228 605 14 586 642 670 
382 2 470 14 586 642 670 
266 427 503 476 355 518 586 670 
23 58 602 361 9 642 662 
601 246 9 332 586 97 662 
601 260 246 9 332 586 382 662 
251 640 503 476 355 427 518 670 
23 58 602 442 586 642 662 
601 246 41 476 382 511 503 670 
601 246 503 476 458 354 518 670 
23 58 602 442 72 642 662 
355 427 503 476 458 518 670 
97 503 476 100 278 473 670 
97 122 415 355 354 601 656 
23 58 602 24 72 642 662 
618 2 9 332 586 530 662 
382 228 503 14 586 642 670 
618 2 470 14 586 642 670 
23 58 602 9 562 642 662 
601 246 9 332 586 260 662 
601 260 246 9 332 586 382 662 
108 640 503 476 355 427 518 670 
23 58 602 442 586 642 662 
601 246 41 476 382 511 503 670 
601 246 503 476 458 354 518 670 
23 58 602 442 72 642 662 
458 503 476 355 427 518 670 
458 503 476 97 382 616 670 
97 246 41 516 503 415 656 
23 58 602 24 72 642 662 
382 228 503 14 586 642 670 
382 2 470 14 586 642 670 
23 58 602 361 9 642 662 
601 246 9 332 586 382 662 
97 9 503 354 332 586 353 662 
108 640 397 476 355 427 518 670 
23 58 602 442 586 642 662 
601 260 503 476 458 470 246 670 
458 503 415 355 490 476 670 
97 503 382 616 355 354 656 
382 2 470 14 586 642 670 
