16 440 515 19 88 674 
14 25 73 408 642 652 
382 55 16 440 476 670 
2 3 10 23 25 57 644 
104 123 559 2 239 513 644 
104 11 239 474 559 513 645 
2 3 10 60 25 57 644 
104 533 239 400 160 559 645 
104 379 239 474 559 513 645 
2 3 10 324 25 57 644 
104 533 239 489 160 559 645 
2 3 10 4 25 57 644 
621 3 23 62 623 642 644 
2 128 10 324 25 57 644 
14 25 73 358 642 652 
16 219 139 160 104 19 320 239 559 645 
104 474 239 16 326 515 645 
16 219 506 515 19 88 505 286 239 645 
16 527 104 598 279 515 19 239 383 645 
533 219 104 239 400 160 559 286 645 
382 440 104 433 48 59 16 239 645 
536 414 104 474 559 455 239 645 
16 505 59 440 19 286 515 239 645 
16 19 104 505 440 357 239 645 
16 505 104 440 19 286 515 239 645 
16 219 104 440 515 19 505 286 239 645 
14 25 73 495 642 652 
14 25 73 495 642 652 
14 25 73 495 642 652 
14 25 73 495 642 652 
14 25 73 495 642 652 
14 25 73 495 642 652 
14 25 73 495 642 652 
14 25 73 495 642 652 
14 25 73 495 642 652 
14 25 73 495 642 652 
14 25 73 495 642 652 
14 25 73 495 642 652 
14 25 73 495 642 652 
14 25 73 495 642 652 
14 25 73 495 642 652 
14 25 73 495 642 652 
14 25 73 495 642 652 
14 25 73 495 642 652 
14 25 73 495 642 652 
14 25 73 495 642 652 
14 25 73 495 642 652 
14 25 73 495 642 652 
14 25 73 495 642 652 
14 25 73 495 642 652 
14 25 73 495 642 652 
14 25 73 495 642 652 
14 25 73 495 642 652 
14 25 73 495 642 652 
14 25 73 495 642 652 
14 25 73 495 642 652 
14 25 73 495 642 652 
14 25 73 495 642 652 
14 25 73 495 642 652 
14 25 73 495 642 652 
14 25 73 495 642 652 
14 25 73 495 642 652 
14 25 73 495 642 652 
14 25 73 495 642 652 
14 25 73 495 642 652 
14 25 73 495 642 652 
14 25 73 495 642 652 
14 25 73 495 642 652 
14 25 73 495 642 652 
14 25 73 495 642 652 
14 25 73 495 642 652 
14 25 73 495 642 652 
14 25 73 495 642 652 
14 25 73 495 642 652 
14 25 73 495 642 652 
14 25 73 495 642 652 
14 25 73 495 642 652 
14 25 73 495 642 652 
14 25 73 495 642 652 
14 25 73 495 642 652 
14 25 73 495 642 652 
14 25 73 495 642 652 
14 25 73 495 642 652 
14 25 73 495 642 652 
14 25 73 495 642 652 
14 25 73 495 642 652 
14 25 73 495 642 652 
14 25 73 495 642 652 
14 25 73 495 642 652 
14 25 73 495 642 652 
14 25 73 495 642 652 
14 25 73 495 642 652 
14 25 73 495 642 652 
14 25 73 495 642 652 
14 25 73 495 642 652 
14 25 73 495 642 652 
14 25 73 495 642 652 
14 25 73 495 642 652 
14 25 73 495 642 652 
14 25 73 495 642 652 
