503 18 509 231 61 670 
503 18 303 7 641 670 
239 105 123 558 559 654 
239 558 105 123 559 660 
303 7 509 231 643 670 
641 600 9 586 442 671 
239 527 105 123 558 660 
303 7 9 146 586 671 
641 350 9 586 468 671 
477 105 123 558 559 654 
342 527 105 123 558 660 
641 448 9 586 170 671 
68 105 123 558 559 654 
68 105 123 558 559 654 
68 105 123 558 559 654 
68 105 123 558 559 654 
68 105 123 558 559 654 
68 105 123 558 559 654 
68 105 123 558 559 654 
68 105 123 558 559 654 
68 105 123 558 559 654 
68 105 123 558 559 654 
68 105 123 558 559 654 
68 105 123 558 559 654 
68 105 123 558 559 654 
68 105 123 558 559 654 
68 105 123 558 559 654 
68 105 123 558 559 654 
68 105 123 558 559 654 
68 105 123 558 559 654 
68 105 123 558 559 654 
68 105 123 558 559 654 
68 105 123 558 559 654 
68 105 123 558 559 654 
68 105 123 558 559 654 
68 105 123 558 559 654 
68 105 123 558 559 654 
68 105 123 558 559 654 
68 105 123 558 559 654 
68 105 123 558 559 654 
68 105 123 558 559 654 
68 105 123 558 559 654 
68 105 123 558 559 654 
68 105 123 558 559 654 
68 105 123 558 559 654 
68 105 123 558 559 654 
68 105 123 558 559 654 
68 105 123 558 559 654 
68 105 123 558 559 654 
68 105 123 558 559 654 
68 105 123 558 559 654 
68 105 123 558 559 654 
68 105 123 558 559 654 
68 105 123 558 559 654 
68 105 123 558 559 654 
68 105 123 558 559 654 
68 105 123 558 559 654 
68 105 123 558 559 654 
68 105 123 558 559 654 
68 105 123 558 559 654 
68 105 123 558 559 654 
68 105 123 558 559 654 
68 105 123 558 559 654 
68 105 123 558 559 654 
68 105 123 558 559 654 
68 105 123 558 559 654 
68 105 123 558 559 654 
68 105 123 558 559 654 
68 105 123 558 559 654 
68 105 123 558 559 654 
68 105 123 558 559 654 
68 105 123 558 559 654 
68 105 123 558 559 654 
68 105 123 558 559 654 
68 105 123 558 559 654 
68 105 123 558 559 654 
68 105 123 558 559 654 
68 105 123 558 559 654 
68 105 123 558 559 654 
68 105 123 558 559 654 
68 105 123 558 559 654 
68 105 123 558 559 654 
68 105 123 558 559 654 
68 105 123 558 559 654 
68 105 123 558 559 654 
68 105 123 558 559 654 
68 105 123 558 559 654 
68 105 123 558 559 654 
68 105 123 558 559 654 
68 105 123 558 559 654 
68 105 123 558 559 654 
68 105 123 558 559 654 
68 105 123 558 559 654 
68 105 123 558 559 654 
68 105 123 558 559 654 
68 105 123 558 559 654 
68 105 123 558 559 654 
68 105 123 558 559 654 
68 105 123 558 559 654 
68 105 123 558 559 654 
