362 87 394 127 188 166 224 397 650 
2 9 12 616 45 586 662 
2 58 333 27 610 642 662 
2 58 333 25 610 642 662 
2 58 333 591 610 642 662 
9 58 12 45 586 442 662 
127 87 348 383 7 219 188 416 668 
9 205 265 12 45 586 662 
12 9 202 45 586 442 662 
127 178 9 7 348 442 586 671 
127 394 7 348 87 280 586 668 
442 158 174 9 45 586 671 
127 178 9 404 348 442 586 671 
12 202 174 9 45 586 671 
61 409 170 7 348 586 208 671 
127 87 394 383 7 280 586 348 668 
450 563 394 9 348 7 586 671 
127 178 394 9 45 586 671 
442 256 394 7 552 586 642 671 
12 153 394 9 45 586 442 671 
397 7 127 348 87 401 383 668 
2 58 12 72 602 642 662 
2 58 12 72 602 642 662 
2 58 12 72 602 642 662 
2 58 12 72 602 642 662 
2 58 12 72 602 642 662 
2 58 12 72 602 642 662 
2 58 12 72 602 642 662 
2 58 12 72 602 642 662 
2 58 12 72 602 642 662 
2 58 12 72 602 642 662 
2 58 12 72 602 642 662 
2 58 12 72 602 642 662 
2 58 12 72 602 642 662 
2 58 12 72 602 642 662 
2 58 12 72 602 642 662 
2 58 12 72 602 642 662 
2 58 12 72 602 642 662 
2 58 12 72 602 642 662 
2 58 12 72 602 642 662 
2 58 12 72 602 642 662 
2 58 12 72 602 642 662 
2 58 12 72 602 642 662 
2 58 12 72 602 642 662 
2 58 12 72 602 642 662 
2 58 12 72 602 642 662 
2 58 12 72 602 642 662 
2 58 12 72 602 642 662 
2 58 12 72 602 642 662 
2 58 12 72 602 642 662 
2 58 12 72 602 642 662 
2 58 12 72 602 642 662 
2 58 12 72 602 642 662 
2 58 12 72 602 642 662 
2 58 12 72 602 642 662 
2 58 12 72 602 642 662 
2 58 12 72 602 642 662 
2 58 12 72 602 642 662 
2 58 12 72 602 642 662 
2 58 12 72 602 642 662 
2 58 12 72 602 642 662 
2 58 12 72 602 642 662 
2 58 12 72 602 642 662 
2 58 12 72 602 642 662 
2 58 12 72 602 642 662 
2 58 12 72 602 642 662 
2 58 12 72 602 642 662 
2 58 12 72 602 642 662 
2 58 12 72 602 642 662 
2 58 12 72 602 642 662 
2 58 12 72 602 642 662 
2 58 12 72 602 642 662 
2 58 12 72 602 642 662 
2 58 12 72 602 642 662 
2 58 12 72 602 642 662 
2 58 12 72 602 642 662 
2 58 12 72 602 642 662 
2 58 12 72 602 642 662 
2 58 12 72 602 642 662 
2 58 12 72 602 642 662 
2 58 12 72 602 642 662 
2 58 12 72 602 642 662 
2 58 12 72 602 642 662 
2 58 12 72 602 642 662 
2 58 12 72 602 642 662 
2 58 12 72 602 642 662 
2 58 12 72 602 642 662 
2 58 12 72 602 642 662 
2 58 12 72 602 642 662 
2 58 12 72 602 642 662 
2 58 12 72 602 642 662 
2 58 12 72 602 642 662 
2 58 12 72 602 642 662 
2 58 12 72 602 642 662 
2 58 12 72 602 642 662 
2 58 12 72 602 642 662 
2 58 12 72 602 642 662 
2 58 12 72 602 642 662 
2 58 12 72 602 642 662 
2 58 12 72 602 642 662 
