62 69 81 141 185 669 
62 69 81 141 185 669 
62 69 81 141 185 669 
62 69 81 141 185 669 
62 69 81 141 185 669 
62 69 81 141 185 669 
62 69 81 141 185 669 
1 69 81 141 185 669 
620 185 81 141 389 669 
620 185 81 141 389 669 
1 69 81 141 185 669 
620 389 81 185 141 669 
1 69 81 141 185 669 
620 389 81 185 141 669 
1 69 81 141 185 669 
620 185 81 141 389 669 
1 69 81 141 185 669 
620 185 81 141 389 669 
1 69 81 141 185 669 
620 185 81 141 389 669 
1 69 81 141 185 669 
566 213 128 99 164 260 106 373 672 
566 213 128 99 164 260 106 373 672 
566 213 425 99 410 260 416 164 672 
566 213 128 99 164 584 222 528 672 
566 213 128 99 164 260 106 373 672 
566 213 128 99 164 260 106 373 672 
413 185 503 389 19 669 
413 185 81 141 389 669 
219 389 81 185 141 669 
59 185 503 389 219 669 
287 185 445 389 231 669 
566 213 128 99 164 260 106 373 672 
413 185 389 19 482 669 
413 185 81 389 141 669 
413 185 81 141 389 669 
413 185 389 19 219 669 
445 389 81 185 19 669 
59 185 413 389 19 669 
413 185 81 389 141 669 
413 69 81 141 185 669 
413 69 81 185 141 669 
413 185 81 389 528 669 
287 185 81 141 389 669 
413 185 575 81 389 669 
292 69 81 141 185 669 
413 575 81 389 185 669 
413 185 81 141 389 669 
277 389 413 185 219 669 
413 69 81 185 141 669 
413 185 81 566 141 669 
413 69 81 141 185 669 
413 69 81 185 141 669 
219 185 81 141 19 669 
413 69 81 185 141 669 
413 185 81 141 219 669 
413 185 81 389 19 669 
413 185 81 141 621 669 
413 575 81 389 185 669 
59 185 219 19 528 669 
413 185 219 19 598 669 
413 185 81 141 219 669 
59 185 219 19 249 669 
413 185 81 141 219 669 
413 185 621 128 219 669 
59 185 219 19 409 669 
413 185 219 19 598 669 
413 185 81 141 621 669 
413 185 621 128 219 669 
413 185 389 19 81 669 
1 57 69 81 141 669 
1 57 69 81 141 669 
1 57 69 81 141 669 
1 57 69 81 141 669 
1 57 69 81 141 669 
1 57 69 81 141 669 
1 57 69 81 141 669 
48 57 69 81 141 669 
582 57 69 81 141 669 
48 57 69 81 141 669 
219 69 81 141 19 669 
219 8 69 81 141 669 
582 57 69 81 141 669 
219 69 81 19 141 669 
219 69 81 19 141 669 
582 57 69 81 141 669 
48 69 81 141 528 669 
611 69 81 141 19 669 
413 69 81 141 299 669 
582 57 69 81 141 669 
1 57 69 81 141 669 
582 57 69 81 141 669 
528 19 409 416 373 265 219 598 672 
219 19 128 416 598 99 439 156 672 
528 19 409 416 373 265 219 598 672 
219 19 598 99 439 516 528 128 672 
528 19 128 416 373 265 219 598 672 
566 213 128 99 410 260 416 373 672 
528 19 128 416 373 265 219 598 672 
219 19 598 99 452 584 222 516 672 
