291 339 382 88 384 61 187 609 338 672 
93 96 499 531 553 644 
175 136 382 330 126 88 384 61 187 672 
93 96 499 531 553 644 
52 28 499 478 512 668 
47 58 74 430 247 644 
419 339 382 330 175 500 417 222 512 668 
23 96 499 320 531 553 644 
47 58 74 471 247 644 
23 96 499 364 531 553 644 
52 499 146 416 512 668 
291 480 437 88 499 320 512 553 668 
52 28 499 478 512 668 
419 28 499 282 553 512 668 
52 28 499 339 320 512 668 
246 338 437 499 320 512 668 
291 338 437 382 605 499 320 512 668 
175 160 356 639 500 519 512 282 338 668 
291 338 320 512 606 668 
437 338 320 512 382 668 
419 499 320 512 282 668 
419 499 320 512 282 668 
291 339 437 320 512 298 668 
419 339 382 330 246 320 512 279 446 668 
291 339 437 320 512 298 668 
291 339 437 320 512 298 88 668 
419 28 499 282 553 512 668 
291 339 500 320 512 282 88 668 
291 339 382 601 338 437 279 512 606 668 
291 338 437 359 605 499 320 512 668 
437 338 320 512 382 668 
291 480 437 88 499 320 512 553 668 
246 338 437 499 320 512 668 
437 382 279 291 414 338 320 512 202 668 
339 437 291 338 320 512 298 88 668 
291 480 437 320 512 298 88 668 
52 499 146 512 188 668 
450 417 320 512 282 668 
291 338 512 382 320 606 282 457 668 
291 339 500 320 512 282 88 668 
419 339 382 330 246 512 61 320 282 668 
150 339 291 338 320 512 606 282 668 
52 28 477 499 369 512 668 
291 339 437 382 338 320 512 606 668 
419 127 243 512 282 668 
291 338 320 512 419 668 
175 339 382 320 512 338 668 
291 320 59 338 512 606 668 
291 339 414 338 320 512 121 668 
291 339 500 320 338 512 606 668 
291 339 382 88 113 320 512 338 668 
291 339 450 417 320 512 533 338 668 
175 136 382 330 126 88 384 61 187 672 
93 96 499 531 553 644 
47 58 74 362 247 644 
23 96 499 320 531 553 644 
52 28 499 369 512 668 
419 499 320 512 282 668 
339 382 88 291 414 113 61 320 512 668 
246 338 437 320 512 291 668 
419 28 499 282 553 512 668 
291 338 437 382 605 499 320 512 668 
437 338 320 512 291 668 
246 338 437 499 320 512 668 
175 160 339 382 330 338 437 61 512 668 
291 339 437 320 512 298 88 668 
52 499 146 512 51 668 
450 417 500 320 512 282 88 668 
175 339 500 417 222 382 512 338 282 668 
291 338 450 417 320 512 282 457 668 
52 28 477 499 160 512 668 
150 339 291 338 320 437 512 298 668 
419 246 320 512 282 668 
291 338 320 512 339 668 
426 529 259 338 320 512 668 
291 339 414 338 320 512 121 668 
175 339 500 382 605 417 222 512 668 
93 96 499 531 553 644 
175 160 382 88 384 61 187 609 339 672 
47 58 74 430 247 644 
23 96 499 320 531 553 644 
52 28 499 478 512 668 
419 320 499 282 512 668 
339 382 88 291 414 113 61 320 512 668 
126 338 437 320 512 606 668 
419 28 499 282 553 512 668 
291 338 437 382 605 499 320 512 668 
437 338 320 512 382 668 
291 339 382 601 338 437 279 512 606 668 
52 499 146 512 51 668 
291 339 500 320 512 282 88 668 
419 339 382 330 246 320 512 282 287 668 
150 339 291 338 320 512 606 282 668 
52 28 477 499 160 512 668 
291 338 437 382 339 500 320 512 668 
450 417 320 512 282 668 
150 339 146 512 291 668 
291 320 259 338 512 606 668 
291 382 88 338 320 512 529 668 
291 339 450 417 419 246 320 512 668 
