566 8 107 340 505 674 
10 13 7 586 642 665 
193 256 176 139 210 674 
10 13 7 586 642 665 
397 606 471 616 7 665 
485 13 7 586 642 665 
114 13 7 586 642 665 
7 318 193 586 642 665 
193 611 348 7 586 665 
7 586 642 446 254 665 
193 611 176 224 7 665 
7 586 51 533 193 665 
10 13 7 586 642 665 
485 318 193 256 176 674 
485 13 7 586 642 665 
7 586 107 210 642 665 
566 616 7 485 156 665 
397 225 7 586 285 665 
10 13 7 586 642 665 
485 8 107 340 210 674 
485 13 7 586 642 665 
7 586 642 485 210 665 
641 616 7 210 176 665 
193 210 7 586 176 665 
193 611 176 224 375 674 
10 13 7 586 642 665 
114 13 7 586 642 665 
485 503 7 586 642 665 
397 8 449 210 7 665 
485 156 7 586 228 665 
10 13 7 586 642 665 
566 8 107 400 210 674 
114 13 7 586 642 665 
7 586 642 601 146 665 
566 256 7 605 176 665 
7 586 51 446 146 665 
397 210 193 375 455 674 
10 13 7 586 642 665 
641 13 7 586 642 665 
7 586 642 400 283 665 
193 256 210 7 566 665 
485 225 7 586 228 665 
10 13 7 586 642 665 
566 616 191 176 139 674 
485 13 7 586 642 665 
7 586 642 416 485 665 
566 8 449 210 7 665 
566 616 7 210 586 665 
10 13 7 586 642 665 
485 228 176 210 8 674 
485 13 7 586 642 665 
397 129 7 586 642 665 
193 616 7 210 176 665 
7 586 264 397 606 665 
10 13 7 586 642 665 
566 256 176 139 616 674 
485 13 7 586 642 665 
7 586 642 400 198 665 
193 256 176 210 7 665 
7 586 566 616 485 665 
10 13 7 586 642 665 
193 611 176 224 375 674 
485 13 7 586 642 665 
7 586 642 354 146 665 
566 616 193 7 582 665 
156 210 7 586 616 665 
397 210 193 375 455 674 
10 13 7 586 642 665 
485 13 7 586 642 665 
7 586 642 107 218 665 
193 611 336 50 7 665 
397 129 7 586 246 665 
10 13 7 586 642 665 
193 611 336 50 245 674 
114 13 7 586 642 665 
400 210 7 586 642 665 
193 210 176 165 7 665 
7 586 566 616 8 665 
10 13 7 586 642 665 
193 256 176 139 224 674 
114 13 7 586 642 665 
7 586 642 446 146 665 
397 285 107 210 7 665 
397 129 7 586 246 665 
10 13 7 586 642 665 
193 611 176 99 455 674 
114 13 7 586 642 665 
7 586 642 416 478 665 
566 256 176 165 7 665 
566 616 7 586 8 665 
10 13 7 586 642 665 
336 256 176 139 37 674 
114 13 7 586 642 665 
7 586 107 210 642 665 
397 606 471 616 7 665 
167 210 7 586 8 665 
10 13 7 586 642 665 
485 210 228 8 107 674 
641 13 7 586 642 665 
7 611 176 586 642 665 
