66 211 329 513 556 557 660 
66 211 329 513 556 557 660 
154 285 13 230 7 442 648 
337 211 104 556 239 557 660 
66 211 329 513 556 557 660 
66 211 329 513 556 557 660 
66 211 329 513 556 557 660 
25 89 63 93 613 646 
25 89 642 93 613 646 
154 285 13 230 7 442 648 
314 211 329 513 556 557 660 
536 53 88 440 230 557 648 
314 211 104 556 239 513 660 
416 53 88 230 569 7 648 
25 89 63 93 360 646 
224 53 88 7 85 38 648 
154 53 7 230 557 38 648 
66 211 104 556 557 239 660 
66 211 329 513 556 557 660 
448 53 440 230 557 85 648 
154 53 88 248 230 557 648 
401 211 104 556 239 513 660 
314 211 329 513 556 557 660 
154 53 106 248 230 557 648 
314 211 104 556 239 513 660 
314 53 7 230 557 337 648 
154 53 88 248 230 557 648 
25 89 63 93 360 646 
337 211 104 556 239 557 660 
66 211 329 556 239 557 660 
66 211 329 513 556 557 660 
448 53 440 85 88 636 648 
38 88 158 640 97 649 
66 211 104 556 557 239 660 
314 211 404 513 556 557 660 
314 211 104 556 239 513 660 
314 211 104 556 239 513 660 
314 211 329 513 556 557 660 
314 211 104 556 239 513 660 
154 53 88 248 230 557 648 
314 211 329 513 556 557 660 
314 211 104 556 239 513 660 
337 211 104 556 239 557 660 
337 211 104 556 239 557 660 
314 211 329 513 556 557 660 
373 211 104 556 557 239 660 
601 211 104 556 239 557 660 
154 53 88 248 230 557 648 
337 211 104 556 239 557 660 
314 211 329 513 556 557 660 
66 211 329 556 239 557 660 
66 211 104 556 239 557 660 
66 211 104 556 557 239 660 
66 211 104 556 557 239 660 
66 211 329 556 239 557 660 
154 53 88 7 230 425 648 
154 53 88 7 230 474 648 
66 211 329 556 239 557 660 
66 211 104 556 557 239 660 
85 53 7 230 569 640 648 
154 53 88 7 230 425 648 
416 53 88 7 230 557 648 
300 53 7 230 557 38 648 
66 211 104 556 557 239 660 
154 53 7 230 609 38 648 
66 211 329 556 239 557 660 
154 53 88 7 230 425 648 
154 53 88 7 230 557 648 
154 53 88 7 230 557 648 
66 211 329 556 239 557 660 
25 89 63 93 360 646 
25 89 63 93 360 646 
154 53 7 230 557 38 648 
25 89 63 93 360 646 
25 89 63 93 360 646 
609 53 7 285 40 379 648 
348 53 7 88 85 448 648 
88 53 7 448 8 636 648 
609 53 38 88 640 7 648 
348 53 7 448 38 88 648 
348 53 7 38 88 401 648 
25 89 63 93 360 646 
25 89 63 93 613 646 
25 89 63 93 613 646 
25 89 63 93 613 646 
25 89 63 93 613 646 
25 89 63 93 613 646 
25 89 63 93 613 646 
348 53 38 40 458 640 648 
640 53 38 508 40 458 648 
224 53 88 85 38 640 648 
448 53 440 85 38 264 648 
448 53 88 85 413 40 648 
448 53 158 640 547 38 648 
474 640 343 545 85 649 
158 640 97 37 545 649 
88 264 640 97 187 664 
38 88 85 37 640 649 
448 88 85 636 37 649 
38 640 97 85 87 649 
