307 401 50 587 383 664 
2 6 22 11 168 668 
511 362 232 50 512 668 
2 6 7 11 168 668 
106 41 512 7 586 668 
52 539 7 512 586 668 
512 218 7 401 50 668 
2 564 7 512 586 668 
106 6 512 7 586 668 
2 6 7 512 586 668 
52 6 7 512 586 668 
2 6 7 168 586 668 
2 282 6 7 11 668 
106 41 356 7 586 668 
2 6 140 11 168 668 
2 6 50 7 586 668 
2 6 22 101 168 668 
2 6 22 101 168 668 
2 6 22 101 168 668 
2 6 22 101 168 668 
2 6 22 101 168 668 
2 6 22 101 168 668 
2 6 22 101 168 668 
2 6 22 101 168 668 
2 6 22 101 168 668 
2 6 22 101 168 668 
2 6 22 101 168 668 
2 6 22 101 168 668 
2 6 22 101 168 668 
2 6 22 101 168 668 
2 6 22 101 168 668 
2 6 22 101 168 668 
2 6 22 101 168 668 
2 6 22 101 168 668 
2 6 22 101 168 668 
2 6 22 101 168 668 
2 6 22 101 168 668 
2 6 22 101 168 668 
2 6 22 101 168 668 
2 6 22 101 168 668 
2 6 22 101 168 668 
2 6 22 101 168 668 
2 6 22 101 168 668 
2 6 22 101 168 668 
2 6 22 101 168 668 
2 6 22 101 168 668 
2 6 22 101 168 668 
2 6 22 101 168 668 
2 6 22 101 168 668 
2 6 22 101 168 668 
2 6 22 101 168 668 
2 6 22 101 168 668 
2 6 22 101 168 668 
2 6 22 101 168 668 
2 6 22 101 168 668 
2 6 22 101 168 668 
2 6 22 101 168 668 
2 6 22 101 168 668 
2 6 22 101 168 668 
2 6 22 101 168 668 
2 6 22 101 168 668 
2 6 22 101 168 668 
2 6 22 101 168 668 
2 6 22 101 168 668 
2 6 22 101 168 668 
2 6 22 101 168 668 
2 6 22 101 168 668 
2 6 22 101 168 668 
2 6 22 101 168 668 
2 6 22 101 168 668 
2 6 22 101 168 668 
2 6 22 101 168 668 
2 6 22 101 168 668 
2 6 22 101 168 668 
2 6 22 101 168 668 
2 6 22 101 168 668 
2 6 22 101 168 668 
2 6 22 101 168 668 
2 6 22 101 168 668 
2 6 22 101 168 668 
2 6 22 101 168 668 
2 6 22 101 168 668 
2 6 22 101 168 668 
2 6 22 101 168 668 
2 6 22 101 168 668 
2 6 22 101 168 668 
2 6 22 101 168 668 
2 6 22 101 168 668 
2 6 22 101 168 668 
2 6 22 101 168 668 
2 6 22 101 168 668 
2 6 22 101 168 668 
2 6 22 101 168 668 
2 6 22 101 168 668 
2 6 22 101 168 668 
2 6 22 101 168 668 
2 6 22 101 168 668 
2 6 22 101 168 668 
2 6 22 101 168 668 
2 6 22 101 168 668 
