19 563 137 114 85 129 668 
299 10 7 586 642 668 
7 282 512 563 586 668 
222 483 7 586 642 668 
112 13 7 282 586 668 
285 563 371 310 397 512 668 
7 563 586 414 512 668 
2 282 7 586 512 668 
285 282 512 19 527 668 
563 137 7 282 512 668 
2 151 7 586 282 668 
285 397 266 282 512 455 668 
285 397 137 7 282 512 668 
285 397 512 19 527 668 
285 563 7 586 414 512 668 
2 10 13 7 586 668 
2 10 13 7 586 668 
2 10 13 7 586 668 
2 10 13 7 586 668 
2 10 13 7 586 668 
2 10 13 7 586 668 
2 10 13 7 586 668 
2 10 13 7 586 668 
2 13 7 586 282 668 
2 13 7 586 282 668 
2 13 7 586 282 668 
2 13 7 282 586 668 
2 13 7 586 282 668 
2 13 7 586 282 668 
2 13 7 282 586 668 
2 13 7 586 282 668 
2 13 7 586 282 668 
2 13 7 586 282 668 
2 13 7 282 586 668 
2 13 7 586 282 668 
2 13 282 7 586 668 
2 13 7 586 282 668 
2 13 7 282 586 668 
2 13 7 282 586 668 
2 13 7 586 282 668 
2 13 7 282 586 668 
2 13 7 282 586 668 
2 13 7 586 282 668 
2 13 7 586 282 668 
2 13 7 586 282 668 
2 13 7 586 282 668 
2 13 282 7 586 668 
2 13 7 282 586 668 
2 13 7 586 282 668 
2 13 7 586 282 668 
2 13 7 586 282 668 
2 13 7 586 282 668 
2 13 7 282 586 668 
2 13 7 586 282 668 
2 13 7 586 282 668 
2 13 7 586 282 668 
2 13 7 586 282 668 
2 13 7 282 586 668 
2 13 7 282 586 668 
2 13 7 586 282 668 
2 13 7 282 586 668 
2 13 7 586 282 668 
2 13 7 586 282 668 
2 13 7 282 586 668 
2 13 7 586 282 668 
2 13 7 586 282 668 
2 13 7 586 282 668 
2 13 7 282 586 668 
2 13 7 586 282 668 
2 13 7 586 282 668 
2 13 7 586 282 668 
2 13 7 282 586 668 
2 13 7 586 282 668 
2 13 7 282 586 668 
2 13 7 586 282 668 
2 13 7 586 282 668 
2 13 282 7 586 668 
2 13 7 282 586 668 
2 13 7 586 282 668 
2 13 7 586 282 668 
2 13 7 586 282 668 
2 13 7 586 282 668 
2 13 282 7 586 668 
2 13 7 586 282 668 
2 13 7 586 282 668 
2 13 7 586 282 668 
2 13 7 586 282 668 
2 13 7 282 586 668 
2 13 7 282 586 668 
2 13 282 7 586 668 
2 13 7 586 282 668 
2 13 7 586 282 668 
2 13 7 586 282 668 
2 13 7 586 282 668 
2 13 7 586 282 668 
2 13 7 282 586 668 
2 13 7 586 282 668 
2 13 7 282 586 668 
2 13 7 282 586 668 
2 13 282 7 586 668 
