104 239 546 579 558 482 645 
362 332 586 470 395 675 
165 332 395 215 586 675 
129 332 586 395 606 675 
84 14 92 464 554 572 652 
51 332 395 586 215 675 
415 470 586 215 395 675 
51 470 586 215 593 675 
365 470 586 215 393 675 
104 239 482 440 559 255 645 
415 470 395 215 586 675 
51 470 395 332 586 675 
51 530 395 332 586 675 
415 470 586 215 395 675 
323 239 104 466 546 579 645 
84 14 92 464 554 572 652 
84 14 92 464 554 572 652 
415 470 395 215 586 675 
104 239 482 625 559 255 645 
51 332 586 395 530 675 
165 332 586 536 51 675 
51 395 586 215 530 675 
129 332 586 215 395 675 
84 14 92 464 554 572 652 
415 470 395 586 215 675 
129 395 606 215 320 675 
165 332 586 215 395 675 
415 470 395 215 393 675 
104 239 482 558 440 559 645 
415 470 395 382 215 675 
51 332 586 215 338 675 
84 1 92 34 464 595 652 
84 14 92 464 554 572 652 
104 239 482 440 559 255 645 
415 470 586 215 51 675 
415 470 606 215 393 675 
84 14 92 464 554 572 652 
51 332 586 415 470 675 
84 1 92 34 464 595 652 
165 239 104 466 546 579 645 
415 470 395 215 393 675 
84 1 92 34 464 595 652 
415 470 395 382 215 675 
51 332 586 215 393 675 
104 239 482 440 559 255 645 
84 1 92 34 464 595 652 
415 470 395 215 51 675 
415 470 395 215 51 675 
84 1 92 34 464 595 652 
415 470 395 215 51 675 
84 14 92 464 554 572 652 
51 395 320 388 87 656 
51 239 104 255 558 581 645 
104 239 546 579 558 482 645 
51 395 530 108 415 656 
51 239 104 255 558 581 645 
415 470 586 215 393 675 
51 395 530 561 87 656 
51 239 104 255 558 616 645 
84 1 92 34 464 595 652 
104 239 482 440 559 255 645 
191 239 104 558 255 251 645 
84 1 92 34 464 595 652 
51 19 390 530 388 656 
51 239 104 255 558 587 645 
415 470 395 215 393 675 
51 395 530 388 87 656 
191 239 104 558 255 251 645 
51 395 415 470 382 656 
415 470 395 382 215 675 
415 470 586 215 393 675 
466 239 546 579 558 559 645 
51 239 104 255 558 616 645 
51 395 530 388 87 656 
415 470 395 215 393 675 
84 14 92 464 554 572 652 
84 1 92 34 464 595 652 
415 470 395 215 393 675 
51 239 104 255 558 616 645 
51 239 104 255 558 616 645 
338 239 104 255 558 440 645 
51 239 104 255 558 440 645 
51 239 104 255 558 587 645 
84 14 92 464 554 572 652 
84 14 92 464 554 572 652 
51 239 104 255 558 440 645 
84 14 92 464 554 572 652 
84 1 92 34 464 595 652 
84 1 92 34 464 595 652 
84 1 92 34 464 595 652 
84 1 92 34 464 595 652 
84 14 92 464 554 572 652 
84 1 92 34 464 595 652 
84 14 92 464 554 572 652 
51 395 390 364 87 656 
51 395 530 455 187 656 
51 395 530 388 87 656 
51 395 530 364 640 656 
51 395 530 364 87 656 
51 395 530 364 87 656 
