470 445 85 382 519 455 653 
25 35 489 570 595 648 
25 35 489 570 595 648 
470 445 85 382 519 288 653 
9 67 13 7 442 662 
470 19 85 382 519 512 648 
13 7 442 297 586 662 
13 7 442 297 586 662 
512 277 85 470 584 53 648 
470 445 584 512 85 648 
103 7 397 442 642 648 
512 7 442 53 428 648 
512 7 442 53 428 648 
13 7 442 53 512 648 
103 7 442 397 642 648 
7 445 605 442 512 103 648 
512 7 584 442 301 648 
13 7 442 53 512 648 
103 7 442 217 512 648 
512 53 428 584 59 7 648 
13 7 397 442 512 648 
103 7 512 53 428 648 
7 85 222 512 411 53 648 
565 411 512 53 428 648 
470 445 85 382 508 512 648 
13 7 49 442 512 648 
470 445 512 53 428 648 
470 53 528 445 605 512 648 
445 543 605 7 442 512 648 
512 7 545 53 470 648 
470 445 584 512 85 648 
25 35 489 570 595 648 
470 445 85 382 519 288 653 
13 7 442 297 586 662 
512 7 584 442 53 648 
103 7 442 217 642 648 
13 7 442 53 512 648 
512 7 584 442 301 648 
512 383 428 7 301 53 648 
470 445 85 382 519 512 648 
13 7 397 442 512 648 
470 445 512 53 584 648 
512 53 584 195 470 445 648 
470 445 512 103 7 442 648 
103 7 512 53 397 648 
383 411 512 428 584 648 
25 35 489 570 595 648 
470 445 85 382 519 584 653 
512 7 442 53 467 648 
103 7 442 16 642 648 
13 7 442 53 512 648 
512 7 584 442 301 648 
512 53 428 584 59 7 648 
512 561 584 470 445 605 648 
13 7 442 397 512 648 
470 445 512 53 584 648 
512 53 584 473 149 411 648 
512 445 103 7 442 584 648 
7 411 512 53 390 648 
601 411 512 470 445 648 
25 35 489 570 595 648 
470 445 85 382 519 455 653 
320 7 442 53 512 648 
103 7 397 442 642 648 
13 7 442 53 512 648 
166 7 442 397 512 648 
512 445 85 382 7 53 648 
470 445 85 149 411 512 648 
13 7 442 397 512 648 
428 584 512 53 59 648 
512 53 584 473 149 411 648 
470 445 7 543 512 442 648 
484 7 512 53 397 648 
336 428 85 512 496 648 
25 35 489 570 595 648 
470 445 85 382 519 584 653 
512 7 442 301 53 648 
103 7 397 442 642 648 
13 7 512 53 442 648 
61 7 442 512 383 648 
53 218 149 411 512 7 648 
470 445 605 584 512 85 648 
13 7 442 397 512 648 
149 53 85 512 428 648 
512 53 584 473 428 59 648 
470 445 512 7 584 442 648 
512 336 428 7 53 648 
470 445 512 264 397 648 
470 445 85 382 519 584 653 
512 7 584 442 53 648 
565 7 442 642 411 648 
13 7 442 53 512 648 
512 7 442 397 484 648 
342 85 470 512 382 195 648 
149 411 512 53 428 648 
512 53 584 473 428 59 648 
445 543 605 7 442 512 648 
512 7 53 428 584 648 
428 411 512 445 85 648 
470 445 85 382 519 584 653 
