24 29 466 387 525 652 
24 29 622 240 65 652 
24 29 65 211 622 652 
24 29 65 211 622 652 
24 29 466 387 525 652 
24 29 466 387 525 652 
24 29 622 240 65 652 
24 29 622 240 65 652 
24 79 105 104 239 558 660 
24 29 622 240 65 652 
24 79 105 104 239 558 660 
24 29 466 524 525 652 
24 29 466 524 525 652 
81 141 185 85 467 389 669 
24 29 466 524 525 652 
81 467 185 256 85 389 669 
157 81 185 85 467 389 669 
24 29 65 211 240 652 
81 141 185 85 467 389 669 
552 85 185 81 467 389 669 
24 29 65 211 240 652 
24 29 65 211 240 652 
81 141 185 85 467 389 669 
552 85 185 40 467 402 389 55 669 
185 552 85 630 88 467 389 335 669 
552 467 185 85 40 389 669 
185 40 146 552 85 539 467 389 669 
552 40 185 85 467 389 669 
185 552 85 467 389 335 81 669 
552 467 185 85 40 389 669 
185 81 85 467 389 40 125 669 
24 29 466 524 525 652 
85 40 81 185 539 467 389 669 
185 552 85 467 389 335 618 669 
24 29 466 240 525 652 
185 552 85 40 467 335 618 389 55 669 
24 29 466 240 525 652 
146 552 85 40 185 539 467 389 55 669 
185 552 85 467 389 335 388 669 
85 40 81 185 539 467 389 669 
24 29 466 240 525 652 
185 552 85 40 630 81 446 389 55 669 
185 552 85 40 467 335 618 389 55 669 
185 40 81 539 85 467 389 335 669 
185 40 81 125 85 467 389 335 669 
185 40 81 539 85 467 389 335 669 
185 552 85 40 630 81 606 389 55 669 
185 40 81 539 85 467 389 335 669 
185 552 85 467 389 335 618 669 
24 79 105 104 239 558 660 
185 552 85 40 630 81 606 389 55 669 
69 40 354 402 81 141 669 
69 309 81 552 85 141 669 
69 40 354 402 81 141 669 
69 446 81 552 85 141 669 
69 446 185 402 81 141 669 
69 40 185 402 81 141 669 
511 40 185 81 141 630 669 
69 40 185 85 81 141 669 
81 141 185 85 40 630 669 
24 29 65 211 240 652 
447 40 185 402 81 141 669 
552 40 185 85 618 88 669 
447 40 185 552 85 618 669 
24 79 392 104 239 558 660 
447 40 185 85 81 141 669 
69 40 185 402 81 141 669 
85 40 81 446 244 141 185 669 
69 407 81 104 239 141 660 
69 40 81 104 239 141 660 
447 40 185 630 88 519 669 
24 79 392 104 239 558 660 
69 552 85 40 81 141 446 669 
69 552 85 40 81 141 446 669 
24 79 392 104 239 558 660 
69 40 81 104 239 141 660 
69 40 81 306 630 141 446 669 
24 79 392 104 239 558 660 
69 40 81 104 239 141 660 
24 29 466 240 525 652 
24 29 65 211 93 652 
24 29 65 211 93 652 
24 29 65 211 93 652 
24 29 65 211 93 652 
511 40 185 81 141 630 319 669 
85 40 81 446 244 141 185 669 
185 552 446 40 630 55 79 669 
85 40 81 446 471 141 185 669 
185 552 85 40 630 319 88 669 
185 552 85 467 40 335 618 669 
185 552 388 446 40 630 88 55 669 
185 552 85 630 88 40 318 131 669 
185 552 85 306 633 40 630 88 669 
185 552 85 40 630 131 204 564 88 669 
185 552 85 40 630 131 204 564 55 669 
185 552 85 40 630 88 204 564 55 669 
446 40 630 55 79 651 
446 40 630 88 55 651 
446 40 630 88 85 651 
447 40 630 88 519 651 
