565 407 474 582 219 530 130 657 
102 66 104 239 546 646 
102 455 104 239 546 646 
565 61 116 582 512 636 648 
102 66 6 104 239 645 
240 589 6 168 104 645 
499 582 219 280 437 512 648 
565 582 219 530 437 512 648 
394 123 104 239 546 646 
240 636 6 168 104 645 
346 295 104 239 558 646 
485 362 104 239 558 646 
240 589 6 576 104 645 
565 582 512 530 7 61 648 
499 582 512 530 7 219 648 
65 101 104 239 546 646 
65 101 104 239 546 646 
65 66 104 546 558 646 
65 66 104 546 558 646 
65 66 104 546 558 646 
65 66 104 239 558 646 
65 66 104 239 558 646 
65 66 104 239 558 646 
65 66 104 239 558 646 
65 66 104 239 558 646 
65 66 104 239 558 646 
65 66 104 239 558 646 
65 66 104 239 558 646 
65 66 104 239 558 646 
65 66 104 239 558 646 
65 66 104 239 558 646 
65 66 104 239 558 646 
65 66 104 239 558 646 
65 66 104 239 558 646 
65 66 104 239 558 646 
65 66 104 239 558 646 
65 66 104 239 558 646 
65 66 104 239 558 646 
65 66 104 239 558 646 
65 66 104 239 558 646 
65 66 104 239 558 646 
65 66 104 239 558 646 
65 66 104 239 558 646 
65 66 104 239 558 646 
65 66 104 239 558 646 
65 66 104 239 558 646 
65 66 104 239 558 646 
65 66 104 239 558 646 
65 66 104 239 558 646 
65 66 104 239 558 646 
65 66 104 239 558 646 
65 66 104 239 558 646 
65 66 104 239 558 646 
65 66 104 239 558 646 
65 66 104 239 558 646 
65 66 104 239 558 646 
65 66 104 239 558 646 
65 66 104 239 558 646 
65 66 104 239 558 646 
65 66 104 239 558 646 
65 66 104 239 558 646 
65 66 104 239 558 646 
65 66 104 239 558 646 
65 66 104 239 558 646 
65 66 104 239 558 646 
65 66 104 239 558 646 
65 66 104 239 558 646 
65 66 104 239 558 646 
65 66 104 239 558 646 
65 66 104 239 558 646 
65 66 104 239 558 646 
65 66 104 239 558 646 
65 66 104 239 558 646 
65 66 104 239 558 646 
65 66 104 239 558 646 
65 66 104 239 558 646 
65 66 104 239 558 646 
65 66 104 239 558 646 
65 66 104 239 558 646 
65 66 104 239 558 646 
65 66 104 239 558 646 
65 66 104 239 558 646 
65 66 104 239 558 646 
65 66 104 239 558 646 
65 66 104 239 558 646 
65 66 104 239 558 646 
65 66 104 239 558 646 
65 66 104 239 558 646 
65 66 104 239 558 646 
65 66 104 239 558 646 
65 66 104 239 558 646 
65 66 104 239 558 646 
65 66 104 239 558 646 
65 66 104 239 558 646 
65 66 104 239 558 646 
65 66 104 239 558 646 
65 66 104 239 558 646 
65 66 104 239 558 646 
65 66 104 239 558 646 
65 66 104 239 558 646 
