66 102 104 237 239 513 517 544 558 645 
66 598 104 237 239 513 517 91 558 645 
117 61 170 515 472 278 671 
66 102 104 237 239 513 517 544 558 645 
66 598 104 237 239 513 517 91 558 645 
442 140 629 7 9 586 671 
10 366 7 448 9 442 586 671 
10 366 7 448 9 442 586 671 
10 366 7 448 9 442 586 671 
442 140 629 7 9 586 671 
10 366 7 448 9 442 586 671 
442 61 629 7 9 586 671 
66 598 104 237 239 513 517 91 558 645 
442 61 629 7 9 586 671 
2 314 170 7 9 586 671 
2 61 170 7 9 586 671 
2 61 170 7 9 586 671 
66 598 104 237 239 513 517 91 558 645 
2 582 170 7 9 586 671 
2 470 7 448 9 586 671 
2 61 7 9 586 448 671 
2 61 7 448 9 442 586 671 
410 366 472 448 140 9 442 586 671 
2 61 7 9 586 448 671 
410 366 472 448 140 9 442 586 671 
2 61 7 448 9 442 586 671 
410 366 472 448 140 9 442 586 671 
66 102 104 517 579 237 646 
2 61 7 448 9 442 586 671 
2 61 7 448 9 442 586 671 
2 61 7 448 9 586 671 
66 102 104 517 579 237 646 
66 102 104 517 579 237 646 
66 102 104 517 579 237 646 
629 61 161 448 9 442 586 671 
170 61 7 9 586 515 671 
170 61 7 9 586 515 671 
117 543 503 448 9 442 586 671 
501 61 7 170 9 586 671 
170 61 629 7 9 586 671 
117 543 503 448 9 442 586 671 
170 515 7 447 586 448 671 
7 448 170 515 472 586 671 
410 366 472 448 140 9 442 586 671 
24 21 66 102 495 676 
170 515 61 7 448 586 671 
24 21 66 102 495 676 
117 543 503 448 9 442 586 671 
170 61 7 515 448 586 671 
410 366 7 448 9 442 586 671 
410 366 7 633 9 442 586 671 
410 366 7 448 9 442 586 671 
410 366 7 448 9 442 586 671 
170 515 472 448 61 278 455 313 671 
629 366 7 543 9 586 671 
170 61 7 515 448 586 472 671 
170 515 7 231 117 313 8 366 671 
170 515 472 448 61 278 582 153 671 
170 515 7 88 543 448 153 19 671 
24 21 66 102 495 676 
472 366 7 543 9 586 671 
170 515 472 448 397 447 455 153 671 
170 515 472 278 601 248 175 671 
117 61 170 515 472 543 671 
472 61 170 515 278 582 671 
472 366 7 543 9 586 671 
170 515 7 231 117 472 278 601 671 
117 543 7 448 586 170 515 671 
170 515 472 448 455 153 278 671 
170 61 7 515 448 586 472 671 
117 61 170 515 472 278 671 
170 515 472 278 582 61 328 671 
117 543 7 245 448 586 671 
170 515 7 472 543 448 153 19 671 
170 515 472 543 7 306 671 
629 61 7 8 9 586 671 
170 515 7 543 629 366 671 
24 21 66 102 495 676 
629 251 7 8 170 515 671 
170 515 7 543 448 472 671 
170 515 7 448 586 472 278 671 
472 61 7 543 448 586 671 
170 515 472 278 601 7 175 671 
472 61 7 543 448 586 671 
170 515 472 278 601 7 175 671 
170 515 472 278 601 7 175 671 
472 543 7 8 448 586 671 
170 515 472 278 601 7 175 671 
582 61 7 472 543 448 586 564 671 
472 7 448 586 117 543 564 88 671 
629 366 7 231 117 543 448 586 671 
117 543 7 448 231 447 586 564 671 
472 543 7 448 586 564 88 671 
117 543 7 448 586 564 231 671 
472 543 7 448 455 153 586 671 
472 543 7 448 586 564 88 671 
326 8 455 153 468 651 
472 543 639 564 88 651 
472 543 97 153 385 651 
472 543 455 153 19 651 
