180 328 131 636 564 285 655 
25 36 44 101 465 673 
25 36 44 101 465 673 
180 328 244 305 564 636 655 
118 328 244 636 339 408 655 
25 27 44 101 465 644 
25 27 44 101 465 673 
25 27 44 101 465 673 
44 489 531 518 526 648 
25 27 44 101 465 644 
44 489 294 518 526 648 
44 489 294 518 526 648 
44 489 531 518 526 648 
27 489 53 634 518 648 
399 512 180 126 636 648 
180 328 636 53 512 478 648 
27 489 53 634 518 648 
512 489 53 518 634 648 
27 489 53 634 365 648 
382 195 53 7 442 648 
180 328 636 53 7 442 648 
489 88 53 512 518 648 
512 489 53 7 518 648 
636 309 53 7 442 648 
512 356 53 489 518 648 
328 294 636 53 7 512 648 
512 519 53 7 350 648 
119 489 53 634 518 648 
328 294 636 53 7 512 648 
636 512 180 309 53 648 
512 489 53 7 518 648 
119 489 53 634 518 648 
512 489 53 634 518 648 
27 489 53 634 180 648 
27 489 53 512 634 648 
512 261 328 519 53 648 
27 489 53 634 512 648 
180 289 636 53 512 547 648 
305 328 244 636 339 408 655 
180 529 306 53 7 442 648 
512 350 53 519 7 648 
636 180 151 512 194 648 
25 36 44 101 465 673 
180 328 244 636 339 305 655 
25 27 44 101 465 673 
25 27 44 101 465 644 
44 489 294 518 526 648 
44 489 531 518 526 648 
27 489 53 634 518 648 
382 195 53 7 442 648 
512 489 53 518 516 648 
512 328 246 618 53 7 648 
512 489 53 7 518 648 
55 489 53 634 518 648 
512 489 53 634 518 648 
27 489 53 634 382 648 
636 519 53 512 180 648 
27 489 53 512 634 648 
180 328 512 547 636 53 648 
118 328 244 636 339 408 655 
180 323 636 53 7 442 648 
512 519 53 340 7 648 
512 261 328 246 618 648 
25 36 44 101 465 673 
118 328 244 636 339 180 655 
25 27 44 101 465 673 
25 27 44 101 465 644 
44 489 294 518 526 648 
44 489 531 518 526 648 
27 489 53 634 518 648 
246 638 53 7 442 648 
512 489 53 518 158 648 
512 519 246 618 53 7 648 
512 489 53 518 7 648 
119 489 53 634 518 648 
512 489 53 634 518 648 
27 489 53 634 180 648 
512 356 53 251 399 648 
27 489 53 634 512 648 
180 328 636 53 512 478 648 
118 328 244 636 339 408 655 
180 323 636 53 7 442 648 
512 519 53 7 399 648 
636 180 151 512 309 648 
25 36 44 101 465 673 
180 328 244 305 564 636 655 
25 27 44 101 465 673 
25 27 44 101 465 644 
44 489 294 518 526 648 
44 489 531 518 526 648 
27 489 53 634 518 648 
382 195 53 7 442 648 
489 88 53 512 518 648 
512 328 246 618 53 7 648 
512 489 53 518 7 648 
119 489 53 634 518 648 
512 489 53 634 518 648 
27 489 53 634 180 648 
512 356 53 342 399 648 
27 489 53 512 634 648 
