297 447 401 455 366 483 641 674 
25 421 29 54 185 644 
25 101 29 54 185 644 
69 104 3 70 81 660 
3 69 70 81 274 644 
384 203 85 534 137 243 239 645 
384 485 203 104 85 243 239 645 
226 104 239 447 431 558 660 
69 70 221 625 81 660 
226 104 239 447 191 558 660 
239 104 396 3 607 660 
431 104 226 239 447 660 
69 70 515 625 81 660 
431 226 203 104 239 139 645 
501 104 226 239 447 660 
384 485 203 104 558 243 239 645 
384 104 239 447 431 485 660 
347 104 431 226 239 660 
25 39 62 93 531 644 
25 39 62 93 531 644 
25 39 62 93 531 644 
25 39 62 93 531 644 
25 39 62 93 531 644 
25 39 62 93 531 644 
25 39 62 93 531 644 
25 39 62 93 531 644 
25 39 62 93 531 644 
25 39 62 93 531 644 
25 39 62 93 531 644 
25 39 62 93 531 644 
25 39 62 93 531 644 
25 39 62 93 531 644 
25 39 62 93 531 644 
25 39 62 93 531 644 
25 39 62 93 531 644 
25 39 62 93 531 644 
25 39 29 54 185 644 
25 39 29 54 185 644 
25 39 29 54 185 644 
25 39 29 54 185 644 
25 39 29 54 185 644 
25 39 29 54 185 644 
25 39 29 54 185 644 
25 39 29 54 185 644 
25 39 29 54 185 644 
25 39 29 54 185 644 
25 39 29 54 185 644 
25 39 29 54 185 644 
25 39 29 54 185 644 
25 39 29 54 185 644 
25 39 29 54 185 644 
25 39 29 54 185 644 
25 39 29 54 185 644 
25 39 29 54 185 644 
25 39 29 54 185 644 
25 39 29 54 185 644 
25 39 29 54 185 644 
25 39 29 54 185 644 
25 39 29 54 185 644 
25 39 29 54 185 644 
25 39 29 54 185 644 
25 39 29 54 185 644 
25 39 29 54 185 644 
25 39 29 54 185 644 
25 39 29 54 185 644 
25 39 29 54 185 644 
25 39 29 54 185 644 
25 39 29 54 185 644 
25 39 29 54 185 644 
25 39 29 54 185 644 
25 39 29 54 185 644 
25 39 29 54 185 644 
25 39 29 54 185 644 
25 39 29 54 185 644 
25 39 29 54 185 644 
25 39 29 54 185 644 
25 39 29 54 185 644 
25 39 29 54 185 644 
25 39 29 54 185 644 
25 39 29 54 185 644 
25 39 29 54 185 644 
25 39 29 54 185 644 
25 39 29 54 185 644 
25 39 29 54 185 644 
25 39 29 54 185 644 
25 39 29 54 185 644 
25 39 29 54 185 644 
25 39 29 54 185 644 
25 39 29 54 185 644 
25 39 29 54 185 644 
25 39 29 54 185 644 
25 39 29 54 185 644 
25 39 29 54 185 644 
25 39 29 54 185 644 
25 39 29 54 185 644 
25 39 29 54 185 644 
25 39 29 54 185 644 
25 39 29 54 185 644 
25 39 29 54 185 644 
25 39 29 54 185 644 
