49 100 256 543 163 639 664 
23 27 44 65 465 646 
23 27 44 65 465 646 
49 100 256 543 290 142 664 
23 102 91 276 489 663 
23 27 44 65 579 646 
290 49 212 601 195 361 184 663 
290 102 276 489 518 663 
23 102 91 276 489 663 
23 27 44 65 579 646 
290 102 276 489 518 663 
91 110 276 212 518 663 
224 49 212 601 335 119 588 663 
107 391 611 588 225 663 
91 110 276 212 518 663 
224 276 212 518 588 663 
212 361 184 276 518 588 663 
290 391 276 489 518 663 
290 391 276 489 518 663 
611 212 518 588 195 663 
142 361 212 391 518 588 663 
100 49 212 391 407 256 543 663 
49 100 212 588 256 663 
212 361 327 391 498 588 663 
224 276 212 518 588 663 
49 100 212 391 588 361 663 
224 49 212 601 335 119 588 663 
224 49 212 276 518 588 663 
212 392 518 588 114 663 
142 361 212 391 518 588 663 
195 108 212 138 588 663 
195 108 457 100 212 663 
107 266 319 391 611 588 663 
195 108 40 391 212 245 663 
23 27 44 65 465 646 
383 100 256 543 163 266 664 
23 102 91 276 489 663 
23 27 44 65 579 646 
290 102 276 489 518 663 
91 110 276 212 518 663 
107 391 276 489 518 663 
290 49 212 601 195 361 184 663 
224 276 212 518 588 663 
327 361 212 391 498 588 663 
361 328 237 100 212 588 184 663 
212 361 184 276 518 588 663 
212 392 518 588 184 663 
212 361 184 565 518 588 663 
195 108 212 138 588 663 
195 108 49 100 212 663 
195 108 184 394 212 138 663 
23 27 44 65 465 646 
49 100 256 543 163 639 664 
23 102 91 276 489 663 
23 27 44 65 579 646 
290 102 276 489 518 663 
91 110 276 212 518 663 
290 391 276 489 518 663 
114 49 212 391 407 366 319 663 
224 276 212 518 588 663 
49 100 212 391 588 256 663 
195 108 212 391 245 588 319 663 
375 212 184 276 518 588 663 
611 212 518 588 195 663 
212 361 327 518 588 516 663 
195 108 212 245 588 663 
195 108 212 138 448 663 
195 108 256 319 212 245 663 
23 27 44 65 465 646 
49 391 611 459 256 664 
23 102 91 276 489 663 
23 27 44 65 579 646 
290 102 276 489 518 663 
290 391 276 489 518 663 
290 49 212 601 195 361 184 663 
278 276 212 518 588 663 
142 361 212 49 100 588 663 
38 391 237 212 588 49 302 663 
212 166 224 276 518 588 663 
224 335 212 518 588 663 
212 361 224 181 518 588 663 
195 108 212 245 588 663 
195 108 212 138 38 663 
212 100 256 319 108 253 663 
23 27 44 65 465 646 
224 100 256 543 163 49 664 
23 102 91 276 489 663 
23 27 44 65 579 646 
290 102 276 489 518 663 
290 391 276 489 518 663 
114 49 142 361 212 391 100 663 
224 276 212 518 588 663 
361 100 212 391 588 184 663 
49 391 237 212 588 100 599 663 
212 361 184 276 518 588 663 
224 335 212 518 588 663 
212 330 184 565 518 588 663 
195 108 212 245 588 663 
290 391 142 361 212 663 
107 266 142 361 212 391 663 
