473 519 10 13 146 7 586 665 
244 453 10 146 13 7 586 665 
337 519 10 146 13 7 586 665 
337 519 10 146 13 7 586 665 
2 453 10 146 13 7 586 665 
2 453 10 146 13 7 586 665 
636 105 123 546 558 646 
2 453 10 146 13 7 586 665 
101 105 123 546 239 646 
101 105 123 546 239 646 
337 519 10 146 13 7 586 665 
2 453 10 146 13 7 586 665 
2 453 10 146 13 7 586 665 
101 105 123 546 239 646 
264 105 123 546 558 646 
101 105 123 546 239 646 
337 519 10 146 13 7 586 665 
264 105 123 546 558 646 
101 105 123 546 558 646 
264 105 123 546 558 646 
2 453 10 146 13 7 586 665 
101 105 123 546 558 646 
506 519 10 146 13 48 7 586 665 
506 519 10 146 13 48 7 586 665 
38 519 10 146 337 13 7 586 665 
101 105 123 546 558 646 
101 105 123 546 558 646 
38 519 10 146 337 13 7 586 665 
151 105 123 546 558 646 
38 519 10 146 13 48 7 586 665 
101 105 123 546 558 646 
264 105 123 546 558 646 
101 105 123 546 239 646 
2 453 13 146 7 586 665 
101 105 546 239 558 646 
2 453 13 146 7 586 665 
2 453 13 146 7 586 665 
101 105 123 546 558 646 
101 105 546 239 558 646 
101 105 546 239 558 646 
2 515 13 146 7 586 665 
101 105 546 239 558 646 
101 105 546 239 558 646 
2 453 13 146 7 586 665 
2 453 13 146 7 586 665 
101 105 546 239 558 646 
337 519 195 146 7 586 665 
337 118 13 146 7 519 586 665 
519 337 338 7 139 586 665 
337 519 302 146 7 586 665 
337 519 195 146 7 586 665 
506 519 539 146 7 586 665 
519 430 338 7 139 586 665 
337 519 13 146 7 586 665 
337 519 13 146 7 586 665 
473 519 13 146 7 586 665 
506 519 13 48 7 586 665 
337 519 13 146 7 586 665 
337 519 338 13 7 139 586 335 665 
519 337 348 146 13 7 586 636 665 
519 13 506 305 7 636 146 586 665 
438 519 348 13 146 7 586 636 665 
337 519 506 305 7 338 182 586 665 
506 519 13 146 7 586 636 665 
544 519 506 305 7 338 586 636 665 
433 519 13 305 7 417 586 19 665 
337 519 338 7 139 586 636 665 
337 519 13 146 7 586 636 665 
397 519 485 13 7 19 586 265 665 
337 519 506 305 7 182 586 636 665 
506 519 348 146 7 586 248 665 
337 519 338 7 139 586 636 665 
506 519 13 146 7 586 636 665 
337 519 338 139 290 7 586 665 
337 519 506 305 7 182 586 636 665 
337 519 506 305 7 338 586 636 665 
125 118 13 146 7 586 338 665 
337 519 338 7 139 586 636 665 
506 519 13 146 7 586 636 665 
519 338 348 100 337 7 665 
397 116 636 146 7 337 665 
519 337 338 146 125 7 665 
519 338 348 146 7 264 665 
519 337 338 146 125 7 665 
397 337 125 305 340 562 248 19 665 
506 337 208 146 7 562 248 665 
264 305 636 146 337 562 633 19 665 
337 519 348 248 506 338 19 146 665 
264 337 506 562 354 519 248 19 665 
506 337 208 146 7 562 248 665 
337 519 338 19 146 7 636 665 
388 337 506 146 7 562 354 665 
264 337 506 305 7 636 490 275 665 
264 337 562 248 19 146 7 636 665 
519 337 338 146 7 348 248 665 
506 337 288 248 19 264 146 7 665 
388 337 506 562 354 519 338 146 665 
519 337 348 248 117 338 146 7 665 
506 337 562 248 19 452 636 594 665 
519 337 348 248 117 338 146 7 665 
