130 545 383 99 484 650 
7 149 442 624 642 648 
7 437 512 80 442 648 
7 442 518 437 512 648 
130 219 469 639 397 417 512 648 
201 437 512 202 53 648 
7 219 442 437 512 648 
7 80 442 55 512 648 
7 512 442 219 53 648 
411 219 41 437 512 648 
449 512 469 639 605 445 53 648 
449 512 605 140 53 648 
437 512 342 411 219 438 648 
140 53 201 395 512 605 648 
411 219 469 639 41 437 512 648 
140 53 342 411 437 512 648 
61 512 618 38 97 648 
130 219 469 158 470 512 648 
7 62 442 624 642 648 
7 62 442 624 642 648 
7 13 442 624 642 648 
7 13 442 624 642 648 
7 13 442 624 642 648 
7 13 442 624 642 648 
7 13 442 624 642 648 
7 13 442 624 642 648 
7 13 442 624 642 648 
7 13 442 624 642 648 
7 13 442 624 642 648 
7 13 442 624 642 648 
7 13 442 624 642 648 
7 13 442 624 642 648 
7 13 442 624 642 648 
7 13 442 624 642 648 
7 13 442 624 642 648 
7 13 442 624 642 648 
7 13 442 624 642 648 
7 13 442 624 642 648 
7 13 442 624 642 648 
7 13 442 624 642 648 
7 13 442 624 642 648 
7 13 442 624 642 648 
7 13 442 624 642 648 
7 13 442 624 642 648 
7 13 442 624 642 648 
7 13 442 624 642 648 
7 13 442 624 642 648 
7 13 442 624 642 648 
7 13 442 624 642 648 
7 13 442 624 642 648 
7 13 442 624 642 648 
7 13 442 624 642 648 
7 13 442 624 642 648 
7 13 442 624 642 648 
7 13 442 624 642 648 
7 13 442 624 642 648 
7 13 442 624 642 648 
7 13 442 624 642 648 
7 13 442 624 642 648 
7 13 442 624 642 648 
7 13 442 624 642 648 
7 13 442 624 642 648 
7 13 442 624 642 648 
7 13 442 624 642 648 
7 13 442 624 642 648 
7 13 442 624 642 648 
7 13 442 624 642 648 
7 13 442 624 642 648 
7 13 442 624 642 648 
7 13 442 624 642 648 
7 13 442 624 642 648 
7 13 442 624 642 648 
7 13 442 624 642 648 
7 13 442 624 642 648 
7 13 442 624 642 648 
7 13 442 624 642 648 
7 13 442 624 642 648 
7 13 442 624 642 648 
7 13 442 624 642 648 
7 13 442 624 642 648 
7 13 442 624 642 648 
7 13 442 624 642 648 
7 13 442 624 642 648 
7 13 442 624 642 648 
7 13 442 624 642 648 
7 13 442 624 642 648 
7 13 442 624 642 648 
7 13 442 624 642 648 
7 13 442 624 642 648 
7 13 442 624 642 648 
7 13 442 624 642 648 
7 13 442 624 642 648 
7 13 442 624 642 648 
7 13 442 624 642 648 
7 13 442 624 642 648 
7 13 442 624 642 648 
7 13 442 624 642 648 
7 13 442 624 642 648 
7 13 442 624 642 648 
7 13 442 391 642 648 
