81 389 624 344 141 669 
4 6 31 27 615 644 
513 221 556 105 557 123 660 
4 6 31 27 615 644 
513 281 556 105 557 123 660 
4 6 31 27 615 644 
81 389 624 344 141 669 
4 6 31 27 615 644 
513 281 556 239 557 123 660 
81 389 624 103 141 669 
4 6 409 615 185 644 
4 6 409 615 185 644 
81 301 185 389 624 669 
81 545 185 389 624 669 
4 6 409 615 185 644 
81 624 185 389 409 669 
81 389 624 185 103 669 
81 389 624 103 141 669 
81 624 185 389 103 669 
4 6 11 66 615 644 
513 281 556 239 557 123 660 
81 389 624 103 141 669 
4 6 409 615 185 644 
4 6 11 66 615 644 
81 389 624 103 141 669 
4 6 11 66 615 644 
4 6 11 66 615 644 
81 389 624 103 141 669 
513 281 556 239 557 123 660 
4 6 409 615 185 644 
4 6 11 66 615 644 
513 281 556 239 557 123 660 
4 6 66 615 367 644 
513 281 556 239 557 123 660 
154 412 253 18 586 587 675 
4 6 31 615 240 644 
4 6 11 615 240 644 
439 412 253 18 586 409 675 
4 6 23 66 615 644 
4 6 23 66 615 644 
439 412 253 18 586 409 675 
4 6 31 615 240 644 
4 6 11 615 240 644 
4 6 31 615 240 644 
4 6 31 615 240 644 
4 6 23 66 615 644 
4 6 23 66 615 644 
4 6 11 615 240 644 
4 6 31 615 240 644 
4 6 23 66 615 644 
4 6 11 615 240 644 
4 6 66 615 367 644 
4 6 11 615 240 644 
4 6 66 367 615 644 
4 6 66 367 615 644 
154 412 253 18 586 587 675 
4 6 66 367 615 644 
81 389 382 103 141 669 
81 389 382 103 141 669 
81 389 382 103 141 669 
81 389 382 103 141 669 
81 389 382 103 141 669 
4 6 367 615 123 644 
4 6 367 615 123 644 
4 6 367 615 123 644 
4 6 123 367 615 644 
4 6 367 615 123 644 
4 6 367 615 193 644 
4 6 367 615 113 644 
4 6 367 615 113 644 
81 154 185 389 382 669 
4 6 193 615 240 644 
4 6 193 615 240 644 
81 301 185 389 385 669 
81 301 185 389 385 669 
4 6 193 615 240 644 
4 6 367 615 113 644 
4 6 193 615 240 644 
4 6 193 615 240 644 
154 422 253 409 18 586 587 675 
439 412 253 298 154 18 586 675 
409 154 185 439 412 669 
439 412 18 586 253 409 162 675 
4 6 367 615 113 644 
409 154 185 389 121 669 
409 154 185 389 439 669 
439 402 185 412 253 669 
154 253 18 586 412 587 310 675 
439 301 185 412 253 669 
409 154 185 389 439 669 
409 154 185 389 121 669 
154 301 185 587 412 669 
409 154 185 389 439 669 
400 301 389 81 185 669 
81 301 185 389 587 669 
154 412 253 409 18 587 310 675 
439 412 253 409 18 601 587 675 
154 412 253 409 18 587 310 675 
439 412 253 409 18 587 310 675 
439 412 253 409 18 587 310 675 
