412 633 621 359 224 648 
52 437 512 499 553 648 
633 519 512 621 278 648 
289 278 437 499 512 648 
52 437 278 499 512 648 
19 437 512 289 53 648 
472 388 278 53 512 648 
519 437 512 289 278 648 
19 437 512 499 553 648 
52 437 7 279 512 648 
52 93 437 499 512 648 
52 93 437 499 512 648 
52 93 437 499 512 648 
52 93 437 499 512 648 
52 93 437 499 512 648 
52 93 437 499 512 648 
52 93 437 499 512 648 
52 93 437 499 512 648 
52 93 437 499 512 648 
52 93 437 499 512 648 
52 93 437 499 512 648 
52 93 437 499 512 648 
52 93 437 499 512 648 
52 93 437 499 512 648 
52 93 437 499 512 648 
52 93 437 499 512 648 
52 93 437 499 512 648 
52 93 437 499 512 648 
52 93 437 499 512 648 
52 93 437 499 512 648 
52 93 437 499 512 648 
52 93 437 499 512 648 
52 93 437 499 512 648 
52 93 437 499 512 648 
52 93 437 499 512 648 
52 93 437 499 512 648 
52 93 437 499 512 648 
52 93 437 499 512 648 
52 93 437 499 512 648 
52 93 437 499 512 648 
52 93 437 499 512 648 
52 93 437 499 512 648 
52 93 437 499 512 648 
52 93 437 499 512 648 
52 93 437 499 512 648 
52 93 437 499 512 648 
52 93 437 499 512 648 
52 93 437 499 512 648 
52 93 437 499 512 648 
52 93 437 499 512 648 
52 93 437 499 512 648 
52 93 437 499 512 648 
52 93 437 499 512 648 
52 93 437 499 512 648 
52 93 437 499 512 648 
52 93 437 499 512 648 
52 93 437 499 512 648 
52 93 437 499 512 648 
52 93 437 499 512 648 
52 93 437 499 512 648 
52 93 437 499 512 648 
52 93 437 499 512 648 
52 93 437 499 512 648 
52 93 437 499 512 648 
52 93 437 499 512 648 
52 93 437 499 512 648 
52 93 437 499 512 648 
52 93 437 499 512 648 
52 93 437 499 512 648 
52 93 437 499 512 648 
52 93 437 499 512 648 
52 93 437 499 512 648 
52 93 437 499 512 648 
52 93 437 499 512 648 
52 93 437 499 512 648 
52 93 437 499 512 648 
52 93 437 499 512 648 
52 93 437 499 512 648 
52 93 437 499 512 648 
52 93 437 499 512 648 
52 93 437 499 512 648 
52 93 437 499 512 648 
52 93 437 499 512 648 
52 93 437 499 512 648 
52 93 437 499 512 648 
52 93 437 499 512 648 
52 93 437 499 512 648 
52 93 437 499 512 648 
52 93 437 499 512 648 
52 93 437 499 512 648 
52 93 437 499 512 648 
52 93 437 499 512 648 
52 93 437 499 512 648 
52 93 437 499 512 648 
52 93 437 499 512 648 
52 93 437 499 512 648 
52 93 437 499 512 648 
52 93 437 499 512 648 
52 93 437 499 512 648 
52 93 437 499 512 648 
