106 148 467 503 169 582 659 
20 24 62 466 627 673 
20 24 62 466 627 673 
106 148 467 503 169 582 659 
95 24 102 104 559 645 
498 314 310 503 253 476 670 
20 24 273 104 627 645 
20 24 558 44 273 645 
20 239 273 104 558 645 
226 24 558 255 559 645 
20 24 273 104 627 645 
226 24 102 104 559 645 
20 24 558 44 273 645 
297 476 246 508 169 7 670 
253 476 169 174 149 670 
20 24 273 104 239 645 
20 239 273 255 104 645 
253 476 489 148 7 276 670 
226 24 558 104 559 645 
226 527 558 104 559 645 
253 476 14 598 7 670 
253 476 214 7 276 670 
253 276 122 476 297 7 670 
20 24 273 104 239 645 
508 476 630 7 276 69 670 
508 621 276 7 253 476 670 
297 476 169 7 581 670 
226 24 102 104 559 645 
253 14 169 7 476 69 670 
226 24 558 255 559 645 
297 476 169 7 581 670 
226 527 558 104 559 645 
508 476 467 458 7 169 670 
226 24 558 104 559 645 
20 239 273 104 255 645 
253 14 169 7 476 69 670 
508 621 276 7 476 69 670 
253 476 14 598 7 670 
297 476 467 503 169 357 670 
253 476 169 7 276 670 
253 476 320 314 310 670 
20 24 62 466 627 673 
106 314 169 148 467 501 659 
20 24 273 104 627 645 
20 24 273 104 239 645 
508 476 467 458 7 276 670 
226 24 102 104 559 645 
226 24 558 255 559 645 
253 476 508 630 7 670 
226 527 558 104 559 645 
508 476 467 471 169 7 670 
226 24 558 104 559 645 
253 14 476 506 7 69 670 
253 476 14 261 7 670 
508 476 630 7 276 69 670 
498 314 310 503 337 476 670 
253 476 214 7 276 670 
253 476 411 314 310 670 
297 169 366 106 314 148 659 
20 24 62 466 627 673 
20 24 273 104 627 645 
20 24 273 104 239 645 
508 476 630 7 169 276 670 
226 24 102 104 559 645 
516 24 558 255 559 645 
253 476 508 169 7 670 
226 527 558 104 559 645 
297 476 169 148 7 388 670 
226 24 558 104 559 645 
253 14 169 7 476 69 670 
253 476 14 261 7 670 
508 476 169 7 276 69 670 
498 314 310 503 169 476 670 
253 476 490 7 276 670 
253 476 106 148 467 670 
20 24 62 466 627 673 
106 148 467 503 453 582 659 
20 24 273 104 627 645 
20 24 273 104 239 645 
297 476 630 7 253 276 670 
448 24 102 104 559 645 
226 24 558 255 559 645 
476 7 116 169 581 670 
226 527 558 104 559 645 
508 476 630 7 253 169 670 
226 24 558 104 559 645 
253 14 169 7 476 69 670 
508 14 169 7 476 670 
508 476 169 7 276 69 670 
498 314 310 148 467 476 670 
253 476 169 7 276 670 
226 305 508 476 467 670 
106 148 467 503 169 582 659 
508 476 467 458 7 276 670 
226 24 558 255 559 645 
253 476 165 598 7 670 
226 527 558 104 559 645 
498 314 169 175 476 7 670 
14 169 476 7 253 69 670 
508 476 630 7 276 69 670 
