639 88 85 16 19 669 
389 19 353 265 85 669 
97 240 81 389 141 669 
69 77 81 240 141 669 
69 416 81 141 389 669 
97 77 81 141 240 669 
389 185 19 353 265 669 
389 81 141 19 166 669 
389 185 353 85 81 669 
69 616 81 141 265 669 
69 70 77 81 141 669 
69 70 77 81 141 669 
69 70 77 81 141 669 
69 70 77 81 141 669 
69 70 77 81 141 669 
69 70 77 81 141 669 
69 70 77 81 141 669 
69 70 77 81 141 669 
69 70 77 81 141 669 
69 70 77 81 141 669 
69 70 77 81 141 669 
69 70 77 81 141 669 
69 70 77 81 141 669 
69 70 77 81 141 669 
69 70 77 81 141 669 
69 70 77 81 141 669 
69 70 77 81 141 669 
69 70 77 81 141 669 
69 70 77 81 141 669 
69 70 77 81 141 669 
69 70 77 81 141 669 
69 70 77 81 141 669 
69 70 77 81 141 669 
69 70 77 81 141 669 
69 70 77 81 141 669 
69 70 77 81 141 669 
69 70 77 81 141 669 
69 70 77 81 141 669 
69 70 77 81 141 669 
69 70 77 81 141 669 
69 70 77 81 141 669 
69 70 77 81 141 669 
69 70 77 81 141 669 
69 70 77 81 141 669 
69 70 77 81 141 669 
69 70 77 81 141 669 
69 70 77 81 141 669 
69 70 77 81 141 669 
69 70 77 81 141 669 
69 70 77 81 141 669 
69 70 77 81 141 669 
69 70 77 81 141 669 
69 70 77 81 141 669 
69 70 77 81 141 669 
69 70 77 81 141 669 
69 70 77 81 141 669 
69 70 77 81 141 669 
69 70 77 81 141 669 
69 70 77 81 141 669 
69 70 77 81 141 669 
69 70 77 81 141 669 
69 70 77 81 141 669 
69 70 77 81 141 669 
69 70 77 81 141 669 
69 70 77 81 141 669 
69 70 77 81 141 669 
69 70 77 81 141 669 
69 70 77 81 141 669 
69 70 77 81 141 669 
69 70 77 81 141 669 
69 70 77 81 141 669 
69 70 77 81 141 669 
69 70 77 81 141 669 
69 70 77 81 141 669 
69 70 77 81 141 669 
69 70 77 81 141 669 
69 70 77 81 141 669 
69 70 77 81 141 669 
69 70 77 81 141 669 
69 70 77 81 141 669 
69 70 77 81 141 669 
69 70 77 81 141 669 
69 70 77 81 141 669 
69 70 77 81 141 669 
69 70 77 81 141 669 
69 70 77 81 141 669 
69 70 77 81 141 669 
69 70 77 81 141 669 
69 70 77 81 141 669 
69 70 77 81 141 669 
69 70 77 81 141 669 
69 70 77 81 141 669 
69 70 77 81 141 669 
69 70 77 81 141 669 
69 70 77 81 141 669 
69 70 77 81 141 669 
69 70 77 81 141 669 
69 70 77 81 141 669 
69 70 77 81 141 669 
69 77 81 265 141 669 
