7 69 13 586 642 665 
7 69 13 586 642 665 
7 69 13 586 642 665 
7 57 586 624 642 665 
7 57 586 624 642 665 
7 57 586 624 642 665 
7 57 586 624 642 665 
7 57 586 624 642 665 
7 69 586 103 642 665 
7 57 586 624 642 665 
7 57 586 624 642 665 
7 69 13 586 642 665 
7 57 586 624 642 665 
7 57 586 624 642 665 
7 57 586 624 642 665 
7 69 586 457 642 665 
7 69 586 457 642 665 
7 57 586 624 642 665 
7 57 586 624 642 665 
7 69 586 457 642 665 
7 69 586 118 642 665 
7 69 586 118 642 665 
7 69 586 232 642 665 
7 69 586 457 642 665 
7 69 586 103 642 665 
7 69 586 457 642 665 
7 69 586 324 642 665 
7 69 586 457 642 665 
7 13 586 624 642 665 
7 13 586 624 642 665 
7 13 586 624 642 665 
7 13 586 624 642 665 
7 13 586 624 642 665 
7 13 586 624 642 665 
7 13 586 624 642 665 
7 13 586 624 642 665 
7 13 586 624 642 665 
7 13 586 624 642 665 
7 13 586 624 642 665 
7 13 586 624 642 665 
7 13 586 571 642 665 
7 13 586 183 642 665 
7 13 586 372 642 665 
7 13 586 457 642 665 
7 13 586 183 642 665 
7 13 586 183 642 665 
7 13 586 457 642 665 
7 13 586 183 642 665 
7 13 586 571 642 665 
7 13 586 183 642 665 
7 13 586 183 642 665 
7 13 586 194 642 665 
468 79 194 7 97 665 
7 79 586 183 642 665 
7 79 194 586 183 665 
7 586 183 642 267 665 
7 586 457 642 354 665 
7 586 118 642 267 665 
7 586 183 642 267 665 
7 586 183 642 267 665 
7 586 183 642 267 665 
7 586 183 642 267 665 
7 586 183 642 79 665 
7 586 183 642 97 665 
7 586 183 642 97 665 
7 586 183 642 267 665 
468 79 194 7 586 665 
7 586 300 468 79 665 
7 79 194 501 586 665 
7 501 97 222 586 665 
7 119 165 439 586 665 
7 79 165 194 586 665 
7 79 194 37 586 665 
7 79 165 194 586 665 
7 79 165 439 586 665 
7 79 594 87 586 665 
7 79 165 439 586 665 
97 79 165 439 515 665 
97 79 165 285 194 665 
354 79 194 528 97 665 
468 79 194 87 237 665 
477 79 97 194 87 665 
477 79 194 97 508 665 
97 79 194 87 508 665 
7 79 97 194 593 665 
97 79 165 439 515 665 
97 79 165 194 87 665 
477 79 97 194 87 665 
7 79 194 87 413 665 
97 79 165 439 7 665 
477 79 97 194 508 665 
97 79 165 439 7 665 
7 79 413 194 87 665 
354 79 194 7 97 665 
7 79 194 625 87 665 
7 79 194 87 188 665 
468 79 194 7 87 665 
7 79 194 87 307 665 
97 79 165 439 515 665 
7 79 97 194 87 665 
