85 51 88 498 207 674 
67 135 489 579 41 626 661 
67 135 489 206 378 579 661 
67 135 77 489 378 626 661 
67 135 206 489 378 626 661 
609 135 206 489 378 164 661 
67 164 135 206 489 378 661 
67 135 77 489 378 206 661 
67 93 206 135 489 549 661 
8 137 181 467 85 206 633 661 
160 164 135 206 378 8 661 
67 135 160 164 206 378 661 
609 164 206 135 8 489 661 
67 135 206 489 8 567 661 
67 135 206 489 8 164 661 
160 164 206 135 8 175 661 
160 164 467 85 206 633 297 661 
67 135 77 489 509 206 661 
67 135 452 489 582 579 661 
67 135 206 489 467 626 661 
67 135 489 611 378 579 661 
51 164 181 88 498 206 661 
181 164 467 85 206 633 378 661 
160 164 467 135 206 378 8 661 
67 135 206 489 582 579 661 
203 342 631 467 85 206 661 
67 135 489 8 164 467 661 
67 135 77 489 160 164 661 
67 135 93 489 549 626 661 
67 135 93 489 549 626 661 
67 135 93 489 549 626 661 
67 135 93 489 549 626 661 
67 135 93 489 549 626 661 
67 135 93 489 549 626 661 
67 135 93 489 549 626 661 
67 135 93 489 549 626 661 
67 135 93 489 549 626 661 
67 135 93 489 549 626 661 
67 135 93 489 549 626 661 
67 135 206 489 549 626 661 
67 135 489 206 549 626 661 
67 135 206 489 549 626 661 
67 135 206 489 549 626 661 
67 135 206 489 549 626 661 
67 135 206 489 549 626 661 
67 135 206 489 549 626 661 
67 135 206 489 549 626 661 
67 135 206 489 549 626 661 
67 135 206 489 549 626 661 
67 135 206 489 549 626 661 
67 135 206 489 549 626 661 
67 135 206 489 549 626 661 
67 135 206 489 549 626 661 
67 135 206 489 549 626 661 
67 135 206 489 549 626 661 
67 135 489 206 549 626 661 
67 135 206 489 549 626 661 
67 135 206 489 549 626 661 
67 135 206 489 549 626 661 
67 135 489 206 549 626 661 
67 135 489 206 549 626 661 
67 135 206 489 549 626 661 
67 135 206 489 549 626 661 
67 135 206 489 549 626 661 
67 135 206 489 549 626 661 
67 135 489 206 549 626 661 
67 135 489 206 549 626 661 
67 135 206 489 549 626 661 
67 135 206 489 549 626 661 
67 135 206 489 549 626 661 
67 135 206 489 549 626 661 
67 135 206 489 549 626 661 
67 135 206 489 549 626 661 
67 135 206 489 549 626 661 
67 135 206 489 549 626 661 
67 135 206 489 549 626 661 
67 135 206 489 549 626 661 
67 135 206 489 549 626 661 
67 135 206 489 549 626 661 
67 135 206 489 549 626 661 
67 135 489 206 549 626 661 
67 135 206 489 549 626 661 
67 135 489 206 549 626 661 
67 135 206 489 549 626 661 
67 135 206 489 549 626 661 
67 135 206 489 549 626 661 
67 135 489 206 549 626 661 
67 135 206 489 549 626 661 
67 135 206 489 549 626 661 
67 135 206 489 549 626 661 
67 135 489 206 549 626 661 
67 135 489 206 549 626 661 
67 135 489 206 549 626 661 
67 135 206 489 549 626 661 
67 135 206 489 549 626 661 
67 135 206 489 549 626 661 
67 135 206 489 549 626 661 
67 135 206 489 549 626 661 
67 135 206 489 549 626 661 
67 135 489 206 549 626 661 
