372 363 81 13 245 586 141 671 
10 226 12 13 245 27 77 671 
193 18 81 141 484 170 7 671 
87 71 81 141 99 577 616 671 
154 417 81 193 18 141 354 170 671 
343 265 19 619 417 658 
10 226 12 13 245 586 154 671 
372 363 81 141 593 7 170 671 
10 7 160 13 245 586 226 671 
207 7 81 141 354 170 71 671 
10 637 12 207 13 390 7 586 671 
193 18 81 141 354 170 7 671 
10 226 12 13 245 586 207 671 
10 336 409 207 13 390 7 586 671 
114 277 12 207 13 7 313 586 671 
207 7 12 13 245 586 154 671 
114 277 12 207 13 7 313 586 671 
10 336 409 207 13 390 7 586 671 
10 139 12 13 245 586 326 671 
193 18 81 141 125 170 7 671 
114 277 12 207 13 7 313 586 671 
7 71 354 208 143 170 81 141 671 
10 139 12 13 245 586 326 671 
372 363 81 141 71 7 170 671 
193 18 81 141 439 170 7 671 
10 336 12 207 13 390 7 586 671 
150 388 99 71 265 372 207 81 141 671 
10 336 12 207 13 390 7 586 671 
326 265 71 99 372 633 207 81 141 671 
7 71 372 170 81 141 277 207 671 
10 336 12 137 13 390 7 586 671 
326 388 71 372 99 207 81 141 292 671 
7 71 372 170 81 141 277 207 671 
114 277 12 207 13 7 313 586 671 
452 7 154 18 81 141 354 170 671 
154 18 81 71 372 141 354 170 671 
154 176 81 141 99 207 354 170 671 
193 18 81 141 354 170 7 671 
10 336 12 207 13 390 7 586 671 
154 18 81 141 99 308 354 170 671 
326 388 99 71 372 154 208 81 141 671 
326 388 99 71 372 633 207 81 141 671 
154 208 81 141 18 354 170 671 
154 18 81 141 354 170 71 671 
326 265 71 99 207 81 141 671 
154 208 372 170 71 81 141 671 
154 18 81 141 99 308 354 170 671 
150 265 71 372 99 207 81 141 671 
154 18 81 141 354 170 71 671 
154 18 354 208 81 141 71 417 671 
326 265 71 372 99 207 81 141 671 
452 7 154 18 81 141 354 170 671 
154 18 81 141 354 170 71 671 
154 18 354 170 261 81 141 71 671 
10 226 12 13 245 586 77 671 
326 388 71 99 207 81 141 671 
114 277 12 207 13 7 313 586 671 
326 265 71 372 99 308 81 141 671 
154 208 81 141 71 417 18 671 
326 265 71 372 99 207 81 141 671 
154 208 81 141 71 417 18 671 
154 208 81 141 71 417 18 671 
10 226 12 13 245 27 77 671 
207 363 81 141 71 7 170 671 
10 226 12 13 245 27 77 671 
10 226 12 13 245 27 77 671 
438 101 105 558 579 676 
154 265 99 207 377 651 
207 7 71 372 633 170 561 279 671 
207 7 71 372 633 504 170 561 279 671 
10 226 12 13 245 27 77 671 
10 226 12 13 245 27 77 671 
207 7 354 170 213 372 504 671 
7 71 372 170 207 450 504 633 219 671 
207 397 354 170 71 7 245 671 
207 7 170 71 372 633 504 55 671 
207 182 354 170 71 7 504 671 
207 7 71 372 170 504 633 202 100 671 
207 202 100 71 7 372 633 170 671 
207 202 7 71 372 633 170 504 55 671 
207 7 71 158 468 372 170 671 
207 7 71 372 633 170 561 279 671 
207 7 372 170 71 633 504 671 
207 7 71 372 170 504 633 55 292 671 
207 7 71 372 633 170 504 55 671 
87 265 19 619 228 658 
438 101 105 558 579 676 
633 336 19 619 565 658 
633 336 19 619 565 658 
438 101 105 558 579 676 
438 101 105 558 579 676 
565 265 19 619 99 658 
87 265 19 619 417 658 
438 101 105 558 579 676 
438 101 105 558 579 676 
326 265 99 207 193 651 
326 265 99 207 71 651 
565 265 99 145 193 651 
207 71 100 577 504 651 
87 71 99 577 616 651 
