99 18 480 536 402 103 672 
65 5 96 105 427 513 663 
491 5 96 105 427 513 663 
275 480 536 566 427 18 402 213 511 100 303 670 
506 5 212 518 427 110 663 
417 5 96 110 212 427 663 
506 5 96 105 110 427 663 
544 5 361 99 506 212 663 
99 5 96 491 105 427 663 
417 5 110 212 427 506 663 
417 5 110 506 212 630 663 
99 5 212 630 587 427 663 
342 5 110 105 212 427 663 
342 5 105 212 427 142 663 
503 5 207 99 105 427 663 
154 506 212 630 478 299 663 
65 95 96 105 427 513 663 
65 95 96 105 427 513 663 
65 95 96 105 427 513 663 
65 95 96 105 427 513 663 
65 95 96 105 427 513 663 
65 95 96 105 427 513 663 
65 95 96 105 427 513 663 
65 95 96 105 427 513 663 
65 95 96 105 427 513 663 
65 95 96 105 427 513 663 
65 95 96 105 427 513 663 
65 95 96 105 427 513 663 
65 95 96 105 427 513 663 
65 95 96 105 427 513 663 
65 95 96 105 427 513 663 
65 95 96 105 427 513 663 
65 95 96 105 427 513 663 
65 95 96 105 427 513 663 
65 95 96 105 427 513 663 
65 95 96 105 427 513 663 
65 95 96 105 427 513 663 
65 95 96 105 427 513 663 
65 95 96 105 427 513 663 
65 95 96 105 427 513 663 
65 95 96 105 427 513 663 
65 95 96 105 427 513 663 
65 95 96 105 427 513 663 
65 95 96 105 427 513 663 
65 95 96 105 427 513 663 
65 95 96 105 427 513 663 
65 95 96 105 427 513 663 
65 95 96 105 427 513 663 
65 95 96 105 427 513 663 
65 95 96 105 427 513 663 
65 95 96 105 427 513 663 
65 95 96 105 427 513 663 
65 95 96 105 427 513 663 
65 95 96 105 427 513 663 
65 95 96 105 427 513 663 
65 95 96 105 427 513 663 
65 95 96 105 427 513 663 
65 95 96 105 427 513 663 
65 95 96 105 427 513 663 
65 95 96 105 427 513 663 
65 95 96 105 427 513 663 
65 95 96 105 427 513 663 
65 95 96 105 427 513 663 
65 95 96 105 427 513 663 
65 95 96 105 427 513 663 
65 95 96 105 427 513 663 
65 95 96 105 427 513 663 
65 95 96 105 427 513 663 
65 95 96 105 427 513 663 
65 95 96 105 427 513 663 
65 95 96 105 427 513 663 
65 95 96 105 427 513 663 
65 95 96 105 427 513 663 
65 95 96 105 427 513 663 
65 95 96 105 427 513 663 
65 95 96 105 427 513 663 
65 95 96 105 427 513 663 
65 95 96 105 427 513 663 
65 95 96 105 427 513 663 
65 95 96 105 427 513 663 
65 95 96 105 427 513 663 
65 95 96 105 427 513 663 
65 95 96 105 427 513 663 
65 95 96 105 427 513 663 
65 95 96 105 427 513 663 
65 95 96 105 427 513 663 
65 95 96 105 427 513 663 
65 95 96 105 427 513 663 
65 95 96 105 427 513 663 
65 95 96 105 427 513 663 
65 95 96 105 427 513 663 
65 95 96 105 427 513 663 
65 95 96 105 427 513 663 
65 95 96 105 427 513 663 
65 95 96 105 427 513 663 
65 95 96 105 427 513 663 
65 95 96 105 427 513 663 
65 95 96 105 427 513 663 
65 95 96 105 427 513 663 
65 95 96 105 427 513 663 
