379 130 48 302 641 150 491 235 139 669 
2 281 391 9 12 442 586 30 662 
379 57 77 494 80 442 644 
30 34 66 77 179 652 
218 130 391 9 12 442 586 217 662 
30 625 66 77 179 652 
30 34 66 129 77 652 
122 201 175 302 81 176 630 112 353 669 
122 201 175 302 81 357 141 176 669 
218 130 391 9 217 293 442 586 662 
379 130 212 118 336 586 175 588 662 
122 201 391 9 637 442 586 175 662 
122 201 175 302 81 176 630 357 141 669 
218 130 217 293 442 586 588 175 662 
122 201 175 302 81 357 97 176 669 
30 57 66 77 179 652 
30 57 66 77 179 652 
30 57 66 77 179 652 
30 57 66 77 179 652 
30 57 66 77 179 652 
30 57 66 77 179 652 
30 57 66 77 179 652 
30 57 66 77 179 652 
30 57 66 77 179 652 
30 57 66 77 179 652 
30 57 66 77 179 652 
30 57 66 77 179 652 
30 57 66 77 179 652 
30 57 66 77 179 652 
30 57 66 77 179 652 
30 57 66 77 179 652 
30 57 66 77 179 652 
30 57 66 77 179 652 
30 57 66 77 179 652 
30 57 66 77 179 652 
30 57 66 77 179 652 
30 57 66 77 179 652 
30 57 66 77 179 652 
30 57 66 77 179 652 
30 57 66 77 179 652 
30 57 66 77 179 652 
30 57 66 77 179 652 
30 57 66 77 179 652 
30 57 66 77 179 652 
30 57 66 77 179 652 
30 57 66 77 179 652 
30 57 66 77 179 652 
30 57 66 77 179 652 
30 57 66 77 179 652 
30 57 66 77 179 652 
30 57 66 77 179 652 
30 57 66 77 179 652 
30 57 66 77 179 652 
30 57 66 77 179 652 
30 57 66 77 179 652 
30 57 66 77 179 652 
30 57 66 77 179 652 
30 57 66 77 179 652 
30 57 66 77 179 652 
30 57 66 77 179 652 
30 57 66 77 179 652 
30 57 66 77 179 652 
30 57 66 77 179 652 
30 57 66 77 179 652 
30 57 66 77 179 652 
30 57 66 77 179 652 
30 57 66 77 179 652 
30 57 66 77 179 652 
30 57 66 77 179 652 
30 57 66 77 179 652 
30 57 66 77 179 652 
30 57 66 77 179 652 
30 57 66 77 179 652 
30 57 66 77 179 652 
30 57 66 77 179 652 
30 57 66 77 179 652 
30 57 66 77 179 652 
30 57 66 77 179 652 
30 57 66 77 179 652 
30 57 66 77 179 652 
30 57 66 77 179 652 
30 57 66 77 179 652 
30 57 66 77 179 652 
30 57 66 77 179 652 
30 57 66 77 179 652 
30 57 66 77 179 652 
30 57 66 77 179 652 
30 57 66 77 179 652 
30 57 66 77 179 652 
30 57 66 77 179 652 
30 57 66 77 179 652 
30 57 66 77 179 652 
30 57 66 77 179 652 
30 57 66 77 179 652 
30 57 66 77 179 652 
30 57 66 77 179 652 
30 57 66 77 179 652 
30 57 66 77 179 652 
30 57 66 77 179 652 
30 57 66 77 179 652 
