8 305 99 97 87 37 100 354 658 
66 102 104 239 558 645 
66 102 104 239 558 645 
400 304 48 279 305 477 8 501 658 
8 501 48 629 574 576 187 304 658 
66 102 104 255 239 645 
601 102 104 239 558 645 
562 102 255 104 239 645 
224 501 575 71 306 375 518 512 648 
178 146 267 629 574 658 
161 52 442 512 178 648 
391 52 48 629 304 512 648 
224 501 575 71 437 375 518 512 648 
562 102 255 104 239 645 
66 102 104 255 239 645 
601 102 104 239 558 645 
601 501 178 52 442 512 648 
391 52 218 512 48 648 
400 304 48 279 437 450 369 512 648 
178 146 267 629 574 658 
391 52 442 512 267 648 
516 304 442 512 48 648 
391 52 48 629 176 512 648 
224 501 575 71 437 375 518 512 648 
400 304 8 501 121 629 246 574 658 
391 52 48 629 442 512 648 
224 52 218 512 501 648 
224 336 442 512 161 648 
400 304 48 279 437 450 369 512 648 
601 501 48 629 574 327 658 
8 501 48 629 574 304 658 
8 277 48 128 369 362 574 658 
601 501 48 279 629 574 400 658 
66 102 104 239 558 645 
8 304 48 279 299 99 97 87 658 
156 102 104 255 239 645 
66 102 104 255 239 645 
601 102 104 239 558 645 
178 146 267 629 574 658 
601 52 442 512 267 648 
224 501 575 71 437 375 518 512 648 
8 305 99 501 48 629 574 576 658 
391 52 48 629 442 512 648 
275 52 218 512 59 648 
516 304 442 512 528 648 
400 304 48 279 437 450 312 512 648 
601 40 48 629 574 8 658 
178 146 99 97 267 629 574 658 
8 305 99 97 87 384 48 629 658 
400 304 48 279 437 450 369 512 648 
562 102 255 104 239 645 
66 102 104 255 239 645 
391 52 442 512 267 648 
224 501 575 71 437 375 518 512 648 
629 501 99 97 87 48 574 8 658 
391 52 48 629 442 512 648 
8 52 218 512 224 648 
601 306 442 512 501 648 
154 146 48 629 267 574 658 
116 277 48 128 369 362 574 658 
400 304 48 279 305 477 8 501 658 
400 304 48 279 437 450 369 512 648 
601 102 104 255 239 645 
66 102 104 255 239 645 
391 52 442 512 562 648 
224 501 575 244 437 375 518 512 648 
601 501 99 97 87 48 629 574 658 
391 52 48 629 442 512 648 
178 52 267 128 512 648 
400 304 442 512 8 648 
8 501 48 629 574 327 658 
8 277 48 128 478 362 574 658 
8 501 48 279 505 477 184 224 658 
400 304 48 191 437 450 312 512 648 
562 102 255 104 239 645 
66 102 104 255 239 645 
391 52 442 512 267 648 
224 501 575 71 437 375 518 512 648 
224 501 48 629 574 399 187 430 658 
601 52 48 629 442 512 648 
178 52 267 128 512 648 
224 99 442 512 161 648 
224 501 48 629 8 574 576 187 658 
224 501 48 629 8 574 576 187 658 
400 52 563 512 304 648 
161 52 442 512 501 648 
228 501 442 512 48 648 
601 562 104 239 558 645 
601 102 104 255 239 645 
391 52 48 629 442 512 648 
224 501 575 244 437 375 518 512 648 
8 501 48 629 574 490 187 304 658 
156 102 104 255 239 645 
224 336 442 512 161 648 
66 102 104 239 558 645 
400 304 48 279 305 477 8 501 658 
166 52 442 512 48 648 
