563 472 103 99 18 659 
21 62 77 92 492 646 
21 62 77 92 492 646 
584 150 268 103 563 472 659 
576 394 161 185 563 336 669 
2 62 12 77 92 662 
2 12 598 623 642 669 
44 62 77 92 492 646 
62 2 12 77 92 662 
21 62 44 77 92 646 
2 394 446 12 623 642 669 
21 62 44 77 92 646 
336 394 268 185 389 99 669 
268 103 394 185 191 669 
2 12 598 623 642 669 
268 81 141 12 642 669 
394 81 141 268 185 669 
185 81 268 141 12 669 
2 12 404 185 642 669 
268 2 12 176 642 669 
81 394 268 185 576 141 669 
490 81 141 12 185 669 
65 62 77 92 492 646 
336 103 185 81 141 669 
268 81 141 12 642 669 
389 394 268 81 185 354 669 
2 394 482 12 623 642 669 
202 268 185 81 389 669 
447 2 12 185 642 669 
44 62 77 92 492 646 
81 394 268 389 99 185 669 
268 202 389 515 185 669 
2 12 394 130 642 669 
65 62 77 92 492 646 
268 103 394 185 389 669 
584 394 268 185 576 389 669 
336 394 268 185 472 355 669 
584 394 268 185 81 141 669 
185 81 389 394 289 669 
584 394 404 185 268 669 
21 62 77 92 492 646 
563 472 103 99 18 659 
62 2 12 77 92 662 
21 62 44 77 92 646 
2 12 256 623 642 669 
490 81 141 12 185 669 
185 81 141 576 202 669 
268 81 141 12 642 669 
2 394 446 12 623 642 669 
2 12 404 185 642 669 
44 62 77 92 492 646 
389 394 289 81 185 354 669 
2 12 404 338 642 669 
65 62 77 92 492 646 
389 390 404 185 138 669 
584 394 268 185 576 389 669 
584 394 268 185 103 576 669 
81 394 268 185 576 141 669 
81 185 268 202 389 669 
584 394 146 185 268 669 
21 62 77 92 492 646 
584 472 633 99 394 659 
2 62 12 77 92 662 
21 62 44 77 92 646 
2 12 598 623 642 669 
490 81 141 12 185 669 
185 81 141 447 202 669 
268 81 141 12 642 669 
2 394 446 12 623 642 669 
2 12 404 185 642 669 
44 62 77 92 492 646 
202 81 268 185 389 515 669 
176 2 12 218 642 669 
65 62 77 92 492 646 
389 599 404 185 138 669 
389 292 138 472 268 185 669 
576 394 268 185 563 472 669 
81 394 268 185 631 141 669 
389 394 99 185 81 669 
336 103 394 185 268 669 
21 62 77 92 492 646 
584 150 103 265 268 563 659 
62 2 12 77 92 662 
21 62 44 77 92 646 
2 12 598 623 642 669 
490 81 141 12 185 669 
384 81 477 185 141 669 
268 81 141 12 642 669 
2 394 446 12 623 642 669 
2 12 394 185 642 669 
44 62 77 92 492 646 
389 394 289 81 185 354 669 
176 2 12 577 642 669 
65 62 77 92 492 646 
389 37 477 185 394 669 
389 394 138 472 268 185 669 
584 394 268 103 185 576 669 
81 394 268 185 631 141 669 
389 394 99 185 81 669 
268 103 394 185 633 669 
