0.7313728016402973
0.7332372104026066
0.7332372104026066
0.7313728016402973
0.7323753448649013
0.7332372104026066
0.7313728016402973
0.7313728016402973
0.7323651292764797
0.7332372104026066
0.7332372104026066
0.7313728016402973
0.7313728016402973
0.7317107445280441
0.7332372104026066
0.7332372104026066
0.7332372104026066
0.7332372104026066
0.7332372104026066
0.730875029603347
0.7325828256541711
0.7313728016402973
0.7332372104026066
0.7332372104026066
0.7332372104026066
0.7332372104026066
0.7313728016402973
0.7313728016402973
0.7332372104026066
0.7313728016402973
