0.0021541075656071594
5.4745823364969004E-5
0.0021525417406527488
0.0021543554668814985
0.002154445094438127
0.0021525417406527488
0.0021464729399100113
8.838287407542864E-5
0.002156512218580668
0.0021522936304733536
0.0021453511727715095
0.002154866785379616
2.016056915610533E-4
2.1576534714402208E-4
0.0021525417406527488
0.0021525417406527488
1.4268690285245135E-4
1.9243126854751437E-4
1.8412331714427017E-4
0.0021554869883194496
2.0217172842879462E-4
0.0021541075656071594
0.0021446525474621966
0.0021525417406527488
1.8412331714427017E-4
0.0021525417406527488
2.016056915610533E-4
0.0021464729399100113
0.002149393891677757
0.0021464729399100113
