-0.0 -1.0 
-0.639597377278284 -0.9496557128768668 
-0.655573760546515 -0.9159705221518408 
-0.5000101738715135 -0.9926160848954967 
-0.6074663709930894 -0.9725969085859196 
-0.6780072941116643 -0.8806710231160783 
-0.6952625117435144 -0.8517045225836433 
-0.6676359087589294 -0.8908779407405784 
-0.6265943089513741 -0.9530093176323784 
-0.547947494835577 -0.9851587750484809 
-0.7002485793660351 -0.8406805191145845 
-0.7266702252349213 -0.7934822503503813 
-0.5880356792451895 -0.9761549812232585 
-0.5650382096671698 -0.9816522762951334 
-0.7194337313691423 -0.8048946017352601 
-0.6811687329116284 -0.8698530864739658 
-0.7155544496441225 -0.8159186052043191 
-0.7135415066574171 -0.8199184057700535 
-0.5967829151850388 -0.9744997333252827 
-0.6842033877811619 -0.8579555517742331 
-0.7049342406834318 -0.8277215915952176 
-0.7026265592888771 -0.8312341962067236 
-0.6598184191127989 -0.8926840558708692 
-0.5581161145103294 -0.982992190959224 
-0.7231334243471611 -0.7951508198760947 
-0.552540283967241 -0.9841493328100471 
-0.7093553206951463 -0.8209273327405194 
-0.6871215363771637 -0.852652475729399 
-0.5001086248440816 -0.9909079016221873 
-0.5000488543689853 -0.9915589904600893 
-0.5000222005154896 -0.9921229068550497 
-0.7379586787638511 -0.7569777749722804 
-0.7379586787638511 -0.7569777749722804 
-0.7379586787638511 -0.7569777749722804 
-0.7379586787638511 -0.7569777749722804 
-0.7379586787638511 -0.7569777749722804 
-0.7379586787638511 -0.7569777749722804 
-0.7379586787638511 -0.7569777749722804 
-0.7379586787638511 -0.7569777749722804 
-0.7379586787638511 -0.7569777749722804 
-0.7379586787638511 -0.7569777749722804 
-0.7348898048200353 -0.782615598687026 
-0.7348898048200353 -0.782615598687026 
-0.7348898048200353 -0.782615598687026 
-0.7348898048200353 -0.782615598687026 
-0.7348898048200353 -0.782615598687026 
-0.7348898048200353 -0.782615598687026 
-0.7348898048200353 -0.782615598687026 
-0.7348898048200353 -0.782615598687026 
-0.7348898048200353 -0.782615598687026 
-0.7348898048200353 -0.782615598687026 
-0.7348898048200353 -0.782615598687026 
-0.7348898048200353 -0.782615598687026 
-0.7348898048200353 -0.782615598687026 
-0.7348898048200353 -0.782615598687026 
-0.7348898048200353 -0.782615598687026 
-0.7348898048200353 -0.782615598687026 
-0.7348898048200353 -0.782615598687026 
-0.7348898048200353 -0.782615598687026 
-0.7348898048200353 -0.782615598687026 
-0.7348898048200353 -0.782615598687026 
-0.7348898048200353 -0.782615598687026 
-0.7348898048200353 -0.782615598687026 
-0.7348898048200353 -0.782615598687026 
-0.7348898048200353 -0.782615598687026 
-0.7348898048200353 -0.782615598687026 
-0.7348898048200353 -0.782615598687026 
-0.7348898048200353 -0.782615598687026 
-0.7348898048200353 -0.782615598687026 
-0.7348898048200353 -0.782615598687026 
-0.7348898048200353 -0.782615598687026 
-0.7348898048200353 -0.782615598687026 
-0.7348898048200353 -0.782615598687026 
-0.7348898048200353 -0.782615598687026 
-0.7348898048200353 -0.782615598687026 
-0.7348898048200353 -0.782615598687026 
-0.7348898048200353 -0.782615598687026 
-0.7348898048200353 -0.782615598687026 
-0.7348898048200353 -0.782615598687026 
-0.7348898048200353 -0.782615598687026 
-0.7348898048200353 -0.782615598687026 
-0.7348898048200353 -0.782615598687026 
-0.7348898048200353 -0.782615598687026 
-0.7348898048200353 -0.782615598687026 
-0.7348898048200353 -0.782615598687026 
-0.7348898048200353 -0.782615598687026 
-0.7348898048200353 -0.782615598687026 
-0.7348898048200353 -0.782615598687026 
-0.7348898048200353 -0.782615598687026 
-0.7348898048200353 -0.782615598687026 
-0.7348898048200353 -0.782615598687026 
-0.7348898048200353 -0.782615598687026 
-0.7348898048200353 -0.782615598687026 
-0.7348898048200353 -0.782615598687026 
-0.7348898048200353 -0.782615598687026 
-0.7348898048200353 -0.782615598687026 
-0.7348898048200353 -0.782615598687026 
-0.7348898048200353 -0.782615598687026 
-0.7348898048200353 -0.782615598687026 
-0.7348898048200353 -0.782615598687026 
