-0.0 -0.9998037676609105 
-0.675680135216122 -0.9090335946105174 
-0.5000101738715135 -0.9926160848954967 
-0.6074663709930894 -0.9725969085859196 
-0.701419118788297 -0.8706134524815846 
-0.6300973836750365 -0.9337974296765505 
-0.7297749104162429 -0.8267669601460805 
-0.6895076154493899 -0.8817799416700518 
-0.7050540637197311 -0.8588509475872118 
-0.6383976650740996 -0.9194162065041185 
-0.6208177516759259 -0.9451725014911829 
-0.7399948010633891 -0.80458524991492 
-0.5880356792451895 -0.9761549812232585 
-0.547947494835577 -0.9851587750484809 
-0.6156323534559018 -0.9508533590951174 
-0.5581161145103294 -0.982992190959224 
-0.7212814492884057 -0.8338347549886013 
-0.6459151268884279 -0.9112526667471722 
-0.5967829151850388 -0.9744997333252827 
-0.7182631822368314 -0.838776333556553 
-0.6805428156887853 -0.8835728374189911 
-0.552540283967241 -0.9841493328100471 
-0.715139904330141 -0.8395444299290451 
-0.7242019356143219 -0.8275350565185726 
-0.7119035343545801 -0.8398016818346488 
-0.5000488543689853 -0.9915589904600893 
-0.5000222005154896 -0.9921229068550497 
-0.7447094151065248 -0.7993106252721633 
-0.7447094151065248 -0.7993106252721633 
-0.7447094151065248 -0.7993106252721633 
-0.7447094151065248 -0.7993106252721633 
-0.7447094151065248 -0.7993106252721633 
-0.7447094151065248 -0.7993106252721633 
-0.7447094151065248 -0.7993106252721633 
-0.7447094151065248 -0.7993106252721633 
-0.7447094151065248 -0.7993106252721633 
-0.7447094151065248 -0.7993106252721633 
-0.7447094151065248 -0.7993106252721633 
-0.7447094151065248 -0.7993106252721633 
-0.7447094151065248 -0.7993106252721633 
-0.7447094151065248 -0.7993106252721633 
-0.7447094151065248 -0.7993106252721633 
-0.7447094151065248 -0.7993106252721633 
-0.7447094151065248 -0.7993106252721633 
-0.7447094151065248 -0.7993106252721633 
-0.7447094151065248 -0.7993106252721633 
-0.7447094151065248 -0.7993106252721633 
-0.7447094151065248 -0.7993106252721633 
-0.7447094151065248 -0.7993106252721633 
-0.7447094151065248 -0.7993106252721633 
-0.7447094151065248 -0.7993106252721633 
-0.7447094151065248 -0.7993106252721633 
-0.7447094151065248 -0.7993106252721633 
-0.7447094151065248 -0.7993106252721633 
-0.7447094151065248 -0.7993106252721633 
-0.7447094151065248 -0.7993106252721633 
-0.7447094151065248 -0.7993106252721633 
-0.7447094151065248 -0.7993106252721633 
-0.7447094151065248 -0.7993106252721633 
-0.7447094151065248 -0.7993106252721633 
-0.7447094151065248 -0.7993106252721633 
-0.7447094151065248 -0.7993106252721633 
-0.7447094151065248 -0.7993106252721633 
-0.7447094151065248 -0.7993106252721633 
-0.7447094151065248 -0.7993106252721633 
-0.7447094151065248 -0.7993106252721633 
-0.7447094151065248 -0.7993106252721633 
-0.7447094151065248 -0.7993106252721633 
-0.7447094151065248 -0.7993106252721633 
-0.7447094151065248 -0.7993106252721633 
-0.7447094151065248 -0.7993106252721633 
-0.7447094151065248 -0.7993106252721633 
-0.7447094151065248 -0.7993106252721633 
-0.7447094151065248 -0.7993106252721633 
-0.7447094151065248 -0.7993106252721633 
-0.7447094151065248 -0.7993106252721633 
-0.7447094151065248 -0.7993106252721633 
-0.7447094151065248 -0.7993106252721633 
-0.7447094151065248 -0.7993106252721633 
-0.7447094151065248 -0.7993106252721633 
-0.7447094151065248 -0.7993106252721633 
-0.7447094151065248 -0.7993106252721633 
-0.7447094151065248 -0.7993106252721633 
-0.7447094151065248 -0.7993106252721633 
-0.7447094151065248 -0.7993106252721633 
-0.7447094151065248 -0.7993106252721633 
-0.7447094151065248 -0.7993106252721633 
-0.7447094151065248 -0.7993106252721633 
-0.7447094151065248 -0.7993106252721633 
-0.7447094151065248 -0.7993106252721633 
-0.7447094151065248 -0.7993106252721633 
-0.7447094151065248 -0.7993106252721633 
-0.7447094151065248 -0.7993106252721633 
-0.7447094151065248 -0.7993106252721633 
-0.7447094151065248 -0.7993106252721633 
-0.7447094151065248 -0.7993106252721633 
-0.7447094151065248 -0.7993106252721633 
-0.7447094151065248 -0.7993106252721633 
-0.7447094151065248 -0.7993106252721633 
-0.7447094151065248 -0.7993106252721633 
