-0.0 -1.0 
-0.5000488543689853 -0.9915589904600893 
-0.5581161145103294 -0.982992190959224 
-0.5873668568112722 -0.9725969085859196 
-0.675680135216122 -0.9090335946105174 
-0.7706619355267307 -0.762451102011541 
-0.6208177516759259 -0.9451725014911829 
-0.7774107686560551 -0.7486250928558621 
-0.701419118788297 -0.8706134524815846 
-0.655573760546515 -0.9159705221518408 
-0.6300973836750365 -0.9337974296765505 
-0.7297749104162429 -0.8267669601460805 
-0.7534787526168432 -0.78992559638164 
-0.7447094151065248 -0.8037516055373193 
-0.639597377278284 -0.9219205359658658 
-0.7575745502925596 -0.7744294167371086 
-0.7806169490178246 -0.7272134458947652 
-0.6895076154493899 -0.8792931884964853 
-0.6074663709930894 -0.9492442539145836 
-0.708544999396637 -0.8500912548989473 
-0.7050540637197311 -0.8588509475872118 
-0.7212814492884057 -0.8380688908161434 
-0.6851424735286561 -0.8817799416700518 
-0.5967829151850388 -0.9527507748661596 
-0.7324385586131339 -0.8125839819521137 
-0.7399948010633891 -0.80458524991492 
-0.7491966989681834 -0.7907592407592405 
-0.715139904330141 -0.8395444299290451 
-0.7242019356143219 -0.8275350565185726 
-0.7182631822368314 -0.838776333556553 
-0.5981740405460381 -0.9502621462786298 
-0.7119035343545801 -0.8398016818346488 
-0.7910773983703585 -0.7142828782938678 
-0.7910773983703585 -0.7142828782938678 
-0.7910773983703585 -0.7142828782938678 
-0.7910773983703585 -0.7142828782938678 
-0.7910773983703585 -0.7142828782938678 
-0.7910773983703585 -0.7142828782938678 
-0.7910773983703585 -0.7142828782938678 
-0.7910773983703585 -0.7142828782938678 
-0.7910773983703585 -0.7142828782938678 
-0.7910773983703585 -0.7142828782938678 
-0.7910773983703585 -0.7142828782938678 
-0.7910773983703585 -0.7142828782938678 
-0.7910773983703585 -0.7142828782938678 
-0.7910773983703585 -0.7142828782938678 
-0.7910773983703585 -0.7142828782938678 
-0.7910773983703585 -0.7142828782938678 
-0.7910773983703585 -0.7142828782938678 
-0.7910773983703585 -0.7142828782938678 
-0.7910773983703585 -0.7142828782938678 
-0.7910773983703585 -0.7142828782938678 
-0.7910773983703585 -0.7142828782938678 
-0.7910773983703585 -0.7142828782938678 
-0.7910773983703585 -0.7142828782938678 
-0.7910773983703585 -0.7142828782938678 
-0.7910773983703585 -0.7142828782938678 
-0.7910773983703585 -0.7142828782938678 
-0.7910773983703585 -0.7142828782938678 
-0.7910773983703585 -0.7142828782938678 
-0.7910773983703585 -0.7142828782938678 
-0.7910773983703585 -0.7142828782938678 
-0.7910773983703585 -0.7142828782938678 
-0.7910773983703585 -0.7142828782938678 
-0.7910773983703585 -0.7142828782938678 
-0.7910773983703585 -0.7142828782938678 
-0.7910773983703585 -0.7142828782938678 
-0.7910773983703585 -0.7142828782938678 
-0.7910773983703585 -0.7142828782938678 
-0.7910773983703585 -0.7142828782938678 
-0.7910773983703585 -0.7142828782938678 
-0.7910773983703585 -0.7142828782938678 
-0.7910773983703585 -0.7142828782938678 
-0.7910773983703585 -0.7142828782938678 
-0.7910773983703585 -0.7142828782938678 
-0.7910773983703585 -0.7142828782938678 
-0.7910773983703585 -0.7142828782938678 
-0.7910773983703585 -0.7142828782938678 
-0.7910773983703585 -0.7142828782938678 
-0.7910773983703585 -0.7142828782938678 
-0.7910773983703585 -0.7142828782938678 
-0.7910773983703585 -0.7142828782938678 
-0.7910773983703585 -0.7142828782938678 
-0.7910773983703585 -0.7142828782938678 
-0.7910773983703585 -0.7142828782938678 
-0.7910773983703585 -0.7142828782938678 
-0.7910773983703585 -0.7142828782938678 
-0.7910773983703585 -0.7142828782938678 
-0.7910773983703585 -0.7142828782938678 
-0.7910773983703585 -0.7142828782938678 
-0.7910773983703585 -0.7142828782938678 
-0.7910773983703585 -0.7142828782938678 
-0.7910773983703585 -0.7142828782938678 
-0.7910773983703585 -0.7142828782938678 
-0.7910773983703585 -0.7142828782938678 
-0.7910773983703585 -0.7142828782938678 
-0.7910773983703585 -0.7142828782938678 
-0.7910773983703585 -0.7142828782938678 
-0.7910773983703585 -0.7142828782938678 
-0.7910773983703585 -0.7142828782938678 
