-0.0 -1.0 
-0.655573760546515 -0.9457836119924031 
-0.5000101738715135 -0.9926160848954967 
-0.6074663709930894 -0.9725969085859196 
-0.6780072941116643 -0.8806710231160783 
-0.6952625117435144 -0.8517045225836433 
-0.6676359087589294 -0.8908779407405784 
-0.6265943089513741 -0.9530093176323784 
-0.639597377278284 -0.9496557128768668 
-0.5880356792451895 -0.9761549812232585 
-0.547947494835577 -0.9851587750484809 
-0.5581161145103294 -0.982992190959224 
-0.5967829151850388 -0.9744997333252827 
-0.6871215363771637 -0.8570547584283847 
-0.6811687329116284 -0.861874252121505 
-0.552540283967241 -0.9841493328100471 
-0.6842033877811619 -0.8579555517742331 
-0.6598184191127989 -0.8913506822847483 
-0.7093553206951463 -0.8161786931017705 
-0.5000488543689853 -0.9915589904600893 
-0.7175176837355588 -0.7914417084746749 
-0.7175176837355588 -0.7914417084746749 
-0.7175176837355588 -0.7914417084746749 
-0.7175176837355588 -0.7914417084746749 
-0.7175176837355588 -0.7914417084746749 
-0.7175176837355588 -0.7914417084746749 
-0.7175176837355588 -0.7914417084746749 
-0.7175176837355588 -0.7914417084746749 
-0.7135415066574171 -0.8159186052043191 
-0.7135415066574171 -0.8159186052043191 
-0.7135415066574171 -0.8159186052043191 
-0.7135415066574171 -0.8159186052043191 
-0.7135415066574171 -0.8159186052043191 
-0.7026265592888771 -0.8280882578959504 
-0.7026265592888771 -0.8280882578959504 
-0.7026265592888771 -0.8280882578959504 
-0.7026265592888771 -0.8280882578959504 
-0.7026265592888771 -0.8280882578959504 
-0.7026265592888771 -0.8280882578959504 
-0.7026265592888771 -0.8280882578959504 
-0.7026265592888771 -0.8280882578959504 
-0.7026265592888771 -0.8280882578959504 
-0.7026265592888771 -0.8280882578959504 
-0.7026265592888771 -0.8280882578959504 
-0.7026265592888771 -0.8280882578959504 
-0.7026265592888771 -0.8280882578959504 
-0.7026265592888771 -0.8280882578959504 
-0.7026265592888771 -0.8280882578959504 
-0.7026265592888771 -0.8280882578959504 
-0.7026265592888771 -0.8280882578959504 
-0.7026265592888771 -0.8280882578959504 
-0.7026265592888771 -0.8280882578959504 
-0.7026265592888771 -0.8280882578959504 
-0.7026265592888771 -0.8280882578959504 
-0.7026265592888771 -0.8280882578959504 
-0.7026265592888771 -0.8280882578959504 
-0.7026265592888771 -0.8280882578959504 
-0.7026265592888771 -0.8280882578959504 
-0.7026265592888771 -0.8280882578959504 
-0.7026265592888771 -0.8280882578959504 
-0.7026265592888771 -0.8280882578959504 
-0.7026265592888771 -0.8280882578959504 
-0.7026265592888771 -0.8280882578959504 
-0.7026265592888771 -0.8280882578959504 
-0.7026265592888771 -0.8280882578959504 
-0.7026265592888771 -0.8280882578959504 
-0.7026265592888771 -0.8280882578959504 
-0.7026265592888771 -0.8280882578959504 
-0.7026265592888771 -0.8280882578959504 
-0.7026265592888771 -0.8280882578959504 
-0.7026265592888771 -0.8280882578959504 
-0.7026265592888771 -0.8280882578959504 
-0.6977956210757804 -0.8406805191145845 
-0.6977956210757804 -0.8406805191145845 
-0.6977956210757804 -0.8406805191145845 
-0.6977956210757804 -0.8406805191145845 
-0.6977956210757804 -0.8406805191145845 
-0.6977956210757804 -0.8406805191145845 
-0.6977956210757804 -0.8406805191145845 
-0.6977956210757804 -0.8406805191145845 
-0.6977956210757804 -0.8406805191145845 
-0.6977956210757804 -0.8406805191145845 
-0.6977956210757804 -0.8406805191145845 
-0.6977956210757804 -0.8406805191145845 
-0.6977956210757804 -0.8406805191145845 
-0.6977956210757804 -0.8406805191145845 
-0.6977956210757804 -0.8406805191145845 
-0.6977956210757804 -0.8406805191145845 
-0.6977956210757804 -0.8406805191145845 
-0.6977956210757804 -0.8406805191145845 
-0.6977956210757804 -0.8406805191145845 
-0.6977956210757804 -0.8406805191145845 
-0.6977956210757804 -0.8406805191145845 
-0.6977956210757804 -0.8406805191145845 
-0.6977956210757804 -0.8406805191145845 
-0.6977956210757804 -0.8406805191145845 
-0.6977956210757804 -0.8406805191145845 
-0.6977956210757804 -0.8406805191145845 
-0.6977956210757804 -0.8406805191145845 
-0.5000222005154896 -0.9921229068550497 
