-0.0 -1.0 
-0.675680135216122 -0.9090335946105174 
-0.5880356792451895 -0.9761549812232585 
-0.5000101738715135 -0.9926160848954967 
-0.7706619355267307 -0.762451102011541 
-0.7757671450626691 -0.7486250928558621 
-0.701419118788297 -0.8706134524815846 
-0.7212814492884057 -0.838776333556553 
-0.655573760546515 -0.9159705221518408 
-0.6300973836750365 -0.9337974296765505 
-0.6895076154493899 -0.8817799416700518 
-0.6106066993714016 -0.9530093176323784 
-0.7575745502925596 -0.7744294167371086 
-0.7513621277650855 -0.78992559638164 
-0.5967829151850388 -0.9605532745642636 
-0.7270311366890221 -0.8267669601460805 
-0.7447094151065248 -0.8037516055373193 
-0.6208177516759259 -0.9451725014911829 
-0.639597377278284 -0.9219205359658658 
-0.547947494835577 -0.9851587750484809 
-0.5581161145103294 -0.982992190959224 
-0.7050540637197311 -0.8588509475872118 
-0.7324385586131339 -0.8125839819521137 
-0.7119035343545801 -0.8447614198987827 
-0.708544999396637 -0.8485719408796333 
-0.7297749104162429 -0.815897655458095 
-0.6805428156887853 -0.8835728374189911 
-0.7399948010633891 -0.80458524991492 
-0.552540283967241 -0.9841493328100471 
-0.6156323534559018 -0.9457836119924031 
-0.7469800111354493 -0.7907592407592405 
-0.5000488543689853 -0.9915589904600893 
-0.5000222005154896 -0.9921229068550497 
-0.7852370596589218 -0.7142828782938678 
-0.7852370596589218 -0.7142828782938678 
-0.7852370596589218 -0.7142828782938678 
-0.7852370596589218 -0.7142828782938678 
-0.7852370596589218 -0.7142828782938678 
-0.7852370596589218 -0.7142828782938678 
-0.7852370596589218 -0.7142828782938678 
-0.7852370596589218 -0.7142828782938678 
-0.7852370596589218 -0.7142828782938678 
-0.7852370596589218 -0.7142828782938678 
-0.7852370596589218 -0.7142828782938678 
-0.7852370596589218 -0.7142828782938678 
-0.7852370596589218 -0.7142828782938678 
-0.7852370596589218 -0.7142828782938678 
-0.7852370596589218 -0.7142828782938678 
-0.7852370596589218 -0.7142828782938678 
-0.7852370596589218 -0.7142828782938678 
-0.7852370596589218 -0.7142828782938678 
-0.7852370596589218 -0.7142828782938678 
-0.7852370596589218 -0.7142828782938678 
-0.7852370596589218 -0.7142828782938678 
-0.7852370596589218 -0.7142828782938678 
-0.7852370596589218 -0.7142828782938678 
-0.7852370596589218 -0.7142828782938678 
-0.7852370596589218 -0.7142828782938678 
-0.7852370596589218 -0.7142828782938678 
-0.7852370596589218 -0.7142828782938678 
-0.7852370596589218 -0.7142828782938678 
-0.7852370596589218 -0.7142828782938678 
-0.7852370596589218 -0.7142828782938678 
-0.7852370596589218 -0.7142828782938678 
-0.7852370596589218 -0.7142828782938678 
-0.7852370596589218 -0.7142828782938678 
-0.7852370596589218 -0.7142828782938678 
-0.7852370596589218 -0.7142828782938678 
-0.7852370596589218 -0.7142828782938678 
-0.7852370596589218 -0.7142828782938678 
-0.7852370596589218 -0.7142828782938678 
-0.7852370596589218 -0.7142828782938678 
-0.7852370596589218 -0.7142828782938678 
-0.7852370596589218 -0.7142828782938678 
-0.7852370596589218 -0.7142828782938678 
-0.7852370596589218 -0.7142828782938678 
-0.7852370596589218 -0.7142828782938678 
-0.7852370596589218 -0.7142828782938678 
-0.7852370596589218 -0.7142828782938678 
-0.7852370596589218 -0.7142828782938678 
-0.7852370596589218 -0.7142828782938678 
-0.7852370596589218 -0.7142828782938678 
-0.7852370596589218 -0.7142828782938678 
-0.7852370596589218 -0.7142828782938678 
-0.7852370596589218 -0.7142828782938678 
-0.7852370596589218 -0.7142828782938678 
-0.7852370596589218 -0.7142828782938678 
-0.7852370596589218 -0.7142828782938678 
-0.7852370596589218 -0.7142828782938678 
-0.7852370596589218 -0.7142828782938678 
-0.7852370596589218 -0.7142828782938678 
-0.7852370596589218 -0.7142828782938678 
-0.7852370596589218 -0.7142828782938678 
-0.7852370596589218 -0.7142828782938678 
-0.7852370596589218 -0.7142828782938678 
-0.7852370596589218 -0.7142828782938678 
-0.7852370596589218 -0.7142828782938678 
-0.7852370596589218 -0.7142828782938678 
-0.7852370596589218 -0.7142828782938678 
-0.7852370596589218 -0.7142828782938678 
