0.813730972475887
0.8385020564468932
0.813730972475887
0.813730972475887
0.8585134930177447
0.8121721873029811
0.813730972475887
0.8528232064515848
0.8121721873029811
0.813730972475887
0.8329681224406548
0.8570639982812877
0.8303199237111178
0.813730972475887
0.844679988415679
0.813730972475887
0.813730972475887
0.8507612225977137
0.8514704350632831
0.8329681224406548
0.813730972475887
0.813730972475887
0.813730972475887
0.7935396824039467
0.8481164421694737
0.813730972475887
0.8356475004595306
0.813730972475887
0.813730972475887
0.813730972475887
