0.0014771053427768137
5.560722063927683E-4
0.0014770987321409816
0.0014770987321409816
2.5254325117781288E-5
0.0014781654059186603
0.0014770987321409816
1.7791350032889415E-4
0.0014781579281741412
0.0014770987321409816
4.773195635497128E-4
1.761471690258149E-4
4.1686945489289386E-4
0.0014770987321409816
5.491275826623381E-4
0.0014770987321409816
0.0014771053427768137
2.7978446149157677E-4
4.0550434536623246E-4
4.773195635497128E-4
0.0014770987321409816
0.0014770987321409816
0.0014770987321409816
0.001543290048811416
4.0685368688720986E-4
0.0014770987321409816
3.7768450039818587E-4
0.0014770987321409816
0.0014770987321409816
0.0014770995278417364
