-0.0 -0.9995101314147367 
-0.8648602025361654 -0.9976206057145752 
-0.6942592296881508 -0.9990057631848566 
-0.7425868755173398 -0.998545609926644 
-0.7626857965615017 -0.9982703645591026 
-0.5013140868853756 -0.999436718716324 
-0.6639565498145684 -0.9991054782845717 
-0.7974944350842875 -0.997749274966863 
-0.5780077484452236 -0.9993204182982922 
-0.6268330867223856 -0.9991934181055026 
-0.7808653701047724 -0.9978249052189639 
-0.5627060368117017 -0.9993408192454245 
-0.6020466130909611 -0.9992169745823356 
-0.5031849709985139 -0.9994201333980073 
-0.6316161706757121 -0.9991298391247768 
-1.0 -0.9961561155249373 
-1.0 -0.9961561155249373 
-1.0 -0.9961561155249373 
-1.0 -0.9961561155249373 
-1.0 -0.9961561155249373 
-1.0 -0.9961561155249373 
-1.0 -0.9961561155249373 
-1.0 -0.9961561155249373 
-0.8760959198898003 -0.9969943394728309 
-0.8760959198898003 -0.9969943394728309 
-0.8760959198898003 -0.9969943394728309 
-0.8760959198898003 -0.9969943394728309 
-0.8760959198898003 -0.9969943394728309 
-0.8760959198898003 -0.9969943394728309 
-0.8760959198898003 -0.9969943394728309 
-0.8760959198898003 -0.9969943394728309 
-0.8760959198898003 -0.9969943394728309 
-0.8760959198898003 -0.9969943394728309 
-0.8760959198898003 -0.9969943394728309 
-0.8760959198898003 -0.9969943394728309 
-0.8760959198898003 -0.9969943394728309 
-0.8760959198898003 -0.9969943394728309 
-0.8760959198898003 -0.9969943394728309 
-0.8760959198898003 -0.9969943394728309 
-0.8760959198898003 -0.9969943394728309 
-0.8760959198898003 -0.9969943394728309 
-0.8760959198898003 -0.9969943394728309 
-0.8760959198898003 -0.9969943394728309 
-0.8760959198898003 -0.9969943394728309 
-0.8760959198898003 -0.9969943394728309 
-0.8760959198898003 -0.9969943394728309 
-0.8760959198898003 -0.9969943394728309 
-0.8760959198898003 -0.9969943394728309 
-0.8760959198898003 -0.9969943394728309 
-0.8760959198898003 -0.9969943394728309 
-0.8760959198898003 -0.9969943394728309 
-0.8760959198898003 -0.9969943394728309 
-0.8760959198898003 -0.9969943394728309 
-0.8760959198898003 -0.9969943394728309 
-0.8760959198898003 -0.9969943394728309 
-0.8760959198898003 -0.9969943394728309 
-0.8760959198898003 -0.9969943394728309 
-0.8760959198898003 -0.9969943394728309 
-0.8760959198898003 -0.9969943394728309 
-0.8760959198898003 -0.9969943394728309 
-0.8760959198898003 -0.9969943394728309 
-0.8760959198898003 -0.9969943394728309 
-0.8760959198898003 -0.9969943394728309 
-0.8760959198898003 -0.9969943394728309 
-0.8760959198898003 -0.9969943394728309 
-0.8760959198898003 -0.9969943394728309 
-0.8760959198898003 -0.9969943394728309 
-0.8760959198898003 -0.9969943394728309 
-0.8760959198898003 -0.9969943394728309 
-0.8760959198898003 -0.9969943394728309 
-0.8760959198898003 -0.9969943394728309 
-0.8760959198898003 -0.9969943394728309 
-0.8760959198898003 -0.9969943394728309 
-0.8760959198898003 -0.9969943394728309 
-0.8760959198898003 -0.9969943394728309 
-0.8760959198898003 -0.9969943394728309 
-0.8760959198898003 -0.9969943394728309 
-0.8760959198898003 -0.9969943394728309 
-0.8760959198898003 -0.9969943394728309 
-0.8760959198898003 -0.9969943394728309 
-0.8760959198898003 -0.9969943394728309 
-0.8760959198898003 -0.9969943394728309 
-0.8760959198898003 -0.9969943394728309 
-0.8760959198898003 -0.9969943394728309 
-0.8760959198898003 -0.9969943394728309 
-0.8760959198898003 -0.9969943394728309 
-0.8760959198898003 -0.9969943394728309 
-0.8760959198898003 -0.9969943394728309 
-0.8760959198898003 -0.9969943394728309 
-0.8760959198898003 -0.9969943394728309 
-0.8760959198898003 -0.9969943394728309 
-0.8760959198898003 -0.9969943394728309 
-0.8760959198898003 -0.9969943394728309 
-0.8760959198898003 -0.9969943394728309 
-0.8760959198898003 -0.9969943394728309 
-0.8760959198898003 -0.9969943394728309 
-0.8760959198898003 -0.9969943394728309 
-0.8760959198898003 -0.9969943394728309 
-0.8760959198898003 -0.9969943394728309 
-0.8760959198898003 -0.9969943394728309 
