-0.0 -1.0 
-0.8885261025021761 -0.9962220221538283 
-0.9066811409991332 -0.9888191812538569 
-0.9231820314882716 -0.9852667830364755 
-0.8978330023700154 -0.9902859898095622 
-0.825939508718733 -0.9968010844677598 
-0.5002446785556427 -0.9994185211005654 
-0.7872725666763027 -0.997447919277679 
-0.8038679774895205 -0.9972382841583551 
-0.6851362870564346 -0.99847388343017 
-0.5856212004886759 -0.9992242076530742 
-0.7230200263994838 -0.998008625171043 
-0.6609748009422006 -0.9986006520104269 
-0.7476104374175362 -0.9977249816160492 
-0.6101901341533087 -0.9987629049093625 
-0.5738820411172648 -0.999244070804926 
-0.6299549154968892 -0.99866747979049 
-0.6933612743506347 -0.9982075831897685 
-0.705061490719745 -0.9980490124938732 
-0.7503001419793685 -0.9975836870036312 
-0.5005605409330028 -0.9994028463696273 
-0.9523418833942503 -0.9841726906486314 
-0.9523418833942503 -0.9841726906486314 
-0.9523418833942503 -0.9841726906486314 
-0.9523418833942503 -0.9841726906486314 
-0.9523418833942503 -0.9841726906486314 
-0.9523418833942503 -0.9841726906486314 
-0.9523418833942503 -0.9841726906486314 
-0.9523418833942503 -0.9841726906486314 
-0.9523418833942503 -0.9841726906486314 
-0.9523418833942503 -0.9841726906486314 
-0.9523418833942503 -0.9841726906486314 
-0.9523418833942503 -0.9841726906486314 
-0.9523418833942503 -0.9841726906486314 
-0.9523418833942503 -0.9841726906486314 
-0.9523418833942503 -0.9841726906486314 
-0.9523418833942503 -0.9841726906486314 
-0.9523418833942503 -0.9841726906486314 
-0.9523418833942503 -0.9841726906486314 
-0.9523418833942503 -0.9841726906486314 
-0.9523418833942503 -0.9841726906486314 
-0.9523418833942503 -0.9841726906486314 
-0.9523418833942503 -0.9841726906486314 
-0.9523418833942503 -0.9841726906486314 
-0.9523418833942503 -0.9841726906486314 
-0.9523418833942503 -0.9841726906486314 
-0.9523418833942503 -0.9841726906486314 
-0.9523418833942503 -0.9841726906486314 
-0.9523418833942503 -0.9841726906486314 
-0.9523418833942503 -0.9841726906486314 
-0.9523418833942503 -0.9841726906486314 
-0.9523418833942503 -0.9841726906486314 
-0.9523418833942503 -0.9841726906486314 
-0.9523418833942503 -0.9841726906486314 
-0.9523418833942503 -0.9841726906486314 
-0.9523418833942503 -0.9841726906486314 
-0.9523418833942503 -0.9841726906486314 
-0.9523418833942503 -0.9841726906486314 
-0.9523418833942503 -0.9841726906486314 
-0.9523418833942503 -0.9841726906486314 
-0.9523418833942503 -0.9841726906486314 
-0.9523418833942503 -0.9841726906486314 
-0.9523418833942503 -0.9841726906486314 
-0.9523418833942503 -0.9841726906486314 
-0.9523418833942503 -0.9841726906486314 
-0.9523418833942503 -0.9841726906486314 
-0.9523418833942503 -0.9841726906486314 
-0.9523418833942503 -0.9841726906486314 
-0.9523418833942503 -0.9841726906486314 
-0.9523418833942503 -0.9841726906486314 
-0.9523418833942503 -0.9841726906486314 
-0.9523418833942503 -0.9841726906486314 
-0.9523418833942503 -0.9841726906486314 
-0.9523418833942503 -0.9841726906486314 
-0.9523418833942503 -0.9841726906486314 
-0.9523418833942503 -0.9841726906486314 
-0.9523418833942503 -0.9841726906486314 
-0.9523418833942503 -0.9841726906486314 
-0.9523418833942503 -0.9841726906486314 
-0.9523418833942503 -0.9841726906486314 
-0.9523418833942503 -0.9841726906486314 
-0.9523418833942503 -0.9841726906486314 
-0.9523418833942503 -0.9841726906486314 
-0.9523418833942503 -0.9841726906486314 
-0.9523418833942503 -0.9841726906486314 
-0.9523418833942503 -0.9841726906486314 
-0.9523418833942503 -0.9841726906486314 
-0.9523418833942503 -0.9841726906486314 
-0.9523418833942503 -0.9841726906486314 
-0.9523418833942503 -0.9841726906486314 
-0.9523418833942503 -0.9841726906486314 
-0.9523418833942503 -0.9841726906486314 
-0.9523418833942503 -0.9841726906486314 
-0.9523418833942503 -0.9841726906486314 
-0.9523418833942503 -0.9841726906486314 
-0.9523418833942503 -0.9841726906486314 
-0.9523418833942503 -0.9841726906486314 
-0.9523418833942503 -0.9841726906486314 
-0.9523418833942503 -0.9841726906486314 
-0.9523418833942503 -0.9841726906486314 
