-0.0 -1.0 
-0.6942592296881508 -0.9983634790187952 
-0.5031849709985139 -0.9992712792898988 
-0.7808653701047724 -0.9960155413833462 
-0.7974944350842875 -0.9943936118995493 
-0.5780077484452236 -0.9991999579685775 
-0.6268330867223856 -0.998966750316015 
-0.6639565498145684 -0.9986347268942667 
-0.7200421355757181 -0.9965012608012962 
-0.7626857965615017 -0.9961023814438705 
-0.7425868755173398 -0.9961604622519513 
-1.0 -0.9866322716205116 
-1.0 -0.9866322716205116 
-1.0 -0.9866322716205116 
-1.0 -0.9866322716205116 
-1.0 -0.9866322716205116 
-1.0 -0.9866322716205116 
-1.0 -0.9866322716205116 
-1.0 -0.9866322716205116 
-1.0 -0.9866322716205116 
-1.0 -0.9866322716205116 
-1.0 -0.9866322716205116 
-1.0 -0.9866322716205116 
-1.0 -0.9866322716205116 
-1.0 -0.9866322716205116 
-1.0 -0.9866322716205116 
-1.0 -0.9866322716205116 
-1.0 -0.9866322716205116 
-1.0 -0.9866322716205116 
-1.0 -0.9866322716205116 
-1.0 -0.9866322716205116 
-1.0 -0.9866322716205116 
-1.0 -0.9866322716205116 
-1.0 -0.9866322716205116 
-1.0 -0.9866322716205116 
-1.0 -0.9866322716205116 
-1.0 -0.9866322716205116 
-1.0 -0.9866322716205116 
-1.0 -0.9866322716205116 
-1.0 -0.9866322716205116 
-1.0 -0.9866322716205116 
-1.0 -0.9866322716205116 
-1.0 -0.9866322716205116 
-1.0 -0.9866322716205116 
-1.0 -0.9866322716205116 
-1.0 -0.9866322716205116 
-1.0 -0.9866322716205116 
-1.0 -0.9866322716205116 
-1.0 -0.9866322716205116 
-1.0 -0.9866322716205116 
-1.0 -0.9866322716205116 
-0.8648602025361654 -0.9931120103971518 
-0.8648602025361654 -0.9931120103971518 
-0.8648602025361654 -0.9931120103971518 
-0.8648602025361654 -0.9931120103971518 
-0.8648602025361654 -0.9931120103971518 
-0.8648602025361654 -0.9931120103971518 
-0.8648602025361654 -0.9931120103971518 
-0.8648602025361654 -0.9931120103971518 
-0.8648602025361654 -0.9931120103971518 
-0.8648602025361654 -0.9931120103971518 
-0.8648602025361654 -0.9931120103971518 
-0.8648602025361654 -0.9931120103971518 
-0.8648602025361654 -0.9931120103971518 
-0.8648602025361654 -0.9931120103971518 
-0.8648602025361654 -0.9931120103971518 
-0.8648602025361654 -0.9931120103971518 
-0.8648602025361654 -0.9931120103971518 
-0.8648602025361654 -0.9931120103971518 
-0.8648602025361654 -0.9931120103971518 
-0.8648602025361654 -0.9931120103971518 
-0.8648602025361654 -0.9931120103971518 
-0.8648602025361654 -0.9931120103971518 
-0.8648602025361654 -0.9931120103971518 
-0.8648602025361654 -0.9931120103971518 
-0.8648602025361654 -0.9931120103971518 
-0.8648602025361654 -0.9931120103971518 
-0.8648602025361654 -0.9931120103971518 
-0.8648602025361654 -0.9931120103971518 
-0.8648602025361654 -0.9931120103971518 
-0.8648602025361654 -0.9931120103971518 
-0.8648602025361654 -0.9931120103971518 
-0.8648602025361654 -0.9931120103971518 
-0.8648602025361654 -0.9931120103971518 
-0.8648602025361654 -0.9931120103971518 
-0.8648602025361654 -0.9931120103971518 
-0.8648602025361654 -0.9931120103971518 
-0.8648602025361654 -0.9931120103971518 
-0.8648602025361654 -0.9931120103971518 
-0.8648602025361654 -0.9931120103971518 
-0.8648602025361654 -0.9931120103971518 
-0.8648602025361654 -0.9931120103971518 
-0.8648602025361654 -0.9931120103971518 
-0.8648602025361654 -0.9931120103971518 
-0.8648602025361654 -0.9931120103971518 
-0.8648602025361654 -0.9931120103971518 
-0.8648602025361654 -0.9931120103971518 
-0.8648602025361654 -0.9931120103971518 
-0.8648602025361654 -0.9931120103971518 
-0.8648602025361654 -0.9931120103971518 
