-0.0 -1.0 
-0.5031849709985139 -0.9994201333980073 
-0.8648602025361654 -0.997454459735567 
-0.6942592296881508 -0.9990057631848566 
-0.8867831768135153 -0.9968753879392356 
-0.7808653701047724 -0.9981648548592997 
-0.5780077484452236 -0.9993204182982922 
-0.6268330867223856 -0.9991934181055026 
-0.6639565498145684 -0.9991054782845717 
-0.7626857965615017 -0.9982944494067169 
-0.7200421355757181 -0.9985001020431661 
-0.7425868755173398 -0.998400386943451 
-1.0 -0.9962813266505925 
-1.0 -0.9962813266505925 
-1.0 -0.9962813266505925 
-1.0 -0.9962813266505925 
-1.0 -0.9962813266505925 
-1.0 -0.9962813266505925 
-1.0 -0.9962813266505925 
-1.0 -0.9962813266505925 
-1.0 -0.9962813266505925 
-1.0 -0.9962813266505925 
-1.0 -0.9962813266505925 
-1.0 -0.9962813266505925 
-1.0 -0.9962813266505925 
-1.0 -0.9962813266505925 
-1.0 -0.9962813266505925 
-1.0 -0.9962813266505925 
-1.0 -0.9962813266505925 
-1.0 -0.9962813266505925 
-1.0 -0.9962813266505925 
-1.0 -0.9962813266505925 
-1.0 -0.9962813266505925 
-1.0 -0.9962813266505925 
-1.0 -0.9962813266505925 
-1.0 -0.9962813266505925 
-1.0 -0.9962813266505925 
-1.0 -0.9962813266505925 
-1.0 -0.9962813266505925 
-1.0 -0.9962813266505925 
-1.0 -0.9962813266505925 
-1.0 -0.9962813266505925 
-1.0 -0.9962813266505925 
-1.0 -0.9962813266505925 
-1.0 -0.9962813266505925 
-1.0 -0.9962813266505925 
-1.0 -0.9962813266505925 
-1.0 -0.9962813266505925 
-1.0 -0.9962813266505925 
-1.0 -0.9962813266505925 
-1.0 -0.9962813266505925 
-1.0 -0.9962813266505925 
-1.0 -0.9962813266505925 
-1.0 -0.9962813266505925 
-1.0 -0.9962813266505925 
-1.0 -0.9962813266505925 
-1.0 -0.9962813266505925 
-1.0 -0.9962813266505925 
-1.0 -0.9962813266505925 
-1.0 -0.9962813266505925 
-1.0 -0.9962813266505925 
-1.0 -0.9962813266505925 
-1.0 -0.9962813266505925 
-1.0 -0.9962813266505925 
-1.0 -0.9962813266505925 
-1.0 -0.9962813266505925 
-1.0 -0.9962813266505925 
-1.0 -0.9962813266505925 
-1.0 -0.9962813266505925 
-1.0 -0.9962813266505925 
-1.0 -0.9962813266505925 
-1.0 -0.9962813266505925 
-1.0 -0.9962813266505925 
-1.0 -0.9962813266505925 
-1.0 -0.9962813266505925 
-1.0 -0.9962813266505925 
-1.0 -0.9962813266505925 
-1.0 -0.9962813266505925 
-1.0 -0.9962813266505925 
-1.0 -0.9962813266505925 
-1.0 -0.9962813266505925 
-1.0 -0.9962813266505925 
-1.0 -0.9962813266505925 
-1.0 -0.9962813266505925 
-1.0 -0.9962813266505925 
-1.0 -0.9962813266505925 
-1.0 -0.9962813266505925 
-1.0 -0.9962813266505925 
-1.0 -0.9962813266505925 
-1.0 -0.9962813266505925 
-1.0 -0.9962813266505925 
-1.0 -0.9962813266505925 
-1.0 -0.9962813266505925 
-1.0 -0.9962813266505925 
-1.0 -0.9962813266505925 
-1.0 -0.9962813266505925 
-1.0 -0.9962813266505925 
-1.0 -0.9962813266505925 
-1.0 -0.9962813266505925 
-1.0 -0.9962813266505925 
