-0.0 -0.9999358974358974 
-0.6757744745078007 -0.998664226678321 
-0.6316161706757121 -0.9990266043320293 
-0.8648602025361654 -0.9958050270890537 
-0.6020466130909611 -0.9992469568961319 
-0.7425868755173398 -0.9979607796746346 
-0.5000488543689853 -0.9994535747106298 
-0.5650382096671698 -0.9993046190574655 
-0.6942592296881508 -0.9980854469435814 
-0.5013140868853756 -0.9993941324330132 
-0.5001086248440816 -0.9994398453769023 
-0.9420484263509981 -0.9954234880774838 
-0.0 -0.9999358974358974 
-0.9420484263509981 -0.9954234880774838 
-0.8760959198898003 -0.995652015884572 
-0.9420484263509981 -0.9954234880774838 
-0.8760959198898003 -0.995652015884572 
-0.8760959198898003 -0.995652015884572 
-0.6942592296881508 -0.9980854469435814 
-0.8760959198898003 -0.995652015884572 
-0.5013140868853756 -0.9993941324330132 
-0.9420484263509981 -0.9954234880774838 
-0.8760959198898003 -0.995652015884572 
-0.9420484263509981 -0.9954234880774838 
-0.9420484263509981 -0.9954234880774838 
-0.5650382096671698 -0.9993046190574655 
-0.0 -0.9999358974358974 
-0.6942592296881508 -0.9980854469435814 
-0.8760959198898003 -0.995652015884572 
-0.8760959198898003 -0.995652015884572 
-0.5013140868853756 -0.9993941324330132 
-0.5013140868853756 -0.9993941324330132 
-0.7626857965615017 -0.9978119512243355 
-0.5001086248440816 -0.9994398453769023 
-0.6942592296881508 -0.9980854469435814 
-0.8760959198898003 -0.995652015884572 
-0.8760959198898003 -0.995652015884572 
-0.6316161706757121 -0.9990266043320293 
-0.0 -0.9999358974358974 
-0.8760959198898003 -0.995652015884572 
-0.8760959198898003 -0.995652015884572 
-0.8128421169901086 -0.9975117330166096 
-0.8760959198898003 -0.995652015884572 
-0.8760959198898003 -0.995652015884572 
