-1.0 -0.9969949063910446 
-0.0 -1.0 
-0.5001086248440816 -0.9990190955548974 
-0.5401471907668891 -0.9987745068103088 
-0.5650382096671698 -0.9986940143860663 
-0.7872725666763027 -0.9979013324219165 
-0.6933612743506347 -0.9982518360849201 
-0.6020466130909611 -0.9985930812641989 
-0.6268330867223856 -0.9985516682235417 
-0.5780077484452236 -0.9986194250944729 
-0.6316161706757121 -0.9985237356027479 
-0.6942592296881508 -0.9982084048599669 
-0.8648602025361654 -0.997840190466055 
-0.8648602025361654 -0.997840190466055 
-0.8648602025361654 -0.997840190466055 
-0.8648602025361654 -0.997840190466055 
-0.8648602025361654 -0.997840190466055 
-0.8648602025361654 -0.997840190466055 
-0.8648602025361654 -0.997840190466055 
-0.8648602025361654 -0.997840190466055 
-0.8648602025361654 -0.997840190466055 
-0.8648602025361654 -0.997840190466055 
-0.8648602025361654 -0.997840190466055 
-0.8648602025361654 -0.997840190466055 
-0.8648602025361654 -0.997840190466055 
-0.8648602025361654 -0.997840190466055 
-0.8648602025361654 -0.997840190466055 
-0.8648602025361654 -0.997840190466055 
-0.8648602025361654 -0.997840190466055 
-0.8648602025361654 -0.997840190466055 
-0.8648602025361654 -0.997840190466055 
-0.8648602025361654 -0.997840190466055 
-0.8648602025361654 -0.997840190466055 
-0.8648602025361654 -0.997840190466055 
-0.8648602025361654 -0.997840190466055 
-0.8648602025361654 -0.997840190466055 
-0.8648602025361654 -0.997840190466055 
-0.7626857965615017 -0.9981294708753045 
-0.7626857965615017 -0.9981294708753045 
-0.7626857965615017 -0.9981294708753045 
-0.7626857965615017 -0.9981294708753045 
-0.7626857965615017 -0.9981294708753045 
-0.7626857965615017 -0.9981294708753045 
-0.7626857965615017 -0.9981294708753045 
-0.7626857965615017 -0.9981294708753045 
-0.7626857965615017 -0.9981294708753045 
-0.7626857965615017 -0.9981294708753045 
-0.7626857965615017 -0.9981294708753045 
-0.7626857965615017 -0.9981294708753045 
-0.7626857965615017 -0.9981294708753045 
-0.7626857965615017 -0.9981294708753045 
-0.7626857965615017 -0.9981294708753045 
-0.7626857965615017 -0.9981294708753045 
-0.7626857965615017 -0.9981294708753045 
-0.7626857965615017 -0.9981294708753045 
-0.7626857965615017 -0.9981294708753045 
-0.7626857965615017 -0.9981294708753045 
-0.7626857965615017 -0.9981294708753045 
-0.7626857965615017 -0.9981294708753045 
-0.7626857965615017 -0.9981294708753045 
-0.7626857965615017 -0.9981294708753045 
-0.7626857965615017 -0.9981294708753045 
-0.7626857965615017 -0.9981294708753045 
-0.7626857965615017 -0.9981294708753045 
-0.7626857965615017 -0.9981294708753045 
-0.7626857965615017 -0.9981294708753045 
-0.7626857965615017 -0.9981294708753045 
-0.7626857965615017 -0.9981294708753045 
-0.7626857965615017 -0.9981294708753045 
-0.7626857965615017 -0.9981294708753045 
-0.7626857965615017 -0.9981294708753045 
-0.7626857965615017 -0.9981294708753045 
-0.7626857965615017 -0.9981294708753045 
-0.7626857965615017 -0.9981294708753045 
-0.7626857965615017 -0.9981294708753045 
-0.7626857965615017 -0.9981294708753045 
-0.7626857965615017 -0.9981294708753045 
-0.7626857965615017 -0.9981294708753045 
-0.7626857965615017 -0.9981294708753045 
-0.7626857965615017 -0.9981294708753045 
-0.7626857965615017 -0.9981294708753045 
-0.7626857965615017 -0.9981294708753045 
-0.7626857965615017 -0.9981294708753045 
-0.7626857965615017 -0.9981294708753045 
-0.7626857965615017 -0.9981294708753045 
-0.7626857965615017 -0.9981294708753045 
-0.7626857965615017 -0.9981294708753045 
-0.7626857965615017 -0.9981294708753045 
-0.7626857965615017 -0.9981294708753045 
-0.7425868755173398 -0.9982007921966257 
-0.7425868755173398 -0.9982007921966257 
-0.7425868755173398 -0.9982007921966257 
-0.7425868755173398 -0.9982007921966257 
-0.7425868755173398 -0.9982007921966257 
-0.7425868755173398 -0.9982007921966257 
-0.7425868755173398 -0.9982007921966257 
-0.7425868755173398 -0.9982007921966257 
-0.7425868755173398 -0.9982007921966257 
-0.7425868755173398 -0.9982007921966257 
-0.6639565498145684 -0.9984803469022203 
