-0.0 -1.0 
-0.8648602025361654 -0.9853321929914534 
-0.9067308276588876 -0.981553360011207 
-0.7808653701047724 -0.9952591979212839 
-0.7974944350842875 -0.9899061574430016 
-0.5005605409330028 -0.9986963275307555 
-0.5856212004886759 -0.9986321582950747 
-0.7089651806819823 -0.9978085147994046 
-0.7626857965615017 -0.9959915807727248 
-0.6933612743506347 -0.998017161415946 
-0.7200421355757181 -0.9964603948098878 
-0.6639565498145684 -0.9981039593173835 
-0.7425868755173398 -0.9960672110248256 
-0.6020466130909611 -0.9983884029016258 
-0.6268330867223856 -0.9983185857084805 
-0.6299549154968892 -0.9983000265315405 
-0.6316161706757121 -0.9981563389260517 
-0.6942592296881508 -0.9978471740884888 
-1.0 -0.9658292716126862 
-1.0 -0.9658292716126862 
-1.0 -0.9658292716126862 
-1.0 -0.9658292716126862 
-1.0 -0.9658292716126862 
-1.0 -0.9658292716126862 
-1.0 -0.9658292716126862 
-1.0 -0.9658292716126862 
-1.0 -0.9658292716126862 
-1.0 -0.9658292716126862 
-1.0 -0.9658292716126862 
-1.0 -0.9658292716126862 
-1.0 -0.9658292716126862 
-1.0 -0.9658292716126862 
-1.0 -0.9658292716126862 
-1.0 -0.9658292716126862 
-1.0 -0.9658292716126862 
-1.0 -0.9658292716126862 
-0.9420484263509981 -0.9764373924572892 
-0.9420484263509981 -0.9764373924572892 
-0.9420484263509981 -0.9764373924572892 
-0.9420484263509981 -0.9764373924572892 
-0.9420484263509981 -0.9764373924572892 
-0.9420484263509981 -0.9764373924572892 
-0.9420484263509981 -0.9764373924572892 
-0.9420484263509981 -0.9764373924572892 
-0.9420484263509981 -0.9764373924572892 
-0.9420484263509981 -0.9764373924572892 
-0.9420484263509981 -0.9764373924572892 
-0.9420484263509981 -0.9764373924572892 
-0.9420484263509981 -0.9764373924572892 
-0.9420484263509981 -0.9764373924572892 
-0.9420484263509981 -0.9764373924572892 
-0.9420484263509981 -0.9764373924572892 
-0.9420484263509981 -0.9764373924572892 
-0.9420484263509981 -0.9764373924572892 
-0.9420484263509981 -0.9764373924572892 
-0.9420484263509981 -0.9764373924572892 
-0.9420484263509981 -0.9764373924572892 
-0.9420484263509981 -0.9764373924572892 
-0.9420484263509981 -0.9764373924572892 
-0.9420484263509981 -0.9764373924572892 
-0.9420484263509981 -0.9764373924572892 
-0.9420484263509981 -0.9764373924572892 
-0.9420484263509981 -0.9764373924572892 
-0.9420484263509981 -0.9764373924572892 
-0.9420484263509981 -0.9764373924572892 
-0.9420484263509981 -0.9764373924572892 
-0.9420484263509981 -0.9764373924572892 
-0.9420484263509981 -0.9764373924572892 
-0.9420484263509981 -0.9764373924572892 
-0.9420484263509981 -0.9764373924572892 
-0.9420484263509981 -0.9764373924572892 
-0.9420484263509981 -0.9764373924572892 
-0.9420484263509981 -0.9764373924572892 
-0.9420484263509981 -0.9764373924572892 
-0.9420484263509981 -0.9764373924572892 
-0.9420484263509981 -0.9764373924572892 
-0.9420484263509981 -0.9764373924572892 
-0.9420484263509981 -0.9764373924572892 
-0.9420484263509981 -0.9764373924572892 
-0.9420484263509981 -0.9764373924572892 
-0.9420484263509981 -0.9764373924572892 
-0.9420484263509981 -0.9764373924572892 
-0.9420484263509981 -0.9764373924572892 
-0.9420484263509981 -0.9764373924572892 
-0.9420484263509981 -0.9764373924572892 
-0.9420484263509981 -0.9764373924572892 
-0.9420484263509981 -0.9764373924572892 
-0.9420484263509981 -0.9764373924572892 
-0.9420484263509981 -0.9764373924572892 
-0.9420484263509981 -0.9764373924572892 
-0.9420484263509981 -0.9764373924572892 
-0.9420484263509981 -0.9764373924572892 
-0.9420484263509981 -0.9764373924572892 
-0.9420484263509981 -0.9764373924572892 
-0.9420484263509981 -0.9764373924572892 
-0.9420484263509981 -0.9764373924572892 
-0.9420484263509981 -0.9764373924572892 
-0.9420484263509981 -0.9764373924572892 
-0.9420484263509981 -0.9764373924572892 
-0.9420484263509981 -0.9764373924572892 
