-0.0 -0.9995236889416894 
-0.7503001419793685 -0.9952841862667438 
-0.9067308276588876 -0.9715547310953592 
-0.5005605409330028 -0.9994028463696273 
-0.8404586120495574 -0.9788167721094032 
-0.7974944350842875 -0.980935751847473 
-0.8530083223491562 -0.9766417524277194 
-0.7370036662886055 -0.9963965882574269 
-0.9160805457006107 -0.9660676664467278 
-0.9337104026588452 -0.9586868599224704 
-0.925063446184367 -0.9613414823533016 
-0.6851362870564346 -0.9973592039172571 
-0.6101901341533087 -0.9988644899891657 
-0.5856212004886759 -0.9991566400855066 
-0.6299549154968892 -0.9980311960357527 
-0.8867831768135153 -0.9719426207778213 
-0.6609748009422006 -0.9975955130484474 
-0.8128421169901086 -0.9792289945236198 
-0.5526636442030195 -0.9992639574807385 
-0.7626857965615017 -0.9813020072761877 
-0.8648602025361654 -0.9720137445331556 
-1.0 -0.9557695888793669 
-0.8648602025361654 -0.9720137445331556 
-0.6299549154968892 -0.9980311960357527 
-0.8648602025361654 -0.9720137445331556 
-0.8648602025361654 -0.9720137445331556 
-0.8648602025361654 -0.9720137445331556 
-0.8867831768135153 -0.9719426207778213 
-0.8867831768135153 -0.9719426207778213 
-0.0 -0.9995236889416894 
-0.9337104026588452 -0.9586868599224704 
-0.8648602025361654 -0.9720137445331556 
-0.8648602025361654 -0.9720137445331556 
-0.8867831768135153 -0.9719426207778213 
-0.8648602025361654 -0.9720137445331556 
-0.8404586120495574 -0.9788167721094032 
-0.9337104026588452 -0.9586868599224704 
-0.0 -0.9995236889416894 
-0.8648602025361654 -0.9720137445331556 
-0.8648602025361654 -0.9720137445331556 
-0.8648602025361654 -0.9720137445331556 
-0.8648602025361654 -0.9720137445331556 
-0.8867831768135153 -0.9719426207778213 
-0.8648602025361654 -0.9720137445331556 
-0.9160805457006107 -0.9660676664467278 
-0.8648602025361654 -0.9720137445331556 
-0.8648602025361654 -0.9720137445331556 
-0.8648602025361654 -0.9720137445331556 
-0.8530083223491562 -0.9766417524277194 
-0.8648602025361654 -0.9720137445331556 
-0.8648602025361654 -0.9720137445331556 
-0.8648602025361654 -0.9720137445331556 
-0.0 -0.9995236889416894 
-0.8867831768135153 -0.9719426207778213 
-0.8648602025361654 -0.9720137445331556 
-1.0 -0.9557695888793669 
-0.925063446184367 -0.9613414823533016 
-0.5005605409330028 -0.9994028463696273 
-0.8648602025361654 -0.9720137445331556 
-0.0 -0.9995236889416894 
-0.8648602025361654 -0.9720137445331556 
-0.9160805457006107 -0.9660676664467278 
-0.8648602025361654 -0.9720137445331556 
-1.0 -0.9557695888793669 
-0.8648602025361654 -0.9720137445331556 
-0.8648602025361654 -0.9720137445331556 
-0.8648602025361654 -0.9720137445331556 
