-0.0 -0.9993293600979797 
-0.9420484263509981 -0.9943523489160428 
-0.5031849709985139 -0.9992712792898988 
-0.8648602025361654 -0.9969026366829025 
-0.8760959198898003 -0.9965380972133484 
-0.6639565498145684 -0.9989825282930886 
-0.7808653701047724 -0.9976795130183431 
-0.7425868755173398 -0.9981350060518814 
-0.5780077484452236 -0.9991999579685775 
-0.6942592296881508 -0.9983719490002404 
-0.6268330867223856 -0.9990584952646148 
-0.7626857965615017 -0.9978637581764098 
-1.0 -0.9917090833766182 
-1.0 -0.9917090833766182 
-1.0 -0.9917090833766182 
-1.0 -0.9917090833766182 
-1.0 -0.9917090833766182 
-1.0 -0.9917090833766182 
-1.0 -0.9917090833766182 
-1.0 -0.9917090833766182 
-1.0 -0.9917090833766182 
-1.0 -0.9917090833766182 
-1.0 -0.9917090833766182 
-1.0 -0.9917090833766182 
-1.0 -0.9917090833766182 
-1.0 -0.9917090833766182 
-1.0 -0.9917090833766182 
-1.0 -0.9917090833766182 
-1.0 -0.9917090833766182 
-1.0 -0.9917090833766182 
-1.0 -0.9917090833766182 
-1.0 -0.9917090833766182 
-1.0 -0.9917090833766182 
-1.0 -0.9917090833766182 
-1.0 -0.9917090833766182 
-1.0 -0.9917090833766182 
-1.0 -0.9917090833766182 
-1.0 -0.9917090833766182 
-1.0 -0.9917090833766182 
-1.0 -0.9917090833766182 
-1.0 -0.9917090833766182 
-1.0 -0.9917090833766182 
-1.0 -0.9917090833766182 
-1.0 -0.9917090833766182 
-1.0 -0.9917090833766182 
-1.0 -0.9917090833766182 
-1.0 -0.9917090833766182 
-1.0 -0.9917090833766182 
-1.0 -0.9917090833766182 
-1.0 -0.9917090833766182 
-1.0 -0.9917090833766182 
-1.0 -0.9917090833766182 
-1.0 -0.9917090833766182 
-1.0 -0.9917090833766182 
-1.0 -0.9917090833766182 
-1.0 -0.9917090833766182 
-1.0 -0.9917090833766182 
-1.0 -0.9917090833766182 
-1.0 -0.9917090833766182 
-1.0 -0.9917090833766182 
-1.0 -0.9917090833766182 
-1.0 -0.9917090833766182 
-1.0 -0.9917090833766182 
-1.0 -0.9917090833766182 
-1.0 -0.9917090833766182 
-1.0 -0.9917090833766182 
-1.0 -0.9917090833766182 
-1.0 -0.9917090833766182 
-1.0 -0.9917090833766182 
-1.0 -0.9917090833766182 
-1.0 -0.9917090833766182 
-1.0 -0.9917090833766182 
-1.0 -0.9917090833766182 
-1.0 -0.9917090833766182 
-1.0 -0.9917090833766182 
-1.0 -0.9917090833766182 
-1.0 -0.9917090833766182 
-1.0 -0.9917090833766182 
-1.0 -0.9917090833766182 
-1.0 -0.9917090833766182 
-1.0 -0.9917090833766182 
-1.0 -0.9917090833766182 
-1.0 -0.9917090833766182 
-1.0 -0.9917090833766182 
-1.0 -0.9917090833766182 
-1.0 -0.9917090833766182 
-1.0 -0.9917090833766182 
-1.0 -0.9917090833766182 
-1.0 -0.9917090833766182 
-1.0 -0.9917090833766182 
-1.0 -0.9917090833766182 
-1.0 -0.9917090833766182 
-1.0 -0.9917090833766182 
-1.0 -0.9917090833766182 
-1.0 -0.9917090833766182 
-1.0 -0.9917090833766182 
-1.0 -0.9917090833766182 
-1.0 -0.9917090833766182 
-1.0 -0.9917090833766182 
-1.0 -0.9917090833766182 
