-0.0 -1.0 
-0.5031849709985139 -0.9998484848484849 
-0.896978766113503 -0.9878390202442935 
-0.925063446184367 -0.9775393862643015 
-0.8128421169901086 -0.9914832685570621 
-0.7808653701047724 -0.9954299526758025 
-0.9067308276588876 -0.9824656286693096 
-0.9420484263509981 -0.9716792875838653 
-0.7200421355757181 -0.9978645457570198 
-0.7626857965615017 -0.9961594011745177 
-0.7974944350842875 -0.9926478441285131 
-0.6942592296881508 -0.9984132378634522 
-0.5780077484452236 -0.9986982460015359 
-0.6639565498145684 -0.9985397678375431 
-0.6268330867223856 -0.9986202602617855 
-0.8648602025361654 -0.9879026968777376 
-1.0 -0.9698586736668536 
