-0.0 -0.9993293600979797 
-0.5031849709985139 -0.9992580387766583 
-0.6942592296881508 -0.9986980399043766 
-0.8760959198898003 -0.9965380972133484 
-0.7626857965615017 -0.9980636847305601 
-0.7808653701047724 -0.9974594109270313 
-0.5780077484452236 -0.9991999579685775 
-0.6639565498145684 -0.9989692877798482 
-0.6268330867223856 -0.9990584952646148 
-0.7425868755173398 -0.9981350060518814 
-1.0 -0.9953856560388313 
-1.0 -0.9953856560388313 
-1.0 -0.9953856560388313 
-1.0 -0.9953856560388313 
-1.0 -0.9953856560388313 
-1.0 -0.9953856560388313 
-1.0 -0.9953856560388313 
-1.0 -0.9953856560388313 
-1.0 -0.9953856560388313 
-1.0 -0.9953856560388313 
-1.0 -0.9953856560388313 
-1.0 -0.9953856560388313 
-1.0 -0.9953856560388313 
-1.0 -0.9953856560388313 
-1.0 -0.9953856560388313 
-1.0 -0.9953856560388313 
-1.0 -0.9953856560388313 
-1.0 -0.9953856560388313 
-1.0 -0.9953856560388313 
-1.0 -0.9953856560388313 
-1.0 -0.9953856560388313 
-1.0 -0.9953856560388313 
-1.0 -0.9953856560388313 
-1.0 -0.9953856560388313 
-1.0 -0.9953856560388313 
-1.0 -0.9953856560388313 
-1.0 -0.9953856560388313 
-1.0 -0.9953856560388313 
-1.0 -0.9953856560388313 
-1.0 -0.9953856560388313 
-1.0 -0.9953856560388313 
-1.0 -0.9953856560388313 
-1.0 -0.9953856560388313 
-1.0 -0.9953856560388313 
-1.0 -0.9953856560388313 
-1.0 -0.9953856560388313 
-1.0 -0.9953856560388313 
-1.0 -0.9953856560388313 
-1.0 -0.9953856560388313 
-1.0 -0.9953856560388313 
-1.0 -0.9953856560388313 
-1.0 -0.9953856560388313 
-1.0 -0.9953856560388313 
-1.0 -0.9953856560388313 
-1.0 -0.9953856560388313 
-1.0 -0.9953856560388313 
-1.0 -0.9953856560388313 
-1.0 -0.9953856560388313 
-1.0 -0.9953856560388313 
-1.0 -0.9953856560388313 
-1.0 -0.9953856560388313 
-1.0 -0.9953856560388313 
-1.0 -0.9953856560388313 
-1.0 -0.9953856560388313 
-1.0 -0.9953856560388313 
-1.0 -0.9953856560388313 
-1.0 -0.9953856560388313 
-1.0 -0.9953856560388313 
-1.0 -0.9953856560388313 
-1.0 -0.9953856560388313 
-1.0 -0.9953856560388313 
-1.0 -0.9953856560388313 
-1.0 -0.9953856560388313 
-1.0 -0.9953856560388313 
-1.0 -0.9953856560388313 
-1.0 -0.9953856560388313 
-1.0 -0.9953856560388313 
-1.0 -0.9953856560388313 
-1.0 -0.9953856560388313 
-1.0 -0.9953856560388313 
-1.0 -0.9953856560388313 
-1.0 -0.9953856560388313 
-1.0 -0.9953856560388313 
-1.0 -0.9953856560388313 
-1.0 -0.9953856560388313 
-1.0 -0.9953856560388313 
-1.0 -0.9953856560388313 
-1.0 -0.9953856560388313 
-1.0 -0.9953856560388313 
-1.0 -0.9953856560388313 
-1.0 -0.9953856560388313 
-1.0 -0.9953856560388313 
-1.0 -0.9953856560388313 
-1.0 -0.9953856560388313 
-1.0 -0.9953856560388313 
-1.0 -0.9953856560388313 
-1.0 -0.9953856560388313 
-1.0 -0.9953856560388313 
-1.0 -0.9953856560388313 
-0.8648602025361654 -0.9968121765596746 
