-0.0 -0.9993949332023041 
-0.7684271292278501 -0.9966946741671492 
-0.7872725666763027 -0.9902170517745424 
-0.9420484263509981 -0.9783330706407609 
-0.7017685234501846 -0.9979141453349402 
-0.8648602025361654 -0.978660564541547 
-0.8128421169901086 -0.9791848416320487 
-0.5001086248440816 -0.9992679047467873 
-0.5738820411172648 -0.9991141232246262 
-0.6487370861546371 -0.998302468089713 
-0.5948945309806194 -0.9986137526399377 
-0.6379986098789187 -0.9983758807881258 
-0.5650382096671698 -0.9991361679435389 
-0.6117214763339706 -0.9984197188429659 
-0.5002446785556427 -0.9992494310062755 
-1.0 -0.9760616399357985 
-1.0 -0.9760616399357985 
-1.0 -0.9760616399357985 
-1.0 -0.9760616399357985 
-1.0 -0.9760616399357985 
-1.0 -0.9760616399357985 
-1.0 -0.9760616399357985 
-1.0 -0.9760616399357985 
-1.0 -0.9760616399357985 
-1.0 -0.9760616399357985 
-1.0 -0.9760616399357985 
-1.0 -0.9760616399357985 
-1.0 -0.9760616399357985 
-1.0 -0.9760616399357985 
-1.0 -0.9760616399357985 
-1.0 -0.9760616399357985 
-1.0 -0.9760616399357985 
-1.0 -0.9760616399357985 
-1.0 -0.9760616399357985 
-1.0 -0.9760616399357985 
-1.0 -0.9760616399357985 
-1.0 -0.9760616399357985 
-1.0 -0.9760616399357985 
-1.0 -0.9760616399357985 
-1.0 -0.9760616399357985 
-1.0 -0.9760616399357985 
-1.0 -0.9760616399357985 
-1.0 -0.9760616399357985 
-1.0 -0.9760616399357985 
-1.0 -0.9760616399357985 
-1.0 -0.9760616399357985 
-1.0 -0.9760616399357985 
-1.0 -0.9760616399357985 
-1.0 -0.9760616399357985 
-1.0 -0.9760616399357985 
-1.0 -0.9760616399357985 
-1.0 -0.9760616399357985 
-1.0 -0.9760616399357985 
-1.0 -0.9760616399357985 
-1.0 -0.9760616399357985 
-1.0 -0.9760616399357985 
-1.0 -0.9760616399357985 
-1.0 -0.9760616399357985 
-1.0 -0.9760616399357985 
-1.0 -0.9760616399357985 
-1.0 -0.9760616399357985 
-1.0 -0.9760616399357985 
-1.0 -0.9760616399357985 
-1.0 -0.9760616399357985 
-1.0 -0.9760616399357985 
-1.0 -0.9760616399357985 
-1.0 -0.9760616399357985 
-1.0 -0.9760616399357985 
-1.0 -0.9760616399357985 
-1.0 -0.9760616399357985 
-1.0 -0.9760616399357985 
-1.0 -0.9760616399357985 
-1.0 -0.9760616399357985 
-1.0 -0.9760616399357985 
-1.0 -0.9760616399357985 
-1.0 -0.9760616399357985 
-1.0 -0.9760616399357985 
-1.0 -0.9760616399357985 
-1.0 -0.9760616399357985 
-1.0 -0.9760616399357985 
-1.0 -0.9760616399357985 
-1.0 -0.9760616399357985 
-1.0 -0.9760616399357985 
-1.0 -0.9760616399357985 
-1.0 -0.9760616399357985 
-1.0 -0.9760616399357985 
-1.0 -0.9760616399357985 
-1.0 -0.9760616399357985 
-1.0 -0.9760616399357985 
-1.0 -0.9760616399357985 
-1.0 -0.9760616399357985 
-1.0 -0.9760616399357985 
-1.0 -0.9760616399357985 
-1.0 -0.9760616399357985 
-1.0 -0.9760616399357985 
-1.0 -0.9760616399357985 
-1.0 -0.9760616399357985 
-1.0 -0.9760616399357985 
-1.0 -0.9760616399357985 
-1.0 -0.9760616399357985 
