-0.0 -0.9995441012037479 
-0.5031849709985139 -0.9994171010109583 
-0.9067308276588876 -0.9952836440117728 
-0.8404586120495574 -0.9969365965514817 
-0.5780077484452236 -0.9991437620310976 
-0.7200421355757181 -0.998146462756668 
-0.7808653701047724 -0.9973334514327116 
-0.6942592296881508 -0.998595193647941 
-0.6268330867223856 -0.9987258412127992 
-0.8648602025361654 -0.995352554268183 
-0.7425868755173398 -0.9973990002131994 
-0.6639565498145684 -0.9986334766807794 
-1.0 -0.9922593470374084 
-1.0 -0.9922593470374084 
-1.0 -0.9922593470374084 
-1.0 -0.9922593470374084 
-1.0 -0.9922593470374084 
-1.0 -0.9922593470374084 
-1.0 -0.9922593470374084 
-1.0 -0.9922593470374084 
-1.0 -0.9922593470374084 
-1.0 -0.9922593470374084 
-1.0 -0.9922593470374084 
-1.0 -0.9922593470374084 
-1.0 -0.9922593470374084 
-1.0 -0.9922593470374084 
-1.0 -0.9922593470374084 
-1.0 -0.9922593470374084 
-1.0 -0.9922593470374084 
-1.0 -0.9922593470374084 
-1.0 -0.9922593470374084 
-1.0 -0.9922593470374084 
-1.0 -0.9922593470374084 
-1.0 -0.9922593470374084 
-1.0 -0.9922593470374084 
-1.0 -0.9922593470374084 
-1.0 -0.9922593470374084 
-1.0 -0.9922593470374084 
-1.0 -0.9922593470374084 
-1.0 -0.9922593470374084 
-1.0 -0.9922593470374084 
-1.0 -0.9922593470374084 
-1.0 -0.9922593470374084 
-1.0 -0.9922593470374084 
-1.0 -0.9922593470374084 
-1.0 -0.9922593470374084 
-1.0 -0.9922593470374084 
-1.0 -0.9922593470374084 
-1.0 -0.9922593470374084 
-1.0 -0.9922593470374084 
-1.0 -0.9922593470374084 
-1.0 -0.9922593470374084 
-1.0 -0.9922593470374084 
-1.0 -0.9922593470374084 
-1.0 -0.9922593470374084 
-1.0 -0.9922593470374084 
-1.0 -0.9922593470374084 
-1.0 -0.9922593470374084 
-1.0 -0.9922593470374084 
-1.0 -0.9922593470374084 
-1.0 -0.9922593470374084 
-1.0 -0.9922593470374084 
-1.0 -0.9922593470374084 
-1.0 -0.9922593470374084 
-1.0 -0.9922593470374084 
-1.0 -0.9922593470374084 
-1.0 -0.9922593470374084 
-1.0 -0.9922593470374084 
-1.0 -0.9922593470374084 
-1.0 -0.9922593470374084 
-1.0 -0.9922593470374084 
-1.0 -0.9922593470374084 
-1.0 -0.9922593470374084 
-1.0 -0.9922593470374084 
-1.0 -0.9922593470374084 
-1.0 -0.9922593470374084 
-1.0 -0.9922593470374084 
-1.0 -0.9922593470374084 
-1.0 -0.9922593470374084 
-1.0 -0.9922593470374084 
-1.0 -0.9922593470374084 
-1.0 -0.9922593470374084 
-1.0 -0.9922593470374084 
-1.0 -0.9922593470374084 
-1.0 -0.9922593470374084 
-1.0 -0.9922593470374084 
-1.0 -0.9922593470374084 
-1.0 -0.9922593470374084 
-1.0 -0.9922593470374084 
-1.0 -0.9922593470374084 
-1.0 -0.9922593470374084 
-1.0 -0.9922593470374084 
-1.0 -0.9922593470374084 
-1.0 -0.9922593470374084 
-1.0 -0.9922593470374084 
-1.0 -0.9922593470374084 
-1.0 -0.9922593470374084 
-1.0 -0.9922593470374084 
-1.0 -0.9922593470374084 
-1.0 -0.9922593470374084 
