-0.0 -0.9998569749216301 
-0.5013140868853756 -0.9992075798649189 
-0.9420484263509981 -0.9961867744429501 
-0.6942592296881508 -0.9980199650863895 
-0.8271112166643794 -0.9973406038904689 
-0.7808653701047724 -0.9976371992255326 
-0.8128421169901086 -0.9974317951746748 
-0.8648602025361654 -0.997078297659041 
-0.6639565498145684 -0.9981055831563825 
-0.5627060368117017 -0.9984345881960373 
-0.7200421355757181 -0.9978832671371762 
-0.6268330867223856 -0.9982494132845877 
-0.7425868755173398 -0.9977863087206174 
-0.7626857965615017 -0.9977151849652831 
-0.5780077484452236 -0.9983901875174672 
-0.6020466130909611 -0.9982976673683269 
-0.6316161706757121 -0.9981578854023254 
-0.5031849709985139 -0.9984526149274555 
-1.0 -0.9939833722531026 
-1.0 -0.9939833722531026 
-1.0 -0.9939833722531026 
-1.0 -0.9939833722531026 
-1.0 -0.9939833722531026 
-0.896978766113503 -0.9966890942580235 
-0.896978766113503 -0.9966890942580235 
-0.896978766113503 -0.9966890942580235 
-0.896978766113503 -0.9966890942580235 
-0.8760959198898003 -0.9970032225839659 
-0.8760959198898003 -0.9970032225839659 
-0.8760959198898003 -0.9970032225839659 
-0.8760959198898003 -0.9970032225839659 
-0.8760959198898003 -0.9970032225839659 
-0.8760959198898003 -0.9970032225839659 
-0.8760959198898003 -0.9970032225839659 
-0.8760959198898003 -0.9970032225839659 
-0.8760959198898003 -0.9970032225839659 
-0.8760959198898003 -0.9970032225839659 
-0.8760959198898003 -0.9970032225839659 
-0.8760959198898003 -0.9970032225839659 
-0.8760959198898003 -0.9970032225839659 
-0.8760959198898003 -0.9970032225839659 
-0.8760959198898003 -0.9970032225839659 
-0.8760959198898003 -0.9970032225839659 
-0.8760959198898003 -0.9970032225839659 
-0.8760959198898003 -0.9970032225839659 
-0.8760959198898003 -0.9970032225839659 
-0.8760959198898003 -0.9970032225839659 
-0.8760959198898003 -0.9970032225839659 
-0.8760959198898003 -0.9970032225839659 
-0.8760959198898003 -0.9970032225839659 
-0.8760959198898003 -0.9970032225839659 
-0.8760959198898003 -0.9970032225839659 
-0.8760959198898003 -0.9970032225839659 
-0.8760959198898003 -0.9970032225839659 
-0.8760959198898003 -0.9970032225839659 
-0.8760959198898003 -0.9970032225839659 
-0.8760959198898003 -0.9970032225839659 
-0.8760959198898003 -0.9970032225839659 
-0.8760959198898003 -0.9970032225839659 
-0.8760959198898003 -0.9970032225839659 
-0.8760959198898003 -0.9970032225839659 
-0.8760959198898003 -0.9970032225839659 
-0.8760959198898003 -0.9970032225839659 
-0.8760959198898003 -0.9970032225839659 
-0.8760959198898003 -0.9970032225839659 
-0.8760959198898003 -0.9970032225839659 
-0.8760959198898003 -0.9970032225839659 
-0.8760959198898003 -0.9970032225839659 
-0.8760959198898003 -0.9970032225839659 
-0.8760959198898003 -0.9970032225839659 
-0.8760959198898003 -0.9970032225839659 
-0.8760959198898003 -0.9970032225839659 
-0.8760959198898003 -0.9970032225839659 
-0.8760959198898003 -0.9970032225839659 
-0.8760959198898003 -0.9970032225839659 
-0.8760959198898003 -0.9970032225839659 
-0.8760959198898003 -0.9970032225839659 
-0.8760959198898003 -0.9970032225839659 
-0.8760959198898003 -0.9970032225839659 
-0.8760959198898003 -0.9970032225839659 
-0.8760959198898003 -0.9970032225839659 
-0.8760959198898003 -0.9970032225839659 
-0.8760959198898003 -0.9970032225839659 
-0.8760959198898003 -0.9970032225839659 
-0.8760959198898003 -0.9970032225839659 
-0.8760959198898003 -0.9970032225839659 
-0.8760959198898003 -0.9970032225839659 
-0.8760959198898003 -0.9970032225839659 
-0.8760959198898003 -0.9970032225839659 
-0.8760959198898003 -0.9970032225839659 
-0.8760959198898003 -0.9970032225839659 
-0.8760959198898003 -0.9970032225839659 
-0.8760959198898003 -0.9970032225839659 
-0.8760959198898003 -0.9970032225839659 
-0.8760959198898003 -0.9970032225839659 
-0.8760959198898003 -0.9970032225839659 
-0.8760959198898003 -0.9970032225839659 
-0.8760959198898003 -0.9970032225839659 
-0.8760959198898003 -0.9970032225839659 
-0.8760959198898003 -0.9970032225839659 
