-0.0 -0.999467545131426 
-0.8175386279629545 -0.9971627859350773 
-0.9047013975798339 -0.9931453645142126 
-0.5013140868853756 -0.9993941324330132 
-0.7370036662886055 -0.9979590712469877 
-0.5359390920843539 -0.9992230566878971 
-0.8396533907614603 -0.9933545765910132 
-0.5581161145103294 -0.9988671687825872 
-0.6737045284658849 -0.9982325501482746 
-0.6101901341533087 -0.9985646819118088 
-0.6609748009422006 -0.9983000265315405 
-0.7017685234501846 -0.9980136862547718 
-0.5738820411172648 -0.9986690941163211 
-0.6379986098789187 -0.9983455991781481 
-0.5948945309806194 -0.998603388988116 
-0.5856212004886759 -0.9986321582950747 
-0.7402841602512473 -0.9972398273968922 
-0.6117214763339706 -0.9983938301645865 
-0.6299549154968892 -0.9983490641961911 
-1.0 -0.9839017633801287 
-1.0 -0.9839017633801287 
-1.0 -0.9839017633801287 
-1.0 -0.9839017633801287 
-1.0 -0.9839017633801287 
-1.0 -0.9839017633801287 
-1.0 -0.9839017633801287 
-1.0 -0.9839017633801287 
-1.0 -0.9839017633801287 
-1.0 -0.9839017633801287 
-1.0 -0.9839017633801287 
-1.0 -0.9839017633801287 
-1.0 -0.9839017633801287 
-1.0 -0.9839017633801287 
-1.0 -0.9839017633801287 
-1.0 -0.9839017633801287 
-1.0 -0.9839017633801287 
-1.0 -0.9839017633801287 
-1.0 -0.9839017633801287 
-1.0 -0.9839017633801287 
-1.0 -0.9839017633801287 
-1.0 -0.9839017633801287 
-1.0 -0.9839017633801287 
-1.0 -0.9839017633801287 
-1.0 -0.9839017633801287 
-1.0 -0.9839017633801287 
-1.0 -0.9839017633801287 
-1.0 -0.9839017633801287 
-1.0 -0.9839017633801287 
-1.0 -0.9839017633801287 
-1.0 -0.9839017633801287 
-1.0 -0.9839017633801287 
-1.0 -0.9839017633801287 
-1.0 -0.9839017633801287 
-1.0 -0.9839017633801287 
-1.0 -0.9839017633801287 
-1.0 -0.9839017633801287 
-1.0 -0.9839017633801287 
-1.0 -0.9839017633801287 
-1.0 -0.9839017633801287 
-1.0 -0.9839017633801287 
-1.0 -0.9839017633801287 
-1.0 -0.9839017633801287 
-1.0 -0.9839017633801287 
-1.0 -0.9839017633801287 
-1.0 -0.9839017633801287 
-1.0 -0.9839017633801287 
-1.0 -0.9839017633801287 
-1.0 -0.9839017633801287 
-1.0 -0.9839017633801287 
-1.0 -0.9839017633801287 
-1.0 -0.9839017633801287 
-1.0 -0.9839017633801287 
-1.0 -0.9839017633801287 
-1.0 -0.9839017633801287 
-1.0 -0.9839017633801287 
-1.0 -0.9839017633801287 
-1.0 -0.9839017633801287 
-1.0 -0.9839017633801287 
-0.9426644257305594 -0.9882628566259097 
-0.9426644257305594 -0.9882628566259097 
-0.9165537583019931 -0.9898770815405533 
-0.9165537583019931 -0.9898770815405533 
-0.9165537583019931 -0.9898770815405533 
-0.9165537583019931 -0.9898770815405533 
-0.9165537583019931 -0.9898770815405533 
-0.9165537583019931 -0.9898770815405533 
-0.9165537583019931 -0.9898770815405533 
-0.9165537583019931 -0.9898770815405533 
-0.9165537583019931 -0.9898770815405533 
-0.9165537583019931 -0.9898770815405533 
-0.9165537583019931 -0.9898770815405533 
-0.9165537583019931 -0.9898770815405533 
-0.9165537583019931 -0.9898770815405533 
-0.9165537583019931 -0.9898770815405533 
-0.9165537583019931 -0.9898770815405533 
-0.9165537583019931 -0.9898770815405533 
-0.9165537583019931 -0.9898770815405533 
-0.9165537583019931 -0.9898770815405533 
-0.9165537583019931 -0.9898770815405533 
-0.9165537583019931 -0.9898770815405533 
