-0.0 -1.0 
-0.8885261025021761 -0.9850131753759234 
-0.8115625398010615 -0.9948926926859617 
-0.8572350303041841 -0.9865325112776594 
-0.8326831776556043 -0.987761844440884 
-0.6757744745078007 -0.9988299435677875 
-0.7476104374175362 -0.9976719521246712 
-0.7782717162260105 -0.9964522699338257 
-0.8978330023700154 -0.965123535604063 
-0.5005605409330028 -0.9994981732081627 
-0.6316161706757121 -0.9992466831327126 
-0.6933612743506347 -0.9980944040551877 
-0.6555486225011073 -0.9989104359920299 
-0.7230200263994838 -0.9978280748010144 
-0.7358284495789809 -0.9977524445489137 
-0.6020466130909611 -0.9993271755569549 
-0.5526636442030195 -0.99942476050975 
-0.7687181475342102 -0.9965327623580682 
-0.7872725666763027 -0.9950561092622696 
-0.8189087443988545 -0.9878475299247549 
-0.8038679774895205 -0.9949704237783986 
-0.5627060368117017 -0.9994076679811974 
-0.5856212004886759 -0.9993467747699996 
-0.6101901341533087 -0.9992687890302492 
-0.7957865088883226 -0.9949783781698327 
-0.5013140868853756 -0.9994832982332982 
-0.7089651806819823 -0.9978301756413506 
-0.7585312008512162 -0.9965348631984043 
-0.9523418833942503 -0.9545817560599835 
-0.9523418833942503 -0.9545817560599835 
-0.9523418833942503 -0.9545817560599835 
-0.9523418833942503 -0.9545817560599835 
-0.9523418833942503 -0.9545817560599835 
-0.9523418833942503 -0.9545817560599835 
-0.9523418833942503 -0.9545817560599835 
-0.9523418833942503 -0.9545817560599835 
-0.9523418833942503 -0.9545817560599835 
-0.9523418833942503 -0.9545817560599835 
-0.9523418833942503 -0.9545817560599835 
-0.9231820314882716 -0.9638370747477615 
-0.9231820314882716 -0.9638370747477615 
-0.9231820314882716 -0.9638370747477615 
-0.9231820314882716 -0.9638370747477615 
-0.9231820314882716 -0.9638370747477615 
-0.9231820314882716 -0.9638370747477615 
-0.9231820314882716 -0.9638370747477615 
-0.9231820314882716 -0.9638370747477615 
-0.9231820314882716 -0.9638370747477615 
-0.9231820314882716 -0.9638370747477615 
-0.9231820314882716 -0.9638370747477615 
-0.9231820314882716 -0.9638370747477615 
-0.9231820314882716 -0.9638370747477615 
-0.9231820314882716 -0.9638370747477615 
-0.9231820314882716 -0.9638370747477615 
-0.9231820314882716 -0.9638370747477615 
-0.9231820314882716 -0.9638370747477615 
-0.9231820314882716 -0.9638370747477615 
-0.9231820314882716 -0.9638370747477615 
-0.9231820314882716 -0.9638370747477615 
-0.9231820314882716 -0.9638370747477615 
-0.9231820314882716 -0.9638370747477615 
-0.9231820314882716 -0.9638370747477615 
-0.9231820314882716 -0.9638370747477615 
-0.9231820314882716 -0.9638370747477615 
-0.9231820314882716 -0.9638370747477615 
-0.9231820314882716 -0.9638370747477615 
-0.9231820314882716 -0.9638370747477615 
-0.9231820314882716 -0.9638370747477615 
-0.9231820314882716 -0.9638370747477615 
-0.9231820314882716 -0.9638370747477615 
-0.9231820314882716 -0.9638370747477615 
-0.9231820314882716 -0.9638370747477615 
-0.9231820314882716 -0.9638370747477615 
-0.9231820314882716 -0.9638370747477615 
-0.9231820314882716 -0.9638370747477615 
-0.9231820314882716 -0.9638370747477615 
-0.9231820314882716 -0.9638370747477615 
-0.9231820314882716 -0.9638370747477615 
-0.9231820314882716 -0.9638370747477615 
-0.9231820314882716 -0.9638370747477615 
-0.9231820314882716 -0.9638370747477615 
-0.9231820314882716 -0.9638370747477615 
-0.9231820314882716 -0.9638370747477615 
-0.9231820314882716 -0.9638370747477615 
-0.9231820314882716 -0.9638370747477615 
-0.9231820314882716 -0.9638370747477615 
-0.9231820314882716 -0.9638370747477615 
-0.9231820314882716 -0.9638370747477615 
-0.9231820314882716 -0.9638370747477615 
-0.9231820314882716 -0.9638370747477615 
-0.9231820314882716 -0.9638370747477615 
-0.9231820314882716 -0.9638370747477615 
-0.9231820314882716 -0.9638370747477615 
-0.9231820314882716 -0.9638370747477615 
-0.9231820314882716 -0.9638370747477615 
-0.9231820314882716 -0.9638370747477615 
-0.9231820314882716 -0.9638370747477615 
-0.9231820314882716 -0.9638370747477615 
-0.9231820314882716 -0.9638370747477615 
-0.9231820314882716 -0.9638370747477615 
