0.39243978635956844
0.5814943561450705
0.5064081792751027
0.5546523481375603
0.6084334596439139
0.583541939206352
0.4914600704341433
0.4990649974796213
0.6150105122785141
0.34753190430323705
0.48501083762688724
0.4784273097229985
0.5522178191982429
0.5322964172121165
0.3467668202515125
0.4635178791973221
0.49675669517953347
0.5193773294546387
0.4769922801969302
0.5458114526790439
0.5545918221050077
0.4480371237850036
0.5756448329828091
0.5154829744531658
0.5743186231151644
0.4615269427768197
0.5144881748890086
0.5252901953648118
0.5527385648548294
0.5830507003231715
