0.008532449120813218
0.003197461437060678
0.003755773107141067
0.0034238002209831765
0.00302057859936037
0.0030970719621750582
0.004428399074557077
0.006793717332237473
0.006902731463664162
0.009909359812173056
0.004771796310188193
0.006682922839469615
0.0031112286594040094
0.003956130448950854
0.009222613585628507
0.0083214680713906
0.007241556991891576
0.006327515996036817
0.006961887792360431
0.0035194954439584174
0.003933960020784662
0.005983515954363042
0.0041254358981622245
0.008510836525666528
0.003134380427145741
0.006611720913160189
0.008477260303532514
0.003941921164617637
0.003331403536600541
0.00616453600438279
