-0.744874854444071 -0.9330528512347199 
-0.7560446561803408 -0.9172849070611419 
-0.7320398519168473 -0.9609553137731532 
-0.6721964626647009 -0.996456830339831 
-0.744874854444071 -0.9330528512347199 
-0.762197035099203 -0.9169368996269196 
-0.5968939260213346 -0.9984992944631009 
-0.688511191098045 -0.9778568435507673 
-0.688511191098045 -0.9778568435507673 
-0.7320398519168473 -0.9609553137731532 
-0.7328278516163236 -0.9405194546776555 
-0.762197035099203 -0.9169368996269196 
-0.741907878485322 -0.9333502319381136 
-0.762197035099203 -0.9169368996269196 
-0.744874854444071 -0.9330528512347199 
-0.7320398519168473 -0.9609553137731532 
-0.6878741469502972 -0.9940760522608569 
-0.5920758574142158 -0.9986196262986237 
-0.7332180703382779 -0.9395364389416376 
-0.6511697434858305 -0.9969825890559723 
-0.5920758574142158 -0.9986196262986237 
-0.6878741469502972 -0.9940760522608569 
-0.5920758574142158 -0.9986196262986237 
-0.5968939260213346 -0.9984992944631009 
-0.6511697434858305 -0.9969825890559723 
-0.6511697434858305 -0.9969825890559723 
-0.6389954018697317 -0.9975996031193131 
-0.6389954018697317 -0.9975996031193131 
-0.6878741469502972 -0.9940760522608569 
-0.5807398447749113 -0.9990323662826871 
-0.7257802368235206 -0.9775213471681465 
-0.5807398447749113 -0.9990323662826871 
-0.5807398447749113 -0.9990323662826871 
-0.642418717883985 -0.9969962669162821 
-0.5867357397754421 -0.9986871026818895 
-0.688511191098045 -0.9778568435507673 
-0.642418717883985 -0.9969962669162821 
-0.5000046953206492 -0.9994909727117398 
-0.7332180703382779 -0.9395364389416376 
-0.5867357397754421 -0.9986871026818895 
-0.5738942469018073 -0.999099842665953 
-0.5000046953206492 -0.9994909727117398 
-0.5738942469018073 -0.999099842665953 
-0.5273879907057624 -0.9994234963284739 
-0.5273879907057624 -0.9994234963284739 
-0.5440962310962162 -0.9993689539666355 
-0.642418717883985 -0.9969962669162821 
-0.5273879907057624 -0.9994234963284739 
-0.5440962310962162 -0.9993689539666355 
-0.5440962310962162 -0.9993689539666355 
-0.6158041920480982 -0.9982290905843987 
-0.5867357397754421 -0.9986871026818895 
-0.6389954018697317 -0.9975996031193131 
-0.5408190580271792 -0.9993832078706837 
-0.5520471636397453 -0.9993175027424785 
-0.6158041920480982 -0.9982290905843987 
-0.5520471636397453 -0.9993175027424785 
-0.5562709617402561 -0.9993014775833696 
-0.5408190580271792 -0.9993832078706837 
-0.6158041920480982 -0.9982290905843987 
-0.5682692155322392 -0.9991198110146513 
-0.5408190580271792 -0.9993832078706837 
-0.5520471636397453 -0.9993175027424785 
-0.5682692155322392 -0.9991198110146513 
-0.5562709617402561 -0.9993014775833696 
-0.5659017097064563 -0.9991962452776814 
-0.5659017097064563 -0.9991962452776814 
-0.7266531110566533 -0.9705514036382143 
-0.5659017097064563 -0.9991962452776814 
-0.7384350849450405 -0.9391479194428127 
-0.525380609869206 -0.9994366132831006 
-0.5682692155322392 -0.9991198110146513 
-0.5562709617402561 -0.9993014775833696 
-0.525380609869206 -0.9994366132831006 
-0.7266531110566533 -0.9705514036382143 
-0.525380609869206 -0.9994366132831006 
-0.5000021798982867 -0.9995023184113058 
-0.5000021798982867 -0.9995023184113058 
-0.7384350849450405 -0.9391479194428127 
-0.5609166435988 -0.9992144390169884 
-0.6067061765302306 -0.9982689653199751 
-0.7486224058353138 -0.9273414045508095 
-0.5609166435988 -0.9992144390169884 
-0.5609166435988 -0.9992144390169884 
-0.5745608674752889 -0.9990541058864462 
-0.7266531110566533 -0.9705514036382143 
-0.6067061765302306 -0.9982689653199751 
-0.6067061765302306 -0.9982689653199751 
-0.7486224058353138 -0.9273414045508095 
-0.5745608674752889 -0.9990541058864462 
-0.7387913017757596 -0.9390181030264818 
-0.7486224058353138 -0.9273414045508095 
-0.7387913017757596 -0.9390181030264818 
-0.7328278516163236 -0.9405194546776555 
-0.7328278516163236 -0.9405194546776555 
-0.741907878485322 -0.9333502319381136 
-0.741907878485322 -0.9333502319381136 
-0.0 -0.999561779299255 
-0.0 -0.999561779299255 
-0.0 -0.999561779299255 
