-0.6067061765302306 -0.9983672523117583 
-0.5849679567095176 -0.998474046970116 
-0.589386886992521 -0.9983698788263995 
-0.5800672220441425 -0.9990895389880424 
-0.7427926965816251 -0.9743523632989872 
-0.6721964626647009 -0.9972968491457269 
-0.6721964626647009 -0.9972968491457269 
-0.6121545846580537 -0.9982040012558592 
-0.7427926965816251 -0.9743523632989872 
-0.6121545846580537 -0.9982040012558592 
-0.6121545846580537 -0.9982040012558592 
-0.6067061765302306 -0.9983672523117583 
-0.6389954018697317 -0.9979667498773139 
-0.6389954018697317 -0.9979667498773139 
-0.6067061765302306 -0.9983672523117583 
-0.7427926965816251 -0.9743523632989872 
-0.6121545846580537 -0.9982040012558592 
-0.6721964626647009 -0.9972968491457269 
-0.7067138329616951 -0.9963497218926863 
-0.6146589639119348 -0.9980679948360454 
-0.6146589639119348 -0.9980679948360454 
-0.6121545846580537 -0.9982040012558592 
-0.6067061765302306 -0.9983672523117583 
-0.6389954018697317 -0.9979667498773139 
-0.6146589639119348 -0.9980679948360454 
-0.6721964626647009 -0.9972968491457269 
-0.6146589639119348 -0.9980679948360454 
-0.7067138329616951 -0.9963497218926863 
-0.6146589639119348 -0.9980679948360454 
-0.6067061765302306 -0.9983672523117583 
-0.6721964626647009 -0.9972968491457269 
-0.6067061765302306 -0.9983672523117583 
-0.5800672220441425 -0.9990895389880424 
-0.589386886992521 -0.9983698788263995 
-0.6389954018697317 -0.9979667498773139 
-0.5800672220441425 -0.9990895389880424 
-0.6389954018697317 -0.9979667498773139 
-0.589386886992521 -0.9983698788263995 
-0.6095094844280139 -0.998264909340023 
-0.6389954018697317 -0.9979667498773139 
-0.7067138329616951 -0.9963497218926863 
-0.6721964626647009 -0.9972968491457269 
-0.5800672220441425 -0.9990895389880424 
-0.6095094844280139 -0.998264909340023 
-0.589386886992521 -0.9983698788263995 
-0.525380609869206 -0.9996049206093849 
-0.5800672220441425 -0.9990895389880424 
-0.589386886992521 -0.9983698788263995 
-0.5745608674752889 -0.9992184084590172 
-0.5520471636397453 -0.9993887964637554 
-0.5408190580271792 -0.9995176659347301 
-0.7519999293733056 -0.9598197063014061 
-0.7519999293733056 -0.9598197063014061 
-0.5800672220441425 -0.9990895389880424 
-0.7519999293733056 -0.9598197063014061 
-0.6095094844280139 -0.998264909340023 
-0.7519999293733056 -0.9598197063014061 
-0.6095094844280139 -0.998264909340023 
-0.589386886992521 -0.9983698788263995 
-0.0 -0.9998842105263158 
-0.7155057171639305 -0.9782293124511365 
-0.5000021798982867 -0.999755341055341 
-0.6095094844280139 -0.998264909340023 
-0.7519999293733056 -0.9598197063014061 
-0.7519999293733056 -0.9598197063014061 
-0.7155057171639305 -0.9782293124511365 
-0.7155057171639305 -0.9782293124511365 
-0.7155057171639305 -0.9782293124511365 
-0.7155057171639305 -0.9782293124511365 
-0.5520471636397453 -0.9993887964637554 
-0.5520471636397453 -0.9993887964637554 
-0.5000021798982867 -0.999755341055341 
-0.5520471636397453 -0.9993887964637554 
-0.7155057171639305 -0.9782293124511365 
-0.5000021798982867 -0.999755341055341 
-0.5000021798982867 -0.999755341055341 
-0.5000021798982867 -0.999755341055341 
-0.525380609869206 -0.9996049206093849 
-0.525380609869206 -0.9996049206093849 
-0.5520471636397453 -0.9993887964637554 
-0.5520471636397453 -0.9993887964637554 
-0.525380609869206 -0.9996049206093849 
-0.5000021798982867 -0.999755341055341 
-0.525380609869206 -0.9996049206093849 
-0.525380609869206 -0.9996049206093849 
-0.5745608674752889 -0.9992184084590172 
-0.5745608674752889 -0.9992184084590172 
-0.5745608674752889 -0.9992184084590172 
-0.5745608674752889 -0.9992184084590172 
-0.5745608674752889 -0.9992184084590172 
-0.5408190580271792 -0.9995176659347301 
-0.0 -0.9998842105263158 
-0.5408190580271792 -0.9995176659347301 
-0.5408190580271792 -0.9995176659347301 
-0.0 -0.9998842105263158 
-0.5408190580271792 -0.9995176659347301 
-0.0 -0.9998842105263158 
-0.5408190580271792 -0.9995176659347301 
-0.0 -0.9998842105263158 
-0.0 -0.9998842105263158 
