-0.5562709617402561 -0.9987457290483173 
-0.5659017097064563 -0.9986137758245772 
-0.6511697434858305 -0.9968674161032369 
-0.0 -0.9995672623447014 
-0.6805313484934384 -0.9945015980225282 
-0.5562709617402561 -0.9987457290483173 
-0.6511697434858305 -0.9968674161032369 
-0.5968939260213346 -0.998281680234222 
-0.6245015291042992 -0.9972321711395192 
-0.5000046953206492 -0.9994466953998292 
-0.5440962310962162 -0.9989737084443728 
-0.5273879907057624 -0.9992569407100745 
-0.5562709617402561 -0.9987457290483173 
-0.6271042502223728 -0.9970627967025602 
-0.6217617476670066 -0.9972876753023314 
-0.5562709617402561 -0.9987457290483173 
-0.6511697434858305 -0.9968674161032369 
-0.6511697434858305 -0.9968674161032369 
-0.6723524546743632 -0.9961071260483342 
-0.6511697434858305 -0.9968674161032369 
-0.6012861663487746 -0.9982192528242336 
-0.6511697434858305 -0.9968674161032369 
-0.6271042502223728 -0.9970627967025602 
-0.6876776253254999 -0.9939473203108473 
-0.7257802368235206 -0.9713634047028835 
-0.5440962310962162 -0.9989737084443728 
-0.6245015291042992 -0.9972321711395192 
-0.5440962310962162 -0.9989737084443728 
-0.6271042502223728 -0.9970627967025602 
-0.6245015291042992 -0.9972321711395192 
-0.6245015291042992 -0.9972321711395192 
-0.6723524546743632 -0.9961071260483342 
-0.6271042502223728 -0.9970627967025602 
-0.6271042502223728 -0.9970627967025602 
-0.5440962310962162 -0.9989737084443728 
-0.6511697434858305 -0.9968674161032369 
-0.6723524546743632 -0.9961071260483342 
-0.5000046953206492 -0.9994466953998292 
-0.5000046953206492 -0.9994466953998292 
-0.5000046953206492 -0.9994466953998292 
-0.6876776253254999 -0.9939473203108473 
-0.5920758574142158 -0.9983328266768303 
-0.6723524546743632 -0.9961071260483342 
-0.5000046953206492 -0.9994466953998292 
-0.6245015291042992 -0.9972321711395192 
-0.5000046953206492 -0.9994466953998292 
-0.6723524546743632 -0.9961071260483342 
-0.5000046953206492 -0.9994466953998292 
-0.5440962310962162 -0.9989737084443728 
-0.6245015291042992 -0.9972321711395192 
-0.5273879907057624 -0.9992569407100745 
-0.5273879907057624 -0.9992569407100745 
-0.6271042502223728 -0.9970627967025602 
-0.5273879907057624 -0.9992569407100745 
-0.5867357397754421 -0.9984936808863577 
-0.5273879907057624 -0.9992569407100745 
-0.5867357397754421 -0.9984936808863577 
-0.5440962310962162 -0.9989737084443728 
-0.5867357397754421 -0.9984936808863577 
-0.5867357397754421 -0.9984936808863577 
-0.5867357397754421 -0.9984936808863577 
-0.5867357397754421 -0.9984936808863577 
-0.6723524546743632 -0.9961071260483342 
-0.5920758574142158 -0.9983328266768303 
-0.5273879907057624 -0.9992569407100745 
-0.5920758574142158 -0.9983328266768303 
-0.5920758574142158 -0.9983328266768303 
-0.5273879907057624 -0.9992569407100745 
-0.5920758574142158 -0.9983328266768303 
-0.5440962310962162 -0.9989737084443728 
-0.5920758574142158 -0.9983328266768303 
-0.6217617476670066 -0.9972876753023314 
-0.6217617476670066 -0.9972876753023314 
-0.6158041920480982 -0.9978248494904365 
-0.6217617476670066 -0.9972876753023314 
-0.6158041920480982 -0.9978248494904365 
-0.6217617476670066 -0.9972876753023314 
-0.5659017097064563 -0.9986137758245772 
-0.5659017097064563 -0.9986137758245772 
-0.6158041920480982 -0.9978248494904365 
-0.6158041920480982 -0.9978248494904365 
-0.6158041920480982 -0.9978248494904365 
-0.5659017097064563 -0.9986137758245772 
-0.5659017097064563 -0.9986137758245772 
-0.6217617476670066 -0.9972876753023314 
-0.5807398447749113 -0.9985577052766016 
-0.6158041920480982 -0.9978248494904365 
-0.5807398447749113 -0.9985577052766016 
-0.5807398447749113 -0.9985577052766016 
-0.5659017097064563 -0.9986137758245772 
-0.5807398447749113 -0.9985577052766016 
-0.5807398447749113 -0.9985577052766016 
-0.5807398447749113 -0.9985577052766016 
-0.5659017097064563 -0.9986137758245772 
-0.0 -0.9995672623447014 
-0.0 -0.9995672623447014 
-0.0 -0.9995672623447014 
-0.0 -0.9995672623447014 
-0.0 -0.9995672623447014 
-0.0 -0.9995672623447014 
