-0.6158041920480982 -0.9980338991082044 
-0.7221568601381951 -0.9908091767149887 
-0.7152373452661517 -0.9916381911722496 
-0.5000046953206492 -0.9992342063754829 
-0.6158041920480982 -0.9980338991082044 
-0.6785950509492333 -0.9951251166893356 
-0.5000046953206492 -0.9992342063754829 
-0.7221568601381951 -0.9908091767149887 
-0.7266531110566533 -0.977030325829841 
-0.5592485563317103 -0.9985557867029244 
-0.7351326603368505 -0.9764590984788439 
-0.6876776253254999 -0.9949879941573959 
-0.5592485563317103 -0.9985557867029244 
-0.6785950509492333 -0.9951251166893356 
-0.7085913523418435 -0.9917046363549739 
-0.6582751474814352 -0.9967558720519646 
-0.5000046953206492 -0.9992342063754829 
-0.6876776253254999 -0.9949879941573959 
-0.6940305232025398 -0.9947243086580547 
-0.6814752453925828 -0.995119805378672 
-0.7152373452661517 -0.9916381911722496 
-0.7152373452661517 -0.9916381911722496 
-0.7085913523418435 -0.9917046363549739 
-0.6765900934759559 -0.995756106620149 
-0.6723524546743632 -0.9966770069785559 
-0.6940305232025398 -0.9947243086580547 
-0.6814752453925828 -0.995119805378672 
-0.7451959220266173 -0.9349336734960583 
-0.6572771698514329 -0.9968010285914428 
-0.5634399514332546 -0.9985239922115434 
-0.6765900934759559 -0.995756106620149 
-0.7011010580770073 -0.9939779882695066 
-0.6511697434858305 -0.997215043235761 
-0.7011010580770073 -0.9939779882695066 
-0.6572771698514329 -0.9968010285914428 
-0.7067138329616951 -0.9926213294995528 
-0.5968939260213346 -0.9982233912261333 
-0.6511697434858305 -0.997215043235761 
-0.6723524546743632 -0.9966770069785559 
-0.7067138329616951 -0.9926213294995528 
-0.5693948603994841 -0.9983925909173639 
-0.5693948603994841 -0.9983925909173639 
-0.5968939260213346 -0.9982233912261333 
-0.5807398447749113 -0.9983381255256503 
-0.5867357397754421 -0.9982813622406261 
-0.5221373891662863 -0.9987721567793831 
-0.0 -1.0 
-0.5634399514332546 -0.9985239922115434 
-0.5807398447749113 -0.9983381255256503 
-0.6478377279567749 -0.997275582044347 
-0.0 -1.0 
-0.5867357397754421 -0.9982813622406261 
-0.5221373891662863 -0.9987721567793831 
-0.5236481267903274 -0.9987451516311462 
-0.0 -1.0 
-0.5379959069337361 -0.9986908519857561 
-0.5236481267903274 -0.9987451516311462 
-0.5379959069337361 -0.9986908519857561 
-0.5692601163938482 -0.9984114602216595 
-0.6342162505223877 -0.9976659379350107 
-0.5355382522691869 -0.9987190105208797 
-0.6478377279567749 -0.997275582044347 
-0.5692601163938482 -0.9984114602216595 
-0.5745608674752889 -0.9983756261452852 
-0.5452543863314523 -0.9986656962464521 
-0.5736018922532438 -0.9983915279921938 
-0.6342162505223877 -0.9976659379350107 
-0.5745608674752889 -0.9983756261452852 
-0.5452543863314523 -0.9986656962464521 
-0.617037332248122 -0.9980194385358194 
-0.6084447217921976 -0.998063517886117 
-0.5659017097064563 -0.9985168835820833 
-0.5659017097064563 -0.9985168835820833 
-0.5355382522691869 -0.9987190105208797 
-0.5484136056135402 -0.9986363726650144 
-0.5849679567095176 -0.9983189656457477 
-0.617037332248122 -0.9980194385358194 
-0.5484136056135402 -0.9986363726650144 
-0.5566329209111069 -0.9985820730196242 
-0.6442864348214682 -0.997401564848648 
-0.5566329209111069 -0.9985820730196242 
-0.5788780140054028 -0.9983560524202411 
-0.5736018922532438 -0.9983915279921938 
-0.5609166435988 -0.9985502164359469 
-0.6084447217921976 -0.998063517886117 
-0.5788780140054028 -0.9983560524202411 
-0.5609166435988 -0.9985502164359469 
-0.6084447217921976 -0.998063517886117 
-0.552912035816897 -0.9986125499879487 
-0.5920758574142158 -0.9982801545111575 
-0.5920758574142158 -0.9982801545111575 
-0.6271042502223728 -0.9979732930475983 
-0.5849679567095176 -0.9983189656457477 
-0.6442864348214682 -0.997401564848648 
-0.6012861663487746 -0.9981599029926502 
-0.6271042502223728 -0.9979732930475983 
-0.552912035816897 -0.9986125499879487 
-0.6295834644252494 -0.997853041529091 
-0.6012861663487746 -0.9981599029926502 
-0.6295834644252494 -0.997853041529091 
