-0.5562709617402561 -0.9988508394080208 
-0.6582751474814352 -0.9952205328335652 
-0.6876776253254999 -0.9905913791419073 
-0.7112862011022294 -0.9842825678982238 
-0.6876776253254999 -0.9905913791419073 
-0.7112862011022294 -0.9842825678982238 
-0.7024177447325693 -0.987027013605253 
-0.7112862011022294 -0.9842825678982238 
-0.6876776253254999 -0.9905913791419073 
-0.7024177447325693 -0.987027013605253 
-0.5849679567095176 -0.9982040005949863 
-0.5745608674752889 -0.9983189656457477 
-0.7308384282638103 -0.9838977064169144 
-0.6292522187206196 -0.9969483355299606 
-0.7308384282638103 -0.9838977064169144 
-0.7308384282638103 -0.9838977064169144 
-0.6922100008647587 -0.9888152372691061 
-0.7308384282638103 -0.9838977064169144 
-0.5800672220441425 -0.9982595047577985 
-0.6389954018697317 -0.9969379880076004 
-0.6067061765302306 -0.9976903818988371 
-0.6723524546743632 -0.9950522847167651 
-0.6723524546743632 -0.9950522847167651 
-0.5440962310962162 -0.9989823340099101 
-0.6158041920480982 -0.9975822291197485 
-0.6723524546743632 -0.9950522847167651 
-0.5745608674752889 -0.9983189656457477 
-0.5807398447749113 -0.9982189990994162 
-0.6292522187206196 -0.9969483355299606 
-0.5745608674752889 -0.9983189656457477 
-0.5849679567095176 -0.9982040005949863 
-0.5000046953206492 -0.9994844044126379 
-0.617037332248122 -0.9970770914875595 
-0.0 -0.9995518807959037 
-0.5273879907057624 -0.9993529098107485 
-0.5659017097064563 -0.9983366704686043 
-0.5867357397754421 -0.9981555108659331 
-0.6922100008647587 -0.9888152372691061 
-0.6271042502223728 -0.9970066477422949 
-0.6090627412164059 -0.997651142463391 
-0.6389954018697317 -0.9969379880076004 
-0.6723524546743632 -0.9950522847167651 
-0.5849679567095176 -0.9982040005949863 
-0.6876776253254999 -0.9905913791419073 
-0.6292522187206196 -0.9969483355299606 
-0.6922100008647587 -0.9888152372691061 
-0.589386886992521 -0.9981420728553564 
-0.6158041920480982 -0.9975822291197485 
-0.5562709617402561 -0.9988508394080208 
-0.589386886992521 -0.9981420728553564 
-0.5562709617402561 -0.9988508394080208 
-0.5440962310962162 -0.9989823340099101 
-0.5562709617402561 -0.9988508394080208 
-0.6214642247969316 -0.9970124323896348 
-0.5440962310962162 -0.9989823340099101 
-0.6214642247969316 -0.9970124323896348 
-0.6319507871557013 -0.9969402655415525 
-0.5440962310962162 -0.9989823340099101 
-0.5807398447749113 -0.9982189990994162 
-0.6158041920480982 -0.9975822291197485 
-0.6319507871557013 -0.9969402655415525 
-0.5273879907057624 -0.9993529098107485 
-0.589386886992521 -0.9981420728553564 
-0.5807398447749113 -0.9982189990994162 
-0.6214642247969316 -0.9970124323896348 
-0.6012861663487746 -0.9977648754565883 
-0.5273879907057624 -0.9993529098107485 
-0.617037332248122 -0.9970770914875595 
-0.617037332248122 -0.9970770914875595 
-0.6012861663487746 -0.9977648754565883 
-0.5800672220441425 -0.9982595047577985 
-0.5800672220441425 -0.9982595047577985 
-0.6271042502223728 -0.9970066477422949 
-0.6271042502223728 -0.9970066477422949 
-0.6012861663487746 -0.9977648754565883 
-0.5609166435988 -0.9985363749373082 
-0.5867357397754421 -0.9981555108659331 
-0.5934130455224904 -0.9978165793215338 
-0.5934130455224904 -0.9978165793215338 
-0.6319507871557013 -0.9969402655415525 
-0.5609166435988 -0.9985363749373082 
-0.5273879907057624 -0.9993529098107485 
-0.5934130455224904 -0.9978165793215338 
-0.5867357397754421 -0.9981555108659331 
-0.6090627412164059 -0.997651142463391 
-0.6511697434858305 -0.9968104558777808 
-0.5609166435988 -0.9985363749373082 
-0.6090627412164059 -0.997651142463391 
-0.6511697434858305 -0.9968104558777808 
-0.6067061765302306 -0.9976903818988371 
-0.6067061765302306 -0.9976903818988371 
-0.6511697434858305 -0.9968104558777808 
-0.5000046953206492 -0.9994844044126379 
-0.5000046953206492 -0.9994844044126379 
-0.5000046953206492 -0.9994844044126379 
-0.5659017097064563 -0.9983366704686043 
-0.5659017097064563 -0.9983366704686043 
-0.0 -0.9995518807959037 
-0.0 -0.9995518807959037 
-0.0 -0.9995518807959037 
