-0.6067061765302306 -0.9961669706061022 
-0.7098042502137281 -0.9846852798200805 
-0.6255156382388327 -0.9955473220240068 
-0.6582751474814352 -0.9947756900607003 
-0.6495601444205366 -0.9954262844301296 
-0.5934130455224904 -0.9962235555104998 
-0.6389954018697317 -0.9954881531169982 
-0.5440962310962162 -0.9996851431138493 
-0.6831509710698068 -0.9946490089181125 
-0.5000046953206492 -0.999841304347826 
-0.6721964626647009 -0.994713755218324 
-0.0 -0.9999468085106383 
-0.7460284995004921 -0.984398163472056 
-0.589386886992521 -0.9963425988823896 
-0.589386886992521 -0.9963425988823896 
-0.589386886992521 -0.9963425988823896 
-0.7067138329616951 -0.9895825364707945 
-0.7067138329616951 -0.9895825364707945 
-0.5807398447749113 -0.9990197039339251 
-0.6255156382388327 -0.9955473220240068 
-0.6582751474814352 -0.9947756900607003 
-0.6582751474814352 -0.9947756900607003 
-0.617037332248122 -0.9961077918621408 
-0.7067138329616951 -0.9895825364707945 
-0.6495601444205366 -0.9954262844301296 
-0.6495601444205366 -0.9954262844301296 
-0.6255156382388327 -0.9955473220240068 
-0.0 -0.9999468085106383 
-0.5849679567095176 -0.9964020597703388 
-0.7067138329616951 -0.9895825364707945 
-0.6721964626647009 -0.994713755218324 
-0.5849679567095176 -0.9964020597703388 
-0.5807398447749113 -0.9990197039339251 
-0.5934130455224904 -0.9962235555104998 
-0.7427926965816251 -0.9844659929294203 
-0.6389954018697317 -0.9954881531169982 
-0.617037332248122 -0.9961077918621408 
-0.6067061765302306 -0.9961669706061022 
-0.5000046953206492 -0.999841304347826 
-0.6721964626647009 -0.994713755218324 
-0.6831509710698068 -0.9946490089181125 
-0.6067061765302306 -0.9961669706061022 
-0.7067138329616951 -0.9895825364707945 
-0.5849679567095176 -0.9964020597703388 
-0.6389954018697317 -0.9954881531169982 
-0.5000046953206492 -0.999841304347826 
-0.7067138329616951 -0.9895825364707945 
-0.5849679567095176 -0.9964020597703388 
-0.6831509710698068 -0.9946490089181125 
-0.5849679567095176 -0.9964020597703388 
-0.0 -0.9999468085106383 
-0.5849679567095176 -0.9964020597703388 
-0.6831509710698068 -0.9946490089181125 
-0.6831509710698068 -0.9946490089181125 
-0.5807398447749113 -0.9990197039339251 
-0.5807398447749113 -0.9990197039339251 
-0.6831509710698068 -0.9946490089181125 
-0.6495601444205366 -0.9954262844301296 
-0.6721964626647009 -0.994713755218324 
-0.6831509710698068 -0.9946490089181125 
-0.5807398447749113 -0.9990197039339251 
-0.6495601444205366 -0.9954262844301296 
-0.5807398447749113 -0.9990197039339251 
-0.6721964626647009 -0.994713755218324 
-0.6495601444205366 -0.9954262844301296 
-0.6721964626647009 -0.994713755218324 
-0.6067061765302306 -0.9961669706061022 
-0.6495601444205366 -0.9954262844301296 
-0.6389954018697317 -0.9954881531169982 
-0.6389954018697317 -0.9954881531169982 
-0.6389954018697317 -0.9954881531169982 
-0.617037332248122 -0.9961077918621408 
-0.617037332248122 -0.9961077918621408 
-0.6067061765302306 -0.9961669706061022 
-0.6389954018697317 -0.9954881531169982 
-0.617037332248122 -0.9961077918621408 
-0.617037332248122 -0.9961077918621408 
-0.6067061765302306 -0.9961669706061022 
-0.6255156382388327 -0.9955473220240068 
-0.6721964626647009 -0.994713755218324 
-0.6255156382388327 -0.9955473220240068 
-0.6255156382388327 -0.9955473220240068 
-0.5934130455224904 -0.9962235555104998 
-0.6067061765302306 -0.9961669706061022 
-0.5934130455224904 -0.9962235555104998 
-0.5934130455224904 -0.9962235555104998 
-0.6255156382388327 -0.9955473220240068 
-0.5934130455224904 -0.9962235555104998 
-0.6582751474814352 -0.9947756900607003 
-0.6582751474814352 -0.9947756900607003 
-0.6582751474814352 -0.9947756900607003 
-0.6582751474814352 -0.9947756900607003 
-0.0 -0.9999468085106383 
-0.0 -0.9999468085106383 
-0.0 -0.9999468085106383 
-0.0 -0.9999468085106383 
-0.5000046953206492 -0.999841304347826 
-0.5000046953206492 -0.999841304347826 
-0.5000046953206492 -0.999841304347826 
-0.5000046953206492 -0.999841304347826 
