-0.6543089294608667 -0.9959735838702379 
-0.0 -0.9994487405283395 
-0.6245015291042992 -0.9974697294194713 
-0.6271042502223728 -0.9970110995164527 
-0.5920758574142158 -0.9982178740071429 
-0.5867357397754421 -0.9982772174414863 
-0.7085913523418435 -0.9892160341360156 
-0.7257802368235206 -0.9879385705658785 
-0.6572771698514329 -0.9956612638265034 
-0.6969627453217037 -0.9899958128455454 
-0.6572771698514329 -0.9956612638265034 
-0.5920758574142158 -0.9982178740071429 
-0.6572771698514329 -0.9956612638265034 
-0.6940305232025398 -0.9915427412784775 
-0.6723524546743632 -0.9932207374804013 
-0.7257802368235206 -0.9879385705658785 
-0.5920758574142158 -0.9982178740071429 
-0.6404834755468042 -0.9968789654376369 
-0.6245015291042992 -0.9974697294194713 
-0.6404834755468042 -0.9968789654376369 
-0.7308384282638103 -0.9632094242809327 
-0.7308384282638103 -0.9632094242809327 
-0.6723524546743632 -0.9932207374804013 
-0.7308384282638103 -0.9632094242809327 
-0.5273879907057624 -0.9991772114482839 
-0.5273879907057624 -0.9991772114482839 
-0.6723524546743632 -0.9932207374804013 
-0.5273879907057624 -0.9991772114482839 
-0.6723524546743632 -0.9932207374804013 
-0.5920758574142158 -0.9982178740071429 
-0.6723524546743632 -0.9932207374804013 
-0.5273879907057624 -0.9991772114482839 
-0.6245015291042992 -0.9974697294194713 
-0.6572771698514329 -0.9956612638265034 
-0.7308384282638103 -0.9632094242809327 
-0.7362533258237208 -0.9540840132679148 
-0.6511697434858305 -0.9962490704943341 
-0.6404834755468042 -0.9968789654376369 
-0.6404834755468042 -0.9968789654376369 
-0.6511697434858305 -0.9962490704943341 
-0.6511697434858305 -0.9962490704943341 
-0.6511697434858305 -0.9962490704943341 
-0.7308384282638103 -0.9632094242809327 
-0.5920758574142158 -0.9982178740071429 
-0.5968939260213346 -0.9979829192327571 
-0.5273879907057624 -0.9991772114482839 
-0.6245015291042992 -0.9974697294194713 
-0.5968939260213346 -0.9979829192327571 
-0.6404834755468042 -0.9968789654376369 
-0.5968939260213346 -0.9979829192327571 
-0.6245015291042992 -0.9974697294194713 
-0.5659017097064563 -0.9984969216244345 
-0.5659017097064563 -0.9984969216244345 
-0.5659017097064563 -0.9984969216244345 
-0.5659017097064563 -0.9984969216244345 
-0.5659017097064563 -0.9984969216244345 
-0.5968939260213346 -0.9979829192327571 
-0.6627712601467861 -0.9952544355433646 
-0.6627712601467861 -0.9952544355433646 
-0.6627712601467861 -0.9952544355433646 
-0.5000046953206492 -0.9993997564935065 
-0.5000046953206492 -0.9993997564935065 
-0.6627712601467861 -0.9952544355433646 
-0.5000046953206492 -0.9993997564935065 
-0.6271042502223728 -0.9970110995164527 
-0.6158041920480982 -0.9975957122237723 
-0.5000046953206492 -0.9993997564935065 
-0.6158041920480982 -0.9975957122237723 
-0.6271042502223728 -0.9970110995164527 
-0.5000046953206492 -0.9993997564935065 
-0.5867357397754421 -0.9982772174414863 
-0.5867357397754421 -0.9982772174414863 
-0.5867357397754421 -0.9982772174414863 
-0.6158041920480982 -0.9975957122237723 
-0.5867357397754421 -0.9982772174414863 
-0.6158041920480982 -0.9975957122237723 
-0.6271042502223728 -0.9970110995164527 
-0.6627712601467861 -0.9952544355433646 
-0.5807398447749113 -0.9983381255256503 
-0.6271042502223728 -0.9970110995164527 
-0.5562709617402561 -0.9985682429457559 
-0.5807398447749113 -0.9983381255256503 
-0.5807398447749113 -0.9983381255256503 
-0.5562709617402561 -0.9985682429457559 
-0.5807398447749113 -0.9983381255256503 
-0.6158041920480982 -0.9975957122237723 
-0.5562709617402561 -0.9985682429457559 
-0.5562709617402561 -0.9985682429457559 
-0.5807398447749113 -0.9983381255256503 
-0.5562709617402561 -0.9985682429457559 
-0.0 -0.9994487405283395 
-0.0 -0.9994487405283395 
-0.0 -0.9994487405283395 
-0.0 -0.9994487405283395 
-0.0 -0.9994487405283395 
-0.5440962310962162 -0.9986291510299198 
-0.5440962310962162 -0.9986291510299198 
-0.5440962310962162 -0.9986291510299198 
-0.5440962310962162 -0.9986291510299198 
-0.5440962310962162 -0.9986291510299198 
