-0.6677678444227887 -0.9886106461598265 
-0.7489247580627282 -0.9746938292099951 
-0.7489247580627282 -0.9746938292099951 
-0.671241085758055 -0.9883372177831768 
-0.7004314210029629 -0.9830451595219654 
-0.7004314210029629 -0.9830451595219654 
-0.6701071872370147 -0.9883753468831672 
-0.6677678444227887 -0.9886106461598265 
-0.7489247580627282 -0.9746938292099951 
-0.6653258221367045 -0.9886524248767753 
-0.6755602425538313 -0.9878324330468383 
-0.6095094844280139 -0.9971060839677209 
-0.6012861663487746 -0.9974651466240031 
-0.6217617476670066 -0.9967349007271945 
-0.6925067528161659 -0.9843776537138307 
-0.6095094844280139 -0.9971060839677209 
-0.6295834644252494 -0.9960244894043399 
-0.6640632805895427 -0.9887291431423383 
-0.6217617476670066 -0.9967349007271945 
-0.6653258221367045 -0.9886524248767753 
-0.6460913567354767 -0.9952813334187602 
-0.7004314210029629 -0.9830451595219654 
-0.6188689541744995 -0.9970370697876727 
-0.6188689541744995 -0.9970370697876727 
-0.6640632805895427 -0.9887291431423383 
-0.6587030276101307 -0.9950206077968949 
-0.6677678444227887 -0.9886106461598265 
-0.6587030276101307 -0.9950206077968949 
-0.6587030276101307 -0.9950206077968949 
-0.6776014705208607 -0.9877028598761066 
-0.6723524546743632 -0.9880193942679913 
-0.6095094844280139 -0.9971060839677209 
-0.5920758574142158 -0.9978763001610124 
-0.6776014705208607 -0.9877028598761066 
-0.6627712601467861 -0.9894839262380076 
-0.6158041920480982 -0.9971026185681604 
-0.6723524546743632 -0.9880193942679913 
-0.5920758574142158 -0.9978763001610124 
-0.6217617476670066 -0.9967349007271945 
-0.5920758574142158 -0.9978763001610124 
-0.5867357397754421 -0.998670997742673 
-0.6188689541744995 -0.9970370697876727 
-0.5867357397754421 -0.998670997742673 
-0.6627712601467861 -0.9894839262380076 
-0.6824037098923628 -0.9864542387373543 
-0.6158041920480982 -0.9971026185681604 
-0.6765900934759559 -0.9877481079530523 
-0.5867357397754421 -0.998670997742673 
-0.6765900934759559 -0.9877481079530523 
-0.6842163819489444 -0.9863357417548425 
-0.6842163819489444 -0.9863357417548425 
-0.6158041920480982 -0.9971026185681604 
-0.6295834644252494 -0.9960244894043399 
-0.7097520697029548 -0.9791594144841277 
-0.6805313484934384 -0.9865156702848703 
-0.7097520697029548 -0.9791594144841277 
-0.6310175275022214 -0.9958073430803787 
-0.6600927829561894 -0.9930459094402255 
-0.0 -0.999939024390244 
-0.6442864348214682 -0.9953380967037845 
-0.5000046953206492 -0.9991525176681165 
-0.5807398447749113 -0.998787797388063 
-0.0 -0.999939024390244 
-0.6310175275022214 -0.9958073430803787 
-0.5807398447749113 -0.998787797388063 
-0.6600927829561894 -0.9930459094402255 
-0.5807398447749113 -0.998787797388063 
-0.5000046953206492 -0.9991525176681165 
-0.0 -0.999939024390244 
-0.6795714749869882 -0.9876937135346432 
-0.6442864348214682 -0.9953380967037845 
-0.5000046953206492 -0.9991525176681165 
-0.6067061765302306 -0.9972055536932175 
-0.6805313484934384 -0.9865156702848703 
-0.6067061765302306 -0.9972055536932175 
-0.6795714749869882 -0.9876937135346432 
-0.6067061765302306 -0.9972055536932175 
-0.6734422069634034 -0.9880168536175848 
-0.5968939260213346 -0.997764735535162 
-0.6734422069634034 -0.9880168536175848 
-0.5968939260213346 -0.997764735535162 
-0.5968939260213346 -0.997764735535162 
-0.6389954018697317 -0.9954841377707515 
-0.6342162505223877 -0.9957669281854431 
-0.6745112005256402 -0.9878802477557279 
-0.7097520697029548 -0.9791594144841277 
-0.6342162505223877 -0.9957669281854431 
-0.6389954018697317 -0.9954841377707515 
-0.6342162505223877 -0.9957669281854431 
-0.5273879907057624 -0.9989959943178347 
-0.5273879907057624 -0.9989959943178347 
-0.5273879907057624 -0.9989959943178347 
-0.5440962310962162 -0.9989532385645337 
-0.5440962310962162 -0.9989532385645337 
-0.6745112005256402 -0.9878802477557279 
-0.5440962310962162 -0.9989532385645337 
-0.6389954018697317 -0.9954841377707515 
-0.5562709617402561 -0.9988364389191435 
-0.5562709617402561 -0.9988364389191435 
-0.5562709617402561 -0.9988364389191435 
