-0.5562709617402561 -0.9988921676215825 
-0.7371087643685686 -0.8873703027258223 
-0.5562709617402561 -0.9988921676215825 
-0.7371087643685686 -0.8873703027258223 
-0.7500162497710137 -0.8587242833979899 
-0.5273879907057624 -0.999092491829373 
-0.5440962310962162 -0.9989809476080904 
-0.5867357397754421 -0.9983731569562528 
-0.7500162497710137 -0.8587242833979899 
-0.5867357397754421 -0.9983731569562528 
-0.7464204258700599 -0.8655400279084892 
-0.5562709617402561 -0.9988921676215825 
-0.7049655122081812 -0.9847587780167251 
-0.6245015291042992 -0.996655812594335 
-0.7406731784267973 -0.8663126371715038 
-0.6053241831200087 -0.9974592940407941 
-0.7371087643685686 -0.8873703027258223 
-0.6245015291042992 -0.996655812594335 
-0.7097520697029548 -0.9503001955438022 
-0.5562709617402561 -0.9988921676215825 
-0.7507454940745253 -0.8571921119052679 
-0.5440962310962162 -0.9989809476080904 
-0.5659017097064563 -0.9987768923664363 
-0.5867357397754421 -0.9983731569562528 
-0.7097520697029548 -0.9503001955438022 
-0.7355084964051994 -0.9232044606623959 
-0.7368783815166703 -0.8881427834920501 
-0.7049655122081812 -0.9847587780167251 
-0.7500162497710137 -0.8587242833979899 
-0.6723524546743632 -0.9899230355857496 
-0.7464204258700599 -0.8655400279084892 
-0.6217617476670066 -0.9967271339156564 
-0.7049655122081812 -0.9847587780167251 
-0.5867357397754421 -0.9983731569562528 
-0.6511697434858305 -0.9907990645127784 
-0.5968939260213346 -0.9975646811651542 
-0.7464204258700599 -0.8655400279084892 
-0.0 -1.0 
-0.7371087643685686 -0.8873703027258223 
-0.7500162497710137 -0.8587242833979899 
-0.6723524546743632 -0.9899230355857496 
-0.5867357397754421 -0.9983731569562528 
-0.7391411727929958 -0.8870923098249714 
-0.7503820235568185 -0.8584318374101944 
-0.7355084964051994 -0.9232044606623959 
-0.7440276525806082 -0.8656854552066092 
-0.7355084964051994 -0.9232044606623959 
-0.5920758574142158 -0.9976228207000378 
-0.0 -1.0 
-0.7507454940745253 -0.8571921119052679 
-0.6245015291042992 -0.996655812594335 
-0.7371087643685686 -0.8873703027258223 
-0.7507454940745253 -0.8571921119052679 
-0.5000046953206492 -0.9991979959921853 
-0.6723524546743632 -0.9899230355857496 
-0.7049655122081812 -0.9847587780167251 
-0.6404834755468042 -0.9921739491303496 
-0.6876776253254999 -0.9855177352187388 
-0.0 -1.0 
-0.6723524546743632 -0.9899230355857496 
-0.7257802368235206 -0.9398240704924044 
-0.7049655122081812 -0.9847587780167251 
-0.0 -1.0 
-0.7406731784267973 -0.8663126371715038 
-0.7507454940745253 -0.8571921119052679 
-0.7507454940745253 -0.8571921119052679 
-0.0 -1.0 
-0.7500162497710137 -0.8587242833979899 
-0.7464204258700599 -0.8655400279084892 
-0.0 -1.0 
-0.5000046953206492 -0.9991979959921853 
-0.6723524546743632 -0.9899230355857496 
-0.7464204258700599 -0.8655400279084892 
-0.5000046953206492 -0.9991979959921853 
-0.7368783815166703 -0.8881427834920501 
-0.6053241831200087 -0.9974592940407941 
-0.6876776253254999 -0.9855177352187388 
-0.7368783815166703 -0.8881427834920501 
-0.5000046953206492 -0.9991979959921853 
-0.6876776253254999 -0.9855177352187388 
-0.6876776253254999 -0.9855177352187388 
-0.5920758574142158 -0.9976228207000378 
-0.7368783815166703 -0.8881427834920501 
-0.5920758574142158 -0.9976228207000378 
-0.7503820235568185 -0.8584318374101944 
-0.5000046953206492 -0.9991979959921853 
-0.5920758574142158 -0.9976228207000378 
-0.7503820235568185 -0.8584318374101944 
-0.6876776253254999 -0.9855177352187388 
-0.7391411727929958 -0.8870923098249714 
-0.7368783815166703 -0.8881427834920501 
-0.5920758574142158 -0.9976228207000378 
-0.7391411727929958 -0.8870923098249714 
-0.7503820235568185 -0.8584318374101944 
-0.7391411727929958 -0.8870923098249714 
-0.7440276525806082 -0.8656854552066092 
-0.7440276525806082 -0.8656854552066092 
-0.7440276525806082 -0.8656854552066092 
-0.7440276525806082 -0.8656854552066092 
-0.7391411727929958 -0.8870923098249714 
