-0.6876776253254999 -0.9965291103609868 
-0.7470882532417963 -0.8918621572223334 
-0.6271042502223728 -0.9979264039492987 
-0.7257802368235206 -0.993937549019055 
-0.7594512284822929 -0.8917889710107073 
-0.7470882532417963 -0.8918621572223334 
-0.7739860448821569 -0.8800714216929502 
-0.6271042502223728 -0.9979264039492987 
-0.0 -0.9992693173135065 
-0.7739860448821569 -0.8800714216929502 
-0.7257802368235206 -0.993937549019055 
-0.7830713638635307 -0.8736716493642669 
-0.5968939260213346 -0.9983718833810586 
-0.7355084964051994 -0.9619928328138094 
-0.8017127201014489 -0.8527880128280003 
-0.7946959681861843 -0.8594651118091414 
-0.7257802368235206 -0.993937549019055 
-0.6271042502223728 -0.9979264039492987 
-0.5920758574142158 -0.9984432047023799 
-0.8017127201014489 -0.8527880128280003 
-0.7946959681861843 -0.8594651118091414 
-0.5920758574142158 -0.9984432047023799 
-0.7946959681861843 -0.8594651118091414 
-0.6271042502223728 -0.9979264039492987 
-0.5867357397754421 -0.9984798543955514 
-0.5920758574142158 -0.9984432047023799 
-0.7946959681861843 -0.8594651118091414 
-0.5738942469018073 -0.9987739462287196 
-0.6012861663487746 -0.9980960468064416 
-0.5807398447749113 -0.9985511757168727 
-0.7391454694067165 -0.8943933955355425 
-0.6600927829561894 -0.9968954551546582 
-0.6876776253254999 -0.9965291103609868 
-0.5920758574142158 -0.9984432047023799 
-0.8017127201014489 -0.8527880128280003 
-0.8017127201014489 -0.8527880128280003 
-0.6511697434858305 -0.9970109209181306 
-0.7257802368235206 -0.993937549019055 
-0.5659017097064563 -0.9988452675500409 
-0.7355084964051994 -0.9619928328138094 
-0.7355084964051994 -0.9619928328138094 
-0.6511697434858305 -0.9970109209181306 
-0.7391454694067165 -0.8943933955355425 
-0.6600927829561894 -0.9968954551546582 
-0.7391454694067165 -0.8943933955355425 
-0.6511697434858305 -0.9970109209181306 
-0.7384350849450405 -0.9607674257438815 
-0.6511697434858305 -0.9970109209181306 
-0.6600927829561894 -0.9968954551546582 
-0.7355084964051994 -0.9619928328138094 
-0.6600927829561894 -0.9968954551546582 
-0.7384350849450405 -0.9607674257438815 
-0.6158041920480982 -0.9980868715167261 
-0.7391454694067165 -0.8943933955355425 
-0.5562709617402561 -0.998888436587719 
-0.6158041920480982 -0.9980868715167261 
-0.5562709617402561 -0.998888436587719 
-0.5440962310962162 -0.9990037118428651 
-0.6158041920480982 -0.9980868715167261 
-0.5440962310962162 -0.9990037118428651 
-0.5440962310962162 -0.9990037118428651 
-0.5562709617402561 -0.998888436587719 
-0.5440962310962162 -0.9990037118428651 
-0.7384350849450405 -0.9607674257438815 
-0.6158041920480982 -0.9980868715167261 
-0.5562709617402561 -0.998888436587719 
-0.5738942469018073 -0.9987739462287196 
-0.5738942469018073 -0.9987739462287196 
-0.5968939260213346 -0.9983718833810586 
-0.5968939260213346 -0.9983718833810586 
-0.5968939260213346 -0.9983718833810586 
-0.5738942469018073 -0.9987739462287196 
-0.5867357397754421 -0.9984798543955514 
-0.5867357397754421 -0.9984798543955514 
-0.5659017097064563 -0.9988452675500409 
-0.5867357397754421 -0.9984798543955514 
-0.5659017097064563 -0.9988452675500409 
-0.5659017097064563 -0.9988452675500409 
-0.6012861663487746 -0.9980960468064416 
-0.5273879907057624 -0.999092491829373 
-0.6012861663487746 -0.9980960468064416 
-0.5273879907057624 -0.999092491829373 
-0.5273879907057624 -0.999092491829373 
-0.6363885801078234 -0.9970705990583735 
-0.5273879907057624 -0.999092491829373 
-0.6363885801078234 -0.9970705990583735 
-0.6012861663487746 -0.9980960468064416 
-0.6363885801078234 -0.9970705990583735 
-0.5807398447749113 -0.9985511757168727 
-0.5807398447749113 -0.9985511757168727 
-0.6363885801078234 -0.9970705990583735 
-0.5807398447749113 -0.9985511757168727 
-0.5000046953206492 -0.9991979959921853 
-0.5000046953206492 -0.9991979959921853 
-0.5000046953206492 -0.9991979959921853 
-0.5000046953206492 -0.9991979959921853 
-0.0 -0.9992693173135065 
-0.0 -0.9992693173135065 
-0.0 -0.9992693173135065 
-0.0 -0.9992693173135065 
