-0.6527619786509369 -0.9915875150515685 
-0.6270885871043874 -0.9952024090352157 
-0.6818344193540257 -0.9831517613217964 
-0.6818344193540257 -0.9831517613217964 
-0.5888598758920801 -0.9965832249621127 
-0.6876776253254999 -0.9804603455650833 
-0.6695063061537725 -0.9835348818742529 
-0.5757429019771316 -0.9966906957292525 
-0.7257802368235206 -0.9704582050855334 
-0.6695063061537725 -0.9835348818742529 
-0.7489247580627282 -0.9612596437744846 
-0.5757429019771316 -0.9966906957292525 
-0.5273879907057624 -0.9995956075340059 
-0.6876776253254999 -0.9804603455650833 
-0.7398477542586139 -0.9672697080533306 
-0.6695063061537725 -0.9835348818742529 
-0.5273879907057624 -0.9995956075340059 
-0.6751985137623737 -0.9833739798494471 
-0.6363885801078234 -0.9924277258525962 
-0.5273879907057624 -0.9995956075340059 
-0.6818344193540257 -0.9831517613217964 
-0.5273879907057624 -0.9995956075340059 
-0.5712487273627622 -0.9967602815502429 
-0.7398477542586139 -0.9672697080533306 
-0.5712487273627622 -0.9967602815502429 
-0.5888598758920801 -0.9965832249621127 
-0.5562709617402561 -0.9993707289342346 
-0.6677678444227887 -0.9854309303496981 
-0.7504149415644039 -0.9564230010149641 
-0.6940305232025398 -0.9795655898029241 
-0.5562709617402561 -0.9993707289342346 
-0.5757429019771316 -0.9966906957292525 
-0.6751985137623737 -0.9833739798494471 
-0.5000046953206492 -0.9997491150931918 
-0.5562709617402561 -0.9993707289342346 
-0.5951434288919902 -0.9964216875702875 
-0.5000046953206492 -0.9997491150931918 
-0.6627712601467861 -0.9878102938651069 
-0.5712487273627622 -0.9967602815502429 
-0.5570831049259493 -0.996965491105314 
-0.7504149415644039 -0.9564230010149641 
-0.6677678444227887 -0.9854309303496981 
-0.6050949435863519 -0.9955953125890942 
-0.7097520697029548 -0.9790505235744442 
-0.5000046953206492 -0.9997491150931918 
-0.6677678444227887 -0.9854309303496981 
-0.7097520697029548 -0.9790505235744442 
-0.6050949435863519 -0.9955953125890942 
-0.6751985137623737 -0.9833739798494471 
-0.6050949435863519 -0.9955953125890942 
-0.6627712601467861 -0.9878102938651069 
-0.7097520697029548 -0.9790505235744442 
-0.6012731858633564 -0.9959891045725248 
-0.6477824874599518 -0.9923051026628503 
-0.6477824874599518 -0.9923051026628503 
-0.6558131990931002 -0.9906215292356598 
-0.6012731858633564 -0.9959891045725248 
-0.6012731858633564 -0.9959891045725248 
-0.6790436696624855 -0.9832588659778114 
-0.5612311430952844 -0.9969537287149489 
-0.6294097414163233 -0.9948713864470194 
-0.5570831049259493 -0.996965491105314 
-0.5612311430952844 -0.9969537287149489 
-0.6477824874599518 -0.9923051026628503 
-0.5570831049259493 -0.996965491105314 
-0.6790436696624855 -0.9832588659778114 
-0.5612311430952844 -0.9969537287149489 
-0.5440962310962162 -0.999503025865312 
-0.6202435189689343 -0.9954315878208829 
-0.6627712601467861 -0.9878102938651069 
-0.7097520697029548 -0.9790505235744442 
-0.6202435189689343 -0.9954315878208829 
-0.5000046953206492 -0.9997491150931918 
-0.6128618312605517 -0.9955306618579219 
-0.6294097414163233 -0.9948713864470194 
-0.6294097414163233 -0.9948713864470194 
-0.6572771698514329 -0.9885428028298288 
-0.6128618312605517 -0.9955306618579219 
-0.6790436696624855 -0.9832588659778114 
-0.6128618312605517 -0.9955306618579219 
-0.0 -0.9998814120242692 
-0.6572771698514329 -0.9885428028298288 
-0.6572771698514329 -0.9885428028298288 
-0.6202435189689343 -0.9954315878208829 
-0.5689866955896754 -0.9967968912174812 
-0.5689866955896754 -0.9967968912174812 
-0.6128618312605517 -0.9955306618579219 
-0.5689866955896754 -0.9967968912174812 
-0.5649156016763145 -0.9968642712979501 
-0.5440962310962162 -0.999503025865312 
-0.5440962310962162 -0.999503025865312 
-0.6640632805895427 -0.9865904916567575 
-0.5440962310962162 -0.999503025865312 
-0.5649156016763145 -0.9968642712979501 
-0.5649156016763145 -0.9968642712979501 
-0.6640632805895427 -0.9865904916567575 
-0.6640632805895427 -0.9865904916567575 
-0.0 -0.9998814120242692 
-0.0 -0.9998814120242692 
-0.0 -0.9998814120242692 
