-0.5968939260213346 -0.9975067122115601 
-0.6495601444205366 -0.9921045318924614 
-0.6363885801078234 -0.9964663730317943 
-0.6721964626647009 -0.9879161833379261 
-0.5562709617402561 -0.9987553252460177 
-0.5920758574142158 -0.9980677584362542 
-0.7098042502137281 -0.9608614869282553 
-0.5968939260213346 -0.9975067122115601 
-0.5659017097064563 -0.998529901772055 
-0.5920758574142158 -0.9980677584362542 
-0.7230842487975088 -0.959518656946198 
-0.6831509710698068 -0.9878450451265439 
-0.6855654212039272 -0.9857965619212072 
-0.6657076051746986 -0.9916789369542075 
-0.5273879907057624 -0.9990864517709026 
-0.5000046953206492 -0.9991979959921853 
-0.5440962310962162 -0.9989299284206209 
-0.5920758574142158 -0.9980677584362542 
-0.6363885801078234 -0.9964663730317943 
-0.5920758574142158 -0.9980677584362542 
-0.641855370242182 -0.9926969411732378 
-0.6363885801078234 -0.9964663730317943 
-0.7230842487975088 -0.959518656946198 
-0.6053241831200087 -0.997428246634301 
-0.7021553070822755 -0.9799917118089416 
-0.5659017097064563 -0.998529901772055 
-0.7230842487975088 -0.959518656946198 
-0.6363885801078234 -0.9964663730317943 
-0.5659017097064563 -0.998529901772055 
-0.7230842487975088 -0.959518656946198 
-0.6090627412164059 -0.9973167024130184 
-0.6495601444205366 -0.9921045318924614 
-0.6090627412164059 -0.9973167024130184 
-0.6053241831200087 -0.997428246634301 
-0.6012861663487746 -0.9974995679556223 
-0.6090627412164059 -0.9973167024130184 
-0.7230842487975088 -0.959518656946198 
-0.6495601444205366 -0.9921045318924614 
-0.0 -0.999577774329291 
-0.5659017097064563 -0.998529901772055 
-0.6831509710698068 -0.9878450451265439 
-0.0 -0.999577774329291 
-0.6831509710698068 -0.9878450451265439 
-0.6158041920480982 -0.9971260320180134 
-0.6012861663487746 -0.9974995679556223 
-0.6090627412164059 -0.9973167024130184 
-0.6012861663487746 -0.9974995679556223 
-0.5562709617402561 -0.9987553252460177 
-0.5562709617402561 -0.9987553252460177 
-0.6906252568184772 -0.9806375869883516 
-0.5562709617402561 -0.9987553252460177 
-0.6906252568184772 -0.9806375869883516 
-0.5659017097064563 -0.998529901772055 
-0.6831509710698068 -0.9878450451265439 
-0.5562709617402561 -0.9987553252460177 
-0.6012861663487746 -0.9974995679556223 
-0.6158041920480982 -0.9971260320180134 
-0.5738942469018073 -0.998295218109312 
-0.5738942469018073 -0.998295218109312 
-0.5738942469018073 -0.998295218109312 
-0.6158041920480982 -0.9971260320180134 
-0.6495601444205366 -0.9921045318924614 
-0.6906252568184772 -0.9806375869883516 
-0.6906252568184772 -0.9806375869883516 
-0.5738942469018073 -0.998295218109312 
-0.6158041920480982 -0.9971260320180134 
-0.725396652384542 -0.8816436087253935 
-0.6053241831200087 -0.997428246634301 
-0.6495601444205366 -0.9921045318924614 
-0.725396652384542 -0.8816436087253935 
-0.725396652384542 -0.8816436087253935 
-0.5807398447749113 -0.9982506239788581 
-0.6855654212039272 -0.9857965619212072 
-0.5807398447749113 -0.9982506239788581 
-0.5867357397754421 -0.9981793026575367 
-0.6855654212039272 -0.9857965619212072 
-0.6053241831200087 -0.997428246634301 
-0.5807398447749113 -0.9982506239788581 
-0.6855654212039272 -0.9857965619212072 
-0.5867357397754421 -0.9981793026575367 
-0.725396652384542 -0.8816436087253935 
-0.5807398447749113 -0.9982506239788581 
-0.5867357397754421 -0.9981793026575367 
-0.5867357397754421 -0.9981793026575367 
-0.5440962310962162 -0.9989299284206209 
-0.5440962310962162 -0.9989299284206209 
-0.5440962310962162 -0.9989299284206209 
-0.7297526637682841 -0.8809126463522795 
-0.5440962310962162 -0.9989299284206209 
-0.5273879907057624 -0.9990864517709026 
-0.7297526637682841 -0.8809126463522795 
-0.5273879907057624 -0.9990864517709026 
-0.7297526637682841 -0.8809126463522795 
-0.5000046953206492 -0.9991979959921853 
-0.5000046953206492 -0.9991979959921853 
-0.5273879907057624 -0.9990864517709026 
-0.7297526637682841 -0.8809126463522795 
-0.5273879907057624 -0.9990864517709026 
-0.5000046953206492 -0.9991979959921853 
-0.5000046953206492 -0.9991979959921853 
