-0.6090627412164059 -0.9963916818442906 
-0.6511697434858305 -0.9929781884080406 
-0.6562336647354188 -0.9928771476762834 
-0.6404834755468042 -0.9951057771744125 
-0.6012861663487746 -0.9974145055056299 
-0.6235326970461819 -0.9952181480431498 
-0.5682692155322392 -0.9984273289274056 
-0.5738942469018073 -0.9983909127158596 
-0.6012861663487746 -0.9974145055056299 
-0.5484136056135402 -0.9986314381154369 
-0.6478377279567749 -0.9932138667009845 
-0.6751586128770279 -0.989651859228948 
-0.7067138329616951 -0.9708229964538727 
-0.6404834755468042 -0.9951057771744125 
-0.6053241831200087 -0.9972978689119681 
-0.6562336647354188 -0.9928771476762834 
-0.6005363223886094 -0.9974176659542702 
-0.525380609869206 -0.9987117601155734 
-0.6188689541744995 -0.9955300596961132 
-0.6460913567354767 -0.9940913431133407 
-0.6090627412164059 -0.9963916818442906 
-0.5273879907057624 -0.9986819759389531 
-0.6460913567354767 -0.9940913431133407 
-0.6158041920480982 -0.9959553035209203 
-0.5408190580271792 -0.9986600202441491 
-0.6442864348214682 -0.994759855539002 
-0.7158431414989183 -0.9597774350769813 
-0.5738942469018073 -0.9983909127158596 
-0.5236481267903274 -0.9987402170815688 
-0.6090627412164059 -0.9963916818442906 
-0.5659017097064563 -0.9985058155357674 
-0.6188689541744995 -0.9955300596961132 
-0.6751586128770279 -0.989651859228948 
-0.5000046953206492 -0.9993906597202588 
-0.5000046953206492 -0.9993906597202588 
-0.5484136056135402 -0.9986314381154369 
-0.6271042502223728 -0.9951738865182252 
-0.6271042502223728 -0.9951738865182252 
-0.6188689541744995 -0.9955300596961132 
-0.677960883473158 -0.988580323454882 
-0.6442864348214682 -0.994759855539002 
-0.6271042502223728 -0.9951738865182252 
-0.6053241831200087 -0.9972978689119681 
-0.6442864348214682 -0.994759855539002 
-0.6478377279567749 -0.9932138667009845 
-0.5000046953206492 -0.9993906597202588 
-0.6460913567354767 -0.9940913431133407 
-0.677960883473158 -0.988580323454882 
-0.6125446875297936 -0.9961567270699048 
-0.6125446875297936 -0.9961567270699048 
-0.5566329209111069 -0.9985719772274877 
-0.5566329209111069 -0.9985719772274877 
-0.6640632805895427 -0.9907887384015635 
-0.5520471636397453 -0.9986005593562 
-0.6640632805895427 -0.9907887384015635 
-0.5566329209111069 -0.9985719772274877 
-0.6640632805895427 -0.9907887384015635 
-0.5520471636397453 -0.9986005593562 
-0.6125446875297936 -0.9961567270699048 
-0.5659017097064563 -0.9985058155357674 
-0.6217617476670066 -0.9952361788770292 
-0.6795714749869882 -0.9746528371985173 
-0.6217617476670066 -0.9952361788770292 
-0.677960883473158 -0.988580323454882 
-0.5520471636397453 -0.9986005593562 
-0.5659017097064563 -0.9985058155357674 
-0.6217617476670066 -0.9952361788770292 
-0.6478377279567749 -0.9932138667009845 
-0.5609166435988 -0.998539651272036 
-0.5379959069337361 -0.9986807561936195 
-0.5273879907057624 -0.9986819759389531 
-0.5273879907057624 -0.9986819759389531 
-0.5968939260213346 -0.9976934142138407 
-0.5609166435988 -0.998539651272036 
-0.525380609869206 -0.9987117601155734 
-0.5971126507627575 -0.9976472046699278 
-0.525380609869206 -0.9987117601155734 
-0.5807398447749113 -0.99826747736568 
-0.5609166435988 -0.998539651272036 
-0.5968939260213346 -0.9976934142138407 
-0.5236481267903274 -0.9987402170815688 
-0.5236481267903274 -0.9987402170815688 
-0.5971126507627575 -0.9976472046699278 
-0.5682692155322392 -0.9984273289274056 
-0.5745608674752889 -0.9983068675813499 
-0.5682692155322392 -0.9984273289274056 
-0.5807398447749113 -0.99826747736568 
-0.5745608674752889 -0.9983068675813499 
-0.5807398447749113 -0.99826747736568 
-0.5920758574142158 -0.997764735535162 
-0.5867357397754421 -0.9980325225912942 
-0.5920758574142158 -0.997764735535162 
-0.5867357397754421 -0.9980325225912942 
-0.5867357397754421 -0.9980325225912942 
-0.5379959069337361 -0.9986807561936195 
-0.0 -0.9994487405283395 
-0.5379959069337361 -0.9986807561936195 
-0.0 -0.9994487405283395 
-0.0 -0.9994487405283395 
-0.5920758574142158 -0.997764735535162 
