-0.6940305232025398 -0.9777999301222112 
-0.6125446875297936 -0.9932759227875007 
-0.6389954018697317 -0.9924032623464187 
-0.6744337913371927 -0.988955203275257 
-0.6125446875297936 -0.9932759227875007 
-0.6327208801131252 -0.9926624800825244 
-0.6478377279567749 -0.9921835205725793 
-0.6884359122414395 -0.98316717952971 
-0.6404834755468042 -0.9923735814806635 
-0.6640632805895427 -0.9892291493747352 
-0.6245015291042992 -0.9929794420885923 
-0.7109194626260218 -0.9764443463886677 
-0.6389954018697317 -0.9924032623464187 
-0.661448289552017 -0.9893483098742726 
-0.6188689541744995 -0.9931097823976485 
-0.6876776253254999 -0.9852238351118077 
-0.6518846348332183 -0.9903430672306222 
-0.7384350849450405 -0.9396167675590305 
-0.671241085758055 -0.9891550752633551 
-0.6859731969727414 -0.9862466553410376 
-0.6384754136289494 -0.9924344895648274 
-0.5920758574142158 -0.9985118924474234 
-0.6859731969727414 -0.9862466553410376 
-0.6640632805895427 -0.9892291493747352 
-0.671241085758055 -0.9891550752633551 
-0.6384754136289494 -0.9924344895648274 
-0.741569261396015 -0.9391673054175932 
-0.6744337913371927 -0.988955203275257 
-0.7257802368235206 -0.9670115903271904 
-0.6217617476670066 -0.9930403501727562 
-0.729612826430606 -0.9440256434974381 
-0.6460913567354767 -0.9922444286567432 
-0.6053241831200087 -0.9969859316623642 
-0.6572647094608591 -0.9894106733805486 
-0.6053241831200087 -0.9969859316623642 
-0.6158041920480982 -0.9931665456826726 
-0.6217617476670066 -0.9930403501727562 
-0.6404834755468042 -0.9923735814806635 
-0.6518846348332183 -0.9903430672306222 
-0.6271042502223728 -0.9928626424432022 
-0.6158041920480982 -0.9931665456826726 
-0.6572647094608591 -0.9894106733805486 
-0.6090627412164059 -0.9946128454314614 
-0.6884359122414395 -0.98316717952971 
-0.6572647094608591 -0.9894106733805486 
-0.6327208801131252 -0.9926624800825244 
-0.5659017097064563 -0.9991962452776814 
-0.742244651076418 -0.9390981421247457 
-0.5807398447749113 -0.9986106018329252 
-0.6478377279567749 -0.9921835205725793 
-0.5659017097064563 -0.9991962452776814 
-0.742244651076418 -0.9390981421247457 
-0.5659017097064563 -0.9991962452776814 
-0.5807398447749113 -0.9986106018329252 
-0.7366223764076861 -0.9419939031610665 
-0.6518846348332183 -0.9903430672306222 
-0.6090627412164059 -0.9946128454314614 
-0.5807398447749113 -0.9986106018329252 
-0.7366223764076861 -0.9419939031610665 
-0.729612826430606 -0.9440256434974381 
-0.7384350849450405 -0.9396167675590305 
-0.6271042502223728 -0.9928626424432022 
-0.7043388692624315 -0.9767145199911517 
-0.7257802368235206 -0.9670115903271904 
-0.6012861663487746 -0.997295484809446 
-0.7515820338405147 -0.9345649057953425 
-0.7464638524375014 -0.936621166068369 
-0.6012861663487746 -0.997295484809446 
-0.7312415399793359 -0.9421439929655646 
-0.7291987423684675 -0.9448193826230094 
-0.5738942469018073 -0.998678078216191 
-0.6012861663487746 -0.997295484809446 
-0.5738942469018073 -0.998678078216191 
-0.7464638524375014 -0.936621166068369 
-0.7495251039487086 -0.9362357070802478 
-0.5738942469018073 -0.998678078216191 
-0.7495251039487086 -0.9362357070802478 
-0.7257802368235206 -0.9670115903271904 
-0.5273879907057624 -0.9994234963284739 
-0.5440962310962162 -0.9993689539666355 
-0.5273879907057624 -0.9994234963284739 
-0.7291987423684675 -0.9448193826230094 
-0.5440962310962162 -0.9993689539666355 
-0.7439015626271575 -0.9372872600953376 
-0.5440962310962162 -0.9993689539666355 
-0.5562709617402561 -0.9993014775833696 
-0.5562709617402561 -0.9993014775833696 
-0.7439015626271575 -0.9372872600953376 
-0.7515820338405147 -0.9345649057953425 
-0.5273879907057624 -0.9994234963284739 
-0.5562709617402561 -0.9993014775833696 
-0.7312415399793359 -0.9421439929655646 
-0.5000046953206492 -0.9994909727117398 
-0.5000046953206492 -0.9994909727117398 
-0.5000046953206492 -0.9994909727117398 
-0.7373538883654327 -0.9400721249417157 
-0.0 -0.9995518807959037 
-0.0 -0.9995518807959037 
-0.7373538883654327 -0.9400721249417157 
-0.0 -0.9995518807959037 
