-0.7161785107629531 -0.9390865816484829 
-0.5807398447749113 -0.9984629572647876 
-0.6582751474814352 -0.9868069963206296 
-0.6235326970461819 -0.9923789659250875 
-0.6999489981397992 -0.9574053088808719 
-0.7155057171639305 -0.9394160311415639 
-0.6255156382388327 -0.9914406272168972 
-0.6053241831200087 -0.9977620857010431 
-0.6698579273881604 -0.9850521885890353 
-0.7194246233290474 -0.9387103435113509 
-0.6895418797284724 -0.9611029426760989 
-0.707109864028269 -0.9420441229000605 
-0.6812644480804156 -0.9747100070192017 
-0.5000021798982867 -0.9996612155148284 
-0.6188689541744995 -0.9968532337748542 
-0.6831509710698068 -0.9734558720994835 
-0.6895418797284724 -0.9611029426760989 
-0.7042750146967587 -0.9512832754800564 
-0.6895418797284724 -0.9611029426760989 
-0.6942522066497349 -0.9599397304127031 
-0.5920758574142158 -0.9980406392453384 
-0.7116504977640756 -0.9399426657922714 
-0.5867357397754421 -0.9982804043104956 
-0.6551811208386222 -0.9874631342256247 
-0.6729530302417019 -0.9808000304769855 
-0.687306353499165 -0.9612191228691063 
-0.5968939260213346 -0.9978580862910462 
-0.6375005427010518 -0.9907916236770955 
-0.7116504977640756 -0.9399426657922714 
-0.6729530302417019 -0.9808000304769855 
-0.5659017097064563 -0.9990868068412828 
-0.6831509710698068 -0.9734558720994835 
-0.5273879907057624 -0.9993705362140345 
-0.5440962310962162 -0.9992088255863872 
-0.5738942469018073 -0.9986768487540167 
-0.6729530302417019 -0.9808000304769855 
-0.6530076598908526 -0.988568804642424 
-0.707109864028269 -0.9420441229000605 
-0.7116504977640756 -0.9399426657922714 
-0.6812644480804156 -0.9747100070192017 
-0.6799679598227961 -0.975024284221353 
-0.7161785107629531 -0.9390865816484829 
-0.5807398447749113 -0.9984629572647876 
-0.5968939260213346 -0.9978580862910462 
-0.7161785107629531 -0.9390865816484829 
-0.7161785107629531 -0.9390865816484829 
-0.5807398447749113 -0.9984629572647876 
-0.6235326970461819 -0.9923789659250875 
-0.7158431414989183 -0.9393692353341789 
-0.6235326970461819 -0.9923789659250875 
-0.707109864028269 -0.9420441229000605 
-0.6895418797284724 -0.9611029426760989 
-0.6235326970461819 -0.9923789659250875 
-0.7158431414989183 -0.9393692353341789 
-0.6942522066497349 -0.9599397304127031 
-0.6999489981397992 -0.9574053088808719 
-0.707109864028269 -0.9420441229000605 
-0.5807398447749113 -0.9984629572647876 
-0.0 -0.9999418604651162 
-0.5000021798982867 -0.9996612155148284 
-0.5000046953206492 -0.9994909727117398 
-0.6592658161891339 -0.9857811525183118 
-0.7155057171639305 -0.9394160311415639 
-0.6765786067620992 -0.9755952643598587 
-0.6389954018697317 -0.9903533938182256 
-0.7155057171639305 -0.9394160311415639 
-0.6812644480804156 -0.9747100070192017 
-0.5920758574142158 -0.9980406392453384 
-0.5920758574142158 -0.9980406392453384 
-0.7155057171639305 -0.9394160311415639 
-0.6375005427010518 -0.9907916236770955 
-0.5920758574142158 -0.9980406392453384 
-0.6255156382388327 -0.9914406272168972 
-0.6188689541744995 -0.9968532337748542 
-0.7194246233290474 -0.9387103435113509 
-0.5440962310962162 -0.9992088255863872 
-0.6188689541744995 -0.9968532337748542 
-0.5440962310962162 -0.9992088255863872 
-0.6812644480804156 -0.9747100070192017 
-0.7194246233290474 -0.9387103435113509 
-0.5440962310962162 -0.9992088255863872 
-0.6255156382388327 -0.9914406272168972 
-0.6819008554640974 -0.9742948582384184 
-0.6255156382388327 -0.9914406272168972 
-0.5738942469018073 -0.9986768487540167 
-0.5738942469018073 -0.9986768487540167 
-0.5738942469018073 -0.9986768487540167 
-0.6375005427010518 -0.9907916236770955 
-0.7194246233290474 -0.9387103435113509 
-0.6188689541744995 -0.9968532337748542 
-0.5273879907057624 -0.9993705362140345 
-0.5273879907057624 -0.9993705362140345 
-0.5273879907057624 -0.9993705362140345 
-0.0 -0.9999418604651162 
-0.5000046953206492 -0.9994909727117398 
-0.0 -0.9999418604651162 
-0.5000046953206492 -0.9994909727117398 
-0.5000021798982867 -0.9996612155148284 
-0.5000021798982867 -0.9996612155148284 
-0.0 -0.9999418604651162 
