-0.5920758574142158 -0.9988276466105754 
-0.5682692155322392 -0.999165927571367 
-0.6158041920480982 -0.9980607606578746 
-0.7049655122081812 -0.962521756070683 
-0.7024177447325693 -0.9627135993342162 
-0.7257802368235206 -0.9548118082363932 
-0.6012861663487746 -0.9985540340578437 
-0.7369892214940721 -0.9536261560689298 
-0.5807398447749113 -0.9990711237806309 
-0.5440962310962162 -0.9994084194295207 
-0.6878741469502972 -0.9953836250325468 
-0.5408190580271792 -0.999422203620434 
-0.5609166435988 -0.9992454716687881 
-0.6245015291042992 -0.9978022035765055 
-0.5520471636397453 -0.9993487909220213 
-0.5867357397754421 -0.9989032768626762 
-0.6876776253254999 -0.995987637105287 
-0.5562709617402561 -0.9993327891774199 
-0.6986119622581878 -0.9897777774310754 
-0.5867357397754421 -0.9989032768626762 
-0.5867357397754421 -0.9989032768626762 
-0.5867357397754421 -0.9989032768626762 
-0.6721964626647009 -0.9960798874986317 
-0.0 -0.9996007750490055 
-0.6511697434858305 -0.9970993356663334 
-0.5968939260213346 -0.9987471156286994 
-0.6511697434858305 -0.9970993356663334 
-0.6721964626647009 -0.9960798874986317 
-0.6721964626647009 -0.9960798874986317 
-0.6511697434858305 -0.9970993356663334 
-0.6721964626647009 -0.9960798874986317 
-0.5000021798982867 -0.9995413141610562 
-0.6511697434858305 -0.9970993356663334 
-0.5000046953206492 -0.9995304381746251 
-0.6876776253254999 -0.995987637105287 
-0.6986119622581878 -0.9897777774310754 
-0.7049655122081812 -0.962521756070683 
-0.5682692155322392 -0.999165927571367 
-0.7024177447325693 -0.9627135993342162 
-0.5738942469018073 -0.9991467540327317 
-0.525380609869206 -0.9994679014626435 
-0.5659017097064563 -0.9992272850146077 
-0.5745608674752889 -0.9990925148729544 
-0.6271042502223728 -0.9973003020166987 
-0.6986119622581878 -0.9897777774310754 
-0.6876776253254999 -0.995987637105287 
-0.5273879907057624 -0.9994548079225243 
-0.7257802368235206 -0.9548118082363932 
-0.7257802368235206 -0.9548118082363932 
-0.5520471636397453 -0.9993487909220213 
-0.6271042502223728 -0.9973003020166987 
-0.7257802368235206 -0.9548118082363932 
-0.6271042502223728 -0.9973003020166987 
-0.5520471636397453 -0.9993487909220213 
-0.6986119622581878 -0.9897777774310754 
-0.5520471636397453 -0.9993487909220213 
-0.7369892214940721 -0.9536261560689298 
-0.5682692155322392 -0.999165927571367 
-0.7369892214940721 -0.9536261560689298 
-0.5682692155322392 -0.999165927571367 
-0.525380609869206 -0.9994679014626435 
-0.5000046953206492 -0.9995304381746251 
-0.525380609869206 -0.9994679014626435 
-0.5000046953206492 -0.9995304381746251 
-0.7024177447325693 -0.9627135993342162 
-0.5273879907057624 -0.9994548079225243 
-0.5562709617402561 -0.9993327891774199 
-0.5562709617402561 -0.9993327891774199 
-0.7024177447325693 -0.9627135993342162 
-0.7369892214940721 -0.9536261560689298 
-0.5408190580271792 -0.999422203620434 
-0.5408190580271792 -0.999422203620434 
-0.5738942469018073 -0.9991467540327317 
-0.5562709617402561 -0.9993327891774199 
-0.5440962310962162 -0.9994084194295207 
-0.5609166435988 -0.9992454716687881 
-0.5408190580271792 -0.999422203620434 
-0.5440962310962162 -0.9994084194295207 
-0.5609166435988 -0.9992454716687881 
-0.5273879907057624 -0.9994548079225243 
-0.5609166435988 -0.9992454716687881 
-0.5000021798982867 -0.9995413141610562 
-0.5745608674752889 -0.9990925148729544 
-0.5440962310962162 -0.9994084194295207 
-0.5745608674752889 -0.9990925148729544 
-0.5659017097064563 -0.9992272850146077 
-0.5659017097064563 -0.9992272850146077 
-0.5738942469018073 -0.9991467540327317 
-0.5000021798982867 -0.9995413141610562 
-0.5807398447749113 -0.9990711237806309 
-0.5807398447749113 -0.9990711237806309 
-0.5807398447749113 -0.9990711237806309 
-0.7085913523418435 -0.962462782897695 
-0.7049655122081812 -0.962521756070683 
-0.7049655122081812 -0.962521756070683 
-0.7085913523418435 -0.962462782897695 
-0.0 -0.9996007750490055 
-0.0 -0.9996007750490055 
-0.0 -0.9996007750490055 
-0.7085913523418435 -0.962462782897695 
