-0.6067061765302306 -0.9981904696503598 
-0.6067061765302306 -0.9981904696503598 
-0.6067061765302306 -0.9981904696503598 
-0.6067061765302306 -0.9981904696503598 
-0.6067061765302306 -0.9981904696503598 
-0.6067061765302306 -0.9981904696503598 
-0.6158041920480982 -0.9943244579670834 
-0.5807398447749113 -0.9983169585114997 
-0.5807398447749113 -0.9983169585114997 
-0.5807398447749113 -0.9983169585114997 
-0.7657597903614769 -0.9613057051913411 
-0.5807398447749113 -0.9983169585114997 
-0.5807398447749113 -0.9983169585114997 
-0.6188689541744995 -0.9939676106443984 
-0.7657597903614769 -0.9613057051913411 
-0.6188689541744995 -0.9939676106443984 
-0.6188689541744995 -0.9939676106443984 
-0.7657597903614769 -0.9613057051913411 
-0.7657597903614769 -0.9613057051913411 
-0.7657597903614769 -0.9613057051913411 
-0.6188689541744995 -0.9939676106443984 
-0.7657597903614769 -0.9613057051913411 
-0.5745608674752889 -0.9987760810457043 
-0.5745608674752889 -0.9987760810457043 
-0.5745608674752889 -0.9987760810457043 
-0.5745608674752889 -0.9987760810457043 
-0.5745608674752889 -0.9987760810457043 
-0.6188689541744995 -0.9939676106443984 
-0.5745608674752889 -0.9987760810457043 
-0.7257802368235206 -0.9865157939323278 
-0.7257802368235206 -0.9865157939323278 
-0.7257802368235206 -0.9865157939323278 
-0.7257802368235206 -0.9865157939323278 
-0.5440962310962162 -0.9992827694952213 
-0.5408190580271792 -0.9992983824432227 
-0.5408190580271792 -0.9992983824432227 
-0.6158041920480982 -0.9943244579670834 
-0.5408190580271792 -0.9992983824432227 
-0.5440962310962162 -0.9992827694952213 
-0.6158041920480982 -0.9943244579670834 
-0.5440962310962162 -0.9992827694952213 
-0.5408190580271792 -0.9992983824432227 
-0.5408190580271792 -0.9992983824432227 
-0.5800672220441425 -0.9985922931351722 
-0.5800672220441425 -0.9985922931351722 
-0.5440962310962162 -0.9992827694952213 
-0.6158041920480982 -0.9943244579670834 
-0.5440962310962162 -0.9992827694952213 
-0.5800672220441425 -0.9985922931351722 
-0.6158041920480982 -0.9943244579670834 
-0.5440962310962162 -0.9992827694952213 
-0.6158041920480982 -0.9943244579670834 
-0.7257802368235206 -0.9865157939323278 
-0.7257802368235206 -0.9865157939323278 
-0.5800672220441425 -0.9985922931351722 
-0.5800672220441425 -0.9985922931351722 
-0.5408190580271792 -0.9992983824432227 
-0.6511697434858305 -0.993585430558 
-0.6511697434858305 -0.993585430558 
-0.6511697434858305 -0.993585430558 
-0.6876776253254999 -0.9917852791574271 
-0.6511697434858305 -0.993585430558 
-0.6876776253254999 -0.9917852791574271 
-0.6876776253254999 -0.9917852791574271 
-0.525380609869206 -0.9994679014626435 
-0.6511697434858305 -0.993585430558 
-0.6188689541744995 -0.9939676106443984 
-0.525380609869206 -0.9994679014626435 
-0.6511697434858305 -0.993585430558 
-0.525380609869206 -0.9994679014626435 
-0.6876776253254999 -0.9917852791574271 
-0.6876776253254999 -0.9917852791574271 
-0.5520471636397453 -0.9991145945326906 
-0.5520471636397453 -0.9991145945326906 
-0.525380609869206 -0.9994679014626435 
-0.5520471636397453 -0.9991145945326906 
-0.6876776253254999 -0.9917852791574271 
-0.5520471636397453 -0.9991145945326906 
-0.5000046953206492 -0.9996486591998787 
-0.5000046953206492 -0.9996486591998787 
-0.5000046953206492 -0.9996486591998787 
-0.5000046953206492 -0.9996486591998787 
-0.5562709617402561 -0.9990943403533038 
-0.5562709617402561 -0.9990943403533038 
-0.5000046953206492 -0.9996486591998787 
-0.525380609869206 -0.9994679014626435 
-0.5562709617402561 -0.9990943403533038 
-0.5000046953206492 -0.9996486591998787 
-0.5562709617402561 -0.9990943403533038 
-0.5520471636397453 -0.9991145945326906 
-0.525380609869206 -0.9994679014626435 
-0.5520471636397453 -0.9991145945326906 
-0.5562709617402561 -0.9990943403533038 
-0.5562709617402561 -0.9990943403533038 
-0.0 -0.9998815359477125 
-0.0 -0.9998815359477125 
-0.0 -0.9998815359477125 
-0.0 -0.9998815359477125 
-0.0 -0.9998815359477125 
-0.0 -0.9998815359477125 
