0.7452382271437019
0.7293435180379043
0.7456861818072685
0.7432310662555647
0.726066540118823
0.7512708278084019
0.7243913062549947
0.7471479948376006
0.7621419006506442
0.7765541113443087
0.7613289246579492
0.7709121992047836
0.7764787453239667
0.741513405997797
0.7772829294412427
0.7919596611715977
0.7931128285754239
0.7837762939424968
0.7350267072187757
0.7769703161653899
0.7315536607970896
0.7457934469796179
0.7301592496182149
0.7616349609670223
0.7523860810853852
0.7837350495042265
0.760718722199074
0.7480567013068175
0.7687135375341487
0.7594102680862896
