0.01047016893825355
0.006665955661289598
0.009105413278449721
0.008756046518680964
0.006324376474390972
0.009761199988140868
0.006923395106605344
0.007664879667963881
0.00992038686017319
0.007281628334743059
0.008045091651201968
0.005535206989912917
0.007383288438330104
0.006146120554308824
0.007908304480183224
0.005033976880452262
0.0145554902534572
0.008001199919778991
0.008178482447529022
0.014392190239456914
0.009158760222227074
0.007994307976195086
0.006808739697612879
0.008041566840270267
0.007537913864238388
0.009921698198843108
0.013716524186846888
0.006145181142979037
0.008877392719998744
0.005287935533981466
