-0.5468617999396357 -0.9987232363267324 
-0.53588675682123 -0.9992348839464648 
-0.5661468396662656 -0.9970057015582418 
-0.5610092539019996 -0.9971108461160649 
-0.625094946149998 -0.990103946611613 
-0.551093041122101 -0.9982544267711088 
-0.6754749034057101 -0.9446594643441016 
-0.5000000238418698 -0.9995138012440452 
-0.5936604401503461 -0.9949348914778343 
-0.6934364826852959 -0.8986706657703103 
-0.6738742522238117 -0.9570172975630061 
-0.664784428498814 -0.9681906416514988 
-0.5661468396662656 -0.9970057015582418 
-0.6140963510158939 -0.9901560299449463 
-0.5580616136274157 -0.9980324591740638 
-0.5176324866033403 -0.9994579073298757 
-0.6370304779028153 -0.98484724241718 
-0.53588675682123 -0.9992348839464648 
-0.5580616136274157 -0.9980324591740638 
-0.5661468396662656 -0.9970057015582418 
-0.6802477672339543 -0.933525263269961 
-0.6883432915763149 -0.930423245950485 
-0.528233679462925 -0.9994011440448516 
-0.6934364826852959 -0.8986706657703103 
-0.6754749034057101 -0.9446594643441016 
-0.5418992192069642 -0.9991781206614406 
-0.6758028860215554 -0.9360295640597857 
-0.6616350283074424 -0.9693112754521115 
-0.53588675682123 -0.9992348839464648 
-0.6642222295612932 -0.9685700271678644 
-0.625094946149998 -0.990103946611613 
-0.6934364826852959 -0.8986706657703103 
-0.5418992192069642 -0.9991781206614406 
-0.5610092539019996 -0.9971108461160649 
-0.5684171760320547 -0.9961752874834439 
-0.6754749034057101 -0.9446594643441016 
-0.551093041122101 -0.9982544267711088 
-0.5580616136274157 -0.9980324591740638 
-0.0 -0.9996130118716925 
-0.0 -0.9996130118716925 
-0.6933362822714327 -0.9122107742509116 
-0.5418992192069642 -0.9991781206614406 
-0.6754749034057101 -0.9446594643441016 
-0.6894764689700322 -0.9174471540362478 
-0.6894764689700322 -0.9174471540362478 
-0.6140963510158939 -0.9901560299449463 
-0.5661468396662656 -0.9970057015582418 
-0.6934364826852959 -0.8986706657703103 
-0.551093041122101 -0.9982544267711088 
-0.5610092539019996 -0.9971108461160649 
-0.6883432915763149 -0.930423245950485 
-0.625094946149998 -0.990103946611613 
-0.53588675682123 -0.9992348839464648 
-0.5176324866033403 -0.9994579073298757 
-0.0 -0.9996130118716925 
-0.5176324866033403 -0.9994579073298757 
-0.5610092539019996 -0.9971108461160649 
-0.53588675682123 -0.9992348839464648 
-0.625094946149998 -0.990103946611613 
-0.6754749034057101 -0.9446594643441016 
-0.5176324866033403 -0.9994579073298757 
-0.0 -0.9996130118716925 
-0.625094946149998 -0.990103946611613 
-0.5580616136274157 -0.9980324591740638 
-0.5000000238418698 -0.9995138012440452 
-0.5000000238418698 -0.9995138012440452 
-0.6912721724618898 -0.9145777856592792 
-0.5176324866033403 -0.9994579073298757 
-0.5000000238418698 -0.9995138012440452 
-0.6912721724618898 -0.9145777856592792 
-0.6140963510158939 -0.9901560299449463 
-0.6894764689700322 -0.9174471540362478 
-0.6912721724618898 -0.9145777856592792 
-0.5000000238418698 -0.9995138012440452 
-0.6912721724618898 -0.9145777856592792 
-0.6596248889442381 -0.9778607828174667 
-0.6642222295612932 -0.9685700271678644 
-0.6596248889442381 -0.9778607828174667 
-0.5936604401503461 -0.9949348914778343 
-0.6934364826852959 -0.8986706657703103 
-0.5936604401503461 -0.9949348914778343 
-0.6760469032864479 -0.9347231794408356 
-0.6596248889442381 -0.9778607828174667 
-0.6760469032864479 -0.9347231794408356 
-0.5936604401503461 -0.9949348914778343 
-0.5936604401503461 -0.9949348914778343 
-0.6596248889442381 -0.9778607828174667 
-0.6760469032864479 -0.9347231794408356 
-0.606142754125506 -0.9928226592784054 
-0.606142754125506 -0.9928226592784054 
-0.6370304779028153 -0.98484724241718 
-0.606142754125506 -0.9928226592784054 
-0.606142754125506 -0.9928226592784054 
-0.5724988096206775 -0.9960734466148251 
-0.6370304779028153 -0.98484724241718 
-0.6370304779028153 -0.98484724241718 
-0.6370304779028153 -0.98484724241718 
-0.5724988096206775 -0.9960734466148251 
-0.5724988096206775 -0.9960734466148251 
-0.5724988096206775 -0.9960734466148251 
