-0.5724988096206775 -0.9978954244679933 
-0.5268537480095585 -0.9990456227479794 
-0.6297253025971844 -0.9935081351092434 
-0.5888263517022614 -0.9974844674778037 
-0.5752584977556053 -0.997774987743196 
-0.6036124874728357 -0.9967051043221552 
-0.6036124874728357 -0.9967051043221552 
-0.5597881516455385 -0.9983163113790733 
-0.5495656172353498 -0.998501715050763 
-0.606142754125506 -0.9960879503191837 
-0.5688193475609288 -0.9980643884385382 
-0.655221493206694 -0.9583403787250258 
-0.5891853038053015 -0.9972945268773687 
-0.555149730977911 -0.9983199282426727 
-0.6598398382724112 -0.9458671033269599 
-0.5256023990021789 -0.9990636127048841 
-0.555149730977911 -0.9983199282426727 
-0.655221493206694 -0.9583403787250258 
-0.5424260276184123 -0.9987504004338678 
-0.5418992192069642 -0.9988449987133726 
-0.655221493206694 -0.9583403787250258 
-0.5888263517022614 -0.9974844674778037 
-0.532520550491018 -0.9989751358325455 
-0.5777416139307827 -0.9977028697261531 
-0.5424260276184123 -0.9987504004338678 
-0.5495656172353498 -0.998501715050763 
-0.606142754125506 -0.9960879503191837 
-0.5610092539019996 -0.9982437711490588 
-0.5610092539019996 -0.9982437711490588 
-0.5777416139307827 -0.9977028697261531 
-0.5844658988238675 -0.9975324851477536 
-0.5891853038053015 -0.9972945268773687 
-0.6297253025971844 -0.9935081351092434 
-0.5256023990021789 -0.9990636127048841 
-0.565494913159476 -0.9981013523914651 
-0.590581993995975 -0.9970944543819358 
-0.6231569613090808 -0.9939857632742879 
-0.5520447693719309 -0.9984729211724851 
-0.565494913159476 -0.9981013523914651 
-0.5688193475609288 -0.9980643884385382 
-0.5445337917617026 -0.9987266872873459 
-0.5468617999396357 -0.9987020509674256 
-0.6638654240214522 -0.9457495947850816 
-0.5844658988238675 -0.9975324851477536 
-0.6231569613090808 -0.9939857632742879 
-0.5844658988238675 -0.9975324851477536 
-0.5445337917617026 -0.9987266872873459 
-0.6297253025971844 -0.9935081351092434 
-0.5468617999396357 -0.9987020509674256 
-0.6231569613090808 -0.9939857632742879 
-0.6638654240214522 -0.9457495947850816 
-0.6432180144084769 -0.993130919303923 
-0.6432180144084769 -0.993130919303923 
-0.5547847624881335 -0.998434762221351 
-0.6432180144084769 -0.993130919303923 
-0.551093041122101 -0.9984778413173963 
-0.5418992192069642 -0.9988449987133726 
-0.6150877142451964 -0.9945824942886651 
-0.5936604401503461 -0.9970389872928533 
-0.551093041122101 -0.9984778413173963 
-0.5936604401503461 -0.9970389872928533 
-0.5547847624881335 -0.998434762221351 
-0.5176324866033403 -0.9990800695823167 
-0.5176324866033403 -0.9990800695823167 
-0.6509792800066794 -0.9816501667049914 
-0.5485456532606594 -0.9985073298380541 
-0.5398266242062744 -0.9988669508355893 
-0.5398266242062744 -0.9988669508355893 
-0.53588675682123 -0.9988930420397178 
-0.6509792800066794 -0.9816501667049914 
-0.5379493323864363 -0.9988880791332528 
-0.5485456532606594 -0.9985073298380541 
-0.5724988096206775 -0.9978954244679933 
-0.6509792800066794 -0.9816501667049914 
-0.5724988096206775 -0.9978954244679933 
-0.5160041454591497 -0.999114593097041 
-0.590581993995975 -0.9970944543819358 
-0.53588675682123 -0.9988930420397178 
-0.5341208575352359 -0.9989140888827274 
-0.5160041454591497 -0.999114593097041 
-0.5520447693719309 -0.9984729211724851 
-0.5341208575352359 -0.9989140888827274 
-0.5379493323864363 -0.9988880791332528 
-0.6150877142451964 -0.9945824942886651 
-0.6150877142451964 -0.9945824942886651 
-0.5167789032377729 -0.9990976635643058 
-0.6090499298441002 -0.9947522120113907 
-0.5167789032377729 -0.9990976635643058 
-0.6090499298441002 -0.9947522120113907 
-0.5000000054186048 -0.9991608593308072 
-0.5000000113532685 -0.9991448016114439 
-0.5000000238418698 -0.9991281129086618 
-0.528233679462925 -0.9989883472208574 
-0.5000000113532685 -0.9991448016114439 
-0.5000000238418698 -0.9991281129086618 
-0.528233679462925 -0.9989883472208574 
-0.5000000054186048 -0.9991608593308072 
-0.0 -0.9992025039632768 
-0.0 -0.9992025039632768 
-0.0 -0.9992025039632768 
