-0.6563728731344654 -0.9713625432411784 
-0.6150877142451964 -0.9963467754707371 
-0.5610092539019996 -0.9986145735382099 
-0.6563728731344654 -0.9713625432411784 
-0.551093041122101 -0.9987527738826782 
-0.5547847624881335 -0.9987096947866331 
-0.551093041122101 -0.9987527738826782 
-0.551093041122101 -0.9987527738826782 
-0.6327558572333393 -0.9838076686650062 
-0.6637658690950969 -0.9215498662207579 
-0.5610092539019996 -0.9986145735382099 
-0.5580616136274157 -0.9986616514602878 
-0.5468617999396357 -0.9987532510079727 
-0.5580616136274157 -0.9986616514602878 
-0.6645606321904585 -0.9149978254974982 
-0.6327558572333393 -0.9838076686650062 
-0.6278504434198372 -0.9951422506777404 
-0.6563728731344654 -0.9713625432411784 
-0.6327558572333393 -0.9838076686650062 
-0.5610092539019996 -0.9986145735382099 
-0.5760928313848107 -0.9979677627572429 
-0.5610092539019996 -0.9986145735382099 
-0.551093041122101 -0.9987527738826782 
-0.53588675682123 -0.998935200962354 
-0.5760928313848107 -0.9979677627572429 
-0.5936604401503461 -0.9976281717484166 
-0.5760928313848107 -0.9979677627572429 
-0.6327558572333393 -0.9838076686650062 
-0.5936604401503461 -0.9976281717484166 
-0.5936604401503461 -0.9976281717484166 
-0.0 -0.999171192004707 
-0.5580616136274157 -0.9986616514602878 
-0.0 -0.999171192004707 
-0.5636891289577209 -0.9985568581390651 
-0.652782558800477 -0.9716306924239285 
-0.652782558800477 -0.9716306924239285 
-0.0 -0.999171192004707 
-0.0 -0.999171192004707 
-0.0 -0.999171192004707 
-0.5936604401503461 -0.9976281717484166 
-0.6394492074137311 -0.9818649486010361 
-0.5636891289577209 -0.9985568581390651 
-0.652782558800477 -0.9716306924239285 
-0.6360119572522979 -0.9836558541690299 
-0.6514973879966177 -0.9726420328490585 
-0.5760928313848107 -0.9979677627572429 
-0.5636891289577209 -0.9985568581390651 
-0.6394492074137311 -0.9818649486010361 
-0.652782558800477 -0.9716306924239285 
-0.6580370378539115 -0.9706633533491382 
-0.6563728731344654 -0.9713625432411784 
-0.5724988096206775 -0.9982533845768173 
-0.5636891289577209 -0.9985568581390651 
-0.5743492048856341 -0.9980108418532881 
-0.6421394303905459 -0.9817156009567403 
-0.6421394303905459 -0.9817156009567403 
-0.6421394303905459 -0.9817156009567403 
-0.6394492074137311 -0.9818649486010361 
-0.5743492048856341 -0.9980108418532881 
-0.5724988096206775 -0.9982533845768173 
-0.5743492048856341 -0.9980108418532881 
-0.6645606321904585 -0.9149978254974982 
-0.5743492048856341 -0.9980108418532881 
-0.6394492074137311 -0.9818649486010361 
-0.5724988096206775 -0.9982533845768173 
-0.528233679462925 -0.9990269233238132 
-0.528233679462925 -0.9990269233238132 
-0.528233679462925 -0.9990269233238132 
-0.528233679462925 -0.9990269233238132 
-0.6421394303905459 -0.9817156009567403 
-0.5176324866033403 -0.9990800695823167 
-0.6591036415400942 -0.9696392578040895 
-0.6591036415400942 -0.9696392578040895 
-0.6591036415400942 -0.9696392578040895 
-0.5176324866033403 -0.9990800695823167 
-0.5955191369285968 -0.9967691994609449 
-0.5000000238418698 -0.9991281129086618 
-0.5724988096206775 -0.9982533845768173 
-0.5176324866033403 -0.9990800695823167 
-0.5793055711326863 -0.9976951011642949 
-0.5793055711326863 -0.9976951011642949 
-0.5176324866033403 -0.9990800695823167 
-0.5793055711326863 -0.9976951011642949 
-0.5793055711326863 -0.9976951011642949 
-0.5418992192069642 -0.9988063972664761 
-0.5418992192069642 -0.9988063972664761 
-0.5418992192069642 -0.9988063972664761 
-0.6621199288865242 -0.9693711086213396 
-0.5000000238418698 -0.9991281129086618 
-0.5000000238418698 -0.9991281129086618 
-0.6621199288865242 -0.9693711086213396 
-0.5418992192069642 -0.9988063972664761 
-0.6591036415400942 -0.9696392578040895 
-0.5000000238418698 -0.9991281129086618 
-0.6621199288865242 -0.9693711086213396 
-0.6621199288865242 -0.9693711086213396 
-0.5000000238418698 -0.9991281129086618 
-0.5955191369285968 -0.9967691994609449 
-0.5955191369285968 -0.9967691994609449 
-0.5955191369285968 -0.9967691994609449 
