-0.5822117819146458 -0.9974331530309424 
-0.6436444324375992 -0.9538858877331946 
-0.5724988096206775 -0.9976690438734173 
-0.6481883909164283 -0.9487291962719064 
-0.528233679462925 -0.9988193488267714 
-0.6034529960321104 -0.9913483415628661 
-0.6425589153803892 -0.9606607180258184 
-0.5793055711326863 -0.9974428032218805 
-0.5580616136274157 -0.9983567454090332 
-0.6537735666354967 -0.9470686738052834 
-0.5822117819146458 -0.9974331530309424 
-0.6537735666354967 -0.9470686738052834 
-0.5547847624881335 -0.9984596912027353 
-0.5822117819146458 -0.9974331530309424 
-0.5684171760320547 -0.9979323402445125 
-0.53588675682123 -0.9987713055004261 
-0.6565533272132879 -0.9352108380448365 
-0.5964087012091596 -0.9944468807960741 
-0.5848660559937872 -0.9973311852236174 
-0.5547847624881335 -0.9984596912027353 
-0.5955191369285968 -0.9957098669897605 
-0.6365000596484438 -0.9703277124481857 
-0.528233679462925 -0.9988193488267714 
-0.6550858999159902 -0.9365821772373131 
-0.5684171760320547 -0.9979323402445125 
-0.606142754125506 -0.9912951500735044 
-0.5848660559937872 -0.9973311852236174 
-0.5636891289577209 -0.998099031569433 
-0.654106617978405 -0.9470134016964399 
-0.6287663701499806 -0.9777824394524397 
-0.5760928313848107 -0.9976655259778402 
-0.6259675568077372 -0.9787496742532763 
-0.5760928313848107 -0.9976655259778402 
-0.609794943089445 -0.9911766083210061 
-0.6390629475297044 -0.9629900168222285 
-0.6425589153803892 -0.9606607180258184 
-0.5848660559937872 -0.9973311852236174 
-0.6565533272132879 -0.9352108380448365 
-0.6012748305694486 -0.9916959994501477 
-0.551093041122101 -0.9984651366992148 
-0.6591159532330175 -0.9024052214853957 
-0.6012748305694486 -0.9916959994501477 
-0.6130736149095858 -0.9898147059188209 
-0.570527295246785 -0.9977780654274271 
-0.6365000596484438 -0.9703277124481857 
-0.5661468396662656 -0.997984381060839 
-0.570527295246785 -0.9977780654274271 
-0.5684171760320547 -0.9979323402445125 
-0.654106617978405 -0.9470134016964399 
-0.6012748305694486 -0.9916959994501477 
-0.6472475512948674 -0.9489048617645631 
-0.5873094995491215 -0.9962233955268232 
-0.570527295246785 -0.9977780654274271 
-0.6390629475297044 -0.9629900168222285 
-0.551093041122101 -0.9984651366992148 
-0.6457114867838627 -0.9520727704398495 
-0.5176324866033403 -0.9988579862690633 
-0.0 -0.9989628732221755 
-0.5176324866033403 -0.9988579862690633 
-0.6368790464488439 -0.970055165832529 
-0.6472475512948674 -0.9489048617645631 
-0.6494867759657538 -0.9486199889014718 
-0.0 -0.9989628732221755 
-0.551093041122101 -0.9984651366992148 
-0.5000000238418698 -0.9989034123342262 
-0.5468617999396357 -0.9985628605776438 
-0.6368790464488439 -0.970055165832529 
-0.5468617999396357 -0.9985628605776438 
-0.5661468396662656 -0.997984381060839 
-0.5000000238418698 -0.9989034123342262 
-0.6574631648924503 -0.9184496806458049 
-0.6259675568077372 -0.9787496742532763 
-0.6287663701499806 -0.9777824394524397 
-0.6320022328433142 -0.976095673685854 
-0.6457114867838627 -0.9520727704398495 
-0.5661468396662656 -0.997984381060839 
-0.5000000238418698 -0.9989034123342262 
-0.5176324866033403 -0.9988579862690633 
-0.0 -0.9989628732221755 
-0.5468617999396357 -0.9985628605776438 
-0.5418992192069642 -0.998660903903989 
-0.6574631648924503 -0.9184496806458049 
-0.5418992192069642 -0.998660903903989 
-0.5777416139307827 -0.9974619567712818 
-0.6320022328433142 -0.976095673685854 
-0.5777416139307827 -0.9974619567712818 
-0.6259675568077372 -0.9787496742532763 
-0.5418992192069642 -0.998660903903989 
-0.6287663701499806 -0.9777824394524397 
-0.6363088604397027 -0.9742566099811829 
-0.6363088604397027 -0.9742566099811829 
-0.6574631648924503 -0.9184496806458049 
-0.6210796916761933 -0.982152890889069 
-0.6210796916761933 -0.982152890889069 
-0.5580616136274157 -0.9983567454090332 
-0.6363088604397027 -0.9742566099811829 
-0.5580616136274157 -0.9983567454090332 
-0.6315598012064249 -0.976240055478094 
-0.6210796916761933 -0.982152890889069 
-0.6315598012064249 -0.976240055478094 
