-0.6150877142451964 -0.9905999481503677 
-0.6130736149095858 -0.991837908258612 
-0.667156196322626 -0.9445972692429028 
-0.6423542294603065 -0.974466958323087 
-0.6772425127398604 -0.9260470193260159 
-0.5520447693719309 -0.998816744483639 
-0.6645606321904585 -0.9491882826187057 
-0.6247337199790338 -0.9905190792868082 
-0.5520447693719309 -0.998816744483639 
-0.6090499298441002 -0.9954073016433606 
-0.6524657484765763 -0.9699445443763384 
-0.5485456532606594 -0.9988677248757958 
-0.6524657484765763 -0.9699445443763384 
-0.6560875538569694 -0.959024030768563 
-0.5485456532606594 -0.9988677248757958 
-0.6645606321904585 -0.9491882826187057 
-0.6338768879417591 -0.977067284585335 
-0.5888263517022614 -0.9975469044324323 
-0.5520447693719309 -0.998816744483639 
-0.6751438667485118 -0.9332074816036575 
-0.6524657484765763 -0.9699445443763384 
-0.6765299746522123 -0.9264135765492804 
-0.6670517981159829 -0.9455410098851011 
-0.6560875538569694 -0.959024030768563 
-0.6135890314850595 -0.9915080858476428 
-0.6695730222251081 -0.9418616994418463 
-0.6560875538569694 -0.959024030768563 
-0.6679803964839662 -0.9436944057057698 
-0.5485456532606594 -0.9988677248757958 
-0.6772425127398604 -0.9260470193260159 
-0.5520447693719309 -0.998816744483639 
-0.5000000113532685 -0.999605216202808 
-0.6596248889442381 -0.9500974228494251 
-0.6360119572522979 -0.9753886518732159 
-0.5167789032377729 -0.999514974707394 
-0.6728247915901974 -0.93413280281058 
-0.6645606321904585 -0.9491882826187057 
-0.6560875538569694 -0.959024030768563 
-0.5167789032377729 -0.999514974707394 
-0.5398266242062744 -0.999126120665541 
-0.5888263517022614 -0.9975469044324323 
-0.5398266242062744 -0.999126120665541 
-0.5268537480095585 -0.999432195002501 
-0.5485456532606594 -0.9988677248757958 
-0.6686860534956668 -0.9429456090311608 
-0.5167789032377729 -0.999514974707394 
-0.5268537480095585 -0.999432195002501 
-0.6524657484765763 -0.9699445443763384 
-0.6125498314832742 -0.9918963291269594 
-0.6751438667485118 -0.9332074816036575 
-0.5268537480095585 -0.999432195002501 
-0.5688193475609288 -0.9982367836779747 
-0.6721979319990941 -0.9392738079709559 
-0.6360119572522979 -0.9753886518732159 
-0.5888263517022614 -0.9975469044324323 
-0.5688193475609288 -0.9982367836779747 
-0.6130736149095858 -0.991837908258612 
-0.5268537480095585 -0.999432195002501 
-0.6090499298441002 -0.9954073016433606 
-0.6130736149095858 -0.991837908258612 
-0.5688193475609288 -0.9982367836779747 
-0.6150877142451964 -0.9905999481503677 
-0.6574911630296465 -0.9569634478509504 
-0.5000000113532685 -0.999605216202808 
-0.6330396697872708 -0.988428409119363 
-0.6434082273029601 -0.9725984145831648 
-0.5398266242062744 -0.999126120665541 
-0.6130736149095858 -0.991837908258612 
-0.6150877142451964 -0.9905999481503677 
-0.5167789032377729 -0.999514974707394 
-0.6330396697872708 -0.988428409119363 
-0.5688193475609288 -0.9982367836779747 
-0.5000000113532685 -0.999605216202808 
-0.6330396697872708 -0.988428409119363 
-0.6725574956927873 -0.9390508621944159 
-0.5398266242062744 -0.999126120665541 
-0.5000000113532685 -0.999605216202808 
-0.6751438667485118 -0.9332074816036575 
-0.5888263517022614 -0.9975469044324323 
-0.6360119572522979 -0.9753886518732159 
-0.6140963510158939 -0.9914050221221526 
-0.6330396697872708 -0.988428409119363 
-0.6140963510158939 -0.9914050221221526 
-0.6150877142451964 -0.9905999481503677 
-0.555149730977911 -0.9985001735562811 
-0.6581721724592074 -0.9525883994612677 
-0.5341208575352359 -0.9993812146103441 
-0.6686860534956668 -0.9429456090311608 
-0.6341513546395805 -0.9768665474736278 
-0.6140963510158939 -0.9914050221221526 
-0.6751438667485118 -0.9332074816036575 
-0.5341208575352359 -0.9993812146103441 
-0.5341208575352359 -0.9993812146103441 
-0.6341513546395805 -0.9768665474736278 
-0.5341208575352359 -0.9993812146103441 
-0.6686860534956668 -0.9429456090311608 
-0.6341513546395805 -0.9768665474736278 
-0.555149730977911 -0.9985001735562811 
-0.555149730977911 -0.9985001735562811 
-0.555149730977911 -0.9985001735562811 
