-0.5459334504577497 -0.998301459853109 
-0.6385025074227881 -0.9720025369779163 
-0.5612817288496671 -0.9973926834396047 
-0.6338768879417591 -0.9725037211796129 
-0.5716038861045993 -0.9962588278434846 
-0.5297315484952502 -0.998808331170767 
-0.5572032684070027 -0.9977297128783273 
-0.6438208063482639 -0.9597856075354194 
-0.6523062405814017 -0.9444565115545939 
-0.5969852106449707 -0.9948633241396916 
-0.5297315484952502 -0.998808331170767 
-0.5753117649780121 -0.9958705228218535 
-0.6408211351274846 -0.9634647829951408 
-0.6385025074227881 -0.9720025369779163 
-0.6414867166840517 -0.9599878405223274 
-0.6071504209607357 -0.9943649990856757 
-0.6408211351274846 -0.9634647829951408 
-0.621290283024113 -0.9872094141478358 
-0.5702008366155333 -0.996331889498484 
-0.6303937319474091 -0.9773273170537005 
-0.6243684812640922 -0.9778268722785023 
-0.514651119599896 -0.9989018005622751 
-0.6559440053177995 -0.9327907369449456 
-0.5702008366155333 -0.996331889498484 
-0.5424260276184123 -0.9983128788689377 
-0.6505008831184983 -0.9466492302278157 
-0.6372803440475396 -0.9721214194076838 
-0.0 -0.9998546840958605 
-0.5387570598472298 -0.9983758032078366 
-0.621290283024113 -0.9872094141478358 
-0.6577651763487853 -0.9319020672492443 
-0.6261554291274924 -0.9773901189860675 
-0.5826968164117436 -0.9954776124196064 
-0.5140569139408369 -0.9989647450287918 
-0.5784174940432727 -0.9958404449748443 
-0.5140569139408369 -0.9989647450287918 
-0.5844658988238675 -0.9954771908794269 
-0.537150587250761 -0.9984055300385144 
-0.5387570598472298 -0.9983758032078366 
-0.5671562672441225 -0.9964108714788079 
-0.5671562672441225 -0.9964108714788079 
-0.5820929666547175 -0.9956672286468681 
-0.5459334504577497 -0.998301459853109 
-0.5000000012417635 -0.9989902774346137 
-0.6315957717348185 -0.9727858971298745 
-0.56405707283867 -0.9965368081520241 
-0.6372803440475396 -0.9721214194076838 
-0.56405707283867 -0.9965368081520241 
-0.5784174940432727 -0.9958404449748443 
-0.5753117649780121 -0.9958705228218535 
-0.5000000005960464 -0.9990085790439877 
-0.6570760310412888 -0.9325022936745384 
-0.537150587250761 -0.9984055300385144 
-0.6018153798876427 -0.9945731166030554 
-0.5820929666547175 -0.9956672286468681 
-0.6018153798876427 -0.9945731166030554 
-0.5826968164117436 -0.9954776124196064 
-0.5332474717398642 -0.9984526680856525 
-0.5332474717398642 -0.9984526680856525 
-0.6341513546395805 -0.9721731020255374 
-0.5612817288496671 -0.9973926834396047 
-0.6559440053177995 -0.9327907369449456 
-0.5844658988238675 -0.9954771908794269 
-0.5224621761948672 -0.9988778062836239 
-0.6570760310412888 -0.9325022936745384 
-0.5404729046019273 -0.9983593207653314 
-0.6336001444769346 -0.9727173981254322 
-0.5925916202581021 -0.995050833579795 
-0.6315957717348185 -0.9727858971298745 
-0.5503331986525852 -0.9977361059950145 
-0.6239991374320852 -0.9783109965817218 
-0.5404729046019273 -0.9983593207653314 
-0.6414867166840517 -0.9599878405223274 
-0.6534075491741899 -0.9441831828949118 
-0.534679773734451 -0.9984126323339192 
-0.534679773734451 -0.9984126323339192 
-0.5503331986525852 -0.9977361059950145 
-0.6338768879417591 -0.9725037211796129 
-0.6109253685840791 -0.9925498018106357 
-0.6534075491741899 -0.9441831828949118 
-0.6465763727881376 -0.9594640296839357 
-0.6557998574090624 -0.9436740329589751 
-0.6109253685840791 -0.9925498018106357 
-0.6557998574090624 -0.9436740329589751 
-0.6092144449209769 -0.9931404431372861 
-0.6577651763487853 -0.9319020672492443 
-0.5737793251864776 -0.9959122692816496 
-0.5737793251864776 -0.9959122692816496 
-0.5482390987251444 -0.9978867733572451 
-0.6475087751634455 -0.9470527941953385 
-0.5482390987251444 -0.9978867733572451 
-0.6521459881431826 -0.9461427013217896 
-0.6475087751634455 -0.9470527941953385 
-0.6092144449209769 -0.9931404431372861 
-0.6243684812640922 -0.9778268722785023 
-0.6403700040477777 -0.9636328277453483 
-0.6403700040477777 -0.9636328277453483 
-0.6465763727881376 -0.9594640296839357 
-0.6521459881431826 -0.9461427013217896 
-0.6412663115182495 -0.9601558852725349 
