-0.5952987840722676 -0.9950448243095783 
-0.6494745016748092 -0.9290598386534776 
-0.6510027582009784 -0.9285330207136481 
-0.6616350283074424 -0.9235581529088825 
-0.5724988096206775 -0.9982424330195846 
-0.6503319434114093 -0.9288214462326198 
-0.6636508415356221 -0.9015609944185807 
-0.6375283625541986 -0.9656951858577429 
-0.626755974873837 -0.9925062658194858 
-0.6560875538569694 -0.9266629430809981 
-0.6616350283074424 -0.9235581529088825 
-0.6071504209607357 -0.9930495438334794 
-0.5724988096206775 -0.9982424330195846 
-0.6421394303905459 -0.9513690618536362 
-0.6560875538569694 -0.9266629430809981 
-0.6018046537574275 -0.9940005137813069 
-0.6389791885244624 -0.9556716422836486 
-0.6018046537574275 -0.9940005137813069 
-0.626755974873837 -0.9925062658194858 
-0.6529398750600812 -0.9280694654761301 
-0.6300862953619664 -0.9764927571466697 
-0.6478747065843878 -0.9432702427212024 
-0.5724988096206775 -0.9982424330195846 
-0.6071504209607357 -0.9930495438334794 
-0.6616350283074424 -0.9235581529088825 
-0.6510027582009784 -0.9285330207136481 
-0.5884623644549559 -0.9975485058926699 
-0.6478747065843878 -0.9432702427212024 
-0.5980730409463837 -0.9943414940422447 
-0.5760928313848107 -0.9977402973327053 
-0.6394492074137311 -0.951887196473802 
-0.6389791885244624 -0.9556716422836486 
-0.6478747065843878 -0.9432702427212024 
-0.5743492048856341 -0.9978433610581955 
-0.6297253025971844 -0.9917300924613667 
-0.5760928313848107 -0.9977402973327053 
-0.6425676724200232 -0.9503891347451362 
-0.6301940321026288 -0.9722263025418268 
-0.5000000238418698 -0.9996200611750674 
-0.6636508415356221 -0.9015609944185807 
-0.6465763727881376 -0.9466321123868313 
-0.6312993153163514 -0.9668096862772553 
-0.6375283625541986 -0.9656951858577429 
-0.6503319434114093 -0.9288214462326198 
-0.0 -0.9996894068365184 
-0.6440252270385729 -0.9502264952695336 
-0.6312993153163514 -0.9668096862772553 
-0.5743492048856341 -0.9978433610581955 
-0.6440252270385729 -0.9502264952695336 
-0.6312993153163514 -0.9668096862772553 
-0.6006116082481338 -0.9942000963253975 
-0.5000000238418698 -0.9996200611750674 
-0.5610092539019996 -0.9986080186449877 
-0.5610092539019996 -0.9986080186449877 
-0.0 -0.9996894068365184 
-0.5610092539019996 -0.9986080186449877 
-0.6375283625541986 -0.9656951858577429 
-0.6589720968809649 -0.9249646753040146 
-0.6071504209607357 -0.9930495438334794 
-0.6006116082481338 -0.9942000963253975 
-0.6465763727881376 -0.9466321123868313 
-0.5000000238418698 -0.9996200611750674 
-0.5176324866033403 -0.9995281581995994 
-0.5176324866033403 -0.9995281581995994 
-0.5468617999396357 -0.9991833896408983 
-0.5468617999396357 -0.9991833896408983 
-0.6618783222961934 -0.9017402266109952 
-0.0 -0.9996894068365184 
-0.6394492074137311 -0.951887196473802 
-0.5468617999396357 -0.9991833896408983 
-0.5176324866033403 -0.9995281581995994 
-0.6581721724592074 -0.9262071176438217 
-0.6476922318862659 -0.94617956607226 
-0.6051240697068615 -0.9934207804369862 
-0.6581721724592074 -0.9262071176438217 
-0.6529398750600812 -0.9280694654761301 
-0.53588675682123 -0.9993919575292006 
-0.6589720968809649 -0.9249646753040146 
-0.6394492074137311 -0.951887196473802 
-0.6529398750600812 -0.9280694654761301 
-0.53588675682123 -0.9993919575292006 
-0.53588675682123 -0.9993919575292006 
-0.5580616136274157 -0.9987110823704779 
-0.5580616136274157 -0.9987110823704779 
-0.5580616136274157 -0.9987110823704779 
-0.6476922318862659 -0.94617956607226 
-0.6425676724200232 -0.9503891347451362 
-0.5547847624881335 -0.9988165865332901 
-0.5547847624881335 -0.9988165865332901 
-0.5418992192069642 -0.9992864533663884 
-0.5418992192069642 -0.9992864533663884 
-0.5547847624881335 -0.9988165865332901 
-0.6051240697068615 -0.9934207804369862 
-0.551093041122101 -0.9988859321947411 
-0.528233679462925 -0.9994613031906515 
-0.551093041122101 -0.9988859321947411 
-0.528233679462925 -0.9994613031906515 
-0.551093041122101 -0.9988859321947411 
-0.5418992192069642 -0.9992864533663884 
-0.528233679462925 -0.9994613031906515 
