-0.6048262765477713 -0.9918276822879473 
-0.5822117819146458 -0.9944321673432455 
-0.615572236025243 -0.9897243307487953 
-0.5462400715432542 -0.9962402440095426 
-0.5743492048856341 -0.9950208504966276 
-0.5256023990021789 -0.9964344643228189 
-0.5597881516455385 -0.9957404318016839 
-0.5580616136274157 -0.9959343755188294 
-0.5684171760320547 -0.9953068365151527 
-0.551093041122101 -0.9960905429858161 
-0.6389791885244624 -0.9827834134376807 
-0.5462400715432542 -0.9962402440095426 
-0.5580616136274157 -0.9959343755188294 
-0.5946035858542817 -0.9930865258933249 
-0.6375283625541986 -0.9833700478644368 
-0.6285048187284736 -0.9865236300264151 
-0.6034529960321104 -0.9919631643810446 
-0.6054913129158149 -0.9916112367928478 
-0.5981156279460462 -0.9928925396855235 
-0.551093041122101 -0.9960905429858161 
-0.6456177016701888 -0.977123466331776 
-0.5835675831606274 -0.9943831833084124 
-0.5964087012091596 -0.9929899222518683 
-0.5661468396662656 -0.9956684314760307 
-0.5610092539019996 -0.9957314973294296 
-0.5424260276184123 -0.9962840780247384 
-0.5793055711326863 -0.9945275557010177 
-0.5636891289577209 -0.9957251947610548 
-0.5000000238418698 -0.9991488035688618 
-0.5424260276184123 -0.9962840780247384 
-0.6271828473979703 -0.9869395768157192 
-0.639681777706297 -0.9797962946427603 
-0.5661468396662656 -0.9956684314760307 
-0.6370304779028153 -0.9837767340796831 
-0.5989355771945964 -0.9927204932269711 
-0.5525157576859623 -0.9960438721023345 
-0.570527295246785 -0.9952479943375678 
-0.6584408704870056 -0.9635115277115816 
-0.6220873635406292 -0.9880319923136647 
-0.5884623644549559 -0.9938882700573634 
-0.5547847624881335 -0.9960338387576425 
-0.5379493323864363 -0.9963354406043168 
-0.5743492048856341 -0.9950208504966276 
-0.6109253685840791 -0.9909112109962066 
-0.6012748305694486 -0.9923570183592751 
-0.5495656172353498 -0.9961859595854434 
-0.59064689686309 -0.9935012844845593 
-0.570527295246785 -0.9952479943375678 
-0.6403700040477777 -0.9795700717576766 
-0.5760928313848107 -0.9948592899374767 
-0.5495656172353498 -0.9961859595854434 
-0.6140963510158939 -0.990600218098507 
-0.5256023990021789 -0.9964344643228189 
-0.5724988096206775 -0.9950776137816518 
-0.6020176413461403 -0.992181871419059 
-0.5724988096206775 -0.9950776137816518 
-0.654624463205824 -0.9733904366064705 
-0.5379493323864363 -0.9963354406043168 
-0.5547847624881335 -0.9960338387576425 
-0.5760928313848107 -0.9948592899374767 
-0.5848660559937872 -0.9942731649689591 
-0.654624463205824 -0.9733904366064705 
-0.6410444575608033 -0.9792138910377343 
-0.6228654995083136 -0.9879810873362891 
-0.5000000238418698 -0.9991488035688618 
-0.6303937319474091 -0.9848016282965915 
-0.5916841355064867 -0.9934005677281869 
-0.6027434360634185 -0.9921251081340349 
-0.6291464997806984 -0.9864162691565351 
-0.6380189673336621 -0.9828926664185832 
-0.0 -0.9998533024713858 
-0.586111964850133 -0.9941030547051077 
-0.6192081300139013 -0.9885340186116339 
-0.5777416139307827 -0.9945846144154888 
-0.6503319434114093 -0.9740320600757177 
-0.0 -0.9998533024713858 
-0.6114760146981129 -0.9908017297036895 
-0.6584408704870056 -0.9635115277115816 
-0.6563728731344654 -0.9687317088480698 
-0.6511684291921663 -0.973635542846162 
-0.5807932025151616 -0.9944821296358548 
-0.6436151449551651 -0.978140409434968 
-0.625805715681385 -0.9869902406871378 
-0.6399127524491194 -0.9796796435119102 
-0.6444304070953409 -0.9780344275986984 
-0.6563728731344654 -0.9687317088480698 
-0.5873094995491215 -0.9939594501447306 
-0.5176324866033403 -0.9972711861459934 
-0.641923257406026 -0.9790440484175224 
-0.532520550491018 -0.9963864209964737 
-0.6183365621763882 -0.9887367003746297 
-0.612017397562302 -0.9907040734592872 
-0.6236255926401982 -0.9871562665746487 
-0.5777416139307827 -0.9945846144154888 
-0.5176324866033403 -0.9972711861459934 
-0.532520550491018 -0.9963864209964737 
-0.5793055711326863 -0.9945275557010177 
-0.6145958303598867 -0.9897762915331091 
-0.6303937319474091 -0.9848016282965915 
-0.5936604401503461 -0.99319627388343 
