-0.6310001899768349 -0.9785454947501675 
-0.6232477476193777 -0.9802612420788404 
-0.6020176413461403 -0.9926233703696549 
-0.6414867166840517 -0.9700208686380067 
-0.6583067819464249 -0.9507330878483695 
-0.6421394303905459 -0.969061969952528 
-0.6268439179524068 -0.9799808168086933 
-0.6109253685840791 -0.9878326438996688 
-0.6482367526485385 -0.9588263783481756 
-0.5895738509537679 -0.9938533460573649 
-0.5873094995491215 -0.9940929255864809 
-0.606142754125506 -0.9908264100195386 
-0.6109253685840791 -0.9878326438996688 
-0.5743492048856341 -0.9946896309972304 
-0.6261554291274924 -0.9802549070448268 
-0.6160496183756462 -0.9844147475096876 
-0.6498200619905099 -0.9569944573510076 
-0.5926879365412299 -0.9934287405795692 
-0.5822117819146458 -0.9942652174426045 
-0.6140963510158939 -0.9858051147268643 
-0.6414867166840517 -0.9700208686380067 
-0.5916841355064867 -0.9935989699414537 
-0.5547847624881335 -0.9987118470524399 
-0.5777416139307827 -0.9946316599827376 
-0.5873094995491215 -0.9940929255864809 
-0.6125498314832742 -0.9877785622670158 
-0.6135890314850595 -0.9866064398402165 
-0.6570760310412888 -0.9527863016969316 
-0.5468617999396357 -0.999003563147757 
-0.6583067819464249 -0.9507330878483695 
-0.6610192497195813 -0.9449561704661874 
-0.5777416139307827 -0.9946316599827376 
-0.6228654995083136 -0.9840904559453248 
-0.6450292445440292 -0.963140789485203 
-0.5807932025151616 -0.9943567814237048 
-0.6315957717348185 -0.977277722222614 
-0.6633034681313893 -0.9424218234849742 
-0.6423542294603065 -0.9632623956391527 
-0.6054913129158149 -0.9912033239510046 
-0.5684171760320547 -0.9979202589284127 
-0.6041470495370836 -0.9924521121086904 
-0.5547847624881335 -0.9987118470524399 
-0.5822117819146458 -0.9942652174426045 
-0.6140963510158939 -0.9858051147268643 
-0.6310001899768349 -0.9785454947501675 
-0.6261554291274924 -0.9802549070448268 
-0.6130736149095858 -0.9868809100999417 
-0.6341513546395805 -0.976817964425541 
-0.6012748305694486 -0.9928277841929567 
-0.59064689686309 -0.9937941635497389 
-0.6570760310412888 -0.9527863016969316 
-0.6601384258669133 -0.9454114424803921 
-0.6080209243220388 -0.9906189351980522 
-0.5000000238418698 -0.9994363185463311 
-0.609794943089445 -0.9884485715989667 
-0.6150877142451964 -0.9852207026248473 
-0.6048262765477713 -0.9923356998617143 
-0.5807932025151616 -0.9943567814237048 
-0.5793055711326863 -0.9945152477357615 
-0.5916841355064867 -0.9935989699414537 
-0.6423542294603065 -0.9632623956391527 
-0.6467649070352349 -0.959380086689481 
-0.6387416928455466 -0.9707841204471114 
-0.0 -0.9994930818313552 
-0.5793055711326863 -0.9945152477357615 
-0.6450292445440292 -0.963140789485203 
-0.6074070509829718 -0.9906919123173541 
-0.6288272143766019 -0.9790642265475604 
-0.0 -0.9994930818313552 
-0.6048262765477713 -0.9923356998617143 
-0.6012748305694486 -0.9928277841929567 
-0.6288272143766019 -0.9790642265475604 
-0.6387416928455466 -0.9707841204471114 
-0.6611432801208301 -0.9427011112672927 
-0.6601384258669133 -0.9454114424803921 
-0.5000000238418698 -0.9994363185463311 
-0.6633034681313893 -0.9424218234849742 
-0.6513333031805338 -0.9558959396146416 
-0.5936604401503461 -0.9933123283325931 
-0.6080209243220388 -0.9906189351980522 
-0.6352272019502848 -0.9711332043450409 
-0.6610192497195813 -0.9449561704661874 
-0.5176324866033403 -0.9993842777300045 
-0.6130736149095858 -0.9868809100999417 
-0.528233679462925 -0.999284151070326 
-0.6514973879966177 -0.955632466688928 
-0.6440252270385729 -0.9631471474122024 
-0.6611432801208301 -0.9427011112672927 
-0.528233679462925 -0.999284151070326 
-0.6352272019502848 -0.9711332043450409 
-0.5936604401503461 -0.9933123283325931 
-0.6660979694377147 -0.9420287194415734 
-0.5176324866033403 -0.9993842777300045 
-0.646004419490713 -0.9608364419042529 
-0.6660979694377147 -0.9420287194415734 
-0.6160496183756462 -0.9844147475096876 
-0.646004419490713 -0.9608364419042529 
-0.6344235826882855 -0.9728867709219678 
-0.6344235826882855 -0.9728867709219678 
-0.6436151449551651 -0.9632502216167773 
