-0.666736727622014 -0.9245041868503657 
-0.6686860534956668 -0.9120989607569732 
-0.6636508415356221 -0.9263046262315009 
-0.5485456532606594 -0.9983247708607088 
-0.6653377366423996 -0.9257115519182986 
-0.5341208575352359 -0.9988385775293112 
-0.5724988096206775 -0.9971580358264825 
-0.6764499166331989 -0.9107350528814193 
-0.5724988096206775 -0.9971580358264825 
-0.6737879741853326 -0.9117215490647139 
-0.0 -0.9993816776282758 
-0.6636508415356221 -0.9263046262315009 
-0.5760928313848107 -0.9968675923496698 
-0.6764499166331989 -0.9107350528814193 
-0.5268537480095585 -0.9990914551620576 
-0.6766895527218107 -0.8879901954631063 
-0.5445337917617026 -0.9985725204656013 
-0.6764499166331989 -0.9107350528814193 
-0.5268537480095585 -0.9990914551620576 
-0.6621199288865242 -0.9270961682105465 
-0.0 -0.9993816776282758 
-0.0 -0.9993816776282758 
-0.5268537480095585 -0.9990914551620576 
-0.5636891289577209 -0.9972147241058757 
-0.0 -0.9993816776282758 
-0.5268537480095585 -0.9990914551620576 
-0.5636891289577209 -0.9972147241058757 
-0.6764499166331989 -0.9107350528814193 
-0.5636891289577209 -0.9972147241058757 
-0.5398266242062744 -0.9986749351353847 
-0.5760928313848107 -0.9968675923496698 
-0.6636508415356221 -0.9263046262315009 
-0.5398266242062744 -0.9986749351353847 
-0.5000000113532685 -0.9993235968201949 
-0.5000000113532685 -0.9993235968201949 
-0.6679803964839662 -0.9236027221222121 
-0.6680820755936504 -0.9176912582896033 
-0.5398266242062744 -0.9986749351353847 
-0.5000000113532685 -0.9993235968201949 
-0.5398266242062744 -0.9986749351353847 
-0.5610092539019996 -0.9972678703643791 
-0.6686860534956668 -0.9120989607569732 
-0.551093041122101 -0.9974631066184503 
-0.5610092539019996 -0.9972678703643791 
-0.6278504434198372 -0.9947644180369488 
-0.5547847624881335 -0.9973708915728625 
-0.551093041122101 -0.9974631066184503 
-0.6607698543681618 -0.9288701656936917 
-0.5724988096206775 -0.9971580358264825 
-0.5580616136274157 -0.997318850756536 
-0.6624792269293639 -0.9268019744743317 
-0.5610092539019996 -0.9972678703643791 
-0.5793055711326863 -0.9961893523250112 
-0.6278504434198372 -0.9947644180369488 
-0.551093041122101 -0.9974631066184503 
-0.5743492048856341 -0.9970078765708611 
-0.6686860534956668 -0.9120989607569732 
-0.6686860534956668 -0.9120989607569732 
-0.6278504434198372 -0.9947644180369488 
-0.5793055711326863 -0.9961893523250112 
-0.6624792269293639 -0.9268019744743317 
-0.5743492048856341 -0.9970078765708611 
-0.5000000113532685 -0.9993235968201949 
-0.551093041122101 -0.9974631066184503 
-0.5793055711326863 -0.9961893523250112 
-0.5743492048856341 -0.9970078765708611 
-0.6607698543681618 -0.9288701656936917 
-0.5936604401503461 -0.9959619802475955 
-0.6278504434198372 -0.9947644180369488 
-0.5793055711326863 -0.9961893523250112 
-0.6607698543681618 -0.9288701656936917 
-0.5936604401503461 -0.9959619802475955 
-0.5167789032377729 -0.9992289916704428 
-0.5167789032377729 -0.9992289916704428 
-0.5936604401503461 -0.9959619802475955 
-0.6624792269293639 -0.9268019744743317 
-0.5547847624881335 -0.9973708915728625 
-0.6766895527218107 -0.8879901954631063 
-0.6150877142451964 -0.9953147077507171 
-0.5167789032377729 -0.9992289916704428 
-0.6370304779028153 -0.9937863043335652 
-0.5167789032377729 -0.9992289916704428 
-0.5547847624881335 -0.9973708915728625 
-0.6370304779028153 -0.9937863043335652 
-0.6150877142451964 -0.9953147077507171 
-0.6150877142451964 -0.9953147077507171 
-0.6370304779028153 -0.9937863043335652 
-0.5547847624881335 -0.9973708915728625 
-0.6370304779028153 -0.9937863043335652 
-0.6150877142451964 -0.9953147077507171 
-0.6596248889442381 -0.9813500579701594 
-0.6596248889442381 -0.9813500579701594 
-0.5580616136274157 -0.997318850756536 
-0.5580616136274157 -0.997318850756536 
-0.5580616136274157 -0.997318850756536 
-0.6596248889442381 -0.9813500579701594 
-0.6596248889442381 -0.9813500579701594 
-0.5936604401503461 -0.9959619802475955 
-0.6766895527218107 -0.8879901954631063 
-0.6766895527218107 -0.8879901954631063 
