-0.6370304779028153 -0.9888382354910172 
-0.5176324866033403 -0.997721431366771 
-0.5936604401503461 -0.9951978819596509 
-0.6432000375383463 -0.9574612508382406 
-0.528233679462925 -0.997674293319633 
-0.570527295246785 -0.9968204286229073 
-0.5547847624881335 -0.9973629704347601 
-0.5418992192069642 -0.997572352644373 
-0.5955191369285968 -0.9925804009063113 
-0.5176324866033403 -0.997721431366771 
-0.6414867166840517 -0.9592064909517116 
-0.6150877142451964 -0.99257207959799 
-0.5000000238418698 -0.9977645104628162 
-0.53588675682123 -0.9976233129274762 
-0.6414867166840517 -0.9592064909517116 
-0.5610092539019996 -0.9971252605400949 
-0.6440252270385729 -0.9559930702082227 
-0.6414867166840517 -0.9592064909517116 
-0.6382616073925871 -0.9597608717683395 
-0.6440252270385729 -0.9559930702082227 
-0.5610092539019996 -0.9971252605400949 
-0.0 -0.9999561403508772 
-0.570527295246785 -0.9968204286229073 
-0.5793055711326863 -0.9965623053885659 
-0.5580616136274157 -0.997182023825119 
-0.6440252270385729 -0.9559930702082227 
-0.6382616073925871 -0.9597608717683395 
-0.5807932025151616 -0.996516879323403 
-0.5468617999396357 -0.997525214597235 
-0.5547847624881335 -0.9973629704347601 
-0.5777416139307827 -0.9966189876541344 
-0.6414867166840517 -0.9592064909517116 
-0.5468617999396357 -0.997525214597235 
-0.5760928313848107 -0.9966644137192973 
-0.5724988096206775 -0.9967196858281409 
-0.5822117819146458 -0.9964148785230829 
-0.5684171760320547 -0.9968844766146675 
-0.5468617999396357 -0.997525214597235 
-0.5468617999396357 -0.997525214597235 
-0.5547847624881335 -0.9973629704347601 
-0.5547847624881335 -0.9973629704347601 
-0.6467649070352349 -0.9553125750408901 
-0.5955191369285968 -0.9925804009063113 
-0.5793055711326863 -0.9965623053885659 
-0.5955191369285968 -0.9925804009063113 
-0.5636891289577209 -0.9969825749449087 
-0.5955191369285968 -0.9925804009063113 
-0.5793055711326863 -0.9965623053885659 
-0.5955191369285968 -0.9925804009063113 
-0.5636891289577209 -0.9969825749449087 
-0.5793055711326863 -0.9965623053885659 
-0.6467649070352349 -0.9553125750408901 
-0.0 -0.9999561403508772 
-0.5636891289577209 -0.9969825749449087 
-0.5822117819146458 -0.9964148785230829 
-0.5636891289577209 -0.9969825749449087 
-0.6467649070352349 -0.9553125750408901 
-0.5822117819146458 -0.9964148785230829 
-0.0 -0.9999561403508772 
-0.6440252270385729 -0.9559930702082227 
-0.5547847624881335 -0.9973629704347601 
-0.0 -0.9999561403508772 
-0.0 -0.9999561403508772 
-0.5807932025151616 -0.996516879323403 
-0.5822117819146458 -0.9964148785230829 
-0.5807932025151616 -0.996516879323403 
-0.5807932025151616 -0.996516879323403 
-0.6150877142451964 -0.99257207959799 
-0.6150877142451964 -0.99257207959799 
-0.6150877142451964 -0.99257207959799 
-0.6150877142451964 -0.99257207959799 
-0.5777416139307827 -0.9966189876541344 
-0.6370304779028153 -0.9888382354910172 
-0.5777416139307827 -0.9966189876541344 
-0.6467649070352349 -0.9553125750408901 
-0.6370304779028153 -0.9888382354910172 
-0.6370304779028153 -0.9888382354910172 
-0.570527295246785 -0.9968204286229073 
-0.5777416139307827 -0.9966189876541344 
-0.570527295246785 -0.9968204286229073 
-0.570527295246785 -0.9968204286229073 
-0.5936604401503461 -0.9951978819596509 
-0.5760928313848107 -0.9966644137192973 
-0.5760928313848107 -0.9966644137192973 
-0.5936604401503461 -0.9951978819596509 
-0.6370304779028153 -0.9888382354910172 
-0.5760928313848107 -0.9966644137192973 
-0.5724988096206775 -0.9967196858281409 
-0.5724988096206775 -0.9967196858281409 
-0.5000000238418698 -0.9977645104628162 
-0.5000000238418698 -0.9977645104628162 
-0.5661468396662656 -0.9969275557107127 
-0.5661468396662656 -0.9969275557107127 
-0.5000000238418698 -0.9977645104628162 
-0.5936604401503461 -0.9951978819596509 
-0.5661468396662656 -0.9969275557107127 
-0.5000000238418698 -0.9977645104628162 
-0.5661468396662656 -0.9969275557107127 
-0.5724988096206775 -0.9967196858281409 
-0.5936604401503461 -0.9951978819596509 
