-0.5793055711326863 -0.9953431177074554 
-0.6658824378769073 -0.9493914243728813 
-0.5835675831606274 -0.9946447704559901 
-0.5468617999396357 -0.9969869844195807 
-0.6607698543681618 -0.9495549942936031 
-0.5468617999396357 -0.9969869844195807 
-0.5661468396662656 -0.9966390083181171 
-0.5547847624881335 -0.996834831009839 
-0.6580370378539115 -0.9610659938888986 
-0.6782472250646318 -0.9198688930431029 
-0.5936604401503461 -0.9943547883325561 
-0.5777416139307827 -0.9954946690083138 
-0.586111964850133 -0.9944417291894616 
-0.6580370378539115 -0.9610659938888986 
-0.5793055711326863 -0.9953431177074554 
-0.570527295246785 -0.9965248797333278 
-0.53588675682123 -0.9970921714944107 
-0.5793055711326863 -0.9953431177074554 
-0.5743492048856341 -0.9957513640871927 
-0.6150877142451964 -0.9934265775088552 
-0.5822117819146458 -0.9949518753713967 
-0.5547847624881335 -0.996834831009839 
-0.6658824378769073 -0.9493914243728813 
-0.5884623644549559 -0.9943946512673837 
-0.5822117819146458 -0.9949518753713967 
-0.6150877142451964 -0.9934265775088552 
-0.586111964850133 -0.9944417291894616 
-0.6658824378769073 -0.9493914243728813 
-0.5807932025151616 -0.9952912700453136 
-0.6710034412716869 -0.931855145344962 
-0.5936604401503461 -0.9943547883325561 
-0.6688850974079172 -0.9364473057963487 
-0.586111964850133 -0.9944417291894616 
-0.5547847624881335 -0.996834831009839 
-0.6658824378769073 -0.9493914243728813 
-0.6150877142451964 -0.9934265775088552 
-0.6738742522238117 -0.9314840079986227 
-0.6580370378539115 -0.9610659938888986 
-0.5468617999396357 -0.9969869844195807 
-0.6688850974079172 -0.9364473057963487 
-0.5807932025151616 -0.9952912700453136 
-0.5822117819146458 -0.9949518753713967 
-0.5936604401503461 -0.9943547883325561 
-0.5884623644549559 -0.9943946512673837 
-0.5684171760320547 -0.9965780259918312 
-0.6659903693169782 -0.944770213771788 
-0.5684171760320547 -0.9965780259918312 
-0.6150877142451964 -0.9934265775088552 
-0.5000000238418698 -0.9974450552472646 
-0.5760928313848107 -0.9955489686537039 
-0.6600107517063906 -0.9505184209407211 
-0.5884623644549559 -0.9943946512673837 
-0.6607698543681618 -0.9495549942936031 
-0.5807932025151616 -0.9952912700453136 
-0.5760928313848107 -0.9955489686537039 
-0.5684171760320547 -0.9965780259918312 
-0.5000000238418698 -0.9974450552472646 
-0.6688850974079172 -0.9364473057963487 
-0.5000000238418698 -0.9974450552472646 
-0.6607698543681618 -0.9495549942936031 
-0.5000000238418698 -0.9974450552472646 
-0.6782472250646318 -0.9198688930431029 
-0.5835675831606274 -0.9946447704559901 
-0.0 -0.9998989795918367 
-0.6782472250646318 -0.9198688930431029 
-0.551093041122101 -0.9968879772683424 
-0.551093041122101 -0.9968879772683424 
-0.6530964744421957 -0.9857097341774553 
-0.5760928313848107 -0.9955489686537039 
-0.528233679462925 -0.9971402148207559 
-0.5610092539019996 -0.9967806218261657 
-0.5176324866033403 -0.9971862723346705 
-0.6659903693169782 -0.944770213771788 
-0.551093041122101 -0.9968879772683424 
-0.6370304779028153 -0.9916473515884355 
-0.5418992192069642 -0.9970350277459259 
-0.6690830222620242 -0.9344578094141721 
-0.6580370378539115 -0.9610659938888986 
-0.6370304779028153 -0.9916473515884355 
-0.6370304779028153 -0.9916473515884355 
-0.6690830222620242 -0.9344578094141721 
-0.0 -0.9998989795918367 
-0.6370304779028153 -0.9916473515884355 
-0.0 -0.9998989795918367 
-0.5610092539019996 -0.9967806218261657 
-0.6690830222620242 -0.9344578094141721 
-0.5610092539019996 -0.9967806218261657 
-0.5176324866033403 -0.9971862723346705 
-0.5176324866033403 -0.9971862723346705 
-0.0 -0.9998989795918367 
-0.5176324866033403 -0.9971862723346705 
-0.528233679462925 -0.9971402148207559 
-0.528233679462925 -0.9971402148207559 
-0.5418992192069642 -0.9970350277459259 
-0.5418992192069642 -0.9970350277459259 
-0.5418992192069642 -0.9970350277459259 
-0.528233679462925 -0.9971402148207559 
-0.5580616136274157 -0.9968337680846691 
-0.5580616136274157 -0.9968337680846691 
-0.5580616136274157 -0.9968337680846691 
