-0.6476922318862659 -0.952841777679302 
-0.6160496183756462 -0.9805957979209752 
-0.612017397562302 -0.9819253969462932 
-0.6622401068798265 -0.931730029784226 
-0.5955191369285968 -0.9938974868972056 
-0.6254522492280018 -0.9736243723235198 
-0.5946035858542817 -0.994061608765465 
-0.606142754125506 -0.9931506000151609 
-0.59064689686309 -0.9942183179357702 
-0.6469524028213094 -0.9529119158967948 
-0.646386788204827 -0.9536125692209043 
-0.5916841355064867 -0.9941703877315969 
-0.5167789032377729 -0.9988917570355295 
-0.653868948523583 -0.9397645434947478 
-0.6362695055107563 -0.9618347273004644 
-0.5926879365412299 -0.99416940733944 
-0.5895738509537679 -0.9942692983279271 
-0.6196353241678454 -0.9788392275229493 
-0.6440252270385729 -0.9564014032261076 
-0.667570713102423 -0.9279467086829855 
-0.5688193475609288 -0.9976409435345996 
-0.625805715681385 -0.9679767456639593 
-0.5859793361280576 -0.9954793219987309 
-0.6432000375383463 -0.9570517096680472 
-0.6657741730166176 -0.9300597708553472 
-0.6130736149095858 -0.9813829075794173 
-0.6220873635406292 -0.9779213170170539 
-0.5849654196618821 -0.9962154614773555 
-0.59064689686309 -0.9942183179357702 
-0.6559440053177995 -0.9385747245494824 
-0.6524657484765763 -0.9475941634872125 
-0.6484163449485223 -0.9497713278779093 
-0.5341208575352359 -0.9984507224125336 
-0.6278504434198372 -0.965361374919511 
-0.6327558572333393 -0.9641694253448346 
-0.5398266242062744 -0.9983542582058625 
-0.6412663115182495 -0.9584355633083218 
-0.6224787416772174 -0.9769079582100927 
-0.6505008831184983 -0.9490357148664109 
-0.6275183321867448 -0.9665367739177196 
-0.6239991374320852 -0.9765211494844279 
-0.646196141203463 -0.9550814980113594 
-0.5916841355064867 -0.9941703877315969 
-0.6601384258669133 -0.9362920974624372 
-0.5895738509537679 -0.9942692983279271 
-0.5805160036584298 -0.9970868017295376 
-0.6294627359122194 -0.965118009405908 
-0.5926879365412299 -0.99416940733944 
-0.6109253685840791 -0.9891562149617728 
-0.6530964744421957 -0.9469091448485233 
-0.621290283024113 -0.9779755262007274 
-0.6516606913551489 -0.948059368446573 
-0.6354908379076486 -0.9633119250390366 
-0.646196141203463 -0.9550814980113594 
-0.5849654196618821 -0.9962154614773555 
-0.5167789032377729 -0.9988917570355295 
-0.625805715681385 -0.9679767456639593 
-0.6621199288865242 -0.9326012104262564 
-0.5520447693719309 -0.997865459768292 
-0.6354908379076486 -0.9633119250390366 
-0.6178918680377397 -0.9791504710167118 
-0.5268537480095585 -0.9987545168287844 
-0.5688193475609288 -0.9976409435345996 
-0.6385025074227881 -0.9614551671077763 
-0.653868948523583 -0.9397645434947478 
-0.6646727093066768 -0.9307469548632956 
-0.6169838059184686 -0.9792555730575281 
-0.5805160036584298 -0.9970868017295376 
-0.6476922318862659 -0.952841777679302 
-0.6385025074227881 -0.9614551671077763 
-0.6135890314850595 -0.9809653105188584 
-0.6580370378539115 -0.9372691043876571 
-0.6622401068798265 -0.931730029784226 
-0.6659903693169782 -0.9280294845265629 
-0.6469524028213094 -0.9529119158967948 
-0.6239991374320852 -0.9765211494844279 
-0.5859793361280576 -0.9954793219987309 
-0.6601384258669133 -0.9362920974624372 
-0.639681777706297 -0.9591350985791789 
-0.5485456532606594 -0.9981673932986206 
-0.5936604401503461 -0.9941184269472833 
-0.6580370378539115 -0.9372691043876571 
-0.6633034681313893 -0.930993709092774 
-0.6510027582009784 -0.9482950951260777 
-0.6169838059184686 -0.9792555730575281 
-0.6412663115182495 -0.9584355633083218 
-0.6633034681313893 -0.930993709092774 
-0.6275183321867448 -0.9665367739177196 
-0.6530964744421957 -0.9469091448485233 
-0.5936604401503461 -0.9941184269472833 
-0.6652277724508465 -0.930637377681359 
-0.6505008831184983 -0.9490357148664109 
-0.6615127409440028 -0.935351975233877 
-0.6487727191478536 -0.9495068549841037 
-0.6278504434198372 -0.965361374919511 
-0.6261554291274924 -0.9668059502842569 
-0.6615127409440028 -0.935351975233877 
-0.6178918680377397 -0.9791504710167118 
-0.6621199288865242 -0.9326012104262564 
-0.6425676724200232 -0.9572704270099734 
