-0.53588675682123 -0.9986025164374122 
-0.6306983459241822 -0.9758081071651281 
-0.6499915414908128 -0.9569958888436285 
-0.570527295246785 -0.9972829630546758 
-0.5946035858542817 -0.9934018839520593 
-0.6493004027460779 -0.9577940474019784 
-0.6103651279065202 -0.9903157171371155 
-0.6291464997806984 -0.9758620287337555 
-0.5580616136274157 -0.9980258840547763 
-0.6145958303598867 -0.9890014967867665 
-0.5955191369285968 -0.9933492732247697 
-0.6731780764197552 -0.8982320480289815 
-0.6362695055107563 -0.9690016606025157 
-0.570527295246785 -0.9972829630546758 
-0.6174410086356354 -0.9854911392339409 
-0.6392150187817145 -0.9681363662031428 
-0.6114760146981129 -0.9891883870054157 
-0.6187752616496291 -0.9841625271708254 
-0.6178918680377397 -0.98447303656 
-0.6436151449551651 -0.9579241310165354 
-0.609794943089445 -0.9903724804221397 
-0.6501621657277303 -0.9494667094205356 
-0.6020176413461403 -0.9916415416881954 
-0.6005141640959136 -0.9925206297516598 
-0.5684171760320547 -0.9975368421641363 
-0.6074070509829718 -0.9908766320975095 
-0.6291464997806984 -0.9758620287337555 
-0.5000000238418698 -0.9988664267488493 
-0.6165200739384666 -0.9885228689554377 
-0.6192081300139013 -0.9838448270874884 
-0.53588675682123 -0.9986025164374122 
-0.6135890314850595 -0.98915361532649 
-0.6408211351274846 -0.966972130496415 
-0.6357524120657372 -0.9713022771553876 
-0.5724988096206775 -0.997081299744823 
-0.6041470495370836 -0.9911428730721135 
-0.6216912503584245 -0.9829828724798466 
-0.6499915414908128 -0.9569958888436285 
-0.615572236025243 -0.9885822123897812 
-0.6268439179524068 -0.9816534184045097 
-0.5176324866033403 -0.9988132804903459 
-0.6239991374320852 -0.9817600993174354 
-0.6247337199790338 -0.9817083203652941 
-0.5418992192069642 -0.9985564589234975 
-0.5176324866033403 -0.9988132804903459 
-0.5964087012091596 -0.9928661069020494 
-0.6275183321867448 -0.9813429090153352 
-0.6216912503584245 -0.9829828724798466 
-0.6020176413461403 -0.9916415416881954 
-0.5418992192069642 -0.9985564589234975 
-0.6048262765477713 -0.9908947305325921 
-0.5547847624881335 -0.9981251054352477 
-0.6429905595033939 -0.9634859149732511 
-0.6766895527218107 -0.8841038493119391 
-0.6501621657277303 -0.9494667094205356 
-0.5936604401503461 -0.9962357854705478 
-0.5964087012091596 -0.9928661069020494 
-0.6429905595033939 -0.9634859149732511 
-0.6518232208573349 -0.9451146274740224 
-0.6653377366423996 -0.9047900849508224 
-0.6592346892601082 -0.9379450343196499 
-0.6336001444769346 -0.9723469599074374 
-0.6621199288865242 -0.9129770030915217 
-0.6540213835696222 -0.942888466194888 
-0.6357524120657372 -0.9713022771553876 
-0.6766895527218107 -0.8841038493119391 
-0.6596248889442381 -0.9134456970075403 
-0.5547847624881335 -0.9981251054352477 
-0.5743492048856341 -0.9964001661156723 
-0.6074070509829718 -0.9908766320975095 
-0.5661468396662656 -0.9976360635446077 
-0.5000000238418698 -0.9988664267488493 
-0.6114760146981129 -0.9891883870054157 
-0.6236255926401982 -0.9827267889652525 
-0.6183365621763882 -0.9844162732749758 
-0.5743492048856341 -0.9964001661156723 
-0.5936604401503461 -0.9962357854705478 
-0.5661468396662656 -0.9976360635446077 
-0.6543242435120518 -0.9428263626008077 
-0.6592346892601082 -0.9379450343196499 
-0.6653377366423996 -0.9047900849508224 
-0.6005141640959136 -0.9925206297516598 
-0.6731780764197552 -0.8982320480289815 
-0.6521459881431826 -0.9451140539777274 
-0.6012748305694486 -0.9920466657174077 
-0.528233679462925 -0.9986545572537388 
-0.528233679462925 -0.9986545572537388 
-0.5636891289577209 -0.9976881043609342 
-0.5636891289577209 -0.9976881043609342 
-0.6616350283074424 -0.9132833889816045 
-0.6639947942524858 -0.9126899053509782 
-0.6800309314269761 -0.876521268687807 
-0.6800309314269761 -0.876521268687807 
-0.551093041122101 -0.9981771462515743 
-0.551093041122101 -0.9981771462515743 
-0.6639947942524858 -0.9126899053509782 
-0.6321808701929883 -0.9754930938548394 
-0.6321808701929883 -0.9754930938548394 
-0.0 -0.9989628732221755 
-0.0 -0.9989628732221755 
