0.8759144473132493
0.8747436366749954
0.8756398298199343
0.9001447743589529
0.8648325271984834
0.8701831648314426
0.8606046842688632
0.871569058783437
0.8698610014875174
0.8857834440560892
0.8694596744740782
0.8907473495684011
0.8663120674163589
0.8710147539635821
0.852130241225933
0.8714922300748912
0.8872951795094384
0.8740945963978851
0.8646737209725822
0.885581223779783
0.8875960819173259
0.8953161014860931
0.8680257311050695
0.8642766755264423
0.8880593212032656
0.8626457430872497
0.8694732782411826
0.870304007712523
0.876433002119515
0.8587215289789671
