-0.0 -0.9993011116507006 
-0.7257802368235206 -0.9932211932595841 
-0.7657597903614769 -0.9794710744538947 
-0.7489247580627282 -0.9885746856817589 
-0.78481435433173 -0.9740680821070327 
-0.6876776253254999 -0.9943348350810871 
-0.7439015626271575 -0.9907092056448784 
-0.6272571756698474 -0.9976384213661039 
-0.5000010172691614 -0.9991998884691203 
-0.6481128416230615 -0.996487158884923 
-0.617037332248122 -0.997810433220795 
-0.6511697434858305 -0.9953546843404136 
-0.6498436800959526 -0.9959749829932594 
-0.641855370242182 -0.9967426322619091 
-0.598931247680915 -0.9983963204319561 
-0.5932445785938314 -0.9985168746894189 
-0.5236481267903274 -0.9991324120858545 
-0.5745608674752889 -0.9987560940871197 
-0.6039497641641572 -0.9981860724224366 
-0.6015137418413279 -0.9982928357074607 
-0.5379959069337361 -0.9990463622284069 
-0.5520471636397453 -0.9989561627689986 
-0.5609166435988 -0.9988703424611651 
-0.5484136056135402 -0.998978885845141 
-0.5849679567095176 -0.9986504139797392 
-0.5866743042056289 -0.9986222447834466 
-0.5408190580271792 -0.9990255084304495 
-0.5788780140054028 -0.9986791511384601 
-0.525380609869206 -0.9991129074112077 
-0.6062555418979348 -0.9980346110296319 
-0.5682692155322392 -0.9988009967997142 
-0.6084447217921976 -0.9978577155756234 
-0.589386886992521 -0.9985413127634951 
-0.5634399514332546 -0.9988268652622748 
-0.6067061765302306 -0.9979916267865958 
-0.6389954018697317 -0.9967477130876333 
-0.6312554644182181 -0.9967567709138779 
-0.5692601163938482 -0.9987826358629553 
-0.5000021798982867 -0.9991822530726586 
-0.7900993065331741 -0.9718758734810227 
-0.7900993065331741 -0.9718758734810227 
-0.7900993065331741 -0.9718758734810227 
-0.7900993065331741 -0.9718758734810227 
-0.7900993065331741 -0.9718758734810227 
-0.7900993065331741 -0.9718758734810227 
-0.7900993065331741 -0.9718758734810227 
-0.7900993065331741 -0.9718758734810227 
-0.7900993065331741 -0.9718758734810227 
-0.7900993065331741 -0.9718758734810227 
-0.7900993065331741 -0.9718758734810227 
-0.7900993065331741 -0.9718758734810227 
-0.7900993065331741 -0.9718758734810227 
-0.7900993065331741 -0.9718758734810227 
-0.7900993065331741 -0.9718758734810227 
-0.7900993065331741 -0.9718758734810227 
-0.7900993065331741 -0.9718758734810227 
-0.7900993065331741 -0.9718758734810227 
-0.7900993065331741 -0.9718758734810227 
-0.7900993065331741 -0.9718758734810227 
-0.7900993065331741 -0.9718758734810227 
-0.7900993065331741 -0.9718758734810227 
-0.7900993065331741 -0.9718758734810227 
-0.7900993065331741 -0.9718758734810227 
-0.7900993065331741 -0.9718758734810227 
-0.7900993065331741 -0.9718758734810227 
-0.7900993065331741 -0.9718758734810227 
-0.7900993065331741 -0.9718758734810227 
-0.7900993065331741 -0.9718758734810227 
-0.7900993065331741 -0.9718758734810227 
-0.7900993065331741 -0.9718758734810227 
-0.7900993065331741 -0.9718758734810227 
-0.7900993065331741 -0.9718758734810227 
-0.7900993065331741 -0.9718758734810227 
-0.7900993065331741 -0.9718758734810227 
-0.7900993065331741 -0.9718758734810227 
-0.7900993065331741 -0.9718758734810227 
-0.7900993065331741 -0.9718758734810227 
-0.7900993065331741 -0.9718758734810227 
-0.7900993065331741 -0.9718758734810227 
-0.7900993065331741 -0.9718758734810227 
-0.7900993065331741 -0.9718758734810227 
-0.7900993065331741 -0.9718758734810227 
-0.7900993065331741 -0.9718758734810227 
-0.7900993065331741 -0.9718758734810227 
-0.7900993065331741 -0.9718758734810227 
-0.7900993065331741 -0.9718758734810227 
-0.7900993065331741 -0.9718758734810227 
-0.7900993065331741 -0.9718758734810227 
-0.7900993065331741 -0.9718758734810227 
-0.7900993065331741 -0.9718758734810227 
-0.7900993065331741 -0.9718758734810227 
-0.7900993065331741 -0.9718758734810227 
-0.7900993065331741 -0.9718758734810227 
-0.7900993065331741 -0.9718758734810227 
-0.7900993065331741 -0.9718758734810227 
-0.7900993065331741 -0.9718758734810227 
-0.7900993065331741 -0.9718758734810227 
-0.7900993065331741 -0.9718758734810227 
-0.7900993065331741 -0.9718758734810227 
-0.5566329209111069 -0.9988943416455407 
