-0.0 -0.9999489795918367 
-0.5000010172691614 -0.9997896168753727 
-0.6876776253254999 -0.9891342816909366 
-0.7439015626271575 -0.9517349246384733 
-0.5866743042056289 -0.9975632357186467 
-0.7120073587788069 -0.9752533254277088 
-0.5692601163938482 -0.9985391141398458 
-0.6976732171662771 -0.982557107631595 
-0.7384350849450405 -0.9546003253987029 
-0.6677678444227887 -0.9917621953432296 
-0.5379959069337361 -0.9990091472388081 
-0.7097520697029548 -0.9767866218458321 
-0.7207398637547451 -0.9570501727512376 
-0.6511697434858305 -0.9935599283756648 
-0.7147110444794824 -0.9599470167132174 
-0.699754012301401 -0.9795174331541421 
-0.7287818172223021 -0.9551219894358688 
-0.6572771698514329 -0.9923512899976032 
-0.6342162505223877 -0.9940551565694336 
-0.6053241831200087 -0.9948635091786974 
-0.6217617476670066 -0.994364661431041 
-0.6012861663487746 -0.9949787844338436 
-0.6188689541744995 -0.9945263720586882 
-0.6543089294608667 -0.9927713909180402 
-0.5968939260213346 -0.9950462608171093 
-0.5920758574142158 -0.9951057217050586 
-0.6295834644252494 -0.9941726982654637 
-0.6558131990931002 -0.9925257673290573 
-0.6384754136289494 -0.9936841317072066 
-0.6090627412164059 -0.9947033746426676 
-0.6125446875297936 -0.9946452938345868 
-0.6527619786509369 -0.992900758163418 
-0.6158041920480982 -0.9945858329466375 
-0.6319507871557013 -0.9941132373775144 
-0.6363885801078234 -0.9937382769845988 
-0.6245015291042992 -0.994176835313395 
-0.7584224838145238 -0.9309956348173789 
-0.7584224838145238 -0.9309956348173789 
-0.7584224838145238 -0.9309956348173789 
-0.750708761670847 -0.9326803985303539 
-0.750708761670847 -0.9326803985303539 
-0.750708761670847 -0.9326803985303539 
-0.750708761670847 -0.9326803985303539 
-0.750708761670847 -0.9326803985303539 
-0.750708761670847 -0.9326803985303539 
-0.750708761670847 -0.9326803985303539 
-0.750708761670847 -0.9326803985303539 
-0.750708761670847 -0.9326803985303539 
-0.750708761670847 -0.9326803985303539 
-0.750708761670847 -0.9326803985303539 
-0.750708761670847 -0.9326803985303539 
-0.750708761670847 -0.9326803985303539 
-0.750708761670847 -0.9326803985303539 
-0.750708761670847 -0.9326803985303539 
-0.750708761670847 -0.9326803985303539 
-0.750708761670847 -0.9326803985303539 
-0.750708761670847 -0.9326803985303539 
-0.750708761670847 -0.9326803985303539 
-0.750708761670847 -0.9326803985303539 
-0.750708761670847 -0.9326803985303539 
-0.750708761670847 -0.9326803985303539 
-0.750708761670847 -0.9326803985303539 
-0.750708761670847 -0.9326803985303539 
-0.750708761670847 -0.9326803985303539 
-0.750708761670847 -0.9326803985303539 
-0.750708761670847 -0.9326803985303539 
-0.750708761670847 -0.9326803985303539 
-0.750708761670847 -0.9326803985303539 
-0.750708761670847 -0.9326803985303539 
-0.750708761670847 -0.9326803985303539 
-0.750708761670847 -0.9326803985303539 
-0.750708761670847 -0.9326803985303539 
-0.750708761670847 -0.9326803985303539 
-0.750708761670847 -0.9326803985303539 
-0.750708761670847 -0.9326803985303539 
-0.750708761670847 -0.9326803985303539 
-0.750708761670847 -0.9326803985303539 
-0.750708761670847 -0.9326803985303539 
-0.750708761670847 -0.9326803985303539 
-0.750708761670847 -0.9326803985303539 
-0.750708761670847 -0.9326803985303539 
-0.750708761670847 -0.9326803985303539 
-0.750708761670847 -0.9326803985303539 
-0.750708761670847 -0.9326803985303539 
-0.750708761670847 -0.9326803985303539 
-0.750708761670847 -0.9326803985303539 
-0.750708761670847 -0.9326803985303539 
-0.750708761670847 -0.9326803985303539 
-0.750708761670847 -0.9326803985303539 
-0.750708761670847 -0.9326803985303539 
-0.750708761670847 -0.9326803985303539 
-0.750708761670847 -0.9326803985303539 
-0.750708761670847 -0.9326803985303539 
-0.750708761670847 -0.9326803985303539 
-0.750708761670847 -0.9326803985303539 
-0.750708761670847 -0.9326803985303539 
-0.750708761670847 -0.9326803985303539 
-0.750708761670847 -0.9326803985303539 
-0.750708761670847 -0.9326803985303539 
-0.750708761670847 -0.9326803985303539 
