-0.0 -0.9998843555093555 
-0.7646912061867017 -0.9659020966914917 
-0.7276170255174372 -0.9834607500332817 
-0.7097520697029548 -0.9883111956046838 
-0.7427926965816251 -0.970366290617479 
-0.6876776253254999 -0.9925465411452743 
-0.6721964626647009 -0.994343055250461 
-0.6511697434858305 -0.9966225289642524 
-0.6158041920480982 -0.9975805867294675 
-0.5807398447749113 -0.9984131207195672 
-0.5000021798982867 -0.9996568138516668 
-0.5520471636397453 -0.9988625889343107 
-0.6389954018697317 -0.9967003307763403 
-0.6922100008647587 -0.9885828265393634 
-0.5934130455224904 -0.9977311202186404 
-0.5745608674752889 -0.9984500205784917 
-0.6067061765302306 -0.9976370849523598 
-0.5440962310962162 -0.9990806579366444 
-0.525380609869206 -0.9991835730212831 
-0.617037332248122 -0.9969733503822287 
-0.5408190580271792 -0.9991028265568829 
-0.5273879907057624 -0.9991638399451575 
-0.6723524546743632 -0.9926564959196601 
-0.5000046953206492 -0.9996486591998787 
-0.7806035706221157 -0.9503833163226921 
-0.7806035706221157 -0.9503833163226921 
-0.7731781599967288 -0.951128941694498 
-0.7731781599967288 -0.951128941694498 
-0.7731781599967288 -0.951128941694498 
-0.7731781599967288 -0.951128941694498 
-0.7731781599967288 -0.951128941694498 
-0.7731781599967288 -0.951128941694498 
-0.7731781599967288 -0.951128941694498 
-0.7731781599967288 -0.951128941694498 
-0.7731781599967288 -0.951128941694498 
-0.7731781599967288 -0.951128941694498 
-0.7731781599967288 -0.951128941694498 
-0.7731781599967288 -0.951128941694498 
-0.7731781599967288 -0.951128941694498 
-0.7731781599967288 -0.951128941694498 
-0.7731781599967288 -0.951128941694498 
-0.7731781599967288 -0.951128941694498 
-0.7731781599967288 -0.951128941694498 
-0.7731781599967288 -0.951128941694498 
-0.7731781599967288 -0.951128941694498 
-0.7731781599967288 -0.951128941694498 
-0.7731781599967288 -0.951128941694498 
-0.7731781599967288 -0.951128941694498 
-0.7731781599967288 -0.951128941694498 
-0.7731781599967288 -0.951128941694498 
-0.7731781599967288 -0.951128941694498 
-0.7731781599967288 -0.951128941694498 
-0.7731781599967288 -0.951128941694498 
-0.7731781599967288 -0.951128941694498 
-0.7731781599967288 -0.951128941694498 
-0.7731781599967288 -0.951128941694498 
-0.7731781599967288 -0.951128941694498 
-0.7731781599967288 -0.951128941694498 
-0.7731781599967288 -0.951128941694498 
-0.7731781599967288 -0.951128941694498 
-0.7731781599967288 -0.951128941694498 
-0.7731781599967288 -0.951128941694498 
-0.7731781599967288 -0.951128941694498 
-0.7731781599967288 -0.951128941694498 
-0.7731781599967288 -0.951128941694498 
-0.7731781599967288 -0.951128941694498 
-0.7731781599967288 -0.951128941694498 
-0.7731781599967288 -0.951128941694498 
-0.7731781599967288 -0.951128941694498 
-0.7731781599967288 -0.951128941694498 
-0.7731781599967288 -0.951128941694498 
-0.7731781599967288 -0.951128941694498 
-0.7731781599967288 -0.951128941694498 
-0.7731781599967288 -0.951128941694498 
-0.7731781599967288 -0.951128941694498 
-0.7731781599967288 -0.951128941694498 
-0.7731781599967288 -0.951128941694498 
-0.7731781599967288 -0.951128941694498 
-0.7731781599967288 -0.951128941694498 
-0.7731781599967288 -0.951128941694498 
-0.7731781599967288 -0.951128941694498 
-0.7731781599967288 -0.951128941694498 
-0.7731781599967288 -0.951128941694498 
-0.7731781599967288 -0.951128941694498 
-0.7731781599967288 -0.951128941694498 
-0.7731781599967288 -0.951128941694498 
-0.7731781599967288 -0.951128941694498 
-0.7731781599967288 -0.951128941694498 
-0.7731781599967288 -0.951128941694498 
-0.7731781599967288 -0.951128941694498 
-0.7731781599967288 -0.951128941694498 
-0.7731781599967288 -0.951128941694498 
-0.7731781599967288 -0.951128941694498 
-0.7731781599967288 -0.951128941694498 
-0.7731781599967288 -0.951128941694498 
-0.7731781599967288 -0.951128941694498 
-0.7731781599967288 -0.951128941694498 
-0.7731781599967288 -0.951128941694498 
-0.7731781599967288 -0.951128941694498 
-0.7731781599967288 -0.951128941694498 
