-0.7541311392594457 -0.9186652518031083 
-0.5000021798982867 -0.9991790683288908 
-0.7017631069970578 -0.9672541691999003 
-0.7483185811062287 -0.9325132860436197 
-0.7451959220266173 -0.9370359284179643 
-0.6976732171662771 -0.9757694655718774 
-0.6217617476670066 -0.9960976547644464 
-0.6677678444227887 -0.9880521032873738 
-0.6833172585137518 -0.9811833334237352 
-0.525380609869206 -0.9985955963477032 
-0.5520471636397453 -0.9980004369930854 
-0.716788938360871 -0.9518571695043867 
-0.7230833174687493 -0.9486675582928932 
-0.7373538883654327 -0.9407345845844132 
-0.6745112005256402 -0.983556898568558 
-0.7336058127709779 -0.9440369027704207 
-0.6012861663487746 -0.996562662140579 
-0.6404834755468042 -0.9937325523827135 
-0.6587030276101307 -0.9901274583978424 
-0.5408190580271792 -0.9981772096252152 
-0.7187969708021018 -0.9502690303313454 
-0.6627712601467861 -0.9890544829847127 
-0.7120073587788069 -0.9539373867755497 
-0.7266531110566533 -0.9448218504502035 
-0.7108904459835232 -0.9551290007095808 
-0.6460913567354767 -0.9928558706290805 
-0.6319507871557013 -0.9941797287116543 
-0.6893328198684835 -0.9764059541714932 
-0.6527619786509369 -0.9914642408248253 
-0.6245015291042992 -0.9952737390238132 
-0.6851015467656751 -0.9772613638986347 
-0.6271042502223728 -0.9947165125485185 
-0.6755602425538313 -0.9826252630880269 
-0.5920758574142158 -0.9967954048500659 
-0.7091745606296822 -0.9556345322939264 
-0.6511697434858305 -0.992164206775163 
-0.7068063287041381 -0.9558328559660433 
-0.6653258221367045 -0.9884136976550765 
-0.5738942469018073 -0.9970337991161262 
-0.6805313484934384 -0.9813537906315563 
-0.5659017097064563 -0.997101275499392 
-0.7308384282638103 -0.9441764587026595 
-0.7351326603368505 -0.9422309673933867 
-0.649529371527523 -0.9923086318438397 
-0.642418717883985 -0.9931107745245525 
-0.6558131990931002 -0.990445157817286 
-0.750708761670847 -0.9195212907101493 
-0.7212159167695392 -0.9488927990032634 
-0.5807398447749113 -0.9969247120859235 
-0.7355084964051994 -0.9418490668156305 
-0.5867357397754421 -0.9968628812333318 
-0.6947776079989193 -0.9758315691659577 
-0.7498231265183287 -0.9196813758051875 
-0.5562709617402561 -0.9971475321093235 
-0.6342162505223877 -0.9937744072988893 
-0.6859731969727414 -0.9764680577655735 
-0.719288627216111 -0.9489564756367075 
-0.6543089294608667 -0.9904509562194259 
-0.7532928908071158 -0.9190022795416712 
-0.7532928908071158 -0.9190022795416712 
-0.7532928908071158 -0.9190022795416712 
-0.7532928908071158 -0.9190022795416712 
-0.7532928908071158 -0.9190022795416712 
-0.7532928908071158 -0.9190022795416712 
-0.7532928908071158 -0.9190022795416712 
-0.7532928908071158 -0.9190022795416712 
-0.7532928908071158 -0.9190022795416712 
-0.7532928908071158 -0.9190022795416712 
-0.7532928908071158 -0.9190022795416712 
-0.7532928908071158 -0.9190022795416712 
-0.7532928908071158 -0.9190022795416712 
-0.7532928908071158 -0.9190022795416712 
-0.7532928908071158 -0.9190022795416712 
-0.7532928908071158 -0.9190022795416712 
-0.7532928908071158 -0.9190022795416712 
-0.7532928908071158 -0.9190022795416712 
-0.7532928908071158 -0.9190022795416712 
-0.7532928908071158 -0.9190022795416712 
-0.7532928908071158 -0.9190022795416712 
-0.7532928908071158 -0.9190022795416712 
-0.7532928908071158 -0.9190022795416712 
-0.7532928908071158 -0.9190022795416712 
-0.7532928908071158 -0.9190022795416712 
-0.7532928908071158 -0.9190022795416712 
-0.7532928908071158 -0.9190022795416712 
-0.7532928908071158 -0.9190022795416712 
-0.7532928908071158 -0.9190022795416712 
-0.7532928908071158 -0.9190022795416712 
-0.7532928908071158 -0.9190022795416712 
-0.7532928908071158 -0.9190022795416712 
-0.7532928908071158 -0.9190022795416712 
-0.7532928908071158 -0.9190022795416712 
-0.7532928908071158 -0.9190022795416712 
-0.7532928908071158 -0.9190022795416712 
-0.7532928908071158 -0.9190022795416712 
-0.7532928908071158 -0.9190022795416712 
-0.7532928908071158 -0.9190022795416712 
-0.7532928908071158 -0.9190022795416712 
-0.7532928908071158 -0.9190022795416712 
-0.7532928908071158 -0.9190022795416712 
