-0.0 -0.9998273923444976 
-0.7657597903614769 -0.9840451843647438 
-0.7257802368235206 -0.9903986304550888 
-0.5000021798982867 -0.9996279522906983 
-0.6876776253254999 -0.9926460136030681 
-0.5408190580271792 -0.9994080516176631 
-0.5745608674752889 -0.9974402709200418 
-0.7308384282638103 -0.9872635153532999 
-0.6342162505223877 -0.995318315815478 
-0.6511697434858305 -0.9944139593227337 
-0.5562709617402561 -0.9978565514625695 
-0.6587030276101307 -0.9935477646997518 
-0.5440962310962162 -0.9986568711503799 
-0.6053241831200087 -0.9961818204292586 
-0.6543089294608667 -0.9938801354113351 
-0.6188689541744995 -0.9955968204074741 
-0.6158041920480982 -0.9958349949719772 
-0.6125446875297936 -0.9958959030561412 
-0.5807398447749113 -0.9963691451184976 
-0.5920758574142158 -0.9963006995279152 
-0.6012861663487746 -0.9962427285134225 
-0.5867357397754421 -0.9963136409556854 
-0.5968939260213346 -0.996245195365103 
-0.8078191641498358 -0.9671389887564723 
-0.8078191641498358 -0.9671389887564723 
-0.8078191641498358 -0.9671389887564723 
-0.8078191641498358 -0.9671389887564723 
-0.8078191641498358 -0.9671389887564723 
-0.8078191641498358 -0.9671389887564723 
-0.8078191641498358 -0.9671389887564723 
-0.8078191641498358 -0.9671389887564723 
-0.8078191641498358 -0.9671389887564723 
-0.8078191641498358 -0.9671389887564723 
-0.8078191641498358 -0.9671389887564723 
-0.8078191641498358 -0.9671389887564723 
-0.8078191641498358 -0.9671389887564723 
-0.8078191641498358 -0.9671389887564723 
-0.8078191641498358 -0.9671389887564723 
-0.8078191641498358 -0.9671389887564723 
-0.8078191641498358 -0.9671389887564723 
-0.8078191641498358 -0.9671389887564723 
-0.8078191641498358 -0.9671389887564723 
-0.8078191641498358 -0.9671389887564723 
-0.8078191641498358 -0.9671389887564723 
-0.8078191641498358 -0.9671389887564723 
-0.8078191641498358 -0.9671389887564723 
-0.8078191641498358 -0.9671389887564723 
-0.8078191641498358 -0.9671389887564723 
-0.8078191641498358 -0.9671389887564723 
-0.8078191641498358 -0.9671389887564723 
-0.8078191641498358 -0.9671389887564723 
-0.8078191641498358 -0.9671389887564723 
-0.8078191641498358 -0.9671389887564723 
-0.8078191641498358 -0.9671389887564723 
-0.8078191641498358 -0.9671389887564723 
-0.8078191641498358 -0.9671389887564723 
-0.8078191641498358 -0.9671389887564723 
-0.8078191641498358 -0.9671389887564723 
-0.8078191641498358 -0.9671389887564723 
-0.8078191641498358 -0.9671389887564723 
-0.8078191641498358 -0.9671389887564723 
-0.8078191641498358 -0.9671389887564723 
-0.8078191641498358 -0.9671389887564723 
-0.8078191641498358 -0.9671389887564723 
-0.8078191641498358 -0.9671389887564723 
-0.8078191641498358 -0.9671389887564723 
-0.8078191641498358 -0.9671389887564723 
-0.8078191641498358 -0.9671389887564723 
-0.8078191641498358 -0.9671389887564723 
-0.8078191641498358 -0.9671389887564723 
-0.8078191641498358 -0.9671389887564723 
-0.8078191641498358 -0.9671389887564723 
-0.8078191641498358 -0.9671389887564723 
-0.8078191641498358 -0.9671389887564723 
-0.8078191641498358 -0.9671389887564723 
-0.8078191641498358 -0.9671389887564723 
-0.8078191641498358 -0.9671389887564723 
-0.8078191641498358 -0.9671389887564723 
-0.8078191641498358 -0.9671389887564723 
-0.8078191641498358 -0.9671389887564723 
-0.8078191641498358 -0.9671389887564723 
-0.8078191641498358 -0.9671389887564723 
-0.8078191641498358 -0.9671389887564723 
-0.8078191641498358 -0.9671389887564723 
-0.8078191641498358 -0.9671389887564723 
-0.8078191641498358 -0.9671389887564723 
-0.8078191641498358 -0.9671389887564723 
-0.8078191641498358 -0.9671389887564723 
-0.8078191641498358 -0.9671389887564723 
-0.8078191641498358 -0.9671389887564723 
-0.8078191641498358 -0.9671389887564723 
-0.8078191641498358 -0.9671389887564723 
-0.8078191641498358 -0.9671389887564723 
-0.8078191641498358 -0.9671389887564723 
-0.8078191641498358 -0.9671389887564723 
-0.8078191641498358 -0.9671389887564723 
-0.8078191641498358 -0.9671389887564723 
-0.8078191641498358 -0.9671389887564723 
-0.8078191641498358 -0.9671389887564723 
-0.8078191641498358 -0.9671389887564723 
