-0.0 -0.9990389533449211 
-0.7657597903614769 -0.9946167683952748 
-0.7257802368235206 -0.9957296138760787 
-0.5000046953206492 -0.9989834491821089 
-0.6677678444227887 -0.9971615334514106 
-0.6511697434858305 -0.9974671753634321 
-0.5562709617402561 -0.9988630507576277 
-0.6876776253254999 -0.9967033757492265 
-0.5920758574142158 -0.9984479919301159 
-0.6158041920480982 -0.9981500772895093 
-0.6188689541744995 -0.9980403639430236 
-0.5273879907057624 -0.9989210217721205 
-0.6893328198684835 -0.9964689945993327 
-0.5807398447749113 -0.9985577052766016 
-0.5659017097064563 -0.9986095835279021 
-0.6271042502223728 -0.9975212036236724 
-0.5738942469018073 -0.998560599493069 
-0.8078191641498358 -0.976031305547933 
-0.8078191641498358 -0.976031305547933 
-0.8078191641498358 -0.976031305547933 
-0.8078191641498358 -0.976031305547933 
-0.8078191641498358 -0.976031305547933 
-0.8078191641498358 -0.976031305547933 
-0.8078191641498358 -0.976031305547933 
-0.8078191641498358 -0.976031305547933 
-0.8078191641498358 -0.976031305547933 
-0.8078191641498358 -0.976031305547933 
-0.8078191641498358 -0.976031305547933 
-0.8078191641498358 -0.976031305547933 
-0.8078191641498358 -0.976031305547933 
-0.8078191641498358 -0.976031305547933 
-0.8078191641498358 -0.976031305547933 
-0.8078191641498358 -0.976031305547933 
-0.8078191641498358 -0.976031305547933 
-0.8078191641498358 -0.976031305547933 
-0.8078191641498358 -0.976031305547933 
-0.8078191641498358 -0.976031305547933 
-0.8078191641498358 -0.976031305547933 
-0.8078191641498358 -0.976031305547933 
-0.8078191641498358 -0.976031305547933 
-0.8078191641498358 -0.976031305547933 
-0.8078191641498358 -0.976031305547933 
-0.8078191641498358 -0.976031305547933 
-0.8078191641498358 -0.976031305547933 
-0.8078191641498358 -0.976031305547933 
-0.8078191641498358 -0.976031305547933 
-0.8078191641498358 -0.976031305547933 
-0.8078191641498358 -0.976031305547933 
-0.8078191641498358 -0.976031305547933 
-0.8078191641498358 -0.976031305547933 
-0.8078191641498358 -0.976031305547933 
-0.8078191641498358 -0.976031305547933 
-0.8078191641498358 -0.976031305547933 
-0.8078191641498358 -0.976031305547933 
-0.8078191641498358 -0.976031305547933 
-0.8078191641498358 -0.976031305547933 
-0.8078191641498358 -0.976031305547933 
-0.8078191641498358 -0.976031305547933 
-0.8078191641498358 -0.976031305547933 
-0.8078191641498358 -0.976031305547933 
-0.8078191641498358 -0.976031305547933 
-0.8078191641498358 -0.976031305547933 
-0.8078191641498358 -0.976031305547933 
-0.8078191641498358 -0.976031305547933 
-0.8078191641498358 -0.976031305547933 
-0.8078191641498358 -0.976031305547933 
-0.8078191641498358 -0.976031305547933 
-0.8078191641498358 -0.976031305547933 
-0.8078191641498358 -0.976031305547933 
-0.8078191641498358 -0.976031305547933 
-0.8078191641498358 -0.976031305547933 
-0.8078191641498358 -0.976031305547933 
-0.8078191641498358 -0.976031305547933 
-0.8078191641498358 -0.976031305547933 
-0.8078191641498358 -0.976031305547933 
-0.8078191641498358 -0.976031305547933 
-0.8078191641498358 -0.976031305547933 
-0.8078191641498358 -0.976031305547933 
-0.8078191641498358 -0.976031305547933 
-0.8078191641498358 -0.976031305547933 
-0.8078191641498358 -0.976031305547933 
-0.8078191641498358 -0.976031305547933 
-0.8078191641498358 -0.976031305547933 
-0.8078191641498358 -0.976031305547933 
-0.8078191641498358 -0.976031305547933 
-0.8078191641498358 -0.976031305547933 
-0.8078191641498358 -0.976031305547933 
-0.8078191641498358 -0.976031305547933 
-0.8078191641498358 -0.976031305547933 
-0.8078191641498358 -0.976031305547933 
-0.8078191641498358 -0.976031305547933 
-0.8078191641498358 -0.976031305547933 
-0.8078191641498358 -0.976031305547933 
-0.8078191641498358 -0.976031305547933 
-0.8078191641498358 -0.976031305547933 
-0.8078191641498358 -0.976031305547933 
-0.8078191641498358 -0.976031305547933 
-0.8078191641498358 -0.976031305547933 
-0.8078191641498358 -0.976031305547933 
-0.8078191641498358 -0.976031305547933 
