-0.5000010172691614 -0.9989889912815512 
-0.7115865974830151 -0.9454496409015921 
-0.6408223649168845 -0.9832978310708375 
-0.6196791565230694 -0.9949891242812068 
-0.6944316296840005 -0.9500968460564834 
-0.6840120200755003 -0.9580872823597638 
-0.5961827742554631 -0.9978662764315752 
-0.6162440565008696 -0.9954539905604105 
-0.5866743042056289 -0.9983265599379864 
-0.626589374912809 -0.9883759149230643 
-0.598931247680915 -0.9969171942802284 
-0.6360284386574604 -0.9840249778180793 
-0.6481128416230615 -0.976559583664495 
-0.673911808160036 -0.9637423710297671 
-0.6444438084284709 -0.9774887773153609 
-0.7129971797246016 -0.941134430882209 
-0.5484136056135402 -0.9987652472646578 
-0.5379959069337361 -0.9988740262307897 
-0.6891248252425795 -0.9521505583957541 
-0.5236481267903274 -0.998933487118739 
-0.6221248367026114 -0.9892542263382671 
-0.6286543955032862 -0.9872137344938048 
-0.5634399514332546 -0.9985509916131458 
-0.6209294982054923 -0.9898360996991029 
-0.6655679673473331 -0.9647388038586027 
-0.5566329209111069 -0.998606495775958 
-0.6453887785965029 -0.976963430827459 
-0.5692601163938482 -0.9984397131538182 
-0.6685140329844806 -0.9642896056990387 
-0.5743503460339298 -0.9983842089910059 
-0.6376871615794448 -0.9834606846327066 
-0.6196986133707738 -0.9900965586566023 
-0.7228767510324673 -0.937084433087467 
-0.7228767510324673 -0.937084433087467 
-0.6964047436859938 -0.9456135929290093 
-0.6964047436859938 -0.9456135929290093 
-0.6964047436859938 -0.9456135929290093 
-0.6964047436859938 -0.9456135929290093 
-0.6964047436859938 -0.9456135929290093 
-0.6964047436859938 -0.9456135929290093 
-0.6964047436859938 -0.9456135929290093 
-0.6964047436859938 -0.9456135929290093 
-0.6964047436859938 -0.9456135929290093 
-0.6964047436859938 -0.9456135929290093 
-0.6964047436859938 -0.9456135929290093 
-0.6964047436859938 -0.9456135929290093 
-0.6964047436859938 -0.9456135929290093 
-0.6964047436859938 -0.9456135929290093 
-0.692025834379054 -0.9507991876406294 
-0.692025834379054 -0.9507991876406294 
-0.692025834379054 -0.9507991876406294 
-0.692025834379054 -0.9507991876406294 
-0.692025834379054 -0.9507991876406294 
-0.692025834379054 -0.9507991876406294 
-0.692025834379054 -0.9507991876406294 
-0.692025834379054 -0.9507991876406294 
-0.692025834379054 -0.9507991876406294 
-0.692025834379054 -0.9507991876406294 
-0.692025834379054 -0.9507991876406294 
-0.692025834379054 -0.9507991876406294 
-0.692025834379054 -0.9507991876406294 
-0.692025834379054 -0.9507991876406294 
-0.6879913389673888 -0.9559050772723681 
-0.6879913389673888 -0.9559050772723681 
-0.6879913389673888 -0.9559050772723681 
-0.6879913389673888 -0.9559050772723681 
-0.6792243302651824 -0.96241501884742 
-0.6792243302651824 -0.96241501884742 
-0.6792243302651824 -0.96241501884742 
-0.6792243302651824 -0.96241501884742 
-0.6792243302651824 -0.96241501884742 
-0.6792243302651824 -0.96241501884742 
-0.6754195815536652 -0.9633587216506909 
-0.6754195815536652 -0.9633587216506909 
-0.6754195815536652 -0.9633587216506909 
-0.6679392064468397 -0.9643551544795265 
-0.6679392064468397 -0.9643551544795265 
-0.6643364954899188 -0.9653242933195042 
-0.6643364954899188 -0.9653242933195042 
-0.6630722110935955 -0.9675783096578885 
-0.6630722110935955 -0.9675783096578885 
-0.6590629903721996 -0.975553303677004 
-0.6590629903721996 -0.975553303677004 
-0.6306224240061452 -0.9859915283523633 
-0.6306224240061452 -0.9859915283523633 
-0.6306224240061452 -0.9859915283523633 
-0.6306224240061452 -0.9859915283523633 
-0.6296499424084671 -0.986822198022434 
-0.6296499424084671 -0.986822198022434 
-0.6296499424084671 -0.986822198022434 
-0.7203287486052137 -0.9409518525397699 
-0.6964047436859938 -0.9456135929290093 
-0.6221248367026114 -0.9892542263382671 
-0.6964047436859938 -0.9456135929290093 
