-0.0 -0.9987949248394435 
-0.7693528492982 -0.9894385341221642 
-0.7489247580627282 -0.9917569726621037 
-0.5000046953206492 -0.9987428840231171 
-0.699754012301401 -0.9964829616945715 
-0.7324351234282586 -0.9947205029180394 
-0.7759867126287336 -0.9776588962957582 
-0.6627712601467861 -0.997277543235761 
-0.6271042502223728 -0.9979732930475983 
-0.7257802368235206 -0.9947869481007636 
-0.5659017097064563 -0.9985168835820833 
-0.5273879907057624 -0.9986873798603048 
-0.6012861663487746 -0.998206328884715 
-0.7657597903614769 -0.989508220533314 
-0.6876776253254999 -0.9965494068772958 
-0.6511697434858305 -0.9973409681829069 
-0.5440962310962162 -0.9986291510299198 
-0.6158041920480982 -0.9980338991082044 
-0.5807398447749113 -0.9983381255256503 
-0.5920758574142158 -0.9982801545111575 
-0.5562709617402561 -0.9985736468671076 
-0.6723524546743632 -0.9966129044144533 
-0.6363885801078234 -0.997401564848648 
-0.8078191641498358 -0.9758952348584355 
-0.8078191641498358 -0.9758952348584355 
-0.8078191641498358 -0.9758952348584355 
-0.8078191641498358 -0.9758952348584355 
-0.8078191641498358 -0.9758952348584355 
-0.8078191641498358 -0.9758952348584355 
-0.8078191641498358 -0.9758952348584355 
-0.8078191641498358 -0.9758952348584355 
-0.8078191641498358 -0.9758952348584355 
-0.8078191641498358 -0.9758952348584355 
-0.8078191641498358 -0.9758952348584355 
-0.8078191641498358 -0.9758952348584355 
-0.8078191641498358 -0.9758952348584355 
-0.8078191641498358 -0.9758952348584355 
-0.8078191641498358 -0.9758952348584355 
-0.8078191641498358 -0.9758952348584355 
-0.8078191641498358 -0.9758952348584355 
-0.8078191641498358 -0.9758952348584355 
-0.8078191641498358 -0.9758952348584355 
-0.8078191641498358 -0.9758952348584355 
-0.8078191641498358 -0.9758952348584355 
-0.8078191641498358 -0.9758952348584355 
-0.8078191641498358 -0.9758952348584355 
-0.8078191641498358 -0.9758952348584355 
-0.8078191641498358 -0.9758952348584355 
-0.8078191641498358 -0.9758952348584355 
-0.8078191641498358 -0.9758952348584355 
-0.8078191641498358 -0.9758952348584355 
-0.8078191641498358 -0.9758952348584355 
-0.8078191641498358 -0.9758952348584355 
-0.8078191641498358 -0.9758952348584355 
-0.8078191641498358 -0.9758952348584355 
-0.8078191641498358 -0.9758952348584355 
-0.8078191641498358 -0.9758952348584355 
-0.8078191641498358 -0.9758952348584355 
-0.8078191641498358 -0.9758952348584355 
-0.8078191641498358 -0.9758952348584355 
-0.8078191641498358 -0.9758952348584355 
-0.8078191641498358 -0.9758952348584355 
-0.8078191641498358 -0.9758952348584355 
-0.8078191641498358 -0.9758952348584355 
-0.8078191641498358 -0.9758952348584355 
-0.8078191641498358 -0.9758952348584355 
-0.8078191641498358 -0.9758952348584355 
-0.8078191641498358 -0.9758952348584355 
-0.8078191641498358 -0.9758952348584355 
-0.8078191641498358 -0.9758952348584355 
-0.8078191641498358 -0.9758952348584355 
-0.8078191641498358 -0.9758952348584355 
-0.8078191641498358 -0.9758952348584355 
-0.8078191641498358 -0.9758952348584355 
-0.8078191641498358 -0.9758952348584355 
-0.8078191641498358 -0.9758952348584355 
-0.8078191641498358 -0.9758952348584355 
-0.8078191641498358 -0.9758952348584355 
-0.8078191641498358 -0.9758952348584355 
-0.8078191641498358 -0.9758952348584355 
-0.8078191641498358 -0.9758952348584355 
-0.8078191641498358 -0.9758952348584355 
-0.8078191641498358 -0.9758952348584355 
-0.8078191641498358 -0.9758952348584355 
-0.8078191641498358 -0.9758952348584355 
-0.8078191641498358 -0.9758952348584355 
-0.8078191641498358 -0.9758952348584355 
-0.8078191641498358 -0.9758952348584355 
-0.8078191641498358 -0.9758952348584355 
-0.8078191641498358 -0.9758952348584355 
-0.8078191641498358 -0.9758952348584355 
-0.8078191641498358 -0.9758952348584355 
-0.8078191641498358 -0.9758952348584355 
-0.8078191641498358 -0.9758952348584355 
-0.8078191641498358 -0.9758952348584355 
-0.8078191641498358 -0.9758952348584355 
-0.8078191641498358 -0.9758952348584355 
-0.8078191641498358 -0.9758952348584355 
-0.8078191641498358 -0.9758952348584355 
-0.8078191641498358 -0.9758952348584355 
