-0.7439015626271575 -0.9391426270968908 
-0.0 -0.9998823366555925 
-0.5000046953206492 -0.9994466484902155 
-0.5659017097064563 -0.9988992218770969 
-0.6932736616051567 -0.9784922413960151 
-0.5273879907057624 -0.9993276008711679 
-0.671241085758055 -0.9873975104807435 
-0.7049655122081812 -0.9652578976107067 
-0.5562709617402561 -0.9990631008720912 
-0.649529371527523 -0.992566701572374 
-0.6842163819489444 -0.9799700111745931 
-0.6785950509492333 -0.9841149782599752 
-0.6012861663487746 -0.9949828136385691 
-0.6776014705208607 -0.9846797812540145 
-0.6511697434858305 -0.9897737689868031 
-0.6990686416698224 -0.9736286775462827 
-0.6342162505223877 -0.9935037084538477 
-0.5867357397754421 -0.9953371709523957 
-0.5807398447749113 -0.9954576908906925 
-0.6723524546743632 -0.9853612350350316 
-0.6805313484934384 -0.9809480466568437 
-0.6627712601467861 -0.9881812092170551 
-0.6090627412164059 -0.9941535647505325 
-0.5968939260213346 -0.9951097910494561 
-0.6053241831200087 -0.9942932317454152 
-0.6600927829561894 -0.9883671219052367 
-0.6188689541744995 -0.9939236031879459 
-0.5738942469018073 -0.9955144541757166 
-0.6158041920480982 -0.9939860305979343 
-0.642418717883985 -0.9928495919809996 
-0.6245015291042992 -0.9936884603662703 
-0.6677678444227887 -0.9876455218713756 
-0.5920758574142158 -0.9951656100206706 
-0.6814752453925828 -0.9802201163562034 
-0.6665602522977072 -0.9877010260341877 
-0.6478377279567749 -0.9926804621057133 
-0.6442864348214682 -0.9927886889612552 
-0.661448289552017 -0.9883046944952483 
-0.6217617476670066 -0.993745336656929 
-0.6271042502223728 -0.9935657475979692 
-0.6795714749869882 -0.9810048099418679 
-0.6460913567354767 -0.9926873853528895 
-0.6319507871557013 -0.9935037810438594 
-0.6363885801078234 -0.9928496645710112 
-0.7097520697029548 -0.9526438990527274 
-0.7097520697029548 -0.9526438990527274 
-0.7097520697029548 -0.9526438990527274 
-0.7097520697029548 -0.9526438990527274 
-0.7097520697029548 -0.9526438990527274 
-0.7097520697029548 -0.9526438990527274 
-0.7085913523418435 -0.9537368998891581 
-0.7085913523418435 -0.9537368998891581 
-0.7055855413580514 -0.9642511640480128 
-0.7055855413580514 -0.9642511640480128 
-0.7055855413580514 -0.9642511640480128 
-0.7055855413580514 -0.9642511640480128 
-0.699754012301401 -0.972964445625042 
-0.699754012301401 -0.972964445625042 
-0.6962434747925511 -0.9740492451321514 
-0.6962434747925511 -0.9740492451321514 
-0.6962434747925511 -0.9740492451321514 
-0.6947776079989193 -0.9759115554682423 
-0.6947776079989193 -0.9759115554682423 
-0.6947776079989193 -0.9759115554682423 
-0.6947776079989193 -0.9759115554682423 
-0.6940305232025398 -0.9766846100261221 
-0.6940305232025398 -0.9766846100261221 
-0.6940305232025398 -0.9766846100261221 
-0.6940305232025398 -0.9766846100261221 
-0.6940305232025398 -0.9766846100261221 
-0.6940305232025398 -0.9766846100261221 
-0.6940305232025398 -0.9766846100261221 
-0.6940305232025398 -0.9766846100261221 
-0.6940305232025398 -0.9766846100261221 
-0.6940305232025398 -0.9766846100261221 
-0.6940305232025398 -0.9766846100261221 
-0.6940305232025398 -0.9766846100261221 
-0.6940305232025398 -0.9766846100261221 
-0.6940305232025398 -0.9766846100261221 
-0.6940305232025398 -0.9766846100261221 
-0.6940305232025398 -0.9766846100261221 
-0.6940305232025398 -0.9766846100261221 
-0.6940305232025398 -0.9766846100261221 
-0.6940305232025398 -0.9766846100261221 
-0.6940305232025398 -0.9766846100261221 
-0.6940305232025398 -0.9766846100261221 
-0.6940305232025398 -0.9766846100261221 
-0.6940305232025398 -0.9766846100261221 
-0.6940305232025398 -0.9766846100261221 
-0.6940305232025398 -0.9766846100261221 
-0.6940305232025398 -0.9766846100261221 
-0.6940305232025398 -0.9766846100261221 
-0.6940305232025398 -0.9766846100261221 
-0.6940305232025398 -0.9766846100261221 
-0.6940305232025398 -0.9766846100261221 
-0.6940305232025398 -0.9766846100261221 
-0.6940305232025398 -0.9766846100261221 
-0.6940305232025398 -0.9766846100261221 
-0.6940305232025398 -0.9766846100261221 
-0.6940305232025398 -0.9766846100261221 
