-0.5000046953206492 -0.9987428840231171 
-0.72708487380271 -0.9684598712580743 
-0.7147110444794824 -0.9763228357514165 
-0.6404834755468042 -0.9951504723579239 
-0.7527047191185219 -0.9381916120001818 
-0.7377943502822909 -0.9479561367554896 
-0.6653258221367045 -0.9878533367650756 
-0.6543089294608667 -0.9894375457577851 
-0.6158041920480982 -0.9964723703836491 
-0.649529371527523 -0.991473338950048 
-0.6955151754766763 -0.9802921458810661 
-0.767203864081964 -0.9298055736380862 
-0.7221568601381951 -0.9699063409011148 
-0.6701071872370147 -0.986672977760655 
-0.7473886977905964 -0.9390669595146081 
-0.6012861663487746 -0.9969897038703843 
-0.5562709617402561 -0.9982527417436364 
-0.6893328198684835 -0.9825962094620004 
-0.7413173433302984 -0.9403334719643943 
-0.7564349816460735 -0.932611756435032 
-0.6805313484934384 -0.9835513142471572 
-0.6460913567354767 -0.9918800478729844 
-0.6188689541744995 -0.9959781506210641 
-0.7178013803731882 -0.9707770713039359 
-0.6755602425538313 -0.9842584533641234 
-0.5800672220441425 -0.9977184503706774 
-0.7323128123259719 -0.9491948388595357 
-0.6295834644252494 -0.9952486457262025 
-0.6917295149123063 -0.9808331942944141 
-0.7593185384169142 -0.9308608365222226 
-0.6868317554601097 -0.9827184097255051 
-0.525380609869206 -0.9987103129193587 
-0.5440962310962162 -0.9984790330641441 
-0.5867357397754421 -0.997233792178958 
-0.671241085758055 -0.9850458018240646 
-0.6734422069634034 -0.9845203338492495 
-0.716276210124215 -0.9711428191102448 
-0.7011010580770073 -0.9765104733279897 
-0.7333051356972372 -0.9488974471565885 
-0.7577342022761153 -0.9312369946370446 
-0.5408190580271792 -0.9985141709170662 
-0.6962434747925511 -0.9771776531484844 
-0.5745608674752889 -0.9977715115951673 
-0.5273879907057624 -0.9986804566131287 
-0.5920758574142158 -0.9971084441402338 
-0.5659017097064563 -0.9978331525737193 
-0.5609166435988 -0.9978887770785972 
-0.7286950150858086 -0.9496480300119174 
-0.7380210503843166 -0.9412217773543166 
-0.6776014705208607 -0.9836448420622831 
-0.5807398447749113 -0.9975153250916476 
-0.6932736616051567 -0.9804143461445707 
-0.6665602522977072 -0.9867900997787079 
-0.7281586135887314 -0.9497704004256041 
-0.7335505117955177 -0.9483916018014568 
-0.7537460768970698 -0.932677824088309 
-0.589386886992521 -0.9971279879231253 
-0.6983751116312127 -0.9765340518531355 
-0.7596303103808564 -0.9303403994494028 
-0.7711677258939046 -0.9283862294556964 
-0.7711677258939046 -0.9283862294556964 
-0.7623639137514113 -0.9302124404823253 
-0.7623639137514113 -0.9302124404823253 
-0.7623639137514113 -0.9302124404823253 
-0.7623639137514113 -0.9302124404823253 
-0.7623639137514113 -0.9302124404823253 
-0.7623639137514113 -0.9302124404823253 
-0.7623639137514113 -0.9302124404823253 
-0.7623639137514113 -0.9302124404823253 
-0.7623639137514113 -0.9302124404823253 
-0.7623639137514113 -0.9302124404823253 
-0.7623639137514113 -0.9302124404823253 
-0.7623639137514113 -0.9302124404823253 
-0.7623639137514113 -0.9302124404823253 
-0.7623639137514113 -0.9302124404823253 
-0.7623639137514113 -0.9302124404823253 
-0.7623639137514113 -0.9302124404823253 
-0.7623639137514113 -0.9302124404823253 
-0.7623639137514113 -0.9302124404823253 
-0.7623639137514113 -0.9302124404823253 
-0.7623639137514113 -0.9302124404823253 
-0.7623639137514113 -0.9302124404823253 
-0.7623639137514113 -0.9302124404823253 
-0.7623639137514113 -0.9302124404823253 
-0.7623639137514113 -0.9302124404823253 
-0.7623639137514113 -0.9302124404823253 
-0.7623639137514113 -0.9302124404823253 
-0.7623639137514113 -0.9302124404823253 
-0.7623639137514113 -0.9302124404823253 
-0.7623639137514113 -0.9302124404823253 
-0.7623639137514113 -0.9302124404823253 
-0.7623639137514113 -0.9302124404823253 
-0.7623639137514113 -0.9302124404823253 
-0.7623639137514113 -0.9302124404823253 
-0.7623639137514113 -0.9302124404823253 
-0.7623639137514113 -0.9302124404823253 
-0.7623639137514113 -0.9302124404823253 
-0.7623639137514113 -0.9302124404823253 
-0.7623639137514113 -0.9302124404823253 
-0.7623639137514113 -0.9302124404823253 
