-0.0 -0.9998435688405797 
-0.762440860475695 -0.9448146076441664 
-0.5000004768410236 -0.9997324510133715 
-0.7120073587788069 -0.9822738491720943 
-0.552912035816897 -0.9990151656457744 
-0.7380767940574386 -0.9733931853904054 
-0.7492256525786711 -0.9701187308815716 
-0.716276210124215 -0.9787676017126966 
-0.5221373891662863 -0.9995757504978275 
-0.6868317554601097 -0.9866452560931047 
-0.7584224838145238 -0.9457738036071555 
-0.7666771610318224 -0.9228747844700895 
-0.7235412575425102 -0.9753426893594254 
-0.5682692155322392 -0.9960884224204335 
-0.7501197344173808 -0.9490314473504575 
-0.6901428623343449 -0.9851332374147463 
-0.7266531110566533 -0.974566427918361 
-0.6012861663487746 -0.994685900456031 
-0.6125446875297936 -0.9938898701808918 
-0.6947776079989193 -0.9829495389049704 
-0.6271042502223728 -0.9929591490339381 
-0.5867357397754421 -0.9952689321168797 
-0.5355382522691869 -0.9991233639975788 
-0.6460913567354767 -0.9910355507330935 
-0.5920758574142158 -0.9949792097752994 
-0.5609166435988 -0.9963463146605257 
-0.5807398447749113 -0.9954505965715708 
-0.6363885801078234 -0.9917328797242787 
-0.6917295149123063 -0.983461024439493 
-0.6587030276101307 -0.9891365842792789 
-0.6342162505223877 -0.9920489194144669 
-0.671241085758055 -0.9878815319556459 
-0.6404834755468042 -0.9912175065041068 
-0.6527619786509369 -0.9898770897859342 
-0.5562709617402561 -0.996494130322338 
-0.649529371527523 -0.9902333972842364 
-0.6543089294608667 -0.9895640325945876 
-0.7708635815218327 -0.9217243664151687 
-0.6295834644252494 -0.9922243256130617 
-0.6745112005256402 -0.9871495952389707 
-0.6511697434858305 -0.9900893702780594 
-0.6876776253254999 -0.9856908440609412 
-0.5968939260213346 -0.9947499248462749 
-0.6245015291042992 -0.9930707136597885 
-0.7131036343315342 -0.9790069968839528 
-0.6090627412164059 -0.9939988050900256 
-0.6627712601467861 -0.9885466279481966 
-0.6765900934759559 -0.9868566148359779 
-0.6677678444227887 -0.9881137014392647 
-0.6188689541744995 -0.993138635504677 
-0.6158041920480982 -0.993194736147459 
-0.6572771698514329 -0.9892589499070215 
-0.6723524546743632 -0.9873070027758202 
-0.6640632805895427 -0.9883697418568981 
-0.661448289552017 -0.9886021321110089 
-0.6653258221367045 -0.9882345934227348 
-0.688511191098045 -0.9852989222357942 
-0.6037236458100125 -0.9941217563532414 
-0.6755602425538313 -0.9869767691896952 
-0.7244468359096616 -0.9746896148340831 
-0.6442864348214682 -0.9910865191200284 
-0.6067061765302306 -0.9940649930682173 
-0.7477064538309127 -0.9701278265156673 
-0.5738942469018073 -0.995506100734383 
-0.6689497862044 -0.9879454111658665 
-0.5745608674752889 -0.995490549248478 
-0.767581545682655 -0.9217508210887803 
-0.642418717883985 -0.9910948941674369 
-0.6558131990931002 -0.9892673249544299 
-0.6701071872370147 -0.9878918913551562 
-0.6217617476670066 -0.9930747562944563 
-0.6319507871557013 -0.9920536954712752 
-0.6053241831200087 -0.9940680529901766 
-0.6665602522977072 -0.9881175407107959 
-0.772547721415775 -0.9215910225539817 
-0.772547721415775 -0.9215910225539817 
-0.772547721415775 -0.9215910225539817 
-0.772547721415775 -0.9215910225539817 
-0.772547721415775 -0.9215910225539817 
-0.772547721415775 -0.9215910225539817 
-0.772547721415775 -0.9215910225539817 
-0.772547721415775 -0.9215910225539817 
-0.772547721415775 -0.9215910225539817 
-0.772547721415775 -0.9215910225539817 
-0.772547721415775 -0.9215910225539817 
-0.772547721415775 -0.9215910225539817 
-0.772547721415775 -0.9215910225539817 
-0.772547721415775 -0.9215910225539817 
-0.772547721415775 -0.9215910225539817 
-0.772547721415775 -0.9215910225539817 
-0.772547721415775 -0.9215910225539817 
-0.772547721415775 -0.9215910225539817 
-0.772547721415775 -0.9215910225539817 
-0.772547721415775 -0.9215910225539817 
-0.772547721415775 -0.9215910225539817 
-0.772547721415775 -0.9215910225539817 
-0.772547721415775 -0.9215910225539817 
-0.772547721415775 -0.9215910225539817 
-0.772547721415775 -0.9215910225539817 
-0.772547721415775 -0.9215910225539817 
