-0.0 -0.9996355141432843 
-0.5000046953206492 -0.9995300099804721 
-0.7183012454512104 -0.9934882221710961 
-0.5440962310962162 -0.9993738487464954 
-0.6271042502223728 -0.9975427489307521 
-0.6600927829561894 -0.9964520586971259 
-0.6363885801078234 -0.9969532380538443 
-0.5807398447749113 -0.9984375277626892 
-0.6158041920480982 -0.9977068073802189 
-0.5562709617402561 -0.9987190437858933 
-0.6012861663487746 -0.9980278815421278 
-0.5738942469018073 -0.998560599493069 
-0.6053241831200087 -0.997913233200948 
-0.5867357397754421 -0.9981842850567254 
-0.5659017097064563 -0.9986095835279021 
-0.5920758574142158 -0.9980748247987342 
-0.7384350849450405 -0.9898903722237884 
-0.7384350849450405 -0.9898903722237884 
-0.6511697434858305 -0.9965470806825105 
-0.6876776253254999 -0.9956114185789354 
-0.6511697434858305 -0.9965470806825105 
-0.699754012301401 -0.9945967230717101 
-0.6511697434858305 -0.9965470806825105 
-0.6511697434858305 -0.9965470806825105 
-0.6158041920480982 -0.9977068073802189 
-0.5659017097064563 -0.9986095835279021 
-0.6511697434858305 -0.9965470806825105 
-0.6627712601467861 -0.9959437991564826 
-0.6363885801078234 -0.9969532380538443 
-0.7257802368235206 -0.9909195820788073 
-0.6363885801078234 -0.9969532380538443 
-0.6511697434858305 -0.9965470806825105 
-0.6723524546743632 -0.9958558706341067 
-0.6600927829561894 -0.9964520586971259 
-0.6511697434858305 -0.9965470806825105 
-0.6511697434858305 -0.9965470806825105 
-0.6271042502223728 -0.9975427489307521 
-0.7384350849450405 -0.9898903722237884 
-0.6511697434858305 -0.9965470806825105 
-0.6511697434858305 -0.9965470806825105 
-0.6511697434858305 -0.9965470806825105 
-0.6511697434858305 -0.9965470806825105 
-0.6511697434858305 -0.9965470806825105 
-0.6511697434858305 -0.9965470806825105 
-0.7384350849450405 -0.9898903722237884 
-0.6723524546743632 -0.9958558706341067 
-0.6511697434858305 -0.9965470806825105 
-0.5738942469018073 -0.998560599493069 
-0.6511697434858305 -0.9965470806825105 
-0.6511697434858305 -0.9965470806825105 
-0.5440962310962162 -0.9993738487464954 
