-0.6999489981397992 -0.9931217237817603 
-0.6582751474814352 -0.9962015597218202 
-0.5000021798982867 -0.9987712210035227 
-0.7082809510081227 -0.9880346550285675 
-0.617037332248122 -0.9976544726750877 
-0.6721964626647009 -0.9939871931121006 
-0.6389954018697317 -0.9969345337593168 
-0.5849679567095176 -0.9983189656457477 
-0.5934130455224904 -0.9980094950817271 
-0.6327208801131252 -0.9970819673740843 
-0.6922100008647587 -0.9932484049243482 
-0.525380609869206 -0.9987169213581326 
-0.5520471636397453 -0.9986057205987591 
-0.7067138329616951 -0.9882021853039411 
-0.6657076051746986 -0.9941352044877829 
-0.5609166435988 -0.9984930505307319 
-0.677960883473158 -0.9934044004546809 
-0.6445586965101117 -0.9963569189207891 
-0.5408190580271792 -0.9986600202441491 
-0.6067061765302306 -0.997713651419049 
-0.5745608674752889 -0.9983756261452852 
-0.7357122026975341 -0.971391299826647 
-0.7357122026975341 -0.971391299826647 
-0.7357122026975341 -0.971391299826647 
-0.7357122026975341 -0.971391299826647 
-0.7357122026975341 -0.971391299826647 
-0.7276170255174372 -0.9739248813816206 
-0.7276170255174372 -0.9739248813816206 
-0.7276170255174372 -0.9739248813816206 
-0.7276170255174372 -0.9739248813816206 
-0.7276170255174372 -0.9739248813816206 
-0.7276170255174372 -0.9739248813816206 
-0.7276170255174372 -0.9739248813816206 
-0.7276170255174372 -0.9739248813816206 
-0.7276170255174372 -0.9739248813816206 
-0.7276170255174372 -0.9739248813816206 
-0.7276170255174372 -0.9739248813816206 
-0.7276170255174372 -0.9739248813816206 
-0.7276170255174372 -0.9739248813816206 
-0.7276170255174372 -0.9739248813816206 
-0.7276170255174372 -0.9739248813816206 
-0.7276170255174372 -0.9739248813816206 
-0.7276170255174372 -0.9739248813816206 
-0.7276170255174372 -0.9739248813816206 
-0.7276170255174372 -0.9739248813816206 
-0.7276170255174372 -0.9739248813816206 
-0.7276170255174372 -0.9739248813816206 
-0.7276170255174372 -0.9739248813816206 
-0.7276170255174372 -0.9739248813816206 
-0.7276170255174372 -0.9739248813816206 
-0.7276170255174372 -0.9739248813816206 
-0.7276170255174372 -0.9739248813816206 
-0.7276170255174372 -0.9739248813816206 
-0.7187904816714465 -0.9770982875295419 
-0.7187904816714465 -0.9770982875295419 
-0.7187904816714465 -0.9770982875295419 
-0.718148982528891 -0.981604091289236 
-0.718148982528891 -0.981604091289236 
-0.718148982528891 -0.981604091289236 
-0.7141349347253247 -0.9823672575113469 
-0.7141349347253247 -0.9823672575113469 
-0.7141349347253247 -0.9823672575113469 
-0.7141349347253247 -0.9823672575113469 
-0.7141349347253247 -0.9823672575113469 
-0.7141349347253247 -0.9823672575113469 
-0.7141349347253247 -0.9823672575113469 
-0.7141349347253247 -0.9823672575113469 
-0.7141349347253247 -0.9823672575113469 
-0.7141349347253247 -0.9823672575113469 
-0.7141349347253247 -0.9823672575113469 
-0.7141349347253247 -0.9823672575113469 
-0.7141349347253247 -0.9823672575113469 
-0.7141349347253247 -0.9823672575113469 
-0.7141349347253247 -0.9823672575113469 
-0.7141349347253247 -0.9823672575113469 
-0.7141349347253247 -0.9823672575113469 
-0.7141349347253247 -0.9823672575113469 
-0.7141349347253247 -0.9823672575113469 
-0.7141349347253247 -0.9823672575113469 
-0.7141349347253247 -0.9823672575113469 
-0.7141349347253247 -0.9823672575113469 
-0.7141349347253247 -0.9823672575113469 
-0.7141349347253247 -0.9823672575113469 
-0.7141349347253247 -0.9823672575113469 
-0.7141349347253247 -0.9823672575113469 
-0.7141349347253247 -0.9823672575113469 
-0.7141349347253247 -0.9823672575113469 
-0.7141349347253247 -0.9823672575113469 
-0.7141349347253247 -0.9823672575113469 
-0.7141349347253247 -0.9823672575113469 
-0.7141349347253247 -0.9823672575113469 
-0.7141349347253247 -0.9823672575113469 
-0.7141349347253247 -0.9823672575113469 
-0.7141349347253247 -0.9823672575113469 
-0.7141349347253247 -0.9823672575113469 
-0.7141349347253247 -0.9823672575113469 
-0.7141349347253247 -0.9823672575113469 
-0.7141349347253247 -0.9823672575113469 
-0.7141349347253247 -0.9823672575113469 
-0.0 -0.9988222013956796 
