-0.525380609869206 -0.9990231529606075 
-0.7257802368235206 -0.9824608203864859 
-0.7049655122081812 -0.9858049959936691 
-0.6876776253254999 -0.9885354167929007 
-0.6723524546743632 -0.9901830777885636 
-0.6511697434858305 -0.9928892068644907 
-0.5659017097064563 -0.998016551151049 
-0.749091536680457 -0.8842732928700292 
-0.7462247971820369 -0.8923982504526127 
-0.7279392791162101 -0.9186161155422395 
-0.5520471636397453 -0.9988077110408635 
-0.5562709617402561 -0.9986486224015638 
-0.750564044840253 -0.8789814954994486 
-0.6527619786509369 -0.9912750468664857 
-0.6295834644252494 -0.9938853996340867 
-0.6090627412164059 -0.9950868203854424 
-0.5738942469018073 -0.9962631618698431 
-0.6158041920480982 -0.994652070935299 
-0.6053241831200087 -0.9953990559544152 
-0.6012861663487746 -0.9956252531467029 
-0.5867357397754421 -0.9960264656419353 
-0.5920758574142158 -0.9958694438417154 
-0.6342162505223877 -0.9931337167728281 
-0.5968939260213346 -0.9957328379798585 
-0.6188689541744995 -0.9944545569892781 
-0.7452365226756749 -0.8925640335323655 
-0.5807398447749113 -0.9960873737260992 
-0.6271042502223728 -0.994044235657819 
-0.6217617476670066 -0.9942957209655459 
-0.5273879907057624 -0.9990012497419423 
-0.6245015291042992 -0.9941540724621855 
-0.6319507871557013 -0.993201193156094 
-0.5807398447749113 -0.9960873737260992 
-0.5659017097064563 -0.998016551151049 
-0.6295834644252494 -0.9938853996340867 
-0.7439015626271575 -0.9161093073041936 
-0.6342162505223877 -0.9931337167728281 
-0.7620664051462355 -0.877314472235898 
-0.7049655122081812 -0.9858049959936691 
-0.6876776253254999 -0.9885354167929007 
-0.6012861663487746 -0.9956252531467029 
-0.6053241831200087 -0.9953990559544152 
-0.6090627412164059 -0.9950868203854424 
-0.6876776253254999 -0.9885354167929007 
-0.6511697434858305 -0.9928892068644907 
-0.6319507871557013 -0.993201193156094 
-0.6511697434858305 -0.9928892068644907 
-0.6511697434858305 -0.9928892068644907 
-0.6090627412164059 -0.9950868203854424 
-0.6876776253254999 -0.9885354167929007 
-0.6090627412164059 -0.9950868203854424 
-0.5920758574142158 -0.9958694438417154 
-0.6876776253254999 -0.9885354167929007 
-0.7781537016289054 -0.8570712813117258 
-0.7279392791162101 -0.9186161155422395 
-0.750564044840253 -0.8789814954994486 
-0.6511697434858305 -0.9928892068644907 
-0.6876776253254999 -0.9885354167929007 
-0.5273879907057624 -0.9990012497419423 
-0.5738942469018073 -0.9962631618698431 
-0.6342162505223877 -0.9931337167728281 
-0.6876776253254999 -0.9885354167929007 
-0.5968939260213346 -0.9957328379798585 
-0.6158041920480982 -0.994652070935299 
-0.7620664051462355 -0.877314472235898 
-0.6090627412164059 -0.9950868203854424 
-0.6876776253254999 -0.9885354167929007 
-0.5807398447749113 -0.9960873737260992 
-0.6511697434858305 -0.9928892068644907 
-0.6053241831200087 -0.9953990559544152 
-0.6158041920480982 -0.994652070935299 
-0.6158041920480982 -0.994652070935299 
-0.749091536680457 -0.8842732928700292 
-0.6158041920480982 -0.994652070935299 
-0.7450368074425203 -0.8973821885372686 
-0.7620664051462355 -0.877314472235898 
-0.6271042502223728 -0.994044235657819 
-0.5440962310962162 -0.9988912494509655 
-0.6527619786509369 -0.9912750468664857 
-0.6090627412164059 -0.9950868203854424 
-0.6876776253254999 -0.9885354167929007 
-0.6876776253254999 -0.9885354167929007 
