-0.0 -0.9998814120242692 
-0.8078191641498358 -0.9855602308799014 
-0.5000046953206492 -0.9995550409796096 
-0.7657597903614769 -0.9886842467497778 
-0.5440962310962162 -0.9985127729784571 
-0.7257802368235206 -0.9917845148462264 
-0.6627712601467861 -0.9948503907947804 
-0.6940305232025398 -0.9934902680640573 
-0.6158041920480982 -0.9960183968248401 
-0.6442864348214682 -0.9951163522652509 
-0.6876776253254999 -0.9935536930112031 
-0.767581545682655 -0.9862147078725634 
-0.6342162505223877 -0.9955050871226085 
-0.6090627412164059 -0.9961265789528638 
-0.5562709617402561 -0.9966132454669779 
-0.5659017097064563 -0.9965577413041656 
-0.5738942469018073 -0.9964996604960848 
-0.5807398447749113 -0.9964387524119209 
-0.6511697434858305 -0.9949138157419263 
-0.6295834644252494 -0.9955689663328292 
-0.5867357397754421 -0.9963736140794883 
-0.5920758574142158 -0.9963181099166761 
-0.6012861663487746 -0.9962008712190262 
-0.5968939260213346 -0.9962563753818384 
-0.6188689541744995 -0.9956295723934353 
-0.699754012301401 -0.9918035219589884 
-0.6319507871557013 -0.995513462170017 
-0.6217617476670066 -0.9955740682306231 
-0.8988256451257578 -0.9563535084961344 
-0.8988256451257578 -0.9563535084961344 
-0.8988256451257578 -0.9563535084961344 
-0.8988256451257578 -0.9563535084961344 
-0.8988256451257578 -0.9563535084961344 
-0.8988256451257578 -0.9563535084961344 
-0.8988256451257578 -0.9563535084961344 
-0.8988256451257578 -0.9563535084961344 
-0.8988256451257578 -0.9563535084961344 
-0.8988256451257578 -0.9563535084961344 
-0.8988256451257578 -0.9563535084961344 
-0.8988256451257578 -0.9563535084961344 
-0.8988256451257578 -0.9563535084961344 
-0.8988256451257578 -0.9563535084961344 
-0.8988256451257578 -0.9563535084961344 
-0.8988256451257578 -0.9563535084961344 
-0.8988256451257578 -0.9563535084961344 
-0.8988256451257578 -0.9563535084961344 
-0.8988256451257578 -0.9563535084961344 
-0.8988256451257578 -0.9563535084961344 
-0.8988256451257578 -0.9563535084961344 
-0.8521243535208961 -0.9716954307369627 
-0.8521243535208961 -0.9716954307369627 
-0.8521243535208961 -0.9716954307369627 
-0.8521243535208961 -0.9716954307369627 
-0.8521243535208961 -0.9716954307369627 
-0.8521243535208961 -0.9716954307369627 
-0.8521243535208961 -0.9716954307369627 
-0.8521243535208961 -0.9716954307369627 
-0.8521243535208961 -0.9716954307369627 
-0.8521243535208961 -0.9716954307369627 
-0.8521243535208961 -0.9716954307369627 
-0.8521243535208961 -0.9716954307369627 
-0.8521243535208961 -0.9716954307369627 
-0.8521243535208961 -0.9716954307369627 
-0.8521243535208961 -0.9716954307369627 
-0.8521243535208961 -0.9716954307369627 
-0.8521243535208961 -0.9716954307369627 
-0.8521243535208961 -0.9716954307369627 
-0.8521243535208961 -0.9716954307369627 
-0.8521243535208961 -0.9716954307369627 
-0.8521243535208961 -0.9716954307369627 
-0.8521243535208961 -0.9716954307369627 
-0.8521243535208961 -0.9716954307369627 
-0.8521243535208961 -0.9716954307369627 
-0.8521243535208961 -0.9716954307369627 
-0.8521243535208961 -0.9716954307369627 
-0.8521243535208961 -0.9716954307369627 
-0.8521243535208961 -0.9716954307369627 
-0.8521243535208961 -0.9716954307369627 
-0.8521243535208961 -0.9716954307369627 
-0.8521243535208961 -0.9716954307369627 
-0.8521243535208961 -0.9716954307369627 
-0.8521243535208961 -0.9716954307369627 
-0.8521243535208961 -0.9716954307369627 
-0.8521243535208961 -0.9716954307369627 
-0.8521243535208961 -0.9716954307369627 
-0.8521243535208961 -0.9716954307369627 
-0.8521243535208961 -0.9716954307369627 
-0.8521243535208961 -0.9716954307369627 
-0.8521243535208961 -0.9716954307369627 
-0.8521243535208961 -0.9716954307369627 
-0.8521243535208961 -0.9716954307369627 
-0.8521243535208961 -0.9716954307369627 
-0.8521243535208961 -0.9716954307369627 
-0.8521243535208961 -0.9716954307369627 
-0.8521243535208961 -0.9716954307369627 
-0.8521243535208961 -0.9716954307369627 
-0.8521243535208961 -0.9716954307369627 
-0.8521243535208961 -0.9716954307369627 
-0.8521243535208961 -0.9716954307369627 
-0.8521243535208961 -0.9716954307369627 
