-0.0 -0.9995712467231833 
-0.7355084964051994 -0.9645769877072057 
-0.6286298522275795 -0.9951915372009922 
-0.598931247680915 -0.9976946894485705 
-0.7664490509124084 -0.9333355570016854 
-0.6384754136289494 -0.9929415002127946 
-0.7391454694067165 -0.9503581097859298 
-0.7024177447325693 -0.9766318544494828 
-0.7178013803731882 -0.9700262602531697 
-0.6976732171662771 -0.9813696562977747 
-0.6876776253254999 -0.9823801754161041 
-0.7131036343315342 -0.9734320666460641 
-0.5000010172691614 -0.9994702640224107 
-0.715759039409586 -0.9715559926229868 
-0.6067061765302306 -0.9969250105029066 
-0.6144205508044357 -0.9964156589264274 
-0.7458331204419107 -0.9474194856547002 
-0.7097520697029548 -0.9739389426068686 
-0.6527619786509369 -0.9888995303561474 
-0.5408190580271792 -0.9989386250606002 
-0.5800672220441425 -0.9981095871751869 
-0.6442864348214682 -0.9911871043707935 
-0.6745112005256402 -0.984912243825924 
-0.6785950509492333 -0.9828794600034726 
-0.617037332248122 -0.9959129629822316 
-0.6701071872370147 -0.9869933709476794 
-0.6962434747925511 -0.9816154691828723 
-0.7480132688559655 -0.9465054033524269 
-0.5692601163938482 -0.9983250631275633 
-0.7504149415644039 -0.943704515792682 
-0.7492256525786711 -0.9446954460645504 
-0.5484136056135402 -0.9987879371721198 
-0.5520471636397453 -0.9986342012461559 
-0.6734422069634034 -0.9859267998400224 
-0.642418717883985 -0.9917439467300456 
-0.742244651076418 -0.9477341759212304 
-0.671241085758055 -0.9868463363442675 
-0.6572771698514329 -0.9871847055171256 
-0.6460913567354767 -0.9900115434770096 
-0.7183012454512104 -0.9660440810114437 
-0.5745608674752889 -0.9982309604827305 
-0.525380609869206 -0.9992805240844032 
-0.649529371527523 -0.9893481040396933 
-0.759705821986536 -0.9339242430046677 
-0.7544080884195278 -0.9421565482028534 
-0.6478377279567749 -0.989591156765054 
-0.7030651420546692 -0.9748323417377737 
-0.5236481267903274 -0.9992962294695652 
-0.7043388692624315 -0.974229757212932 
-0.7589389478294325 -0.9343316150770191 
-0.6404834755468042 -0.991855511355896 
-0.6511697434858305 -0.9890274117550157 
-0.7510012082451824 -0.9425500960113397 
-0.7521575225086753 -0.9423720995971091 
-0.6893328198684835 -0.9816748126172158 
-0.7470882532417963 -0.9465783052016447 
-0.7581626606798257 -0.9344983487673164 
-0.6723524546743632 -0.9859877079241863 
-0.7527277754070653 -0.9422827865385033 
-0.7549583537043213 -0.9417699538877871 
-0.7532928908071158 -0.9422157133677715 
-0.5000021798982867 -0.9994587155737649 
-0.772547721415775 -0.9210233149792716 
-0.772547721415775 -0.9210233149792716 
-0.772547721415775 -0.9210233149792716 
-0.772547721415775 -0.9210233149792716 
-0.772547721415775 -0.9210233149792716 
-0.7702204743783584 -0.9281179649125959 
-0.7702204743783584 -0.9281179649125959 
-0.7702204743783584 -0.9281179649125959 
-0.7702204743783584 -0.9281179649125959 
-0.7702204743783584 -0.9281179649125959 
-0.7702204743783584 -0.9281179649125959 
-0.7702204743783584 -0.9281179649125959 
-0.7702204743783584 -0.9281179649125959 
-0.7691340964633395 -0.9314102039093332 
-0.7691340964633395 -0.9314102039093332 
-0.7691340964633395 -0.9314102039093332 
-0.7691340964633395 -0.9314102039093332 
-0.7691340964633395 -0.9314102039093332 
-0.7691340964633395 -0.9314102039093332 
-0.7576397863964535 -0.9415819313234145 
-0.7576397863964535 -0.9415819313234145 
-0.7576397863964535 -0.9415819313234145 
-0.7576397863964535 -0.9415819313234145 
-0.7576397863964535 -0.9415819313234145 
-0.7576397863964535 -0.9415819313234145 
-0.7560446561803408 -0.9417081696590643 
-0.7560446561803408 -0.9417081696590643 
-0.7560446561803408 -0.9417081696590643 
-0.7560446561803408 -0.9417081696590643 
-0.7560446561803408 -0.9417081696590643 
-0.7560446561803408 -0.9417081696590643 
-0.7560446561803408 -0.9417081696590643 
-0.7560446561803408 -0.9417081696590643 
-0.7560446561803408 -0.9417081696590643 
-0.7560446561803408 -0.9417081696590643 
-0.7560446561803408 -0.9417081696590643 
-0.7560446561803408 -0.9417081696590643 
-0.7560446561803408 -0.9417081696590643 
