-0.8078191641498358 -0.9403656699087606 
-0.0 -0.9995190457029954 
-0.5000021798982867 -0.9995080021742612 
-0.5440962310962162 -0.9986071912711462 
-0.5807398447749113 -0.9980770017918883 
-0.5738942469018073 -0.9982692438591304 
-0.6342162505223877 -0.9967175017221283 
-0.5562709617402561 -0.9984281858871357 
-0.6295834644252494 -0.9969330583283056 
-0.6511697434858305 -0.9963809855434265 
-0.525380609869206 -0.9991950851140949 
-0.6090627412164059 -0.9973602285280322 
-0.6527619786509369 -0.9963084484314156 
-0.5236481267903274 -0.9992263837387142 
-0.6053241831200087 -0.9975189130579057 
-0.5659017097064563 -0.9983089402953291 
-0.6158041920480982 -0.9971209845421626 
-0.5920758574142158 -0.9977087723335208 
-0.6245015291042992 -0.9969895742857523 
-0.6012861663487746 -0.9975902343792271 
-0.5968939260213346 -0.9976478642493569 
-0.6188689541744995 -0.9970644685847158 
-0.5273879907057624 -0.9986715627017957 
-0.5867357397754421 -0.9977162171835281 
-0.6363885801078234 -0.9963901450918399 
-0.7657597903614769 -0.9666026103506925 
-0.7657597903614769 -0.9666026103506925 
-0.7657597903614769 -0.9666026103506925 
-0.7657597903614769 -0.9666026103506925 
-0.7657597903614769 -0.9666026103506925 
-0.7657597903614769 -0.9666026103506925 
-0.7657597903614769 -0.9666026103506925 
-0.7657597903614769 -0.9666026103506925 
-0.7657597903614769 -0.9666026103506925 
-0.7657597903614769 -0.9666026103506925 
-0.7657597903614769 -0.9666026103506925 
-0.7657597903614769 -0.9666026103506925 
-0.7657597903614769 -0.9666026103506925 
-0.7657597903614769 -0.9666026103506925 
-0.7657597903614769 -0.9666026103506925 
-0.7657597903614769 -0.9666026103506925 
-0.7657597903614769 -0.9666026103506925 
-0.7657597903614769 -0.9666026103506925 
-0.7657597903614769 -0.9666026103506925 
-0.7657597903614769 -0.9666026103506925 
-0.7657597903614769 -0.9666026103506925 
-0.7657597903614769 -0.9666026103506925 
-0.7657597903614769 -0.9666026103506925 
-0.7657597903614769 -0.9666026103506925 
-0.7657597903614769 -0.9666026103506925 
-0.7657597903614769 -0.9666026103506925 
-0.7657597903614769 -0.9666026103506925 
-0.7257802368235206 -0.9743762426426261 
-0.7257802368235206 -0.9743762426426261 
-0.7004314210029629 -0.9754618378212845 
-0.7004314210029629 -0.9754618378212845 
-0.7004314210029629 -0.9754618378212845 
-0.7004314210029629 -0.9754618378212845 
-0.7004314210029629 -0.9754618378212845 
-0.6876776253254999 -0.9835236310889922 
-0.6876776253254999 -0.9835236310889922 
-0.6876776253254999 -0.9835236310889922 
-0.6876776253254999 -0.9835236310889922 
-0.6876776253254999 -0.9835236310889922 
-0.6876776253254999 -0.9835236310889922 
-0.6876776253254999 -0.9835236310889922 
-0.6876776253254999 -0.9835236310889922 
-0.6876776253254999 -0.9835236310889922 
-0.6876776253254999 -0.9835236310889922 
-0.6876776253254999 -0.9835236310889922 
-0.6876776253254999 -0.9835236310889922 
-0.6876776253254999 -0.9835236310889922 
-0.6876776253254999 -0.9835236310889922 
-0.6876776253254999 -0.9835236310889922 
-0.6876776253254999 -0.9835236310889922 
-0.6876776253254999 -0.9835236310889922 
-0.6876776253254999 -0.9835236310889922 
-0.6876776253254999 -0.9835236310889922 
-0.6876776253254999 -0.9835236310889922 
-0.6876776253254999 -0.9835236310889922 
-0.6876776253254999 -0.9835236310889922 
-0.6876776253254999 -0.9835236310889922 
-0.6876776253254999 -0.9835236310889922 
-0.6876776253254999 -0.9835236310889922 
-0.6876776253254999 -0.9835236310889922 
-0.6876776253254999 -0.9835236310889922 
-0.6876776253254999 -0.9835236310889922 
-0.6723524546743632 -0.9956467343625579 
-0.6723524546743632 -0.9956467343625579 
-0.6543089294608667 -0.9958063089365436 
-0.6543089294608667 -0.9958063089365436 
-0.6543089294608667 -0.9958063089365436 
-0.6543089294608667 -0.9958063089365436 
-0.6543089294608667 -0.9958063089365436 
-0.6543089294608667 -0.9958063089365436 
-0.6543089294608667 -0.9958063089365436 
-0.6543089294608667 -0.9958063089365436 
-0.6543089294608667 -0.9958063089365436 
-0.6543089294608667 -0.9958063089365436 
-0.6543089294608667 -0.9958063089365436 
