-0.0 -0.9994487405283395 
-0.6876776253254999 -0.9927700848661772 
-0.717825418053993 -0.9534038831031275 
-0.5000046953206492 -0.9993906597202588 
-0.6158041920480982 -0.9953715849562992 
-0.6947507761454162 -0.9614605037067008 
-0.7248274849367335 -0.9277126120920275 
-0.7086657835796154 -0.9569382487850114 
-0.7197389894444388 -0.9362965425608019 
-0.7389189077925292 -0.9204575621952337 
-0.5440962310962162 -0.9990513150296461 
-0.7421650655567266 -0.911367086441714 
-0.6511697434858305 -0.993460228186838 
-0.7030131840875078 -0.957953403965875 
-0.5659017097064563 -0.9980604283400062 
-0.5920758574142158 -0.9965682518283604 
-0.5273879907057624 -0.9992738600748687 
-0.7364147872275764 -0.9218586358652698 
-0.5562709617402561 -0.998364021186588 
-0.5867357397754421 -0.9971606363626221 
-0.7267946874463349 -0.9230592993881324 
-0.7315569284478015 -0.9221747844346486 
-0.5738942469018073 -0.9973907740881899 
-0.6271042502223728 -0.9939341186133149 
-0.6188689541744995 -0.9942369055715087 
-0.6627712601467861 -0.9928256404217328 
-0.6342162505223877 -0.9936867177256778 
-0.709427394624436 -0.9540132350361952 
-0.5807398447749113 -0.9972187171707029 
-0.7371087643685686 -0.9210144809345648 
-0.6295834644252494 -0.9938164472441269 
-0.6319507871557013 -0.993752422853883 
-0.7404568284324915 -0.9114532208954955 
-0.7648336466518787 -0.8809733633625209 
-0.7648336466518787 -0.8809733633625209 
-0.7577342022761153 -0.8958606108238769 
-0.7577342022761153 -0.8958606108238769 
-0.749091536680457 -0.9005143233237068 
-0.749091536680457 -0.9005143233237068 
-0.749091536680457 -0.9005143233237068 
-0.749091536680457 -0.9005143233237068 
-0.749091536680457 -0.9005143233237068 
-0.749091536680457 -0.9005143233237068 
-0.749091536680457 -0.9005143233237068 
-0.749091536680457 -0.9005143233237068 
-0.749091536680457 -0.9005143233237068 
-0.749091536680457 -0.9005143233237068 
-0.749091536680457 -0.9005143233237068 
-0.749091536680457 -0.9005143233237068 
-0.749091536680457 -0.9005143233237068 
-0.749091536680457 -0.9005143233237068 
-0.749091536680457 -0.9005143233237068 
-0.749091536680457 -0.9005143233237068 
-0.749091536680457 -0.9005143233237068 
-0.749091536680457 -0.9005143233237068 
-0.749091536680457 -0.9005143233237068 
-0.749091536680457 -0.9005143233237068 
-0.749091536680457 -0.9005143233237068 
-0.749091536680457 -0.9005143233237068 
-0.749091536680457 -0.9005143233237068 
-0.749091536680457 -0.9005143233237068 
-0.7477714849264705 -0.9045856445973323 
-0.7477714849264705 -0.9045856445973323 
-0.7477714849264705 -0.9045856445973323 
-0.7427926965816251 -0.9046759807317861 
-0.7427926965816251 -0.9046759807317861 
-0.7427926965816251 -0.9046759807317861 
-0.7427926965816251 -0.9046759807317861 
-0.7427926965816251 -0.9046759807317861 
-0.7427926965816251 -0.9046759807317861 
-0.7427926965816251 -0.9046759807317861 
-0.7427926965816251 -0.9046759807317861 
-0.7427926965816251 -0.9046759807317861 
-0.7427926965816251 -0.9046759807317861 
-0.7427926965816251 -0.9046759807317861 
-0.7427926965816251 -0.9046759807317861 
-0.7427926965816251 -0.9046759807317861 
-0.7427926965816251 -0.9046759807317861 
-0.7427926965816251 -0.9046759807317861 
-0.7427926965816251 -0.9046759807317861 
-0.7427926965816251 -0.9046759807317861 
-0.7427926965816251 -0.9046759807317861 
-0.7427926965816251 -0.9046759807317861 
-0.7427926965816251 -0.9046759807317861 
-0.7427926965816251 -0.9046759807317861 
-0.7427926965816251 -0.9046759807317861 
-0.7427926965816251 -0.9046759807317861 
-0.7427926965816251 -0.9046759807317861 
-0.7427926965816251 -0.9046759807317861 
-0.7427926965816251 -0.9046759807317861 
-0.7427926965816251 -0.9046759807317861 
-0.7427926965816251 -0.9046759807317861 
-0.7427926965816251 -0.9046759807317861 
-0.7427926965816251 -0.9046759807317861 
-0.7427926965816251 -0.9046759807317861 
-0.7427926965816251 -0.9046759807317861 
-0.7427926965816251 -0.9046759807317861 
-0.7427926965816251 -0.9046759807317861 
-0.7427926965816251 -0.9046759807317861 
-0.7427926965816251 -0.9046759807317861 
