-0.0 -0.999591346258789 
-0.7257802368235206 -0.9864604121631574 
-0.7657597903614769 -0.9617643415366537 
-0.6876776253254999 -0.9916942151523731 
-0.5000046953206492 -0.9995304381746251 
-0.78481435433173 -0.9438421892234328 
-0.6158041920480982 -0.9979307341817956 
-0.6363885801078234 -0.9969714176850434 
-0.6572771698514329 -0.994924604021637 
-0.6511697434858305 -0.9959808848160043 
-0.5562709617402561 -0.9993029152667084 
-0.5867357397754421 -0.9986033335979119 
-0.5440962310962162 -0.9994084194295207 
-0.5807398447749113 -0.9986642416820758 
-0.5273879907057624 -0.9994249340118129 
-0.8521243535208961 -0.9235123365409662 
-0.8521243535208961 -0.9235123365409662 
-0.8521243535208961 -0.9235123365409662 
-0.8521243535208961 -0.9235123365409662 
-0.8521243535208961 -0.9235123365409662 
-0.8521243535208961 -0.9235123365409662 
-0.8521243535208961 -0.9235123365409662 
-0.8521243535208961 -0.9235123365409662 
-0.8521243535208961 -0.9235123365409662 
-0.8521243535208961 -0.9235123365409662 
-0.8521243535208961 -0.9235123365409662 
-0.8521243535208961 -0.9235123365409662 
-0.8521243535208961 -0.9235123365409662 
-0.8521243535208961 -0.9235123365409662 
-0.8521243535208961 -0.9235123365409662 
-0.8078191641498358 -0.9422163113641701 
-0.8078191641498358 -0.9422163113641701 
-0.8078191641498358 -0.9422163113641701 
-0.8078191641498358 -0.9422163113641701 
-0.8078191641498358 -0.9422163113641701 
-0.8078191641498358 -0.9422163113641701 
-0.8078191641498358 -0.9422163113641701 
-0.8078191641498358 -0.9422163113641701 
-0.8078191641498358 -0.9422163113641701 
-0.8078191641498358 -0.9422163113641701 
-0.8078191641498358 -0.9422163113641701 
-0.8078191641498358 -0.9422163113641701 
-0.8078191641498358 -0.9422163113641701 
-0.8078191641498358 -0.9422163113641701 
-0.8078191641498358 -0.9422163113641701 
-0.8078191641498358 -0.9422163113641701 
-0.8078191641498358 -0.9422163113641701 
-0.8078191641498358 -0.9422163113641701 
-0.8078191641498358 -0.9422163113641701 
-0.8078191641498358 -0.9422163113641701 
-0.8078191641498358 -0.9422163113641701 
-0.8078191641498358 -0.9422163113641701 
-0.8078191641498358 -0.9422163113641701 
-0.8078191641498358 -0.9422163113641701 
-0.8078191641498358 -0.9422163113641701 
-0.8078191641498358 -0.9422163113641701 
-0.8078191641498358 -0.9422163113641701 
-0.8078191641498358 -0.9422163113641701 
-0.8078191641498358 -0.9422163113641701 
-0.8078191641498358 -0.9422163113641701 
-0.8078191641498358 -0.9422163113641701 
-0.8078191641498358 -0.9422163113641701 
-0.8078191641498358 -0.9422163113641701 
-0.8078191641498358 -0.9422163113641701 
-0.8078191641498358 -0.9422163113641701 
-0.8078191641498358 -0.9422163113641701 
-0.8078191641498358 -0.9422163113641701 
-0.8078191641498358 -0.9422163113641701 
-0.8078191641498358 -0.9422163113641701 
-0.8078191641498358 -0.9422163113641701 
-0.8078191641498358 -0.9422163113641701 
-0.8078191641498358 -0.9422163113641701 
-0.8078191641498358 -0.9422163113641701 
-0.8078191641498358 -0.9422163113641701 
-0.8078191641498358 -0.9422163113641701 
-0.8078191641498358 -0.9422163113641701 
-0.8078191641498358 -0.9422163113641701 
-0.8078191641498358 -0.9422163113641701 
-0.8078191641498358 -0.9422163113641701 
-0.8078191641498358 -0.9422163113641701 
-0.8078191641498358 -0.9422163113641701 
-0.8078191641498358 -0.9422163113641701 
-0.8078191641498358 -0.9422163113641701 
-0.8078191641498358 -0.9422163113641701 
-0.8078191641498358 -0.9422163113641701 
-0.8078191641498358 -0.9422163113641701 
-0.8078191641498358 -0.9422163113641701 
-0.8078191641498358 -0.9422163113641701 
-0.8078191641498358 -0.9422163113641701 
-0.8078191641498358 -0.9422163113641701 
-0.8078191641498358 -0.9422163113641701 
-0.8078191641498358 -0.9422163113641701 
-0.8078191641498358 -0.9422163113641701 
-0.8078191641498358 -0.9422163113641701 
-0.8078191641498358 -0.9422163113641701 
-0.8078191641498358 -0.9422163113641701 
-0.8078191641498358 -0.9422163113641701 
-0.8078191641498358 -0.9422163113641701 
-0.8078191641498358 -0.9422163113641701 
-0.8078191641498358 -0.9422163113641701 
