0.7338305896811717
0.7120206831099828
0.8167029953066514
0.7301226986114094
0.816588279266271
0.7142676769463303
0.7618828394015499
0.7230434780433667
0.7269620969971254
0.7821161278489873
0.8195739121043792
0.7884363547928743
0.7800758714483342
0.8575845462561723
0.8413489450144536
0.737669634979546
0.7562889305696813
0.700028885060331
0.7396543215790177
0.835257376543751
0.7954524612428363
0.7444749661402128
0.8536115605519875
0.8157723827638043
0.7556160797885569
0.7431140674158723
0.7668207662917893
0.7703770626267072
0.768380297393701
0.7523912278652085
