0.014824969461100693
0.01610331280490442
0.01692596499587211
0.00617255410450052
0.014793609738027886
0.007013464461992406
0.006137602802707146
0.006788918857409748
0.014998340574888481
0.004579270369412932
0.0069392573222087405
0.004865104546997717
0.007657874264694206
0.001739104778649516
0.008757341270403717
0.006521789607133078
0.01944967891757381
0.015314074309713622
0.009060954226559153
0.008668970297131953
0.018296049349125168
0.007799088381093946
0.005371664957966041
0.00590619466551023
0.006116188081851686
0.014565109005336422
0.005869818585410903
0.006564088884269128
0.007847444809567786
0.006033869954815551
