-0.0 -0.9997710622710623 
-0.7872725666763027 -0.878998878106021 
-0.8628569464538363 -0.7815184815184807 
-0.8326831776556043 -0.82671287046287 
-0.6609748009422006 -0.9646839271839271 
-0.705061490719745 -0.9294753857253859 
-0.5000101738715135 -0.9926160848954967 
-0.7230200263994838 -0.8936514874014873 
-0.675680135216122 -0.9412618059596082 
-0.8038679774895205 -0.8422564538635966 
-0.7089651806819823 -0.9125034687534688 
-0.8391643429211539 -0.7919232553161116 
-0.6379986098789187 -0.9677863802863803 
-0.547947494835577 -0.9851587750484809 
-0.8115625398010615 -0.832449395842253 
-0.6208177516759259 -0.970386298683002 
-0.5856212004886759 -0.9782176157176157 
-0.6074663709930894 -0.9725969085859196 
-0.5967829151850388 -0.9744997333252827 
-0.5738820411172648 -0.9800824175824177 
-0.7957865088883226 -0.8436454418597275 
-0.5650382096671698 -0.9816522762951334 
-0.7476104374175362 -0.8793782606282604 
-0.5581161145103294 -0.982992190959224 
-0.552540283967241 -0.9841493328100471 
-0.5880356792451895 -0.9761549812232585 
-0.5005605409330028 -0.9892482517482517 
-0.5002446785556427 -0.9901476728399805 
-0.5001086248440816 -0.9909079016221873 
-0.5000488543689853 -0.9915589904600893 
-0.5000222005154896 -0.9921229068550497 
-0.8885261025021761 -0.7076215451215436 
-0.8885261025021761 -0.7076215451215436 
-0.8885261025021761 -0.7076215451215436 
-0.8836835777692601 -0.7466130100058666 
-0.8836835777692601 -0.7466130100058666 
-0.8836835777692601 -0.7466130100058666 
-0.8836835777692601 -0.7466130100058666 
-0.8836835777692601 -0.7466130100058666 
-0.8836835777692601 -0.7466130100058666 
-0.8836835777692601 -0.7466130100058666 
-0.8836835777692601 -0.7466130100058666 
-0.8836835777692601 -0.7466130100058666 
-0.8836835777692601 -0.7466130100058666 
-0.8836835777692601 -0.7466130100058666 
-0.8836835777692601 -0.7466130100058666 
-0.8836835777692601 -0.7466130100058666 
-0.8836835777692601 -0.7466130100058666 
-0.8836835777692601 -0.7466130100058666 
-0.8836835777692601 -0.7466130100058666 
-0.8836835777692601 -0.7466130100058666 
-0.8836835777692601 -0.7466130100058666 
-0.8836835777692601 -0.7466130100058666 
-0.8836835777692601 -0.7466130100058666 
-0.8836835777692601 -0.7466130100058666 
-0.8836835777692601 -0.7466130100058666 
-0.8836835777692601 -0.7466130100058666 
-0.8836835777692601 -0.7466130100058666 
-0.8836835777692601 -0.7466130100058666 
-0.8836835777692601 -0.7466130100058666 
-0.8836835777692601 -0.7466130100058666 
-0.8836835777692601 -0.7466130100058666 
-0.8836835777692601 -0.7466130100058666 
-0.8836835777692601 -0.7466130100058666 
-0.8836835777692601 -0.7466130100058666 
-0.8836835777692601 -0.7466130100058666 
-0.8836835777692601 -0.7466130100058666 
-0.8836835777692601 -0.7466130100058666 
-0.8836835777692601 -0.7466130100058666 
-0.8836835777692601 -0.7466130100058666 
-0.8836835777692601 -0.7466130100058666 
-0.8836835777692601 -0.7466130100058666 
-0.8836835777692601 -0.7466130100058666 
-0.8836835777692601 -0.7466130100058666 
-0.8836835777692601 -0.7466130100058666 
-0.8836835777692601 -0.7466130100058666 
-0.8836835777692601 -0.7466130100058666 
-0.8836835777692601 -0.7466130100058666 
-0.8836835777692601 -0.7466130100058666 
-0.8836835777692601 -0.7466130100058666 
-0.8836835777692601 -0.7466130100058666 
-0.8836835777692601 -0.7466130100058666 
-0.8836835777692601 -0.7466130100058666 
-0.8836835777692601 -0.7466130100058666 
-0.8836835777692601 -0.7466130100058666 
-0.8836835777692601 -0.7466130100058666 
-0.8836835777692601 -0.7466130100058666 
-0.8836835777692601 -0.7466130100058666 
-0.8836835777692601 -0.7466130100058666 
-0.8836835777692601 -0.7466130100058666 
-0.8836835777692601 -0.7466130100058666 
-0.8836835777692601 -0.7466130100058666 
-0.8836835777692601 -0.7466130100058666 
-0.8836835777692601 -0.7466130100058666 
-0.8836835777692601 -0.7466130100058666 
-0.8836835777692601 -0.7466130100058666 
-0.8836835777692601 -0.7466130100058666 
-0.8836835777692601 -0.7466130100058666 
-0.8836835777692601 -0.7466130100058666 
-0.8836835777692601 -0.7466130100058666 
