-0.0 -1.0 
-0.6609748009422006 -0.9646839271839271 
-0.825939508718733 -0.7966080546437689 
-0.8038679774895205 -0.8276581553367266 
-0.7687181475342102 -0.8634414196914194 
-0.7089651806819823 -0.9125034687534688 
-0.6933612743506347 -0.9277458652458652 
-0.5000101738715135 -0.9926160848954967 
-0.7476104374175362 -0.8793782606282604 
-0.7230200263994838 -0.8936514874014873 
-0.6750820539805016 -0.9359103503334274 
-0.7872725666763027 -0.8378240806812232 
-0.6379986098789187 -0.9677863802863803 
-0.6020466130909611 -0.975965700965701 
-0.547947494835577 -0.9851587750484809 
-0.7782717162260105 -0.8422564538635966 
-0.6208177516759259 -0.970386298683002 
-0.5856212004886759 -0.9782176157176157 
-0.7358284495789809 -0.8811963829820971 
-0.5738820411172648 -0.9800824175824177 
-0.5650382096671698 -0.9816522762951334 
-0.5581161145103294 -0.982992190959224 
-0.552540283967241 -0.9841493328100471 
-0.5013140868853756 -0.9881673881673881 
-0.5880356792451895 -0.9761549812232585 
-0.5005605409330028 -0.9892482517482517 
-0.5002446785556427 -0.9901476728399805 
-0.5001086248440816 -0.9909079016221873 
-0.5000488543689853 -0.9915589904600893 
-0.5000222005154896 -0.9921229068550497 
-0.8572350303041841 -0.7105871311228438 
-0.8572350303041841 -0.7105871311228438 
-0.8454044855118727 -0.7686833008261571 
-0.8454044855118727 -0.7686833008261571 
-0.8454044855118727 -0.7686833008261571 
-0.8454044855118727 -0.7686833008261571 
-0.8454044855118727 -0.7686833008261571 
-0.8454044855118727 -0.7686833008261571 
-0.8454044855118727 -0.7686833008261571 
-0.8454044855118727 -0.7686833008261571 
-0.8454044855118727 -0.7686833008261571 
-0.8454044855118727 -0.7686833008261571 
-0.8454044855118727 -0.7686833008261571 
-0.8454044855118727 -0.7686833008261571 
-0.8454044855118727 -0.7686833008261571 
-0.8454044855118727 -0.7686833008261571 
-0.8454044855118727 -0.7686833008261571 
-0.8454044855118727 -0.7686833008261571 
-0.8454044855118727 -0.7686833008261571 
-0.8454044855118727 -0.7686833008261571 
-0.8454044855118727 -0.7686833008261571 
-0.8454044855118727 -0.7686833008261571 
-0.8454044855118727 -0.7686833008261571 
-0.8454044855118727 -0.7686833008261571 
-0.8454044855118727 -0.7686833008261571 
-0.8454044855118727 -0.7686833008261571 
-0.8454044855118727 -0.7686833008261571 
-0.8454044855118727 -0.7686833008261571 
-0.8454044855118727 -0.7686833008261571 
-0.8454044855118727 -0.7686833008261571 
-0.8454044855118727 -0.7686833008261571 
-0.8454044855118727 -0.7686833008261571 
-0.8454044855118727 -0.7686833008261571 
-0.8454044855118727 -0.7686833008261571 
-0.8454044855118727 -0.7686833008261571 
-0.8454044855118727 -0.7686833008261571 
-0.8454044855118727 -0.7686833008261571 
-0.8454044855118727 -0.7686833008261571 
-0.8454044855118727 -0.7686833008261571 
-0.8454044855118727 -0.7686833008261571 
-0.8454044855118727 -0.7686833008261571 
-0.8454044855118727 -0.7686833008261571 
-0.8454044855118727 -0.7686833008261571 
-0.8454044855118727 -0.7686833008261571 
-0.8454044855118727 -0.7686833008261571 
-0.8454044855118727 -0.7686833008261571 
-0.8454044855118727 -0.7686833008261571 
-0.8454044855118727 -0.7686833008261571 
-0.8454044855118727 -0.7686833008261571 
-0.8454044855118727 -0.7686833008261571 
-0.8454044855118727 -0.7686833008261571 
-0.8454044855118727 -0.7686833008261571 
-0.8454044855118727 -0.7686833008261571 
-0.8454044855118727 -0.7686833008261571 
-0.8454044855118727 -0.7686833008261571 
-0.8454044855118727 -0.7686833008261571 
-0.8454044855118727 -0.7686833008261571 
-0.8454044855118727 -0.7686833008261571 
-0.8454044855118727 -0.7686833008261571 
-0.8454044855118727 -0.7686833008261571 
-0.8454044855118727 -0.7686833008261571 
-0.8454044855118727 -0.7686833008261571 
-0.8454044855118727 -0.7686833008261571 
-0.8454044855118727 -0.7686833008261571 
-0.8454044855118727 -0.7686833008261571 
-0.8454044855118727 -0.7686833008261571 
-0.8454044855118727 -0.7686833008261571 
-0.8454044855118727 -0.7686833008261571 
-0.8454044855118727 -0.7686833008261571 
-0.6074663709930894 -0.9725969085859196 
