-0.0 -1.0 
-0.6609748009422006 -0.9646839271839271 
-0.5002446785556427 -0.9901476728399805 
-0.7017685234501846 -0.9359103503334274 
-0.6379986098789187 -0.9677863802863803 
-0.5738820411172648 -0.9800824175824177 
-0.5856212004886759 -0.9782176157176157 
-0.5005605409330028 -0.9892482517482517 
-0.6737045284658849 -0.9360556110556112 
-0.7370036662886055 -0.9294753857253859 
-0.7370036662886055 -0.9294753857253859 
-0.7370036662886055 -0.9294753857253859 
-0.7370036662886055 -0.9294753857253859 
-0.7370036662886055 -0.9294753857253859 
-0.7370036662886055 -0.9294753857253859 
-0.7370036662886055 -0.9294753857253859 
-0.7370036662886055 -0.9294753857253859 
-0.7370036662886055 -0.9294753857253859 
-0.7370036662886055 -0.9294753857253859 
-0.7370036662886055 -0.9294753857253859 
-0.7370036662886055 -0.9294753857253859 
-0.7370036662886055 -0.9294753857253859 
-0.7370036662886055 -0.9294753857253859 
-0.7370036662886055 -0.9294753857253859 
-0.7370036662886055 -0.9294753857253859 
-0.7370036662886055 -0.9294753857253859 
-0.7370036662886055 -0.9294753857253859 
-0.7370036662886055 -0.9294753857253859 
-0.7370036662886055 -0.9294753857253859 
-0.7370036662886055 -0.9294753857253859 
-0.7370036662886055 -0.9294753857253859 
-0.7370036662886055 -0.9294753857253859 
-0.7370036662886055 -0.9294753857253859 
-0.7370036662886055 -0.9294753857253859 
-0.7370036662886055 -0.9294753857253859 
-0.7370036662886055 -0.9294753857253859 
-0.7370036662886055 -0.9294753857253859 
-0.7370036662886055 -0.9294753857253859 
-0.7370036662886055 -0.9294753857253859 
-0.7370036662886055 -0.9294753857253859 
-0.7370036662886055 -0.9294753857253859 
-0.7370036662886055 -0.9294753857253859 
-0.7370036662886055 -0.9294753857253859 
-0.7370036662886055 -0.9294753857253859 
-0.7370036662886055 -0.9294753857253859 
-0.7370036662886055 -0.9294753857253859 
-0.7370036662886055 -0.9294753857253859 
-0.7370036662886055 -0.9294753857253859 
-0.7370036662886055 -0.9294753857253859 
-0.7370036662886055 -0.9294753857253859 
-0.7370036662886055 -0.9294753857253859 
-0.7370036662886055 -0.9294753857253859 
-0.7370036662886055 -0.9294753857253859 
-0.7370036662886055 -0.9294753857253859 
-0.7370036662886055 -0.9294753857253859 
-0.7370036662886055 -0.9294753857253859 
-0.7370036662886055 -0.9294753857253859 
-0.7370036662886055 -0.9294753857253859 
-0.7370036662886055 -0.9294753857253859 
-0.7370036662886055 -0.9294753857253859 
-0.7370036662886055 -0.9294753857253859 
-0.7370036662886055 -0.9294753857253859 
-0.7370036662886055 -0.9294753857253859 
-0.7370036662886055 -0.9294753857253859 
-0.7370036662886055 -0.9294753857253859 
-0.7370036662886055 -0.9294753857253859 
-0.7370036662886055 -0.9294753857253859 
-0.7370036662886055 -0.9294753857253859 
-0.7370036662886055 -0.9294753857253859 
-0.7370036662886055 -0.9294753857253859 
-0.7370036662886055 -0.9294753857253859 
-0.7370036662886055 -0.9294753857253859 
-0.7370036662886055 -0.9294753857253859 
-0.7370036662886055 -0.9294753857253859 
-0.7370036662886055 -0.9294753857253859 
-0.7370036662886055 -0.9294753857253859 
-0.7370036662886055 -0.9294753857253859 
-0.7370036662886055 -0.9294753857253859 
-0.7370036662886055 -0.9294753857253859 
-0.7370036662886055 -0.9294753857253859 
-0.7370036662886055 -0.9294753857253859 
-0.7370036662886055 -0.9294753857253859 
-0.7370036662886055 -0.9294753857253859 
-0.7370036662886055 -0.9294753857253859 
-0.7370036662886055 -0.9294753857253859 
-0.7370036662886055 -0.9294753857253859 
-0.7370036662886055 -0.9294753857253859 
-0.7370036662886055 -0.9294753857253859 
-0.7370036662886055 -0.9294753857253859 
-0.7370036662886055 -0.9294753857253859 
-0.7370036662886055 -0.9294753857253859 
-0.7370036662886055 -0.9294753857253859 
-0.7370036662886055 -0.9294753857253859 
-0.7370036662886055 -0.9294753857253859 
-0.7370036662886055 -0.9294753857253859 
-0.7370036662886055 -0.9294753857253859 
-0.7370036662886055 -0.9294753857253859 
-0.7370036662886055 -0.9294753857253859 
-0.7370036662886055 -0.9294753857253859 
-0.7370036662886055 -0.9294753857253859 
