0.8168275488437517
0.7629956841171734
0.8075036572836433
0.736025228860328
0.8086245374858494
0.762247447666022
0.7931556378918234
0.8224559373250475
0.8086245374858494
0.7328660227434756
0.8062032001814369
0.7831601764094954
0.7585750693269437
0.8246542717787024
0.8026106441963772
0.8086245374858494
0.7682034668639568
0.7682034668639568
0.7585750693269437
0.806058615577013
0.7652919377734988
0.7682034668639568
0.7679972958260636
0.8075036572836433
0.8221301453191828
0.8075036572836433
0.8086245374858494
0.8086245374858494
0.8116050499373656
0.8086245374858494
