3.6382348265760045E-4
0.0013334240465042125
0.0012351025409276396
0.0014412017949613125
0.0012350075269844888
6.316440625549339E-4
5.448957236977603E-4
4.456450430783428E-4
0.0012350075269844888
0.0014470456267520896
0.0012353393468815016
5.998555411246415E-4
0.001339078710635294
3.80818464173337E-4
0.0012394664400368859
0.0012350075269844888
0.0013310216964294186
0.0013310216964294186
0.001339078710635294
4.175164320462192E-4
0.0013332303555958843
0.0013310216964294186
0.0013352989549730557
0.0012351025409276396
5.239969824564622E-4
0.0012351025409276396
0.0012350075269844888
0.0012350075269844888
6.845454586445498E-4
0.0012350075269844888
