7 5 4 8 29 
4 5 9 14 29 
4 6 5 7 29 
6 5 11 15 29 
6 5 4 11 29 
4 7 5 15 29 
4 7 5 11 29 
4 6 5 15 29 
1 5 11 14 29 
6 5 11 14 29 
1 5 9 14 29 
1 5 9 14 29 
1 5 9 14 29 
1 5 9 14 29 
1 5 9 14 29 
1 5 9 14 29 
1 5 9 14 29 
1 5 9 14 29 
1 5 9 14 29 
1 5 9 14 29 
1 5 9 14 29 
1 5 9 14 29 
1 5 9 14 29 
1 5 9 14 29 
1 5 9 14 29 
1 5 9 14 29 
1 5 9 14 29 
1 5 9 14 29 
1 5 9 14 29 
1 5 9 14 29 
1 5 9 14 29 
1 5 9 14 29 
1 5 9 14 29 
1 5 9 14 29 
1 5 9 14 29 
1 5 9 14 29 
1 5 9 14 29 
1 5 9 14 29 
1 5 9 14 29 
1 5 9 14 29 
1 5 9 14 29 
1 5 9 14 29 
1 5 9 14 29 
1 5 9 14 29 
1 5 9 14 29 
1 5 9 14 29 
1 5 9 14 29 
1 5 9 14 29 
1 5 9 14 29 
1 5 9 14 29 
1 5 9 14 29 
1 5 9 14 29 
1 5 9 14 29 
1 5 9 14 29 
1 5 9 14 29 
1 5 9 14 29 
1 5 9 14 29 
1 5 9 14 29 
1 5 9 14 29 
1 5 9 14 29 
1 5 9 14 29 
1 5 9 14 29 
1 5 9 14 29 
1 5 9 14 29 
1 5 9 14 29 
1 5 9 14 29 
1 5 9 14 29 
1 5 9 14 29 
1 5 9 14 29 
1 5 9 14 29 
1 5 9 14 29 
1 5 9 14 29 
1 5 9 14 29 
1 5 9 14 29 
1 5 9 14 29 
1 5 9 14 29 
1 5 9 14 29 
1 5 9 14 29 
1 5 9 14 29 
1 5 9 14 29 
1 5 9 14 29 
1 5 9 14 29 
1 5 9 14 29 
1 5 9 14 29 
1 5 9 14 29 
1 5 9 14 29 
1 5 9 14 29 
1 5 9 14 29 
1 5 9 14 29 
1 5 9 14 29 
1 5 9 14 29 
1 5 9 14 29 
1 5 9 14 29 
1 5 9 14 29 
1 5 9 14 29 
1 5 9 14 29 
1 5 9 14 29 
1 5 9 14 29 
1 5 9 14 29 
1 5 9 14 29 
