6 5 11 15 29 
6 5 11 15 29 
6 5 11 15 29 
6 5 11 15 29 
6 5 11 15 29 
6 5 11 15 29 
6 5 11 15 29 
6 5 11 15 29 
6 5 11 15 29 
6 11 15 16 29 
6 11 15 16 29 
6 11 15 16 29 
6 11 15 16 29 
6 11 15 16 29 
6 11 15 16 29 
6 11 15 16 29 
6 11 15 16 29 
6 11 15 16 29 
5 4 11 14 29 
5 4 11 14 29 
5 4 11 14 29 
5 4 11 14 29 
5 4 11 15 29 
5 4 11 15 29 
5 4 11 15 29 
5 4 11 15 29 
5 4 11 15 29 
5 4 11 15 29 
5 4 11 14 29 
5 4 11 14 29 
5 4 11 14 29 
5 4 11 15 29 
5 4 11 14 29 
5 4 11 15 29 
5 4 11 15 29 
5 4 11 14 29 
4 7 5 15 29 
5 4 11 7 29 
7 4 5 11 29 
7 4 5 15 29 
7 4 15 5 29 
7 4 5 11 29 
7 4 15 5 29 
7 4 5 11 29 
7 4 15 5 29 
7 4 15 5 29 
5 4 11 7 29 
5 7 4 8 28 
5 7 4 8 28 
5 8 7 4 28 
5 4 11 7 29 
6 4 5 15 29 
7 4 15 5 29 
5 4 11 7 29 
7 4 15 5 29 
6 4 5 15 29 
6 4 5 15 29 
6 4 5 15 29 
5 4 15 7 29 
7 4 5 11 29 
5 8 7 4 28 
6 4 5 15 29 
7 4 5 8 29 
7 4 8 5 29 
5 7 4 8 28 
7 4 5 8 29 
6 4 5 15 29 
5 7 4 8 28 
5 8 4 7 28 
7 4 5 8 29 
7 4 5 8 29 
6 4 5 15 29 
7 8 5 4 29 
7 8 5 4 29 
5 4 11 7 29 
6 4 5 15 29 
7 4 5 6 29 
5 7 4 8 28 
6 4 5 7 29 
6 4 5 7 29 
6 4 5 15 29 
7 4 5 8 29 
7 4 5 6 29 
5 7 4 8 28 
6 4 5 11 29 
7 4 5 8 29 
6 4 5 11 29 
6 4 5 11 29 
6 4 5 7 29 
5 7 4 8 28 
6 4 5 11 29 
6 4 5 11 29 
6 7 4 5 29 
6 4 5 7 29 
6 4 5 7 29 
6 4 5 11 29 
6 4 5 7 29 
6 4 5 11 29 
6 4 5 11 29 
6 4 5 11 29 
