7 4 5 8 28 
5 4 7 8 29 
5 4 11 14 29 
6 5 7 4 29 
6 5 4 11 29 
6 5 11 15 29 
4 5 7 15 29 
7 5 4 11 29 
6 5 4 15 29 
1 5 11 14 29 
4 5 11 15 29 
1 5 9 14 29 
1 5 9 14 29 
1 5 9 14 29 
1 5 9 14 29 
1 5 9 14 29 
1 5 9 14 29 
1 5 9 14 29 
1 5 9 14 29 
1 5 9 14 29 
1 5 9 14 29 
1 5 9 14 29 
1 5 9 14 29 
1 5 9 14 29 
1 5 9 14 29 
1 5 9 14 29 
1 5 9 14 29 
1 5 9 14 29 
1 5 9 14 29 
1 5 9 14 29 
1 5 9 14 29 
1 5 9 14 29 
1 5 9 14 29 
1 5 9 14 29 
1 5 9 14 29 
1 5 9 14 29 
1 5 9 14 29 
1 5 9 14 29 
1 5 9 14 29 
1 5 9 14 29 
1 5 9 14 29 
1 5 9 14 29 
1 5 9 14 29 
1 5 9 14 29 
1 5 9 14 29 
1 5 9 14 29 
1 5 9 14 29 
1 5 9 14 29 
1 5 9 14 29 
1 5 9 14 29 
1 5 9 14 29 
1 5 9 14 29 
1 5 9 14 29 
1 5 9 14 29 
1 5 9 14 29 
1 5 9 14 29 
1 5 9 14 29 
1 5 9 14 29 
1 5 9 14 29 
1 5 9 14 29 
1 5 9 14 29 
1 5 9 14 29 
1 5 9 14 29 
1 5 9 14 29 
1 5 9 14 29 
1 5 9 14 29 
1 5 9 14 29 
1 5 9 14 29 
1 5 9 14 29 
1 5 9 14 29 
1 5 9 14 29 
1 5 9 14 29 
1 5 9 14 29 
1 5 9 14 29 
1 5 9 14 29 
1 5 9 14 29 
1 5 9 14 29 
1 5 9 14 29 
1 5 9 14 29 
1 5 9 14 29 
1 5 9 14 29 
1 5 9 14 29 
1 5 9 14 29 
1 5 9 14 29 
1 5 9 14 29 
1 5 9 14 29 
1 5 9 14 29 
1 5 9 14 29 
1 5 9 14 29 
1 5 9 14 29 
1 5 9 14 29 
1 5 9 14 29 
1 5 9 14 29 
1 5 9 14 29 
1 5 9 14 29 
1 5 9 14 29 
1 5 9 14 29 
1 5 9 14 29 
1 5 9 14 29 
1 5 9 14 29 
