1 6 11 15 29 
1 6 11 15 29 
1 6 11 15 29 
1 6 11 15 29 
1 6 11 15 29 
1 6 11 15 29 
1 6 11 15 29 
1 6 11 15 29 
1 6 11 15 29 
1 4 11 15 29 
1 4 11 15 29 
1 4 11 15 29 
1 4 11 15 29 
1 4 11 15 29 
1 4 11 15 29 
1 4 11 15 29 
1 4 11 15 29 
1 4 11 15 29 
5 4 11 14 29 
5 4 11 14 29 
5 4 11 14 29 
5 4 11 14 29 
5 4 11 14 29 
5 4 11 14 29 
5 4 11 14 29 
5 4 11 14 29 
4 5 10 15 29 
5 4 11 14 29 
4 5 10 15 29 
4 5 10 15 29 
4 5 10 15 29 
5 4 7 15 29 
5 4 11 7 29 
5 6 7 4 29 
5 4 6 15 29 
7 4 5 8 29 
5 4 11 15 29 
6 4 5 11 29 
4 5 10 15 29 
4 5 10 15 29 
4 5 10 15 29 
5 4 11 15 29 
5 4 11 15 29 
4 5 10 15 29 
5 4 11 15 29 
4 5 10 15 29 
5 4 11 15 29 
5 4 11 15 29 
5 4 11 15 29 
5 4 11 15 29 
5 4 11 15 29 
5 6 4 15 29 
5 4 6 15 29 
5 4 6 15 29 
6 4 5 15 29 
4 5 11 7 29 
5 4 7 11 29 
7 4 5 15 29 
7 4 5 15 29 
6 4 5 15 29 
6 4 5 11 29 
5 4 11 7 29 
6 4 5 15 29 
4 5 7 11 29 
5 6 4 15 29 
5 6 4 11 29 
7 4 5 15 29 
4 5 6 11 29 
4 5 7 11 29 
5 4 6 11 29 
6 4 5 11 29 
4 5 7 15 29 
7 4 5 15 29 
5 6 4 15 29 
5 4 6 11 29 
7 4 15 5 29 
5 4 11 7 29 
7 4 5 11 29 
5 6 4 11 29 
8 5 7 4 29 
5 8 4 7 29 
5 8 7 4 29 
5 6 4 7 29 
7 4 5 8 29 
5 6 4 7 29 
7 5 6 4 29 
7 4 5 8 29 
7 4 5 6 29 
8 5 7 4 29 
4 8 7 5 29 
5 6 4 7 29 
7 4 8 5 29 
5 6 4 11 29 
7 4 5 6 29 
7 4 5 6 29 
5 4 11 7 29 
7 4 5 15 29 
5 4 6 7 29 
7 4 15 5 29 
7 4 5 8 29 
