4 7 8 5 29 
4 5 11 14 29 
4 5 7 6 29 
4 5 6 11 29 
6 5 11 15 29 
4 7 15 5 29 
4 5 7 11 29 
6 5 4 15 29 
1 5 11 14 29 
4 5 11 15 29 
1 5 9 14 29 
1 5 9 14 29 
1 5 9 14 29 
1 5 9 14 29 
1 5 9 14 29 
1 5 9 14 29 
1 5 9 14 29 
1 5 9 14 29 
1 5 9 14 29 
1 5 9 14 29 
1 5 9 14 29 
1 5 9 14 29 
1 5 9 14 29 
1 5 9 14 29 
1 5 9 14 29 
1 5 9 14 29 
1 5 9 14 29 
1 5 9 14 29 
1 5 9 14 29 
1 5 9 14 29 
1 5 9 14 29 
1 5 9 14 29 
1 5 9 14 29 
1 5 9 14 29 
1 5 9 14 29 
1 5 9 14 29 
1 5 9 14 29 
1 5 9 14 29 
1 5 9 14 29 
1 5 9 14 29 
1 5 9 14 29 
1 5 9 14 29 
1 5 9 14 29 
1 5 9 14 29 
1 5 9 14 29 
1 5 9 14 29 
1 5 9 14 29 
1 5 9 14 29 
1 5 9 14 29 
1 5 9 14 29 
1 5 9 14 29 
1 5 9 14 29 
1 5 9 14 29 
1 5 9 14 29 
1 5 9 14 29 
1 5 9 14 29 
1 5 9 14 29 
1 5 9 14 29 
1 5 9 14 29 
1 5 9 14 29 
1 5 9 14 29 
1 5 9 14 29 
1 5 9 14 29 
1 5 9 14 29 
1 5 9 14 29 
1 5 9 14 29 
1 5 9 14 29 
1 5 9 14 29 
1 5 9 14 29 
1 5 9 14 29 
1 5 9 14 29 
1 5 9 14 29 
1 5 9 14 29 
1 5 9 14 29 
1 5 9 14 29 
1 5 9 14 29 
1 5 9 14 29 
1 5 9 14 29 
1 5 9 14 29 
1 5 9 14 29 
1 5 9 14 29 
1 5 9 14 29 
1 5 9 14 29 
1 5 9 14 29 
1 5 9 14 29 
1 5 9 14 29 
1 5 9 14 29 
1 5 9 14 29 
1 5 9 14 29 
1 5 9 14 29 
1 5 9 14 29 
1 5 9 14 29 
1 5 9 14 29 
1 5 9 14 29 
1 5 9 14 29 
1 5 9 14 29 
1 5 9 14 29 
1 5 9 14 29 
1 5 9 14 29 
1 5 9 14 29 
