1 5 9 14 29 
1 5 9 14 29 
1 5 9 14 29 
1 5 9 14 29 
1 5 9 14 29 
1 5 9 14 29 
1 5 9 14 29 
1 5 11 14 29 
1 5 11 14 29 
1 5 11 14 29 
1 5 9 14 29 
1 5 11 14 29 
1 5 11 14 29 
1 5 11 14 29 
1 5 11 14 29 
1 5 11 14 29 
6 5 11 15 29 
6 5 11 15 29 
6 5 11 15 29 
6 5 11 15 29 
6 5 11 15 29 
6 5 11 15 29 
4 5 11 14 29 
4 5 11 15 29 
4 5 11 14 29 
4 5 11 14 29 
6 5 11 15 29 
4 5 11 14 29 
4 5 11 15 29 
4 5 11 14 29 
4 5 11 14 29 
4 5 11 15 29 
4 5 11 15 29 
4 5 11 15 29 
4 5 11 15 29 
4 5 11 15 29 
4 5 11 15 29 
6 5 11 15 29 
4 5 11 14 29 
4 5 11 14 29 
6 4 5 15 29 
5 6 4 15 29 
6 4 5 15 29 
6 4 5 11 29 
5 6 4 15 29 
5 6 4 15 29 
5 6 4 11 29 
5 6 4 11 29 
6 4 5 15 29 
6 4 5 11 29 
6 4 5 11 29 
5 6 4 11 29 
6 4 5 11 29 
7 4 5 8 29 
7 4 5 8 29 
4 5 8 7 29 
5 6 4 11 29 
7 4 5 8 29 
7 4 5 11 29 
7 4 5 11 29 
6 4 5 15 29 
7 4 5 11 29 
4 5 8 7 29 
7 4 5 11 29 
7 4 5 8 29 
7 4 5 15 29 
7 5 4 15 29 
7 4 5 8 29 
7 4 5 11 29 
7 4 5 15 29 
5 6 4 15 29 
4 5 15 7 29 
7 4 5 8 29 
7 4 5 11 29 
7 4 5 15 29 
7 4 5 6 29 
7 6 5 4 29 
4 7 8 5 28 
7 4 5 6 29 
7 5 6 4 29 
7 4 5 6 29 
5 8 7 4 28 
7 4 5 15 29 
7 4 5 11 29 
4 5 7 15 29 
4 8 7 5 28 
7 4 5 15 29 
7 4 15 5 29 
7 4 5 6 29 
5 8 7 4 28 
4 7 8 5 28 
7 4 5 11 29 
5 8 7 4 28 
5 8 7 4 28 
7 4 5 6 29 
7 4 5 6 29 
5 7 8 4 28 
7 4 5 6 29 
7 4 5 8 29 
5 8 7 4 28 
