5 8 7 4 28 
5 11 14 16 29 
5 11 14 16 29 
5 8 7 4 28 
5 8 7 4 29 
4 5 11 14 29 
5 7 4 6 29 
4 8 7 5 29 
5 7 4 15 29 
4 5 11 14 29 
4 5 6 11 29 
4 5 11 15 29 
5 7 4 6 29 
6 5 11 15 29 
5 7 4 15 29 
5 7 4 11 29 
4 5 6 15 29 
4 5 11 7 29 
4 5 6 15 29 
4 5 6 11 29 
6 5 11 15 29 
4 5 11 15 29 
5 11 14 16 29 
5 7 4 8 28 
5 8 7 4 29 
4 5 11 14 29 
4 5 7 6 29 
4 5 7 15 29 
4 5 11 7 29 
4 5 6 15 29 
4 5 6 11 29 
6 5 11 15 29 
4 5 11 15 29 
5 11 14 16 29 
5 7 4 8 28 
5 7 4 8 29 
4 5 11 14 29 
5 7 4 6 29 
4 5 7 15 29 
4 5 11 7 29 
4 5 6 15 29 
5 6 4 11 29 
4 5 11 15 29 
5 11 14 16 29 
4 5 7 8 28 
4 8 7 5 29 
4 5 11 14 29 
5 7 4 6 29 
4 5 7 15 29 
5 7 4 11 29 
4 5 6 15 29 
4 5 6 11 29 
4 5 11 15 29 
5 11 14 16 29 
8 5 7 4 28 
4 8 7 5 29 
4 5 11 14 29 
7 5 6 4 29 
5 7 4 15 29 
4 5 7 11 29 
4 5 6 15 29 
4 5 6 11 29 
4 5 11 15 29 
5 11 14 16 29 
4 7 8 5 28 
4 8 5 7 29 
4 5 11 14 29 
4 5 6 7 29 
4 5 15 7 29 
4 5 7 11 29 
4 5 6 15 29 
4 5 6 11 29 
4 5 11 15 29 
4 7 8 5 28 
5 11 14 16 29 
4 8 5 7 29 
4 5 11 14 29 
4 5 7 6 29 
5 7 4 15 29 
5 7 4 11 29 
4 5 6 15 29 
4 5 6 11 29 
4 5 11 15 29 
5 11 14 16 29 
4 7 8 5 28 
5 7 4 8 29 
4 5 11 14 29 
5 7 4 6 29 
5 7 4 15 29 
4 5 11 7 29 
4 5 6 15 29 
4 5 6 11 29 
4 5 11 15 29 
4 7 8 5 28 
5 11 14 16 29 
5 7 4 8 29 
4 5 11 14 29 
4 5 7 6 29 
5 7 4 15 29 
4 5 11 7 29 
