4 11 15 16 29 
4 11 15 16 29 
4 11 15 16 29 
4 11 15 16 29 
4 11 15 16 29 
4 11 15 16 29 
4 11 15 16 29 
4 11 15 16 29 
4 5 11 14 29 
4 5 11 14 29 
4 5 11 14 29 
4 5 11 14 29 
4 11 15 16 29 
4 5 11 14 29 
4 5 11 14 29 
4 5 11 14 29 
4 5 11 14 29 
4 5 11 14 29 
6 5 11 15 29 
6 5 11 15 29 
6 5 11 15 29 
6 5 11 15 29 
6 5 11 15 29 
6 5 11 15 29 
6 5 11 15 29 
6 5 11 15 29 
6 5 11 15 29 
4 5 11 15 29 
4 5 11 15 29 
4 5 11 15 29 
4 5 11 15 29 
4 5 11 15 29 
7 4 5 11 29 
7 4 5 11 29 
4 5 11 15 29 
4 5 11 15 29 
4 7 5 11 29 
4 10 15 16 29 
4 10 15 16 29 
7 4 5 11 29 
7 4 5 11 29 
7 4 5 11 29 
4 10 15 16 29 
4 10 15 16 29 
7 4 5 8 29 
4 5 11 15 29 
7 4 5 11 29 
7 4 15 5 29 
5 7 4 8 29 
7 4 5 8 29 
4 7 5 15 29 
8 4 5 7 29 
4 7 5 15 29 
4 10 15 16 29 
7 4 5 15 29 
6 4 15 5 29 
7 4 5 8 29 
4 6 5 15 29 
6 4 5 11 29 
8 7 5 4 29 
6 4 5 15 29 
7 4 5 15 29 
6 4 5 11 29 
4 10 15 16 29 
4 7 5 8 29 
4 6 5 11 29 
7 4 5 11 29 
6 7 5 4 29 
6 5 4 11 29 
7 4 6 5 29 
7 4 5 6 29 
7 4 5 6 29 
7 6 5 4 29 
6 4 5 15 29 
6 7 5 4 29 
4 6 5 11 29 
6 5 4 15 29 
7 4 5 15 29 
6 4 15 5 29 
7 4 5 6 29 
7 6 5 4 29 
6 4 5 11 29 
4 6 5 11 29 
7 4 5 11 29 
7 4 5 15 29 
6 7 5 4 29 
8 4 5 7 29 
4 10 15 16 29 
7 4 5 8 29 
6 4 15 5 29 
7 4 5 15 29 
8 7 5 4 29 
4 10 15 16 29 
4 10 15 16 29 
6 4 5 15 29 
6 4 5 11 29 
4 5 11 15 29 
6 4 5 11 29 
7 4 5 15 29 
4 6 5 15 29 
