6 5 11 15 29 
6 5 11 15 29 
6 5 11 15 29 
6 5 11 15 29 
6 5 11 15 29 
1 5 9 14 29 
1 5 9 14 29 
1 5 9 14 29 
6 5 11 15 29 
1 5 9 14 29 
1 5 9 14 29 
6 5 11 15 29 
1 5 9 14 29 
1 5 9 14 29 
6 5 11 15 29 
1 5 9 14 29 
5 4 11 14 29 
4 5 11 14 29 
4 5 11 14 29 
4 5 11 14 29 
4 5 11 14 29 
1 5 9 14 29 
4 5 11 14 29 
6 5 11 15 29 
4 5 11 14 29 
4 5 11 14 29 
4 5 11 14 29 
1 5 11 14 29 
1 5 11 14 29 
1 5 11 14 29 
1 5 11 14 29 
1 5 11 14 29 
1 5 11 14 29 
1 5 11 14 29 
1 5 11 14 29 
5 4 11 15 29 
4 5 11 15 29 
5 4 11 15 29 
4 5 11 15 29 
5 4 11 15 29 
5 4 11 15 29 
5 4 11 15 29 
5 4 11 15 29 
1 5 11 14 29 
5 4 11 15 29 
7 4 5 11 29 
7 4 5 11 29 
7 4 5 11 29 
7 4 5 11 29 
7 4 5 11 29 
7 4 5 11 29 
7 4 5 11 29 
6 4 5 15 29 
6 4 15 5 29 
6 4 15 5 29 
7 4 5 11 29 
6 4 15 5 29 
5 6 4 11 29 
7 4 5 11 29 
6 4 5 11 29 
6 4 15 5 29 
5 4 6 11 29 
6 4 15 5 29 
5 6 4 11 29 
7 4 15 5 29 
7 4 15 5 29 
5 4 6 11 29 
7 4 15 5 29 
7 4 15 5 29 
7 4 15 5 29 
7 4 15 5 29 
5 6 4 7 29 
6 4 7 5 29 
6 4 5 11 29 
7 4 15 5 29 
6 4 15 5 29 
6 4 5 11 29 
6 4 5 7 29 
6 4 15 5 29 
5 6 7 4 29 
7 4 5 6 29 
7 4 15 5 29 
6 4 15 5 29 
7 4 5 6 29 
6 4 5 11 29 
7 4 5 6 29 
5 6 4 11 29 
7 4 5 6 29 
7 4 15 5 29 
5 8 7 4 29 
7 8 5 4 29 
7 4 5 8 29 
7 4 5 8 29 
7 8 5 4 29 
7 4 5 6 29 
7 8 5 4 29 
5 8 7 4 29 
7 4 5 8 29 
5 8 7 4 29 
5 8 7 4 29 
