7 4 8 5 28 
1 5 9 14 29 
1 5 9 14 29 
4 5 7 8 28 
4 5 7 8 29 
4 5 11 14 29 
1 5 11 14 29 
4 5 7 6 29 
5 4 8 7 29 
4 5 7 15 29 
4 5 6 11 29 
4 5 11 15 29 
4 5 11 14 29 
7 5 4 6 29 
6 5 11 15 29 
4 5 7 15 29 
5 4 7 11 29 
4 5 6 15 29 
4 5 7 11 29 
4 5 6 15 29 
4 5 6 11 29 
6 5 11 15 29 
1 5 11 14 29 
4 5 11 15 29 
1 5 9 14 29 
7 4 8 5 28 
4 5 7 8 29 
4 5 11 14 29 
4 5 6 7 29 
4 5 7 15 29 
4 5 11 7 29 
4 5 6 15 29 
4 5 6 11 29 
6 5 11 15 29 
1 5 11 14 29 
4 5 11 15 29 
1 5 9 14 29 
4 5 7 8 28 
5 4 8 7 29 
4 5 11 14 29 
4 5 7 6 29 
4 5 7 15 29 
4 5 11 7 29 
4 5 6 15 29 
4 5 6 11 29 
6 5 11 15 29 
1 5 11 14 29 
4 5 11 15 29 
1 5 9 14 29 
7 4 8 5 28 
4 5 7 8 29 
4 5 11 14 29 
6 5 4 7 29 
4 5 7 15 29 
4 5 11 7 29 
4 5 6 15 29 
4 5 6 11 29 
6 5 11 15 29 
1 5 11 14 29 
4 5 11 15 29 
1 5 9 14 29 
4 5 7 8 28 
4 5 7 8 29 
4 5 11 14 29 
4 5 6 7 29 
4 5 7 15 29 
4 5 11 7 29 
4 5 6 15 29 
4 5 6 11 29 
6 5 11 15 29 
1 5 11 14 29 
4 5 11 15 29 
1 5 9 14 29 
4 5 7 8 28 
4 5 7 8 29 
4 5 11 14 29 
4 5 7 6 29 
4 5 7 15 29 
4 5 11 7 29 
4 5 6 15 29 
4 5 6 11 29 
6 5 11 15 29 
1 5 11 14 29 
4 5 11 15 29 
1 5 9 14 29 
7 4 8 5 28 
4 5 7 8 29 
4 5 11 14 29 
4 5 7 6 29 
4 5 7 15 29 
4 5 7 11 29 
4 5 6 15 29 
4 5 6 11 29 
6 5 11 15 29 
1 5 11 14 29 
4 5 11 15 29 
1 5 9 14 29 
4 5 7 8 28 
4 5 7 8 29 
4 5 11 14 29 
