8 5 4 7 29 
4 5 11 14 29 
4 7 5 6 29 
4 5 6 11 29 
6 5 11 15 29 
4 7 5 15 29 
4 5 7 11 29 
4 5 6 15 29 
1 5 11 14 29 
4 5 11 15 29 
1 6 11 15 29 
1 6 11 15 29 
1 6 11 15 29 
1 6 11 15 29 
1 6 11 15 29 
1 6 11 15 29 
1 6 11 15 29 
1 6 11 15 29 
1 6 11 15 29 
1 6 11 15 29 
1 6 11 15 29 
1 6 11 15 29 
1 6 11 15 29 
1 6 11 15 29 
1 6 11 15 29 
1 6 11 15 29 
1 6 11 15 29 
1 6 11 15 29 
1 6 11 15 29 
1 6 11 15 29 
1 6 11 15 29 
1 6 11 15 29 
1 6 11 15 29 
1 6 11 15 29 
1 6 11 15 29 
1 6 11 15 29 
1 6 11 15 29 
1 6 11 15 29 
1 6 11 15 29 
1 6 11 15 29 
1 6 11 15 29 
1 6 11 15 29 
1 6 11 15 29 
1 6 11 15 29 
1 6 11 15 29 
1 6 11 15 29 
1 6 11 15 29 
1 6 11 15 29 
1 6 11 15 29 
1 6 11 15 29 
1 6 11 15 29 
1 6 11 15 29 
1 6 11 15 29 
1 6 11 15 29 
1 6 11 15 29 
1 6 11 15 29 
1 6 11 15 29 
1 6 11 15 29 
1 6 11 15 29 
1 6 11 15 29 
1 6 11 15 29 
1 6 11 15 29 
1 6 11 15 29 
1 6 11 15 29 
1 6 11 15 29 
1 6 11 15 29 
1 6 11 15 29 
1 6 11 15 29 
1 6 11 15 29 
1 6 11 15 29 
1 6 11 15 29 
1 6 11 15 29 
1 6 11 15 29 
1 6 11 15 29 
1 6 11 15 29 
1 6 11 15 29 
1 6 11 15 29 
1 6 11 15 29 
1 6 11 15 29 
1 6 11 15 29 
1 6 11 15 29 
1 6 11 15 29 
1 6 11 15 29 
1 6 11 15 29 
1 6 11 15 29 
1 6 11 15 29 
1 6 11 15 29 
1 6 11 15 29 
1 6 11 15 29 
1 6 11 15 29 
1 6 11 15 29 
1 6 11 15 29 
1 6 11 15 29 
1 6 11 15 29 
1 6 11 15 29 
1 6 11 15 29 
1 6 11 15 29 
1 6 11 15 29 
1 6 11 15 29 
1 6 11 15 29 
