5 11 14 16 29 
5 11 14 16 29 
5 11 14 16 29 
5 11 14 16 29 
5 4 11 14 29 
5 4 11 14 29 
5 4 11 14 29 
5 11 14 16 29 
5 11 14 16 29 
5 11 14 16 29 
5 4 11 14 29 
5 11 14 16 29 
5 4 11 14 29 
5 4 11 14 29 
5 4 11 14 29 
5 4 11 14 29 
5 4 11 14 29 
5 4 11 14 29 
5 11 14 16 29 
5 6 4 15 29 
5 4 7 8 28 
5 11 14 16 29 
5 7 4 11 29 
5 4 11 15 29 
5 6 4 11 29 
4 15 5 7 29 
5 7 6 4 29 
5 7 4 8 29 
5 4 11 15 29 
5 4 11 15 29 
5 4 11 15 29 
5 4 11 15 29 
5 4 11 15 29 
5 4 11 15 29 
5 4 11 15 29 
5 4 11 15 29 
5 4 11 15 29 
5 6 4 11 29 
5 6 4 11 29 
5 6 4 11 29 
5 6 4 11 29 
5 6 4 11 29 
5 6 4 11 29 
5 6 4 11 29 
5 6 4 11 29 
5 6 4 11 29 
5 6 4 15 29 
5 6 4 15 29 
5 6 4 15 29 
5 6 4 15 29 
5 6 4 15 29 
5 6 4 15 29 
5 7 4 11 29 
5 7 4 11 29 
5 7 4 11 29 
5 7 4 11 29 
5 7 4 11 29 
5 7 4 11 29 
5 7 4 11 29 
5 6 4 15 29 
5 4 7 8 28 
5 4 7 8 28 
5 4 8 7 28 
5 6 4 15 29 
5 6 4 15 29 
5 4 7 8 28 
5 4 7 8 28 
5 4 7 8 28 
5 7 4 11 29 
5 4 7 8 28 
8 4 7 5 28 
5 7 4 6 29 
4 15 5 7 29 
5 7 4 15 29 
5 7 4 6 29 
4 15 5 7 29 
5 7 4 6 29 
5 6 7 4 29 
5 7 4 6 29 
5 7 4 11 29 
5 6 7 4 29 
5 7 6 4 29 
5 7 4 6 29 
5 7 4 8 29 
5 7 4 8 29 
4 8 7 5 29 
5 7 6 4 29 
4 15 5 7 29 
5 8 7 4 29 
5 8 7 4 29 
5 7 4 15 29 
4 15 5 7 29 
5 7 4 8 29 
5 8 7 4 29 
5 7 4 15 29 
5 4 7 8 28 
5 8 4 7 29 
4 15 5 7 29 
4 15 5 7 29 
5 8 7 4 29 
