8 5 7 4 28 
8 5 4 7 29 
4 5 11 14 29 
7 5 4 6 29 
4 5 6 11 29 
4 11 15 16 29 
6 5 11 15 29 
4 15 7 5 29 
7 5 4 11 29 
6 5 4 15 29 
4 5 11 15 29 
4 10 15 16 29 
4 10 15 16 29 
4 10 15 16 29 
4 10 15 16 29 
4 10 15 16 29 
4 10 15 16 29 
4 10 15 16 29 
4 10 15 16 29 
4 10 15 16 29 
4 10 15 16 29 
4 10 15 16 29 
4 10 15 16 29 
4 10 15 16 29 
4 10 15 16 29 
4 10 15 16 29 
4 10 15 16 29 
4 10 15 16 29 
4 10 15 16 29 
4 10 15 16 29 
4 10 15 16 29 
4 10 15 16 29 
4 10 15 16 29 
4 10 15 16 29 
4 10 15 16 29 
4 10 15 16 29 
4 10 15 16 29 
4 10 15 16 29 
4 10 15 16 29 
4 10 15 16 29 
4 10 15 16 29 
4 10 15 16 29 
4 10 15 16 29 
4 10 15 16 29 
4 10 15 16 29 
4 10 15 16 29 
4 10 15 16 29 
4 10 15 16 29 
4 10 15 16 29 
4 10 15 16 29 
4 10 15 16 29 
4 10 15 16 29 
4 10 15 16 29 
4 10 15 16 29 
4 10 15 16 29 
4 10 15 16 29 
4 10 15 16 29 
4 10 15 16 29 
4 10 15 16 29 
4 10 15 16 29 
4 10 15 16 29 
4 10 15 16 29 
4 10 15 16 29 
4 10 15 16 29 
4 10 15 16 29 
4 10 15 16 29 
4 10 15 16 29 
4 10 15 16 29 
4 10 15 16 29 
4 10 15 16 29 
4 10 15 16 29 
4 10 15 16 29 
4 10 15 16 29 
4 10 15 16 29 
4 10 15 16 29 
4 10 15 16 29 
4 10 15 16 29 
4 10 15 16 29 
4 10 15 16 29 
4 10 15 16 29 
4 10 15 16 29 
4 10 15 16 29 
4 10 15 16 29 
4 10 15 16 29 
4 10 15 16 29 
4 10 15 16 29 
4 10 15 16 29 
4 10 15 16 29 
4 10 15 16 29 
4 10 15 16 29 
4 10 15 16 29 
4 10 15 16 29 
4 10 15 16 29 
4 10 15 16 29 
4 10 15 16 29 
4 10 15 16 29 
4 10 15 16 29 
4 10 15 16 29 
4 10 15 16 29 
4 10 15 16 29 
