4 11 15 16 29 
4 11 15 16 29 
4 11 15 16 29 
4 11 15 16 29 
4 11 15 16 29 
4 5 11 15 29 
4 5 11 15 29 
4 5 11 15 29 
4 5 11 15 29 
4 5 11 15 29 
4 5 11 15 29 
4 11 15 16 29 
4 11 15 16 29 
4 5 11 14 29 
4 5 11 14 29 
4 5 11 14 29 
4 5 11 14 29 
4 5 11 14 29 
4 5 11 14 29 
4 5 11 14 29 
4 5 11 14 29 
7 8 4 5 28 
7 8 5 4 28 
7 8 4 5 28 
7 8 5 4 28 
4 5 11 15 29 
5 8 4 7 28 
7 8 5 4 28 
4 5 11 15 29 
5 8 4 7 28 
4 11 15 16 29 
7 4 5 15 29 
7 8 5 4 28 
7 4 15 5 29 
7 8 4 5 28 
7 4 5 15 29 
7 5 4 11 29 
4 5 11 7 29 
7 4 5 11 29 
7 4 5 11 29 
7 5 4 15 29 
4 5 7 11 29 
7 5 4 11 29 
8 5 4 7 29 
7 4 15 5 29 
7 8 5 4 29 
7 5 4 15 29 
8 4 5 7 29 
7 4 15 5 29 
7 4 5 11 29 
7 5 4 8 29 
7 4 5 8 29 
8 4 5 7 29 
8 5 7 4 29 
7 5 4 15 29 
4 5 7 11 29 
6 5 11 15 29 
4 5 6 11 29 
6 5 11 15 29 
6 4 5 11 29 
6 4 5 15 29 
6 4 5 11 29 
7 4 5 8 29 
6 11 15 16 29 
6 5 4 15 29 
6 5 11 15 29 
6 5 11 15 29 
6 11 15 16 29 
6 4 5 11 29 
6 5 4 15 29 
4 5 6 11 29 
4 5 7 15 29 
6 5 11 15 29 
6 5 11 15 29 
6 11 15 16 29 
6 5 11 15 29 
7 8 5 4 29 
6 5 11 15 29 
4 5 6 11 29 
6 4 7 5 29 
6 5 7 4 29 
6 11 15 16 29 
6 5 7 4 29 
4 5 7 6 29 
6 4 5 11 29 
6 5 4 15 29 
6 4 15 5 29 
6 4 15 5 29 
6 5 7 4 29 
6 11 15 16 29 
6 5 7 4 29 
6 5 4 7 29 
6 4 5 11 29 
6 5 4 7 29 
6 11 15 16 29 
6 11 15 16 29 
6 5 7 4 29 
6 11 15 16 29 
6 4 15 5 29 
6 5 4 15 29 
