7 8 5 4 29 
4 5 11 14 29 
4 7 5 6 29 
4 6 5 11 29 
4 11 15 16 29 
6 5 11 15 29 
4 7 5 15 29 
4 7 5 11 29 
4 6 5 15 29 
4 5 11 15 29 
4 10 15 16 29 
4 10 15 16 29 
4 10 15 16 29 
4 10 15 16 29 
4 10 15 16 29 
4 10 15 16 29 
4 10 15 16 29 
4 10 15 16 29 
4 10 15 16 29 
4 10 15 16 29 
4 10 15 16 29 
4 10 15 16 29 
4 10 15 16 29 
4 10 15 16 29 
4 10 15 16 29 
4 10 15 16 29 
4 10 15 16 29 
4 10 15 16 29 
4 10 15 16 29 
4 10 15 16 29 
4 10 15 16 29 
4 10 15 16 29 
4 10 15 16 29 
4 10 15 16 29 
4 10 15 16 29 
4 10 15 16 29 
4 10 15 16 29 
4 10 15 16 29 
4 10 15 16 29 
4 10 15 16 29 
4 10 15 16 29 
4 10 15 16 29 
4 10 15 16 29 
4 10 15 16 29 
4 10 15 16 29 
4 10 15 16 29 
4 10 15 16 29 
4 10 15 16 29 
4 10 15 16 29 
4 10 15 16 29 
4 10 15 16 29 
4 10 15 16 29 
4 10 15 16 29 
4 10 15 16 29 
4 10 15 16 29 
4 10 15 16 29 
4 10 15 16 29 
4 10 15 16 29 
4 10 15 16 29 
4 10 15 16 29 
4 10 15 16 29 
4 10 15 16 29 
4 10 15 16 29 
4 10 15 16 29 
4 10 15 16 29 
4 10 15 16 29 
4 10 15 16 29 
4 10 15 16 29 
4 10 15 16 29 
4 10 15 16 29 
4 10 15 16 29 
4 10 15 16 29 
4 10 15 16 29 
4 10 15 16 29 
4 10 15 16 29 
4 10 15 16 29 
4 10 15 16 29 
4 10 15 16 29 
4 10 15 16 29 
4 10 15 16 29 
4 10 15 16 29 
4 10 15 16 29 
4 10 15 16 29 
4 10 15 16 29 
4 10 15 16 29 
4 10 15 16 29 
4 10 15 16 29 
4 10 15 16 29 
4 10 15 16 29 
4 10 15 16 29 
4 10 15 16 29 
4 10 15 16 29 
4 10 15 16 29 
4 10 15 16 29 
4 10 15 16 29 
4 10 15 16 29 
4 10 15 16 29 
4 10 15 16 29 
4 10 15 16 29 
4 10 15 16 29 
