7 8 5 4 29 
5 4 11 14 29 
5 7 4 6 29 
5 6 4 11 29 
5 4 11 15 29 
5 7 4 15 29 
5 7 4 11 29 
5 6 4 15 29 
5 11 14 16 29 
5 11 14 16 29 
5 11 14 16 29 
5 11 14 16 29 
5 11 14 16 29 
5 11 14 16 29 
5 11 14 16 29 
5 11 14 16 29 
5 11 14 16 29 
5 11 14 16 29 
5 11 14 16 29 
5 11 14 16 29 
5 11 14 16 29 
5 11 14 16 29 
5 11 14 16 29 
5 11 14 16 29 
5 11 14 16 29 
5 11 14 16 29 
5 11 14 16 29 
5 11 14 16 29 
5 11 14 16 29 
5 11 14 16 29 
5 11 14 16 29 
5 11 14 16 29 
5 11 14 16 29 
5 11 14 16 29 
5 11 14 16 29 
5 11 14 16 29 
5 11 14 16 29 
5 11 14 16 29 
5 11 14 16 29 
5 11 14 16 29 
5 11 14 16 29 
5 11 14 16 29 
5 11 14 16 29 
5 11 14 16 29 
5 11 14 16 29 
5 11 14 16 29 
5 11 14 16 29 
5 11 14 16 29 
5 11 14 16 29 
5 11 14 16 29 
5 11 14 16 29 
5 11 14 16 29 
5 11 14 16 29 
5 11 14 16 29 
5 11 14 16 29 
5 11 14 16 29 
5 11 14 16 29 
5 11 14 16 29 
5 11 14 16 29 
5 11 14 16 29 
5 11 14 16 29 
5 11 14 16 29 
5 11 14 16 29 
5 11 14 16 29 
5 11 14 16 29 
5 11 14 16 29 
5 11 14 16 29 
5 11 14 16 29 
5 11 14 16 29 
5 11 14 16 29 
5 11 14 16 29 
5 11 14 16 29 
5 11 14 16 29 
5 11 14 16 29 
5 11 14 16 29 
5 11 14 16 29 
5 11 14 16 29 
5 11 14 16 29 
5 11 14 16 29 
5 11 14 16 29 
5 11 14 16 29 
5 11 14 16 29 
5 11 14 16 29 
5 11 14 16 29 
5 11 14 16 29 
5 11 14 16 29 
5 11 14 16 29 
5 11 14 16 29 
5 11 14 16 29 
5 11 14 16 29 
5 11 14 16 29 
5 11 14 16 29 
5 11 14 16 29 
5 11 14 16 29 
5 11 14 16 29 
5 11 14 16 29 
5 11 14 16 29 
5 11 14 16 29 
5 11 14 16 29 
5 11 14 16 29 
