4 7 5 8 29 
5 4 11 14 29 
7 6 5 4 29 
5 6 4 11 29 
5 4 11 15 29 
4 7 5 15 29 
4 7 5 11 29 
4 6 15 5 29 
1 5 11 14 29 
1 5 11 13 29 
1 5 11 13 29 
1 5 11 13 29 
1 5 11 13 29 
1 5 11 13 29 
1 5 11 13 29 
1 5 11 13 29 
1 5 11 13 29 
1 5 11 13 29 
1 5 11 13 29 
1 5 11 13 29 
1 5 11 13 29 
1 5 11 13 29 
1 5 11 13 29 
1 5 11 13 29 
1 5 11 13 29 
1 5 11 13 29 
1 5 11 13 29 
1 5 11 13 29 
1 5 11 13 29 
1 5 11 13 29 
1 5 11 13 29 
1 5 11 13 29 
1 5 11 13 29 
1 5 11 13 29 
1 5 11 13 29 
1 5 11 13 29 
1 5 11 13 29 
1 5 11 13 29 
1 5 11 13 29 
1 5 11 13 29 
1 5 11 13 29 
1 5 11 13 29 
1 5 11 13 29 
1 5 11 13 29 
1 5 11 13 29 
1 5 11 13 29 
1 5 11 13 29 
1 5 11 13 29 
1 5 11 13 29 
1 5 11 13 29 
1 5 11 13 29 
1 5 11 13 29 
1 5 11 13 29 
1 5 11 13 29 
1 5 11 13 29 
1 5 11 13 29 
1 5 11 13 29 
1 5 11 13 29 
1 5 11 13 29 
1 5 11 13 29 
1 5 11 13 29 
1 5 11 13 29 
1 5 11 13 29 
1 5 11 13 29 
1 5 11 13 29 
1 5 11 13 29 
1 5 11 13 29 
1 5 11 13 29 
1 5 11 13 29 
1 5 11 13 29 
1 5 11 13 29 
1 5 11 13 29 
1 5 11 13 29 
1 5 11 13 29 
1 5 11 13 29 
1 5 11 13 29 
1 5 11 13 29 
1 5 11 13 29 
1 5 11 13 29 
1 5 11 13 29 
1 5 11 13 29 
1 5 11 13 29 
1 5 11 13 29 
1 5 11 13 29 
1 5 11 13 29 
1 5 11 13 29 
1 5 11 13 29 
1 5 11 13 29 
1 5 11 13 29 
1 5 11 13 29 
1 5 11 13 29 
1 5 11 13 29 
1 5 11 13 29 
1 5 11 13 29 
1 5 11 13 29 
1 5 11 13 29 
1 5 11 13 29 
1 5 11 13 29 
1 5 11 13 29 
1 5 11 13 29 
