7 8 4 5 29 
7 6 4 5 29 
5 4 10 14 29 
6 4 5 11 29 
6 5 11 15 29 
7 4 15 5 29 
7 5 4 11 29 
6 4 15 5 29 
5 6 11 14 29 
4 5 11 15 29 
1 4 11 15 29 
1 6 11 15 29 
1 6 11 15 29 
1 6 11 15 29 
1 6 11 15 29 
1 6 11 15 29 
1 6 11 15 29 
1 6 11 15 29 
1 6 11 15 29 
1 6 11 15 29 
1 6 11 15 29 
1 6 11 15 29 
1 6 11 15 29 
1 6 11 15 29 
1 6 11 15 29 
1 6 11 15 29 
1 6 11 15 29 
1 6 11 15 29 
1 6 11 15 29 
1 6 11 15 29 
1 6 11 15 29 
1 6 11 15 29 
1 6 11 15 29 
1 6 11 15 29 
1 6 11 15 29 
1 6 11 15 29 
1 6 11 15 29 
1 6 11 15 29 
1 6 11 15 29 
1 6 11 15 29 
1 6 11 15 29 
1 6 11 15 29 
1 6 11 15 29 
1 6 11 15 29 
1 6 11 15 29 
1 6 11 15 29 
1 6 11 15 29 
1 6 11 15 29 
1 6 11 15 29 
1 6 11 15 29 
1 6 11 15 29 
1 6 11 15 29 
1 6 11 15 29 
1 6 11 15 29 
1 6 11 15 29 
1 6 11 15 29 
1 6 11 15 29 
1 6 11 15 29 
1 6 11 15 29 
1 6 11 15 29 
1 6 11 15 29 
1 6 11 15 29 
1 6 11 15 29 
1 6 11 15 29 
1 6 11 15 29 
1 6 11 15 29 
1 6 11 15 29 
1 6 11 15 29 
1 6 11 15 29 
1 6 11 15 29 
1 6 11 15 29 
1 6 11 15 29 
1 6 11 15 29 
1 6 11 15 29 
1 6 11 15 29 
1 6 11 15 29 
1 6 11 15 29 
1 6 11 15 29 
1 6 11 15 29 
1 6 11 15 29 
1 6 11 15 29 
1 6 11 15 29 
1 6 11 15 29 
1 6 11 15 29 
1 6 11 15 29 
1 6 11 15 29 
1 6 11 15 29 
1 6 11 15 29 
1 6 11 15 29 
1 6 11 15 29 
1 6 11 15 29 
1 6 11 15 29 
1 6 11 15 29 
1 6 11 15 29 
1 6 11 15 29 
1 6 11 15 29 
1 6 11 15 29 
1 6 11 15 29 
1 6 11 15 29 
1 6 11 15 29 
