8 7 4 5 28 
6 11 15 16 29 
6 11 15 16 29 
8 7 4 5 28 
5 7 4 8 29 
4 5 11 14 29 
4 11 15 16 29 
4 5 6 7 29 
4 5 7 8 29 
4 15 7 5 29 
6 5 4 11 29 
4 5 11 15 29 
4 5 11 14 29 
6 5 7 4 29 
6 5 11 15 29 
4 5 15 7 29 
5 7 4 11 29 
4 5 6 15 29 
7 5 4 11 29 
6 5 4 15 29 
4 5 6 11 29 
6 5 11 15 29 
4 11 15 16 29 
4 5 11 15 29 
5 7 4 8 28 
6 11 15 16 29 
7 5 8 4 29 
4 5 11 14 29 
5 7 6 4 29 
4 5 15 7 29 
5 7 4 11 29 
6 5 4 15 29 
4 5 6 11 29 
6 5 11 15 29 
4 11 15 16 29 
4 5 11 15 29 
5 7 4 8 28 
6 11 15 16 29 
7 5 8 4 29 
4 5 11 14 29 
6 5 4 7 29 
4 5 15 7 29 
5 7 4 11 29 
6 5 4 15 29 
4 5 6 11 29 
6 5 11 15 29 
4 11 15 16 29 
4 5 11 15 29 
5 7 4 8 28 
6 11 15 16 29 
5 7 4 8 29 
4 5 11 14 29 
5 7 6 4 29 
4 15 7 5 29 
4 5 7 11 29 
6 5 4 15 29 
6 5 4 11 29 
6 5 11 15 29 
4 11 15 16 29 
4 5 11 15 29 
5 7 4 8 28 
6 11 15 16 29 
8 7 5 4 29 
4 5 11 14 29 
6 5 4 7 29 
4 15 7 5 29 
5 7 4 11 29 
6 5 4 15 29 
6 5 4 11 29 
6 5 11 15 29 
4 11 15 16 29 
4 5 11 15 29 
6 11 15 16 29 
5 7 4 8 28 
5 7 4 8 29 
4 5 11 14 29 
4 5 6 7 29 
4 5 15 7 29 
5 7 4 11 29 
4 5 6 15 29 
4 5 6 11 29 
6 5 11 15 29 
4 11 15 16 29 
4 5 11 15 29 
6 11 15 16 29 
7 5 4 8 28 
4 5 8 7 29 
4 5 11 14 29 
6 7 4 5 29 
4 5 15 7 29 
7 5 4 11 29 
4 5 6 15 29 
4 5 6 11 29 
6 5 11 15 29 
4 11 15 16 29 
4 5 11 15 29 
6 11 15 16 29 
5 7 4 8 28 
8 7 4 5 29 
4 5 11 14 29 
