7 5 8 4 28 
8 5 7 4 29 
5 4 11 14 29 
7 6 4 5 29 
5 6 4 11 29 
5 4 11 15 29 
5 7 4 15 29 
5 4 7 11 29 
5 4 6 15 29 
1 4 11 15 29 
1 6 11 15 29 
1 6 11 15 29 
1 6 11 15 29 
1 6 11 15 29 
1 6 11 15 29 
1 6 11 15 29 
1 6 11 15 29 
1 6 11 15 29 
1 6 11 15 29 
1 6 11 15 29 
1 6 11 15 29 
1 6 11 15 29 
1 6 11 15 29 
1 6 11 15 29 
1 6 11 15 29 
1 6 11 15 29 
1 6 11 15 29 
1 6 11 15 29 
1 6 11 15 29 
1 6 11 15 29 
1 6 11 15 29 
1 6 11 15 29 
1 6 11 15 29 
1 6 11 15 29 
1 6 11 15 29 
1 6 11 15 29 
1 6 11 15 29 
1 6 11 15 29 
1 6 11 15 29 
1 6 11 15 29 
1 6 11 15 29 
1 6 11 15 29 
1 6 11 15 29 
1 6 11 15 29 
1 6 11 15 29 
1 6 11 15 29 
1 6 11 15 29 
1 6 11 15 29 
1 6 11 15 29 
1 6 11 15 29 
1 6 11 15 29 
1 6 11 15 29 
1 6 11 15 29 
1 6 11 15 29 
1 6 11 15 29 
1 6 11 15 29 
1 6 11 15 29 
1 6 11 15 29 
1 6 11 15 29 
1 6 11 15 29 
1 6 11 15 29 
1 6 11 15 29 
1 6 11 15 29 
1 6 11 15 29 
1 6 11 15 29 
1 6 11 15 29 
1 6 11 15 29 
1 6 11 15 29 
1 6 11 15 29 
1 6 11 15 29 
1 6 11 15 29 
1 6 11 15 29 
1 6 11 15 29 
1 6 11 15 29 
1 6 11 15 29 
1 6 11 15 29 
1 6 11 15 29 
1 6 11 15 29 
1 6 11 15 29 
1 6 11 15 29 
1 6 11 15 29 
1 6 11 15 29 
1 6 11 15 29 
1 6 11 15 29 
1 6 11 15 29 
1 6 11 15 29 
1 6 11 15 29 
1 6 11 15 29 
1 6 11 15 29 
1 6 11 15 29 
1 6 11 15 29 
1 6 11 15 29 
1 6 11 15 29 
1 6 11 15 29 
1 6 11 15 29 
1 6 11 15 29 
1 6 11 15 29 
1 6 11 15 29 
1 6 11 15 29 
1 6 11 15 29 
