1 6 11 15 29 
5 4 8 7 28 
5 4 8 7 28 
1 6 11 15 29 
5 4 7 8 29 
5 4 11 14 29 
1 4 11 15 29 
5 4 7 6 29 
5 4 11 15 29 
5 4 7 8 29 
5 4 7 15 29 
5 4 6 11 29 
5 4 7 6 29 
5 4 11 15 29 
5 4 11 14 29 
5 4 7 15 29 
5 4 7 11 29 
5 4 6 15 29 
5 4 11 7 29 
5 4 6 15 29 
5 4 6 11 29 
1 4 11 15 29 
1 6 11 15 29 
5 4 8 7 28 
5 4 7 8 29 
5 4 7 6 29 
5 4 11 15 29 
5 4 11 14 29 
5 4 7 15 29 
5 4 11 7 29 
5 4 6 15 29 
5 4 6 11 29 
1 4 11 15 29 
1 6 11 15 29 
5 4 8 7 28 
5 4 7 8 29 
5 4 6 7 29 
5 4 11 15 29 
5 4 11 14 29 
5 4 7 15 29 
5 4 11 7 29 
5 4 6 15 29 
5 4 6 11 29 
1 4 11 15 29 
1 6 11 15 29 
5 4 7 8 28 
5 4 7 8 29 
5 4 7 6 29 
5 4 11 15 29 
5 4 11 14 29 
5 4 7 15 29 
5 4 11 7 29 
5 4 6 15 29 
5 4 6 11 29 
1 4 11 15 29 
5 4 8 7 28 
1 6 11 15 29 
5 4 8 7 29 
5 4 7 6 29 
5 4 11 15 29 
5 4 11 14 29 
5 4 7 15 29 
5 4 11 7 29 
5 4 6 15 29 
5 4 6 11 29 
1 4 11 15 29 
1 6 11 15 29 
5 4 8 7 28 
5 4 8 7 29 
5 4 7 6 29 
5 4 11 15 29 
5 4 11 14 29 
5 4 7 15 29 
5 4 11 7 29 
5 4 6 15 29 
5 4 6 11 29 
1 4 11 15 29 
1 6 11 15 29 
5 4 7 8 28 
5 4 8 7 29 
5 4 7 6 29 
5 4 11 15 29 
5 4 11 14 29 
5 4 7 15 29 
5 4 7 11 29 
5 4 6 15 29 
5 4 6 11 29 
1 4 11 15 29 
1 6 11 15 29 
5 4 7 8 28 
5 4 7 8 29 
5 4 6 7 29 
5 4 11 15 29 
5 4 11 14 29 
5 4 7 15 29 
5 4 11 7 29 
5 4 6 15 29 
5 4 6 11 29 
1 4 11 15 29 
5 4 7 8 28 
