5 11 14 16 29 
5 11 14 16 29 
5 11 14 16 29 
5 11 14 16 29 
5 11 14 16 29 
5 11 14 16 29 
5 11 14 16 29 
5 11 14 16 29 
5 11 14 16 29 
6 5 11 15 29 
4 5 11 15 29 
5 11 14 16 29 
7 5 4 15 29 
4 5 6 15 29 
4 5 6 11 29 
7 5 4 11 29 
7 5 4 6 29 
4 5 11 14 29 
6 5 11 15 29 
6 5 11 15 29 
6 5 11 15 29 
6 5 11 15 29 
6 5 11 15 29 
6 5 11 15 29 
6 5 11 15 29 
6 5 11 15 29 
6 5 11 15 29 
4 5 11 15 29 
4 5 11 15 29 
4 5 11 15 29 
4 5 11 15 29 
4 5 11 15 29 
4 5 11 15 29 
4 5 11 15 29 
4 5 11 15 29 
4 5 11 15 29 
4 5 11 14 29 
4 5 11 14 29 
4 5 11 14 29 
4 5 11 14 29 
4 5 11 14 29 
4 5 11 14 29 
4 5 11 14 29 
4 5 7 15 29 
4 7 5 15 29 
5 7 4 15 29 
7 5 4 11 29 
4 5 7 11 29 
7 5 4 11 29 
4 5 11 14 29 
7 5 4 11 29 
4 5 7 11 29 
4 5 7 11 29 
7 5 4 11 29 
4 5 7 15 29 
7 5 4 11 29 
7 5 4 15 29 
7 5 4 15 29 
7 5 4 8 29 
7 5 4 8 29 
7 5 4 8 29 
7 5 4 15 29 
6 5 4 15 29 
7 8 5 4 29 
4 6 5 15 29 
7 5 4 8 29 
7 5 4 15 29 
6 5 4 15 29 
8 7 4 5 29 
4 6 5 15 29 
4 5 6 15 29 
4 6 5 11 29 
4 5 6 11 29 
6 5 4 11 29 
7 5 8 4 29 
6 5 4 11 29 
6 5 4 11 29 
4 6 5 11 29 
7 8 4 5 29 
7 5 8 4 29 
7 5 4 15 29 
6 5 4 11 29 
6 5 4 15 29 
4 5 7 11 29 
4 5 6 11 29 
4 6 5 15 29 
4 5 11 14 29 
7 8 4 5 29 
6 5 4 11 29 
4 5 6 15 29 
4 5 6 15 29 
6 7 4 5 29 
6 5 4 7 29 
7 6 5 4 29 
7 5 4 6 29 
7 5 4 6 29 
7 5 4 6 29 
6 5 4 7 29 
4 6 7 5 29 
4 7 6 5 29 
