4 5 7 8 28 
1 5 9 14 29 
1 5 9 14 29 
4 7 5 8 28 
4 5 7 8 29 
4 5 11 14 29 
1 5 11 14 29 
4 5 7 6 29 
8 5 4 7 29 
4 7 15 5 29 
6 5 4 11 29 
4 5 11 15 29 
4 5 11 14 29 
4 5 7 6 29 
6 5 11 15 29 
4 7 15 5 29 
4 5 11 7 29 
6 5 4 15 29 
4 5 11 7 29 
4 5 6 15 29 
4 5 6 11 29 
6 5 11 15 29 
1 5 11 14 29 
4 5 11 15 29 
1 5 9 14 29 
4 5 7 8 28 
4 7 5 8 29 
4 5 11 14 29 
4 5 7 6 29 
7 5 4 15 29 
7 5 4 11 29 
6 5 4 15 29 
4 5 6 11 29 
6 5 11 15 29 
1 5 11 14 29 
4 5 11 15 29 
1 5 9 14 29 
4 7 5 8 28 
7 5 4 8 29 
4 5 11 14 29 
4 5 7 6 29 
7 5 4 15 29 
4 5 11 7 29 
4 5 6 15 29 
6 5 4 11 29 
6 5 11 15 29 
1 5 11 14 29 
4 5 11 15 29 
1 5 9 14 29 
4 7 5 8 28 
7 5 4 8 29 
4 5 11 14 29 
4 5 7 6 29 
7 5 4 15 29 
4 5 11 7 29 
4 5 6 15 29 
4 5 6 11 29 
6 5 11 15 29 
1 5 11 14 29 
4 5 11 15 29 
1 5 9 14 29 
4 5 7 8 28 
8 5 4 7 29 
4 5 11 14 29 
6 5 4 7 29 
7 5 4 15 29 
7 5 4 11 29 
4 5 6 15 29 
4 5 6 11 29 
6 5 11 15 29 
1 5 11 14 29 
4 5 11 15 29 
1 5 9 14 29 
7 5 4 8 28 
4 5 7 8 29 
4 5 11 14 29 
4 5 6 7 29 
7 5 4 15 29 
4 5 11 7 29 
4 5 6 15 29 
6 5 4 11 29 
6 5 11 15 29 
1 5 11 14 29 
4 5 11 15 29 
4 5 7 8 28 
1 5 9 14 29 
4 5 7 8 29 
4 5 11 14 29 
4 7 6 5 29 
4 5 7 15 29 
4 5 7 11 29 
4 5 6 15 29 
6 5 4 11 29 
6 5 11 15 29 
1 5 11 14 29 
4 5 11 15 29 
1 5 9 14 29 
4 5 7 8 28 
8 5 4 7 29 
4 5 11 14 29 
