5 8 4 7 29 
5 4 11 14 29 
5 6 7 4 29 
5 4 6 11 29 
5 4 11 15 29 
5 4 7 15 29 
5 4 7 11 29 
5 4 6 15 29 
5 11 14 16 29 
5 11 14 16 29 
5 11 14 16 29 
5 11 14 16 29 
5 11 14 16 29 
5 11 14 16 29 
5 11 14 16 29 
5 11 14 16 29 
5 11 14 16 29 
5 11 14 16 29 
5 11 14 16 29 
5 11 14 16 29 
5 11 14 16 29 
5 11 14 16 29 
5 11 14 16 29 
5 11 14 16 29 
5 11 14 16 29 
5 11 14 16 29 
5 11 14 16 29 
5 11 14 16 29 
5 11 14 16 29 
5 11 14 16 29 
5 11 14 16 29 
5 11 14 16 29 
5 11 14 16 29 
5 11 14 16 29 
5 11 14 16 29 
5 11 14 16 29 
5 11 14 16 29 
5 11 14 16 29 
5 11 14 16 29 
5 11 14 16 29 
5 11 14 16 29 
5 11 14 16 29 
5 11 14 16 29 
5 11 14 16 29 
5 11 14 16 29 
5 11 14 16 29 
5 11 14 16 29 
5 11 14 16 29 
5 11 14 16 29 
5 11 14 16 29 
5 11 14 16 29 
5 11 14 16 29 
5 11 14 16 29 
5 11 14 16 29 
5 11 14 16 29 
5 11 14 16 29 
5 11 14 16 29 
5 11 14 16 29 
5 11 14 16 29 
5 11 14 16 29 
5 11 14 16 29 
5 11 14 16 29 
5 11 14 16 29 
5 11 14 16 29 
5 11 14 16 29 
5 11 14 16 29 
5 11 14 16 29 
5 11 14 16 29 
5 11 14 16 29 
5 11 14 16 29 
5 11 14 16 29 
5 11 14 16 29 
5 11 14 16 29 
5 11 14 16 29 
5 11 14 16 29 
5 11 14 16 29 
5 11 14 16 29 
5 11 14 16 29 
5 11 14 16 29 
5 11 14 16 29 
5 11 14 16 29 
5 11 14 16 29 
5 11 14 16 29 
5 11 14 16 29 
5 11 14 16 29 
5 11 14 16 29 
5 11 14 16 29 
5 11 14 16 29 
5 11 14 16 29 
5 11 14 16 29 
5 11 14 16 29 
5 11 14 16 29 
5 11 14 16 29 
5 11 14 16 29 
5 11 14 16 29 
5 11 14 16 29 
5 11 14 16 29 
5 11 14 16 29 
5 11 14 16 29 
5 11 14 16 29 
