7 8 5 4 29 
5 4 11 14 29 
7 4 5 6 29 
5 4 6 11 29 
5 4 11 15 29 
5 4 15 7 29 
7 4 5 11 29 
5 4 6 15 29 
1 4 11 15 29 
1 6 11 15 29 
1 6 11 15 29 
1 6 11 15 29 
1 6 11 15 29 
1 6 11 15 29 
1 6 11 15 29 
1 6 11 15 29 
1 6 11 15 29 
1 6 11 15 29 
1 6 11 15 29 
1 6 11 15 29 
1 6 11 15 29 
1 6 11 15 29 
1 6 11 15 29 
1 6 11 15 29 
1 6 11 15 29 
1 6 11 15 29 
1 6 11 15 29 
1 6 11 15 29 
1 6 11 15 29 
1 6 11 15 29 
1 6 11 15 29 
1 6 11 15 29 
1 6 11 15 29 
1 6 11 15 29 
1 6 11 15 29 
1 6 11 15 29 
1 6 11 15 29 
1 6 11 15 29 
1 6 11 15 29 
1 6 11 15 29 
1 6 11 15 29 
1 6 11 15 29 
1 6 11 15 29 
1 6 11 15 29 
1 6 11 15 29 
1 6 11 15 29 
1 6 11 15 29 
1 6 11 15 29 
1 6 11 15 29 
1 6 11 15 29 
1 6 11 15 29 
1 6 11 15 29 
1 6 11 15 29 
1 6 11 15 29 
1 6 11 15 29 
1 6 11 15 29 
1 6 11 15 29 
1 6 11 15 29 
1 6 11 15 29 
1 6 11 15 29 
1 6 11 15 29 
1 6 11 15 29 
1 6 11 15 29 
1 6 11 15 29 
1 6 11 15 29 
1 6 11 15 29 
1 6 11 15 29 
1 6 11 15 29 
1 6 11 15 29 
1 6 11 15 29 
1 6 11 15 29 
1 6 11 15 29 
1 6 11 15 29 
1 6 11 15 29 
1 6 11 15 29 
1 6 11 15 29 
1 6 11 15 29 
1 6 11 15 29 
1 6 11 15 29 
1 6 11 15 29 
1 6 11 15 29 
1 6 11 15 29 
1 6 11 15 29 
1 6 11 15 29 
1 6 11 15 29 
1 6 11 15 29 
1 6 11 15 29 
1 6 11 15 29 
1 6 11 15 29 
1 6 11 15 29 
1 6 11 15 29 
1 6 11 15 29 
1 6 11 15 29 
1 6 11 15 29 
1 6 11 15 29 
1 6 11 15 29 
1 6 11 15 29 
1 6 11 15 29 
1 6 11 15 29 
1 6 11 15 29 
