8 7 4 5 28 
6 11 15 16 29 
6 11 15 16 29 
8 7 4 5 28 
8 7 4 5 29 
4 5 11 14 29 
4 11 15 16 29 
5 7 4 6 29 
8 7 4 5 29 
4 7 5 15 29 
5 4 6 11 29 
5 4 11 15 29 
4 5 11 14 29 
6 5 4 7 29 
6 5 11 15 29 
4 7 5 15 29 
5 7 4 11 29 
5 4 6 15 29 
4 5 11 7 29 
4 5 6 15 29 
5 4 6 11 29 
6 5 11 15 29 
4 11 15 16 29 
4 5 11 15 29 
6 11 15 16 29 
8 7 4 5 28 
8 7 4 5 29 
5 4 11 14 29 
7 4 6 5 29 
4 7 15 5 29 
5 7 4 11 29 
5 4 6 15 29 
5 4 6 11 29 
6 5 11 15 29 
4 11 15 16 29 
5 4 11 15 29 
4 7 8 5 28 
6 11 15 16 29 
8 7 4 5 29 
4 5 11 14 29 
4 7 5 6 29 
5 7 4 15 29 
5 4 11 7 29 
5 4 6 15 29 
5 4 6 11 29 
6 5 11 15 29 
4 11 15 16 29 
4 5 11 15 29 
6 11 15 16 29 
8 7 4 5 28 
4 7 8 5 29 
5 4 11 14 29 
5 4 7 6 29 
4 5 7 15 29 
4 5 11 7 29 
5 4 6 15 29 
5 4 6 11 29 
6 5 11 15 29 
4 11 15 16 29 
5 4 11 15 29 
6 11 15 16 29 
8 7 4 5 28 
4 7 8 5 29 
4 5 11 14 29 
5 4 6 7 29 
4 7 5 15 29 
5 7 4 11 29 
4 5 6 15 29 
5 4 6 11 29 
6 5 11 15 29 
4 11 15 16 29 
4 5 11 15 29 
6 11 15 16 29 
5 7 8 4 28 
5 4 7 8 29 
4 5 11 14 29 
5 4 6 7 29 
4 5 15 7 29 
4 7 5 11 29 
4 5 6 15 29 
6 5 4 11 29 
6 5 11 15 29 
4 11 15 16 29 
4 5 11 15 29 
4 7 8 5 28 
6 11 15 16 29 
4 7 8 5 29 
4 5 11 14 29 
6 5 7 4 29 
4 5 7 15 29 
4 7 5 11 29 
5 4 6 15 29 
4 5 6 11 29 
6 5 11 15 29 
4 11 15 16 29 
4 5 11 15 29 
8 7 4 5 28 
6 11 15 16 29 
4 5 7 8 29 
4 5 11 14 29 
