5 9 14 16 29 
5 8 4 7 29 
5 9 14 16 29 
5 8 7 4 29 
5 4 11 14 29 
1 4 11 15 29 
5 7 4 6 29 
5 4 11 15 29 
5 7 4 15 29 
5 4 6 11 29 
5 6 4 7 29 
5 4 7 15 29 
5 4 11 15 29 
5 7 4 11 29 
5 4 11 14 29 
5 6 4 15 29 
5 7 4 11 29 
5 4 6 15 29 
5 4 6 11 29 
1 4 11 15 29 
5 9 14 16 29 
5 7 4 8 29 
5 7 4 6 29 
5 7 4 15 29 
5 4 11 15 29 
5 4 11 14 29 
5 7 4 11 29 
5 4 6 15 29 
5 6 4 11 29 
1 4 11 15 29 
5 9 14 16 29 
5 8 7 4 29 
5 7 4 6 29 
5 7 4 15 29 
5 4 11 15 29 
5 4 11 14 29 
5 4 11 7 29 
5 4 6 15 29 
5 4 6 11 29 
1 4 11 15 29 
5 9 14 16 29 
5 8 7 4 29 
5 7 4 6 29 
5 7 4 15 29 
5 4 11 15 29 
5 4 11 14 29 
5 4 11 7 29 
5 4 6 15 29 
5 4 6 11 29 
1 4 11 15 29 
5 9 14 16 29 
5 8 7 4 29 
5 7 4 6 29 
5 4 7 15 29 
5 4 11 15 29 
5 4 11 14 29 
5 4 11 7 29 
5 4 6 15 29 
5 4 6 11 29 
1 4 11 15 29 
5 9 14 16 29 
5 8 7 4 29 
5 7 4 6 29 
5 4 15 7 29 
5 4 11 15 29 
5 4 11 14 29 
5 7 4 11 29 
5 4 6 15 29 
5 4 6 11 29 
1 4 11 15 29 
5 9 14 16 29 
5 7 4 8 29 
5 7 4 6 29 
5 7 4 15 29 
5 4 11 15 29 
5 4 11 14 29 
5 4 11 7 29 
5 4 6 15 29 
5 4 6 11 29 
1 4 11 15 29 
5 8 4 7 29 
5 9 14 16 29 
5 6 4 7 29 
5 4 7 15 29 
5 4 11 15 29 
5 4 11 14 29 
5 7 4 11 29 
5 4 6 15 29 
5 4 6 11 29 
1 4 11 15 29 
5 9 14 16 29 
5 7 4 8 29 
5 4 7 6 29 
5 7 4 15 29 
5 4 11 15 29 
5 4 11 14 29 
5 4 11 7 29 
5 6 4 15 29 
5 4 6 11 29 
1 4 11 15 29 
