1 5 11 14 29 
1 5 11 14 29 
1 5 11 14 29 
1 5 11 14 29 
1 5 11 14 29 
1 5 11 14 29 
1 5 11 14 29 
1 5 11 13 29 
1 5 11 13 29 
1 5 11 14 29 
1 5 11 13 29 
1 5 11 13 29 
1 5 11 13 29 
1 5 11 13 29 
1 5 11 13 29 
1 5 11 13 29 
1 5 11 14 29 
5 4 11 15 29 
5 4 11 14 29 
4 6 5 15 29 
5 8 4 7 28 
5 4 11 7 29 
5 4 6 11 29 
1 5 11 13 29 
5 4 11 15 29 
5 4 11 15 29 
5 4 11 15 29 
5 4 11 15 29 
5 4 11 15 29 
5 4 11 15 29 
7 8 4 5 28 
5 8 4 7 28 
5 8 4 7 28 
5 8 4 7 28 
5 4 11 15 29 
5 8 4 7 28 
7 8 4 5 28 
5 4 11 14 29 
5 4 11 14 29 
5 4 11 14 29 
5 4 11 14 29 
7 8 4 5 28 
5 4 6 15 29 
5 4 6 15 29 
5 4 6 15 29 
5 4 11 14 29 
5 8 4 7 28 
4 6 5 15 29 
5 4 11 15 29 
5 4 6 15 29 
5 4 6 15 29 
7 8 4 5 28 
4 6 5 15 29 
5 4 11 14 29 
5 4 7 15 29 
5 4 11 14 29 
5 4 7 15 29 
5 4 7 15 29 
5 4 6 11 29 
4 6 5 11 29 
5 4 7 15 29 
7 4 5 15 29 
5 4 7 15 29 
6 4 5 11 29 
5 4 7 11 29 
5 4 7 11 29 
5 4 11 7 29 
5 4 11 7 29 
4 6 5 11 29 
5 4 7 11 29 
4 6 5 11 29 
7 4 5 11 29 
7 4 5 15 29 
5 4 11 14 29 
6 4 5 11 29 
8 4 7 5 29 
5 4 7 8 29 
5 4 7 8 29 
7 4 8 5 29 
6 4 5 11 29 
5 4 7 8 29 
5 4 7 8 29 
7 4 5 8 29 
5 4 7 15 29 
7 4 5 11 29 
4 6 5 7 29 
5 4 6 15 29 
5 4 7 11 29 
5 4 7 6 29 
5 4 7 6 29 
7 4 5 6 29 
5 4 7 6 29 
7 6 5 4 29 
4 6 5 11 29 
7 4 5 6 29 
7 4 5 15 29 
6 4 7 5 29 
5 4 8 7 29 
7 4 5 8 29 
5 4 7 6 29 
