-1.0 -0.9364743110113479 
-1.0 -0.9364743110113479 
-1.0 -0.9364743110113479 
-1.0 -0.9364743110113479 
-1.0 -0.9364743110113479 
-1.0 -0.9364743110113479 
-1.0 -0.9364743110113479 
-1.0 -0.9364743110113479 
-1.0 -0.9364743110113479 
-1.0 -0.9364743110113479 
-1.0 -0.9364743110113479 
-1.0 -0.9364743110113479 
-0.9499142515929965 -0.9366898148148147 
-0.9499142515929965 -0.9366898148148147 
-0.9499142515929965 -0.9366898148148147 
-0.9499142515929965 -0.9366898148148147 
-0.9499142515929965 -0.9366898148148147 
-0.9499142515929965 -0.9366898148148147 
-0.9499142515929965 -0.9366898148148147 
-0.9499142515929965 -0.9366898148148147 
-0.9499142515929965 -0.9366898148148147 
-0.9499142515929965 -0.9366898148148147 
-0.9499142515929965 -0.9366898148148147 
-0.9499142515929965 -0.9366898148148147 
-0.5227579585747102 -0.9482089412644963 
-0.5227579585747102 -0.9482089412644963 
-0.8939035350965676 -0.9413054152637484 
-0.8939035350965676 -0.9413054152637484 
-0.5227579585747102 -0.9482089412644963 
-0.8939035350965676 -0.9413054152637484 
-0.5227579585747102 -0.9482089412644963 
-0.5227579585747102 -0.9482089412644963 
-0.5227579585747102 -0.9482089412644963 
-0.8939035350965676 -0.9413054152637484 
-0.8939035350965676 -0.9413054152637484 
-0.8939035350965676 -0.9413054152637484 
-0.5227579585747102 -0.9482089412644963 
-0.5227579585747102 -0.9482089412644963 
-0.8939035350965676 -0.9413054152637484 
-0.8939035350965676 -0.9413054152637484 
-0.8939035350965676 -0.9413054152637484 
-0.0 -0.9508978675645336 
-0.5227579585747102 -0.9482089412644963 
-0.8939035350965676 -0.9413054152637484 
-0.0 -0.9508978675645336 
-0.0 -0.9508978675645336 
-0.8939035350965676 -0.9413054152637484 
-0.8298265333662435 -0.9422781051253271 
-0.8298265333662435 -0.9422781051253271 
-0.8298265333662435 -0.9422781051253271 
-0.5227579585747102 -0.9482089412644963 
-0.8298265333662435 -0.9422781051253271 
-0.0 -0.9508978675645336 
-0.8298265333662435 -0.9422781051253271 
-0.0 -0.9508978675645336 
-0.5227579585747102 -0.9482089412644963 
-0.8939035350965676 -0.9413054152637484 
-0.6586337560083495 -0.9469089038533479 
-0.0 -0.9508978675645336 
-0.0 -0.9508978675645336 
-0.8298265333662435 -0.9422781051253271 
-0.6586337560083495 -0.9469089038533479 
-0.8298265333662435 -0.9422781051253271 
-0.8298265333662435 -0.9422781051253271 
-0.8298265333662435 -0.9422781051253271 
-0.6586337560083495 -0.9469089038533479 
-0.5227579585747102 -0.9482089412644963 
-0.6586337560083495 -0.9469089038533479 
-0.5227579585747102 -0.9482089412644963 
-0.8298265333662435 -0.9422781051253271 
-0.6586337560083495 -0.9469089038533479 
-0.6586337560083495 -0.9469089038533479 
-0.6586337560083495 -0.9469089038533479 
-0.6586337560083495 -0.9469089038533479 
-0.6586337560083495 -0.9469089038533479 
-0.6586337560083495 -0.9469089038533479 
-0.0 -0.9508978675645336 
-0.6586337560083495 -0.9469089038533479 
-0.6586337560083495 -0.9469089038533479 
-0.0 -0.9508978675645336 
-0.6586337560083495 -0.9469089038533479 
-0.0 -0.9508978675645336 
-0.7539474411291538 -0.9451026468387577 
-0.7539474411291538 -0.9451026468387577 
-0.0 -0.9508978675645336 
-0.7539474411291538 -0.9451026468387577 
-0.7539474411291538 -0.9451026468387577 
-0.7539474411291538 -0.9451026468387577 
-0.7539474411291538 -0.9451026468387577 
-0.7539474411291538 -0.9451026468387577 
-0.8298265333662435 -0.9422781051253271 
-0.7539474411291538 -0.9451026468387577 
-0.7539474411291538 -0.9451026468387577 
-0.0 -0.9508978675645336 
-0.7539474411291538 -0.9451026468387577 
-0.7539474411291538 -0.9451026468387577 
-0.7539474411291538 -0.9451026468387577 
-0.8298265333662435 -0.9422781051253271 
-0.0 -0.9508978675645336 
-0.7539474411291538 -0.9451026468387577 
