0.6251632075549721
0.0
0.6251632075549721
0.6251632075549721
0.6251632075549721
0.6251632075549721
0.6251632075549721
0.6251632075549721
0.6251632075549721
0.6251632075549721
0.6251632075549721
0.6251632075549721
0.6251632075549721
0.6251632075549721
0.6251632075549721
0.6251632075549721
0.6251632075549721
0.6251632075549721
0.6251632075549721
0.6251632075549721
0.6251632075549721
0.6251632075549721
0.6251632075549721
0.6251632075549721
0.6251632075549721
0.6251632075549721
0.6251632075549721
0.6251632075549721
0.6251632075549721
0.6251632075549721
