0.0
0.011279553865720751
0.0
0.0
0.002258761222654771
0.0
1.69369584747456E-4
0.0022651022752198813
1.69369584747456E-4
1.69369584747456E-4
0.0
0.0
1.69369584747456E-4
0.0022651022752198813
1.69369584747456E-4
1.69369584747456E-4
0.0022651022752198813
0.0022651022752198813
1.69369584747456E-4
0.0
0.0022651022752198813
0.0022651022752198813
0.002258761222654771
0.0022651022752198813
1.69369584747456E-4
0.0022651022752198813
0.0022651022752198813
0.002258761222654771
1.69369584747456E-4
1.69369584747456E-4
