-0.0 -1.0 
-0.675680135216122 -0.9412618059596082 
-0.675680135216122 -0.9412618059596082 
-0.0 -1.0 
-0.5000101738715135 -0.9926160848954967 
-0.6208177516759259 -0.970386298683002 
-0.6265943089513741 -0.9530093176323784 
-0.5000101738715135 -0.9926160848954967 
-0.5880356792451895 -0.9761549812232585 
-0.547947494835577 -0.9851587750484809 
-0.5650382096671698 -0.9816522762951334 
-0.655573760546515 -0.9457836119924031 
-0.5001086248440816 -0.9909079016221873 
-0.655573760546515 -0.9457836119924031 
-0.547947494835577 -0.9851587750484809 
-0.639597377278284 -0.9496557128768668 
-0.5001086248440816 -0.9909079016221873 
-0.639597377278284 -0.9496557128768668 
-0.6265943089513741 -0.9530093176323784 
-0.5880356792451895 -0.9761549812232585 
-0.5650382096671698 -0.9816522762951334 
-0.6074663709930894 -0.9725969085859196 
-0.6074663709930894 -0.9725969085859196 
-0.6208177516759259 -0.970386298683002 
-0.5967829151850388 -0.9744997333252827 
-0.5967829151850388 -0.9744997333252827 
-0.5581161145103294 -0.982992190959224 
-0.5581161145103294 -0.982992190959224 
-0.552540283967241 -0.9841493328100471 
-0.552540283967241 -0.9841493328100471 
-0.5000488543689853 -0.9915589904600893 
-0.5000488543689853 -0.9915589904600893 
-0.5000222005154896 -0.9921229068550497 
-0.5000222005154896 -0.9921229068550497 
-0.675680135216122 -0.9412618059596082 
-0.0 -1.0 
-0.5000101738715135 -0.9926160848954967 
-0.655573760546515 -0.9457836119924031 
-0.547947494835577 -0.9851587750484809 
-0.5001086248440816 -0.9909079016221873 
-0.639597377278284 -0.9496557128768668 
-0.6265943089513741 -0.9530093176323784 
-0.5880356792451895 -0.9761549812232585 
-0.5650382096671698 -0.9816522762951334 
-0.6074663709930894 -0.9725969085859196 
-0.6208177516759259 -0.970386298683002 
-0.5967829151850388 -0.9744997333252827 
-0.5581161145103294 -0.982992190959224 
-0.552540283967241 -0.9841493328100471 
-0.5000488543689853 -0.9915589904600893 
-0.5000222005154896 -0.9921229068550497 
-0.675680135216122 -0.9412618059596082 
-0.0 -1.0 
-0.5000101738715135 -0.9926160848954967 
-0.655573760546515 -0.9457836119924031 
-0.547947494835577 -0.9851587750484809 
-0.5001086248440816 -0.9909079016221873 
-0.639597377278284 -0.9496557128768668 
-0.6265943089513741 -0.9530093176323784 
-0.5880356792451895 -0.9761549812232585 
-0.5650382096671698 -0.9816522762951334 
-0.6074663709930894 -0.9725969085859196 
-0.6208177516759259 -0.970386298683002 
-0.5967829151850388 -0.9744997333252827 
-0.5581161145103294 -0.982992190959224 
-0.552540283967241 -0.9841493328100471 
-0.5000488543689853 -0.9915589904600893 
-0.5000222005154896 -0.9921229068550497 
-0.675680135216122 -0.9412618059596082 
-0.0 -1.0 
-0.5000101738715135 -0.9926160848954967 
-0.655573760546515 -0.9457836119924031 
-0.547947494835577 -0.9851587750484809 
-0.5001086248440816 -0.9909079016221873 
-0.639597377278284 -0.9496557128768668 
-0.6265943089513741 -0.9530093176323784 
-0.5880356792451895 -0.9761549812232585 
-0.5650382096671698 -0.9816522762951334 
-0.6074663709930894 -0.9725969085859196 
-0.6208177516759259 -0.970386298683002 
-0.5967829151850388 -0.9744997333252827 
-0.5581161145103294 -0.982992190959224 
-0.552540283967241 -0.9841493328100471 
-0.5000488543689853 -0.9915589904600893 
-0.5000222005154896 -0.9921229068550497 
-0.675680135216122 -0.9412618059596082 
-0.0 -1.0 
-0.5000101738715135 -0.9926160848954967 
-0.655573760546515 -0.9457836119924031 
-0.547947494835577 -0.9851587750484809 
-0.5001086248440816 -0.9909079016221873 
-0.639597377278284 -0.9496557128768668 
-0.6265943089513741 -0.9530093176323784 
-0.5880356792451895 -0.9761549812232585 
-0.5650382096671698 -0.9816522762951334 
-0.6074663709930894 -0.9725969085859196 
-0.6208177516759259 -0.970386298683002 
-0.5967829151850388 -0.9744997333252827 
-0.5581161145103294 -0.982992190959224 
-0.552540283967241 -0.9841493328100471 
