-0.0 -1.0 
-0.7447094151065248 -0.7993106252721633 
-0.0 -1.0 
-0.7447094151065248 -0.7993106252721633 
-0.5000222005154896 -0.9921229068550497 
-0.6851424735286561 -0.8817799416700518 
-0.675680135216122 -0.9090335946105174 
-0.652791728393491 -0.9412618059596082 
-0.655573760546515 -0.9159705221518408 
-0.7242019356143219 -0.8275350565185726 
-0.701419118788297 -0.8706134524815846 
-0.7050540637197311 -0.8457331130408056 
-0.6208177516759259 -0.970386298683002 
-0.6218152219672951 -0.9496557128768668 
-0.552540283967241 -0.9841493328100471 
-0.5001086248440816 -0.9909079016221873 
-0.7242019356143219 -0.8275350565185726 
-0.5967829151850388 -0.9744997333252827 
-0.5967829151850388 -0.9744997333252827 
-0.5650382096671698 -0.9816522762951334 
-0.6895076154493899 -0.8751137598665073 
-0.675680135216122 -0.9090335946105174 
-0.6300973836750365 -0.9467487640564564 
-0.5650382096671698 -0.9816522762951334 
-0.552540283967241 -0.9841493328100471 
-0.5000222005154896 -0.9921229068550497 
-0.6300973836750365 -0.9467487640564564 
-0.655573760546515 -0.9159705221518408 
-0.7050540637197311 -0.8457331130408056 
-0.7212814492884057 -0.8338347549886013 
-0.715139904330141 -0.8395444299290451 
-0.5001086248440816 -0.9909079016221873 
-0.652791728393491 -0.9412618059596082 
-0.7182631822368314 -0.838776333556553 
-0.7212814492884057 -0.8338347549886013 
-0.6895076154493899 -0.8751137598665073 
-0.6074663709930894 -0.9725969085859196 
-0.701419118788297 -0.8706134524815846 
-0.6074663709930894 -0.9725969085859196 
-0.715139904330141 -0.8395444299290451 
-0.6218152219672951 -0.9496557128768668 
-0.5581161145103294 -0.982992190959224 
-0.5581161145103294 -0.982992190959224 
-0.6208177516759259 -0.970386298683002 
-0.7182631822368314 -0.838776333556553 
-0.5000488543689853 -0.9915589904600893 
-0.5000488543689853 -0.9915589904600893 
-0.7447094151065248 -0.7993106252721633 
-0.0 -1.0 
-0.7242019356143219 -0.8275350565185726 
-0.5967829151850388 -0.9744997333252827 
-0.675680135216122 -0.9090335946105174 
-0.5650382096671698 -0.9816522762951334 
-0.552540283967241 -0.9841493328100471 
-0.5000222005154896 -0.9921229068550497 
-0.6300973836750365 -0.9467487640564564 
-0.655573760546515 -0.9159705221518408 
-0.7050540637197311 -0.8457331130408056 
-0.5001086248440816 -0.9909079016221873 
-0.652791728393491 -0.9412618059596082 
-0.7212814492884057 -0.8338347549886013 
-0.6895076154493899 -0.8751137598665073 
-0.701419118788297 -0.8706134524815846 
-0.6074663709930894 -0.9725969085859196 
-0.715139904330141 -0.8395444299290451 
-0.6218152219672951 -0.9496557128768668 
-0.5581161145103294 -0.982992190959224 
-0.6208177516759259 -0.970386298683002 
-0.5000488543689853 -0.9915589904600893 
-0.7447094151065248 -0.7993106252721633 
-0.0 -1.0 
-0.7242019356143219 -0.8275350565185726 
-0.5967829151850388 -0.9744997333252827 
-0.675680135216122 -0.9090335946105174 
-0.5650382096671698 -0.9816522762951334 
-0.552540283967241 -0.9841493328100471 
-0.5000222005154896 -0.9921229068550497 
-0.6300973836750365 -0.9467487640564564 
-0.655573760546515 -0.9159705221518408 
-0.7050540637197311 -0.8457331130408056 
-0.5001086248440816 -0.9909079016221873 
-0.652791728393491 -0.9412618059596082 
-0.7212814492884057 -0.8338347549886013 
-0.6895076154493899 -0.8751137598665073 
-0.701419118788297 -0.8706134524815846 
-0.6074663709930894 -0.9725969085859196 
-0.6218152219672951 -0.9496557128768668 
-0.5581161145103294 -0.982992190959224 
-0.6208177516759259 -0.970386298683002 
-0.5000488543689853 -0.9915589904600893 
-0.7447094151065248 -0.7993106252721633 
-0.0 -1.0 
-0.5967829151850388 -0.9744997333252827 
-0.675680135216122 -0.9090335946105174 
-0.5650382096671698 -0.9816522762951334 
-0.552540283967241 -0.9841493328100471 
-0.5000222005154896 -0.9921229068550497 
-0.6300973836750365 -0.9467487640564564 
-0.655573760546515 -0.9159705221518408 
-0.7050540637197311 -0.8457331130408056 
