-0.0 -0.9998282967032966 
-0.7447094151065248 -0.7993106252721633 
-0.0 -0.9998282967032966 
-0.7447094151065248 -0.7993106252721633 
-0.5000222005154896 -0.9921229068550497 
-0.655573760546515 -0.9457836119924031 
-0.675680135216122 -0.9090335946105174 
-0.675680135216122 -0.9090335946105174 
-0.6895076154493899 -0.8817799416700518 
-0.7297749104162429 -0.8267669601460805 
-0.639597377278284 -0.9496557128768668 
-0.6208177516759259 -0.970386298683002 
-0.715139904330141 -0.8395444299290451 
-0.7050540637197311 -0.8588509475872118 
-0.7297749104162429 -0.8267669601460805 
-0.552540283967241 -0.9841493328100471 
-0.701419118788297 -0.8706134524815846 
-0.6895076154493899 -0.8817799416700518 
-0.5001086248440816 -0.9909079016221873 
-0.7050540637197311 -0.8588509475872118 
-0.7212814492884057 -0.838776333556553 
-0.701419118788297 -0.8706134524815846 
-0.5967829151850388 -0.9744997333252827 
-0.5967829151850388 -0.9744997333252827 
-0.5650382096671698 -0.9816522762951334 
-0.655573760546515 -0.9457836119924031 
-0.5650382096671698 -0.9816522762951334 
-0.639597377278284 -0.9496557128768668 
-0.552540283967241 -0.9841493328100471 
-0.5000222005154896 -0.9921229068550497 
-0.6208177516759259 -0.970386298683002 
-0.5001086248440816 -0.9909079016221873 
-0.6074663709930894 -0.9725969085859196 
-0.6074663709930894 -0.9725969085859196 
-0.715139904330141 -0.8395444299290451 
-0.7212814492884057 -0.838776333556553 
-0.5581161145103294 -0.982992190959224 
-0.5581161145103294 -0.982992190959224 
-0.5000488543689853 -0.9915589904600893 
-0.5000488543689853 -0.9915589904600893 
-0.7447094151065248 -0.7993106252721633 
-0.0 -0.9998282967032966 
-0.675680135216122 -0.9090335946105174 
-0.7297749104162429 -0.8267669601460805 
-0.6895076154493899 -0.8817799416700518 
-0.7050540637197311 -0.8588509475872118 
-0.701419118788297 -0.8706134524815846 
-0.5967829151850388 -0.9744997333252827 
-0.655573760546515 -0.9457836119924031 
-0.5650382096671698 -0.9816522762951334 
-0.639597377278284 -0.9496557128768668 
-0.552540283967241 -0.9841493328100471 
-0.5000222005154896 -0.9921229068550497 
-0.6208177516759259 -0.970386298683002 
-0.5001086248440816 -0.9909079016221873 
-0.6074663709930894 -0.9725969085859196 
-0.715139904330141 -0.8395444299290451 
-0.7212814492884057 -0.838776333556553 
-0.5581161145103294 -0.982992190959224 
-0.5000488543689853 -0.9915589904600893 
-0.7447094151065248 -0.7993106252721633 
-0.0 -0.9998282967032966 
-0.675680135216122 -0.9090335946105174 
-0.7297749104162429 -0.8267669601460805 
-0.6895076154493899 -0.8817799416700518 
-0.7050540637197311 -0.8588509475872118 
-0.701419118788297 -0.8706134524815846 
-0.5967829151850388 -0.9744997333252827 
-0.655573760546515 -0.9457836119924031 
-0.5650382096671698 -0.9816522762951334 
-0.639597377278284 -0.9496557128768668 
-0.552540283967241 -0.9841493328100471 
-0.5000222005154896 -0.9921229068550497 
-0.6208177516759259 -0.970386298683002 
-0.5001086248440816 -0.9909079016221873 
-0.6074663709930894 -0.9725969085859196 
-0.715139904330141 -0.8395444299290451 
-0.7212814492884057 -0.838776333556553 
-0.5581161145103294 -0.982992190959224 
-0.5000488543689853 -0.9915589904600893 
-0.0 -0.9998282967032966 
-0.7447094151065248 -0.7993106252721633 
-0.675680135216122 -0.9090335946105174 
-0.7297749104162429 -0.8267669601460805 
-0.6895076154493899 -0.8817799416700518 
-0.7050540637197311 -0.8588509475872118 
-0.701419118788297 -0.8706134524815846 
-0.5967829151850388 -0.9744997333252827 
-0.655573760546515 -0.9457836119924031 
-0.5650382096671698 -0.9816522762951334 
-0.639597377278284 -0.9496557128768668 
-0.552540283967241 -0.9841493328100471 
-0.5000222005154896 -0.9921229068550497 
-0.6208177516759259 -0.970386298683002 
-0.5001086248440816 -0.9909079016221873 
-0.6074663709930894 -0.9725969085859196 
-0.715139904330141 -0.8395444299290451 
-0.7212814492884057 -0.838776333556553 
-0.5581161145103294 -0.982992190959224 
-0.5000488543689853 -0.9915589904600893 
