0.0014770987321409816
0.0014770987321409816
4.184075060664228E-4
6.613617531918473E-5
4.961772067442986E-4
0.0014770987321409816
2.1671827971734393E-4
4.2424852674686564E-4
4.2373788155930525E-4
0.0014770987321409816
4.6783611678845343E-4
0.0014770994369831922
0.0014770987321409816
2.1012710439824485E-4
4.3427964746087607E-4
4.012009408243208E-4
0.0014770987321409816
3.966341136048919E-4
5.172634972955403E-4
2.307051662658036E-4
4.325715965759297E-4
0.0014770987321409816
6.463218586785247E-4
0.0015432837216769362
0.0015432837216769362
2.6999404406796766E-4
2.624439308908693E-4
0.0014770987321409816
5.220730644037175E-4
3.7946476582224783E-4
