39 45 14 25 60 41 9 69 
44 9 1 12 23 26 67 
43 9 1 12 23 26 67 
58 14 35 45 24 25 60 41 48 69 
44 25 62 1 5 65 53 14 51 43 39 67 
44 33 1 43 9 12 23 26 67 
43 9 1 12 23 44 67 
44 9 1 12 23 26 8 67 
44 9 1 12 23 26 8 67 
58 51 57 39 1 45 48 44 62 5 9 67 
58 14 44 9 1 12 23 26 67 
19 45 25 1 12 23 57 67 
58 25 62 1 5 65 14 60 12 53 15 67 
51 39 1 10 48 34 67 
35 14 48 1 12 23 62 67 
35 14 1 12 38 39 67 
41 51 57 9 1 12 23 47 67 
58 33 1 14 12 23 19 35 67 
35 9 1 19 39 12 23 47 33 56 67 
44 9 1 12 23 20 67 
19 45 62 1 5 44 25 12 14 43 55 67 
44 33 1 15 18 45 67 
9 45 14 1 12 23 34 60 13 67 
58 25 52 1 12 23 5 42 43 67 
58 1 14 25 60 12 62 67 
44 33 45 1 12 43 9 67 
24 51 1 12 57 9 67 
35 14 62 44 9 1 12 23 47 8 67 
44 33 1 43 9 12 41 25 67 
14 51 57 9 1 31 25 12 67 
59 32 15 43 57 14 25 1 12 67 
58 14 15 24 1 44 25 60 12 67 
44 25 59 38 58 9 15 24 1 12 67 
44 25 59 38 58 14 15 24 1 12 67 
14 51 25 1 57 9 31 67 
35 9 45 1 20 14 39 67 
19 41 59 43 15 9 1 20 67 
44 33 1 43 9 19 59 15 67 
58 25 49 13 1 39 41 51 17 67 
58 56 42 43 44 35 14 48 1 67 
44 25 59 38 51 39 1 10 48 34 67 
39 48 62 1 9 53 5 65 14 51 67 
35 45 24 25 60 41 48 69 
44 9 1 12 23 26 67 
44 9 43 1 12 23 26 67 
58 51 57 1 14 44 33 15 38 43 39 67 
44 33 1 43 9 12 23 26 67 
44 9 45 1 12 23 34 67 
58 33 1 14 12 23 19 35 67 
43 9 1 12 23 44 67 
44 25 62 1 5 65 15 38 12 53 56 67 
59 33 1 15 38 32 67 
58 14 15 24 1 44 25 12 23 67 
44 9 14 43 1 12 58 67 
44 33 1 12 25 43 67 
25 51 1 19 39 12 23 45 33 56 67 
19 44 59 43 15 9 1 12 67 
58 14 15 24 1 44 25 60 12 67 
35 25 59 38 58 14 1 12 9 39 67 
19 45 25 1 44 33 15 67 
19 45 59 43 15 9 1 20 67 
58 25 42 43 44 9 1 40 19 67 
39 1 45 48 44 62 5 9 53 14 67 
43 9 1 12 23 26 67 
58 44 14 25 60 9 43 69 
44 33 1 12 23 26 43 67 
39 48 62 1 5 9 53 14 51 57 35 67 
44 51 57 9 1 12 23 26 67 
51 1 14 25 12 23 45 67 
41 51 57 9 1 12 23 47 67 
58 1 14 12 23 19 67 
58 51 57 1 14 60 9 31 12 38 39 67 
24 1 48 45 44 33 67 
35 14 48 1 12 62 44 9 23 67 
58 1 14 25 44 9 12 67 
35 9 1 19 25 12 67 
58 14 39 62 48 1 12 23 19 51 67 
41 51 17 45 39 1 12 57 67 
58 14 15 24 1 44 25 60 12 67 
59 32 15 38 58 14 57 25 1 12 67 
44 9 14 25 1 47 19 67 
19 45 59 43 15 38 58 1 67 
58 25 49 13 1 14 41 9 45 67 
35 14 39 62 48 1 5 65 53 51 67 
43 9 1 12 23 26 67 
9 45 14 34 60 41 39 69 
44 9 8 1 12 23 26 67 
39 62 48 1 5 65 53 14 51 57 35 67 
44 9 14 25 1 12 23 26 67 
44 9 45 1 12 23 34 67 
44 33 1 53 9 12 23 35 67 
58 9 1 12 23 14 67 
44 25 43 1 5 65 53 14 15 38 12 67 
24 1 48 45 14 44 67 
35 9 1 39 12 23 47 33 56 67 
35 9 14 25 1 12 39 67 
59 43 1 12 32 15 67 
53 60 1 19 39 12 23 47 62 5 67 
58 51 57 9 1 31 12 38 67 
59 32 15 38 57 14 25 1 12 67 
