13 60 44 5 35 8 51 65 46 38 69 
42 1 62 49 19 25 64 35 38 17 52 67 
54 1 12 55 23 25 26 67 
54 1 12 20 18 65 23 67 
1 17 52 41 19 25 31 12 38 62 51 67 
42 1 12 49 17 40 67 
54 1 12 18 49 23 31 26 67 
53 1 12 18 42 23 49 38 67 
53 52 31 41 1 12 18 42 23 67 
44 1 12 49 14 13 38 67 
53 1 12 18 49 31 65 25 67 
1 17 52 25 12 23 51 49 38 62 67 
42 65 38 62 55 1 56 12 51 67 
42 1 17 52 62 41 19 25 31 12 67 
42 1 18 49 17 52 67 
59 1 19 64 40 52 49 67 
65 31 19 64 35 45 57 1 67 
42 52 31 41 1 17 62 19 25 67 
42 1 17 52 62 25 31 41 57 34 67 
54 1 12 23 31 26 67 
31 1 12 23 55 26 67 
54 1 12 23 25 26 67 
54 1 12 23 25 26 67 
54 1 12 23 25 26 67 
54 1 12 23 25 26 67 
31 1 12 55 23 26 67 
54 1 12 23 26 31 67 
31 1 12 23 55 26 67 
54 1 12 23 25 26 67 
31 1 12 55 23 26 67 
54 1 12 23 26 53 67 
54 1 12 23 25 26 67 
31 1 12 23 43 26 67 
31 1 12 23 55 26 67 
54 1 12 23 25 26 67 
54 1 12 23 25 26 67 
31 1 12 23 55 26 67 
31 1 12 23 55 26 67 
44 1 12 49 23 26 67 
31 1 12 55 23 26 67 
31 1 12 23 35 26 67 
54 1 12 23 43 26 67 
31 1 12 55 23 26 67 
54 1 12 23 25 26 67 
31 1 12 55 23 26 67 
31 1 12 55 23 26 67 
31 1 12 23 55 26 67 
31 1 12 55 23 26 67 
54 1 12 23 26 59 67 
31 1 12 55 23 26 67 
13 1 12 55 23 26 67 
31 1 12 55 23 26 67 
54 1 12 23 50 26 67 
31 1 12 23 55 26 67 
56 1 12 23 55 26 67 
54 1 12 23 31 26 67 
1 12 13 23 31 26 67 
31 1 12 55 23 26 67 
31 1 12 23 55 26 67 
42 1 12 23 26 17 67 
31 1 12 23 55 26 67 
54 1 12 23 25 26 67 
31 1 12 55 23 26 67 
31 1 12 23 26 55 67 
44 1 12 23 26 49 67 
44 1 12 49 23 26 67 
31 1 12 23 55 26 67 
31 1 12 23 55 26 67 
55 1 12 23 26 59 67 
54 1 12 23 52 26 67 
54 1 12 23 25 26 67 
31 1 12 23 55 26 67 
54 1 12 23 55 26 67 
56 1 12 23 55 26 67 
31 1 12 23 55 26 67 
13 1 12 23 55 26 67 
54 1 12 23 55 26 67 
59 1 12 23 55 26 67 
31 1 12 23 55 26 67 
31 1 12 23 55 26 67 
54 1 12 23 25 26 67 
31 1 12 55 23 26 67 
54 1 12 23 26 59 67 
31 1 12 55 23 26 67 
31 1 12 55 23 26 67 
31 1 12 52 23 26 67 
44 1 12 23 49 26 67 
31 1 12 23 55 26 67 
31 1 12 23 43 26 67 
31 1 12 50 23 26 67 
54 1 12 23 55 26 67 
54 1 12 23 25 26 67 
31 1 12 55 23 26 67 
31 1 12 23 55 26 67 
31 1 12 55 23 26 67 
54 1 12 23 25 26 67 
42 1 12 23 26 17 67 
31 1 12 55 23 26 67 
31 1 12 55 23 26 67 
31 1 12 15 42 23 67 
