1 39 17 12 41 23 26 67 
39 1 47 17 12 41 23 26 67 
1 39 17 12 41 23 26 67 
32 1 47 17 12 41 23 26 67 
1 39 17 12 41 23 26 67 
1 39 17 12 41 23 26 67 
1 32 39 17 12 41 23 26 67 
39 1 47 17 12 41 23 26 67 
39 1 47 17 12 41 23 26 67 
1 39 17 12 41 23 26 67 
39 1 47 17 12 41 23 26 67 
39 1 47 17 12 41 23 26 67 
1 39 17 12 41 23 26 67 
17 1 14 42 12 41 23 47 67 
1 31 12 42 50 41 23 47 25 67 
1 39 17 12 41 23 26 67 
54 53 43 1 34 13 12 5 65 67 
1 43 17 12 32 53 9 67 
49 1 12 41 8 39 67 
1 39 12 44 31 41 23 40 67 
1 39 17 31 38 12 41 23 67 
1 39 17 12 41 23 47 60 67 
1 39 12 44 31 41 23 47 67 
1 47 12 41 23 50 67 
57 1 12 41 23 39 67 
35 1 12 41 23 49 67 
1 53 39 17 12 41 49 8 67 
24 1 45 17 53 41 10 47 67 
1 32 43 17 53 24 39 12 67 
1 47 50 57 31 41 13 39 67 
1 39 12 53 62 24 54 60 67 
1 32 43 17 53 9 49 8 67 
24 1 39 17 12 41 23 32 43 67 
17 1 39 42 12 41 23 47 67 
50 1 47 53 62 31 38 54 67 
17 1 52 12 41 23 47 55 67 
17 1 12 41 23 47 67 
1 32 43 17 53 20 10 12 67 
24 1 39 17 12 41 23 47 53 67 
24 1 39 42 12 53 41 17 23 67 
17 1 47 12 41 23 39 67 
1 35 48 25 31 41 57 12 67 
50 1 47 53 62 24 43 49 67 
31 1 35 12 41 23 47 67 
17 1 12 41 23 47 67 
50 1 47 53 43 57 19 8 67 
24 1 39 42 12 53 41 17 23 67 
1 44 31 12 41 23 47 67 
47 1 39 17 53 12 54 15 67 
24 1 39 17 12 41 23 47 53 67 
24 1 52 35 39 12 54 14 47 67 
47 1 43 42 12 53 41 10 65 67 
43 1 52 35 48 34 56 53 12 67 
1 31 43 42 12 41 49 54 60 67 
44 39 43 1 31 12 54 60 65 67 
1 31 38 17 12 41 23 67 
17 44 31 1 12 41 23 67 
24 1 39 17 12 41 23 47 53 67 
17 1 12 41 23 47 67 
1 32 43 42 50 39 12 54 60 67 
24 1 39 38 25 35 48 17 53 67 
43 1 52 17 53 41 10 47 55 67 
1 44 65 12 41 23 47 67 
47 1 53 12 54 15 67 
43 1 52 35 48 17 53 41 49 67 
1 31 35 48 57 12 41 67 
39 47 50 1 31 12 54 67 
54 1 53 34 13 12 67 
43 1 52 35 48 17 47 19 55 67 
24 1 12 13 35 48 57 67 
1 44 31 12 41 23 47 67 
39 1 47 12 14 52 45 67 
1 50 53 31 12 41 67 
1 39 12 54 60 44 53 67 
32 24 43 42 25 10 15 69 
1 39 12 53 41 10 47 67 
34 49 65 10 32 47 1 67 
24 1 35 48 57 50 65 67 
34 49 52 5 10 65 32 43 42 13 70 
62 24 43 49 8 42 52 69 
17 1 47 13 53 41 39 67 
47 39 43 54 1 53 41 67 
62 24 43 49 8 39 17 69 
34 1 56 53 12 49 67 
17 1 47 19 55 65 54 67 
17 1 53 41 10 12 67 
17 1 47 13 39 41 10 67 
62 24 43 49 8 39 14 69 
1 31 12 41 23 47 67 
10 32 43 42 50 56 45 1 25 67 
62 24 43 49 8 39 14 69 
1 31 12 41 49 54 67 
24 1 52 35 48 65 43 5 10 67 
17 1 53 41 10 45 67 
17 1 53 41 49 8 67 
17 1 53 41 10 47 67 
47 1 53 41 10 31 67 
17 1 53 41 10 47 67 
49 8 39 62 24 14 17 35 44 69 
47 1 53 41 10 13 67 
