55 39 17 45 38 65 70 
55 56 49 10 1 12 23 67 
55 39 1 10 60 17 45 38 67 
49 31 1 39 50 12 23 26 67 
55 39 1 10 49 12 23 52 67 
62 13 1 12 54 49 34 47 67 
58 45 47 59 1 19 12 67 
65 45 47 59 1 38 35 67 
39 49 55 1 4 12 23 67 
55 39 31 1 12 23 26 67 
55 39 1 31 12 23 26 67 
55 39 49 1 12 23 26 67 
55 5 31 1 12 23 26 67 
39 55 1 31 12 23 26 67 
39 55 1 31 12 23 26 67 
55 39 31 1 12 23 26 67 
55 57 31 1 12 23 26 67 
55 39 49 1 12 23 26 67 
55 57 31 1 12 23 26 67 
55 39 1 31 12 23 26 67 
55 57 31 1 12 23 26 67 
57 1 12 55 31 23 26 67 
55 39 49 1 12 23 26 67 
55 5 31 1 12 23 26 67 
55 5 31 1 12 23 26 67 
55 5 31 1 12 23 26 67 
39 55 1 31 12 23 26 67 
17 57 31 1 12 23 26 67 
55 5 31 1 12 23 26 67 
57 55 31 1 12 23 26 67 
39 19 55 1 12 23 26 67 
55 39 1 31 12 23 26 67 
55 43 31 1 12 23 26 67 
55 5 31 1 12 23 26 67 
55 46 31 1 12 23 26 67 
55 5 1 31 12 23 26 67 
55 5 31 1 12 23 26 67 
39 55 1 31 12 23 26 67 
55 42 31 1 12 23 26 67 
57 1 12 55 31 23 26 67 
55 39 49 1 12 23 26 67 
39 55 31 1 12 23 26 67 
55 5 31 1 12 23 26 67 
55 39 31 1 12 23 26 67 
55 57 31 1 12 23 26 67 
5 55 1 31 12 23 26 67 
62 57 31 1 12 23 26 67 
1 57 31 12 55 23 26 67 
55 56 31 1 12 23 26 67 
55 5 1 31 12 23 26 67 
32 5 31 1 12 23 26 67 
55 46 34 1 12 23 26 67 
55 5 31 1 12 23 26 67 
5 31 55 1 12 23 26 67 
5 55 31 1 12 23 26 67 
55 39 49 1 12 23 26 67 
57 1 12 55 31 23 26 67 
55 5 31 1 12 23 26 67 
55 5 31 1 12 23 26 67 
5 55 1 31 12 23 26 67 
55 5 1 31 12 23 26 67 
55 5 31 1 12 23 26 67 
39 55 1 31 12 23 26 67 
39 49 55 1 12 23 26 67 
5 55 31 1 12 23 26 67 
55 5 1 31 12 23 26 67 
5 60 1 31 12 23 26 67 
39 55 1 31 12 23 26 67 
55 42 31 1 12 23 26 67 
55 5 31 1 12 23 26 67 
58 5 31 1 12 23 26 67 
39 49 55 1 12 23 26 67 
55 5 31 1 12 23 26 67 
5 55 1 33 12 23 26 67 
57 55 31 1 12 23 26 67 
5 55 31 1 12 23 26 67 
55 5 31 1 12 23 26 67 
5 55 31 1 12 23 26 67 
56 13 31 1 12 23 26 67 
5 55 1 31 12 23 26 67 
5 55 1 31 12 23 26 67 
55 5 1 31 12 23 26 67 
57 1 12 55 31 23 26 67 
55 5 31 1 12 23 26 67 
55 5 31 1 12 23 26 67 
5 55 1 31 12 23 26 67 
55 5 1 31 12 23 26 67 
55 5 31 1 12 23 26 67 
5 55 1 31 12 23 26 67 
55 35 31 1 12 23 26 67 
5 60 40 1 12 23 26 67 
57 55 31 1 12 23 26 67 
55 57 1 31 12 23 26 67 
5 58 31 1 12 23 26 67 
55 42 20 1 12 23 26 67 
43 5 1 31 12 23 26 67 
57 1 55 31 12 23 26 67 
5 55 1 31 12 23 26 67 
49 55 1 31 12 23 26 67 
1 45 31 12 55 23 26 67 
