54 33 65 19 40 48 44 70 
44 2 45 40 12 22 55 28 66 
59 57 62 50 13 1 12 23 67 
44 2 3 6 21 22 28 26 66 
59 39 58 62 34 20 1 52 45 47 67 
44 2 55 6 12 22 28 52 66 
44 2 3 12 6 21 22 28 66 
44 2 3 6 12 22 55 28 66 
44 2 3 40 12 22 32 28 66 
59 57 62 1 22 13 12 23 67 
44 2 3 40 12 51 32 28 66 
48 2 3 12 22 19 26 28 66 
44 2 3 6 40 21 28 26 66 
33 5 58 62 34 20 1 52 12 9 67 
59 57 50 62 34 20 13 1 12 23 67 
59 39 62 57 50 13 1 12 67 
57 62 59 39 51 14 1 12 23 67 
44 2 3 6 23 21 28 26 66 
44 2 3 6 12 22 7 28 66 
59 39 62 50 34 57 5 1 12 67 
44 2 3 6 12 15 21 28 66 
52 32 62 50 13 1 59 53 67 
44 2 8 6 12 25 28 15 66 
39 62 50 52 20 13 1 9 34 67 
44 2 3 6 21 22 27 26 66 
44 2 3 6 21 22 27 26 66 
44 2 3 6 21 22 27 26 66 
44 2 3 6 21 22 27 26 66 
60 2 3 6 21 22 27 26 66 
44 2 3 6 21 22 27 26 66 
44 2 3 6 21 22 27 26 66 
60 2 3 6 21 22 27 26 66 
44 2 3 6 21 22 27 26 66 
44 2 3 6 21 22 27 26 66 
18 2 3 6 21 22 27 26 66 
18 2 3 6 21 22 27 26 66 
44 2 3 6 21 22 27 26 66 
44 2 3 6 21 22 27 26 66 
34 2 3 6 21 22 27 26 66 
44 2 3 6 21 22 27 26 66 
44 2 3 6 21 22 27 26 66 
34 2 3 6 21 22 27 26 66 
44 2 3 6 21 22 27 26 66 
44 2 3 6 21 22 27 26 66 
60 2 3 6 21 22 27 26 66 
34 2 3 6 21 22 27 26 66 
44 2 3 6 21 22 27 26 66 
44 2 3 6 21 22 27 26 66 
44 2 3 6 21 22 27 26 66 
44 2 3 6 21 22 27 26 66 
60 2 3 6 21 22 27 26 66 
44 2 3 6 21 22 27 26 66 
44 2 3 6 21 22 27 26 66 
44 2 3 6 21 22 27 26 66 
60 2 3 6 21 22 27 26 66 
44 2 3 6 21 22 27 26 66 
18 2 3 6 21 22 27 26 66 
60 2 3 6 21 22 27 26 66 
44 2 3 6 21 22 27 26 66 
44 2 3 6 21 22 27 26 66 
44 2 3 6 21 22 27 26 66 
44 2 3 6 21 22 27 26 66 
44 2 3 6 21 22 27 26 66 
44 2 3 6 21 22 27 26 66 
44 2 3 6 21 22 27 26 66 
44 2 3 6 21 22 27 26 66 
44 2 3 6 21 22 27 26 66 
44 2 3 6 21 22 27 26 66 
60 2 3 6 21 22 27 26 66 
25 2 3 6 21 22 27 26 66 
44 2 3 6 21 22 27 26 66 
44 2 3 6 21 22 27 26 66 
44 2 3 6 21 22 27 26 66 
44 2 3 6 21 22 27 26 66 
18 2 3 6 21 22 27 26 66 
44 2 3 6 21 22 27 26 66 
44 2 3 6 21 22 27 26 66 
18 2 3 6 21 22 27 26 66 
44 2 3 6 21 22 27 26 66 
44 2 3 6 21 22 27 26 66 
60 2 3 6 21 22 27 26 66 
44 2 3 6 21 22 27 26 66 
44 2 3 6 21 22 27 26 66 
44 2 3 6 21 22 27 26 66 
44 2 3 6 21 22 27 26 66 
44 2 3 6 21 22 27 26 66 
10 2 3 6 21 22 27 26 66 
44 2 3 6 21 22 27 26 66 
44 2 3 6 21 22 27 26 66 
44 2 3 6 21 22 27 26 66 
44 2 3 6 21 22 27 26 66 
44 2 3 6 21 22 27 26 66 
10 2 3 6 21 22 27 26 66 
44 2 3 6 21 22 27 26 66 
44 2 3 6 21 22 27 26 66 
60 2 3 6 21 22 27 26 66 
44 2 3 6 21 22 27 26 66 
44 2 3 6 21 22 27 26 66 
60 2 3 6 21 22 27 26 66 
57 2 3 6 21 22 27 26 66 
