2 3 21 12 22 28 66 
2 4 6 12 22 28 66 
65 18 1 12 26 23 67 
52 49 65 48 44 46 1 12 13 23 67 
65 46 1 12 26 23 67 
35 43 1 25 15 49 39 38 67 
52 13 48 49 31 1 15 67 
45 57 10 48 54 60 13 1 34 67 
52 34 51 17 35 25 31 1 58 12 5 67 
17 38 1 49 10 48 67 
17 46 1 12 13 31 67 
52 49 24 38 44 47 1 42 51 12 67 
65 46 1 12 13 23 67 
24 46 1 12 13 23 67 
33 46 1 12 13 23 67 
2 17 12 15 22 28 66 
65 46 1 12 13 23 67 
2 34 15 12 22 28 66 
65 17 1 12 2 23 67 
2 32 8 12 22 28 66 
65 46 1 12 2 23 67 
65 46 1 12 2 23 67 
2 3 21 12 22 28 66 
2 6 8 12 22 28 66 
2 3 21 12 22 28 66 
2 3 21 12 22 28 66 
2 32 8 12 22 28 66 
65 46 1 12 2 23 67 
2 4 6 12 22 28 66 
52 49 25 48 38 1 12 14 42 67 
2 48 6 12 22 28 66 
2 4 6 12 22 28 66 
2 32 6 12 22 28 66 
52 17 1 12 9 48 23 67 
2 32 6 12 22 28 66 
2 3 12 15 22 28 66 
52 17 48 1 12 9 23 67 
2 3 15 12 22 28 66 
2 3 33 12 22 28 66 
52 17 48 1 12 9 23 67 
52 17 48 1 12 9 23 67 
2 3 15 12 22 28 66 
2 3 6 12 22 28 66 
2 3 12 6 22 28 66 
2 3 6 12 22 28 66 
2 3 6 12 22 28 66 
2 4 6 12 22 28 66 
52 15 17 1 12 13 48 23 31 67 
17 1 12 9 48 23 52 34 67 
17 49 10 48 57 1 12 9 23 67 
52 48 17 1 12 9 23 31 8 14 67 
52 48 24 38 8 1 12 13 23 31 67 
54 17 45 1 31 48 12 13 23 62 67 
17 1 12 9 48 23 31 54 67 
17 1 31 48 12 13 23 62 45 67 
17 49 10 48 38 1 12 9 23 67 
17 1 12 9 48 23 31 54 67 
17 1 12 13 48 23 31 62 67 
52 49 1 25 15 42 51 12 67 
52 34 24 38 44 31 1 42 51 12 67 
49 65 1 52 48 44 13 12 67 
49 14 1 52 51 42 12 19 67 
52 34 51 17 35 25 31 1 58 12 48 67 
59 18 1 12 15 42 53 49 67 
52 49 65 48 44 13 1 12 62 25 67 
52 34 13 17 35 25 31 1 58 12 48 67 
13 17 24 38 44 5 34 31 48 56 62 67 
52 31 65 48 49 10 1 42 51 12 54 67 
52 49 55 48 1 42 51 12 62 25 67 
35 48 24 38 44 5 34 56 42 14 18 67 
52 8 1 42 51 12 67 
54 25 31 48 24 53 1 15 13 45 67 
52 49 31 1 42 51 12 67 
52 48 24 38 44 49 1 42 51 14 67 
52 49 1 42 51 12 67 
54 17 31 43 24 25 1 18 33 64 67 
59 43 1 25 15 18 9 38 67 
45 13 48 1 34 12 47 67 
52 49 31 1 42 51 12 67 
35 43 1 25 15 49 18 38 67 
52 34 13 17 31 48 38 24 57 65 44 67 
52 1 65 48 44 13 34 17 31 38 24 67 
13 17 31 48 24 38 44 57 62 1 25 67 
45 13 48 1 34 12 47 67 
52 49 10 48 38 1 12 59 25 67 
13 17 31 48 24 38 44 57 65 1 25 67 
52 15 42 14 49 1 31 12 57 67 
52 49 10 48 38 1 12 59 25 67 
52 34 13 17 31 48 38 24 57 65 44 67 
52 49 1 42 51 14 67 
49 57 10 48 54 60 31 1 18 67 
35 14 1 25 15 42 53 31 67 
52 49 1 42 51 12 67 
54 45 14 48 25 31 1 15 33 67 
54 25 31 1 18 33 64 67 
52 49 1 42 51 14 67 
54 25 31 42 51 1 67 
59 25 38 1 54 55 5 67 
35 15 42 14 1 25 31 33 57 67 
54 25 31 1 15 33 57 67 
