1 10 42 12 23 26 67 
1 10 42 12 23 26 67 
1 62 59 10 12 23 26 67 
10 42 1 59 12 23 26 67 
10 42 1 59 12 23 26 67 
32 42 1 59 50 12 23 26 67 
9 1 32 47 12 23 26 67 
32 42 1 59 50 12 23 26 67 
1 10 62 12 23 26 67 
1 12 62 50 10 42 23 26 67 
9 1 32 42 12 23 26 67 
32 42 1 12 23 26 67 
1 12 59 50 10 42 23 26 67 
1 10 42 50 40 12 23 26 67 
1 10 42 12 23 26 67 
1 9 42 12 23 51 67 
1 9 42 12 23 51 67 
1 9 42 12 23 44 67 
1 9 42 12 23 54 67 
5 59 50 1 12 64 23 67 
1 39 44 38 12 64 23 67 
1 12 39 38 44 64 23 67 
20 1 59 12 50 64 23 67 
1 12 64 38 59 50 23 24 51 67 
15 38 1 59 50 12 52 64 23 67 
1 12 20 47 38 23 54 49 25 67 
20 1 5 40 51 18 57 67 
19 62 40 18 1 51 54 67 
1 12 20 59 38 23 54 49 25 67 
51 1 59 38 35 40 18 67 
19 62 59 38 44 1 51 67 
1 59 50 38 45 12 48 67 
44 38 1 59 9 12 51 13 23 32 67 
15 1 59 38 44 12 50 67 
1 12 59 48 46 50 64 23 24 51 67 
9 1 59 38 44 12 51 67 
15 38 1 59 50 12 51 64 23 32 67 
9 1 59 38 44 12 51 67 
1 12 51 54 58 5 47 19 9 38 40 23 67 
44 9 33 18 56 1 12 50 13 67 
1 12 59 50 48 38 64 23 67 
13 42 64 38 1 12 52 33 43 67 
1 12 59 50 48 38 64 23 67 
1 12 51 38 64 18 54 40 67 
1 5 47 19 9 38 51 12 67 
1 12 39 38 64 51 54 13 67 
49 55 51 18 19 9 1 12 54 58 67 
5 40 1 51 54 59 38 41 18 67 
13 55 51 18 19 9 1 12 54 58 67 
13 51 25 45 40 42 64 38 1 12 52 67 
1 12 51 54 49 9 58 64 42 59 41 67 
15 38 1 12 59 50 64 23 24 51 67 
5 9 1 18 59 38 44 12 51 67 
13 42 64 38 1 12 52 33 43 67 
13 42 1 12 52 33 67 
1 5 59 38 44 9 12 51 67 
1 12 51 44 47 54 40 24 33 57 39 67 
1 5 31 18 40 12 51 54 25 64 67 
19 55 41 18 9 1 5 59 38 67 
1 12 39 38 64 23 51 54 67 
18 25 20 44 54 64 38 47 10 31 43 1 67 
13 42 1 12 52 33 67 
1 12 51 54 58 64 57 15 59 44 18 23 67 
1 12 51 54 58 64 42 59 41 18 40 44 67 
44 9 1 12 51 13 67 
1 12 59 50 64 23 24 51 67 
1 5 59 38 15 44 51 18 67 
1 12 51 44 54 40 24 33 57 39 58 64 67 
5 40 51 18 57 10 41 17 1 67 
1 12 51 54 49 9 58 64 42 59 41 67 
18 25 20 44 54 40 24 33 57 39 43 1 67 
1 12 51 54 58 64 42 49 25 59 67 
1 12 51 54 58 64 15 13 52 33 40 23 67 
19 9 39 38 64 1 5 59 67 
44 9 1 12 51 38 67 
51 25 20 5 40 57 10 41 38 39 43 1 67 
1 12 51 54 58 64 57 15 59 44 18 23 67 
1 12 51 54 58 64 42 59 41 18 40 49 67 
19 55 33 18 1 5 59 38 43 67 
44 9 1 50 51 45 67 
19 9 1 51 54 55 67 
1 5 59 38 41 18 40 49 67 
19 9 1 5 59 38 67 
44 24 51 54 19 9 1 5 59 38 67 
19 9 1 5 59 38 67 
18 25 20 44 54 40 24 33 57 39 43 1 67 
1 12 51 54 58 64 5 59 41 18 40 49 67 
51 5 40 18 59 57 10 41 17 1 67 
52 5 31 18 40 57 10 41 15 1 67 
42 25 51 44 47 62 13 40 56 43 1 67 
13 52 33 18 56 40 15 58 43 1 67 
15 44 51 18 54 55 56 10 41 5 1 67 
13 55 51 18 54 52 33 40 15 5 1 67 
1 5 59 38 41 18 40 49 67 
15 38 51 18 54 55 56 10 41 5 1 67 
14 20 41 25 38 9 33 60 46 70 
13 52 33 40 15 31 70 
64 38 47 39 13 32 70 
51 54 55 57 10 41 5 70 
18 25 40 20 24 33 57 70 
