5 8 43 18 65 59 70 
2 34 45 12 22 28 66 
2 47 53 12 22 28 66 
5 8 43 47 59 24 65 42 70 
5 17 59 19 18 1 38 24 48 31 43 20 67 
2 34 55 12 22 64 28 66 
24 47 1 12 59 23 67 
24 1 12 59 23 38 19 26 67 
9 47 1 12 22 23 67 
9 47 1 12 22 23 67 
24 1 12 59 23 38 19 26 67 
2 34 55 12 22 64 28 66 
24 8 43 18 65 1 67 
24 1 38 12 19 47 55 62 18 53 52 20 67 
24 1 12 45 38 19 23 67 
34 1 31 33 38 15 19 62 18 41 47 55 67 
24 1 12 45 8 34 23 67 
49 1 12 59 23 47 38 15 67 
49 1 12 59 23 47 38 15 67 
24 1 45 12 59 38 67 
24 1 12 45 19 62 59 23 52 60 67 
24 47 1 12 59 23 67 
1 43 44 12 51 5 45 34 23 67 
47 1 12 59 23 39 8 49 41 67 
34 1 38 31 41 47 55 9 25 12 23 20 67 
24 1 8 12 34 44 31 67 
9 1 56 33 24 47 55 38 12 19 62 20 67 
24 1 17 47 59 53 12 42 67 
1 43 44 12 5 38 51 45 67 
24 8 49 1 48 31 67 
24 1 12 45 54 62 59 23 52 60 67 
24 1 38 12 19 62 18 53 52 67 
1 12 59 43 18 42 45 40 38 67 
18 42 1 45 40 12 38 67 
24 1 38 12 19 62 18 53 52 60 67 
1 12 38 20 34 31 33 15 19 62 67 
5 1 38 20 60 54 43 25 31 34 12 67 
5 1 12 47 8 43 18 65 59 38 20 67 
9 42 1 45 40 56 33 67 
24 1 38 12 42 8 67 
5 8 55 1 43 18 65 67 
34 1 31 33 43 35 13 38 67 
24 1 51 8 43 35 13 38 67 
1 10 44 8 51 43 24 33 45 67 
34 1 38 8 51 43 24 31 41 67 
1 10 44 8 51 62 47 45 5 24 67 
1 10 44 8 51 62 47 45 5 24 67 
34 1 38 5 60 54 8 43 18 31 41 67 
24 1 38 47 43 18 65 9 25 12 23 20 67 
24 1 48 31 43 20 34 38 5 8 35 67 
24 8 5 43 47 59 70 
2 34 53 12 22 28 66 
9 47 1 12 22 23 67 
24 1 12 59 23 38 19 26 67 
2 34 55 12 22 64 28 66 
5 17 59 19 18 1 38 54 64 32 20 60 67 
24 1 8 12 34 23 51 67 
24 1 12 59 23 5 38 20 67 
24 47 1 12 59 23 67 
1 12 59 23 51 43 24 8 9 67 
5 1 38 12 19 47 20 60 54 43 25 31 67 
49 1 12 59 5 38 8 47 67 
24 8 43 18 65 1 67 
1 12 38 20 60 59 45 19 23 34 67 
1 12 45 43 24 18 38 59 17 67 
18 42 1 45 40 12 38 67 
1 8 51 43 24 33 45 12 5 52 67 
24 1 38 12 18 15 19 62 53 50 60 67 
24 47 1 12 59 31 67 
9 47 1 45 38 43 49 67 
49 1 20 52 45 24 58 38 67 
43 1 38 20 60 8 48 54 49 67 
24 1 38 5 8 35 48 43 13 52 67 
24 1 12 47 43 18 59 46 23 38 65 20 67 
24 1 48 31 43 20 34 51 8 35 13 67 
5 8 43 47 59 18 17 19 70 
18 59 1 12 22 23 67 
24 1 12 59 23 38 19 26 67 
2 34 55 12 22 64 28 66 
5 1 56 33 38 15 19 62 18 53 52 60 67 
24 1 12 47 31 59 23 67 
24 1 12 59 46 23 38 65 67 
24 1 38 12 42 23 67 
1 8 12 59 23 51 43 24 33 67 
5 17 59 19 18 1 12 38 20 60 54 24 67 
49 1 20 12 45 24 58 38 67 
24 45 1 13 38 19 67 
1 12 38 20 60 59 45 19 23 34 67 
1 35 44 8 51 43 24 18 12 67 
20 1 12 45 24 58 38 67 
24 1 38 12 8 35 48 43 13 52 67 
24 1 38 12 18 15 19 62 53 50 60 67 
24 47 1 31 12 59 67 
46 34 55 1 38 20 60 67 
24 1 51 8 43 35 13 42 67 
24 1 38 5 8 43 35 13 52 67 
1 17 9 43 19 62 47 45 38 49 67 
24 1 56 12 45 38 19 23 18 53 52 60 67 
46 1 38 20 60 54 43 25 31 17 18 67 
5 8 43 47 59 18 65 42 70 
