20 45 51 40 5 15 69 
1 12 43 6 22 23 26 67 
1 12 43 6 22 23 26 67 
20 45 51 40 5 15 69 
1 34 48 25 35 53 56 14 5 51 52 19 67 
1 12 53 23 33 31 26 67 
1 12 34 25 33 23 53 26 67 
1 12 31 19 50 23 67 
1 43 53 40 5 51 67 
1 51 35 25 53 59 57 31 12 19 58 33 67 
65 1 53 33 19 12 23 67 
1 12 53 23 33 31 26 67 
1 12 53 23 33 31 24 67 
1 12 13 53 23 33 31 26 67 
1 51 50 10 53 33 12 23 67 
42 59 24 45 52 9 57 19 1 31 40 54 67 
43 45 1 12 34 25 33 23 67 
1 12 62 45 42 40 67 
31 40 54 1 57 56 32 12 23 19 67 
53 1 59 57 19 58 33 12 23 67 
1 52 51 12 59 23 67 
1 52 43 45 51 12 59 23 35 67 
19 31 50 1 12 23 39 62 41 43 14 45 67 
1 12 24 42 50 17 65 67 
43 45 53 32 1 12 35 40 67 
51 59 24 45 52 31 57 19 1 65 9 12 67 
1 45 18 59 12 64 60 9 67 
31 40 54 1 57 56 32 12 23 19 67 
1 34 48 40 54 65 12 15 50 67 
1 51 53 40 5 42 67 
42 51 24 1 45 12 40 54 59 67 
31 40 54 1 57 12 33 51 53 15 67 
65 17 54 1 53 33 19 12 45 15 67 
65 1 53 33 19 12 45 67 
51 50 15 65 20 1 12 53 34 25 13 67 
31 40 53 57 50 1 12 42 33 51 45 67 
1 45 51 40 12 53 67 
51 40 17 65 43 20 1 67 
56 40 58 45 43 41 1 67 
56 43 18 59 24 52 9 1 67 
1 43 18 59 24 52 9 53 67 
35 1 59 31 40 54 57 56 32 67 
1 59 24 45 52 9 12 34 25 33 23 53 67 
45 43 54 1 53 51 50 41 15 67 
15 40 54 1 56 17 32 59 19 53 67 
51 40 54 1 57 32 50 10 53 33 67 
31 1 64 65 20 50 42 10 41 55 14 67 
51 50 15 65 20 1 24 53 34 25 13 67 
1 12 43 6 22 23 26 67 
20 45 48 65 40 5 15 50 69 
1 12 53 23 33 31 26 67 
1 12 53 23 33 31 24 67 
1 12 53 31 23 33 26 54 67 
51 17 35 25 53 50 52 9 1 43 64 33 67 
1 12 34 25 51 50 33 23 67 
1 52 51 12 59 23 67 
53 1 59 20 31 12 19 38 23 67 
42 59 24 45 52 9 1 31 40 54 57 12 67 
51 17 65 32 1 12 35 25 67 
31 40 54 1 57 56 32 12 23 19 67 
1 51 53 40 5 50 67 
53 1 59 57 31 12 19 58 33 67 
34 48 18 1 12 33 40 54 50 65 67 
1 40 34 58 12 31 57 67 
20 31 1 45 65 51 50 10 53 33 12 67 
1 12 31 45 42 40 67 
1 40 34 58 33 31 57 67 
43 45 53 1 51 50 10 19 67 
1 59 24 45 52 9 12 34 25 33 23 53 67 
53 1 43 45 32 59 56 38 35 67 
40 17 54 1 57 45 43 41 51 15 67 
56 1 64 65 20 50 42 10 41 55 14 67 
1 12 43 6 22 23 26 67 
43 45 51 40 5 53 69 
1 12 53 23 33 31 26 67 
1 12 53 23 33 31 24 67 
1 12 34 25 33 23 53 26 67 
51 17 65 25 53 50 52 9 1 43 64 33 67 
1 31 46 12 34 23 48 54 67 
1 43 53 12 23 33 67 
53 1 59 57 19 25 33 12 23 67 
51 59 24 45 52 31 57 19 1 65 9 12 67 
1 12 53 59 20 52 42 50 67 
1 12 48 25 31 19 50 23 15 33 67 
1 45 51 40 50 10 67 
43 53 54 1 57 12 18 33 55 67 
34 48 18 1 12 20 45 51 40 5 67 
1 12 53 42 50 17 65 67 
51 50 15 65 20 1 12 53 34 25 13 67 
1 12 31 45 42 40 67 
1 40 17 45 43 41 51 67 
20 45 18 59 24 52 9 1 67 
18 59 24 1 43 53 12 23 33 25 39 19 67 
53 1 43 45 32 59 56 38 35 67 
51 40 54 1 57 32 50 10 55 33 67 
51 31 50 40 17 65 43 20 1 14 45 67 
20 45 51 40 5 42 69 
1 12 53 23 33 31 26 67 
1 12 43 31 19 50 23 67 
1 12 52 53 23 33 31 26 67 
