1 56 39 12 50 15 23 26 67 
39 1 59 12 18 54 23 26 67 
1 56 39 12 15 23 26 67 
48 1 59 12 18 57 23 26 67 
44 1 59 12 50 54 23 26 67 
1 56 39 12 15 23 26 67 
1 56 39 12 57 23 26 67 
39 1 18 12 57 23 26 67 
44 1 59 12 50 54 23 26 67 
1 56 39 12 54 23 26 67 
59 1 32 12 54 23 67 
59 1 39 54 12 23 67 
59 1 39 12 54 23 67 
39 1 54 18 12 23 67 
39 1 54 59 12 23 67 
43 1 59 12 54 23 44 67 
39 1 59 12 54 23 44 67 
39 1 59 12 54 23 44 67 
39 1 59 12 54 23 44 67 
39 1 59 12 54 23 56 67 
1 42 59 12 50 54 23 44 67 
17 1 59 12 50 54 23 46 67 
13 1 59 12 58 34 50 54 23 56 67 
56 9 57 1 12 50 31 62 23 60 67 
13 1 59 12 50 54 23 46 67 
1 42 44 59 12 50 31 62 23 39 67 
35 9 57 13 1 59 12 50 54 23 67 
13 1 59 12 50 54 23 56 67 
44 1 59 12 47 33 60 23 39 67 
13 1 59 12 50 54 23 56 67 
44 1 5 12 50 31 62 23 39 67 
14 32 39 56 45 1 59 12 50 31 62 23 67 
35 42 44 1 59 12 50 31 62 23 39 33 67 
44 1 59 12 50 19 62 23 39 67 
44 32 39 56 45 1 62 59 12 50 31 23 67 
44 32 39 56 45 1 59 12 50 31 62 23 67 
44 1 59 12 50 31 62 23 39 67 
44 1 59 12 50 31 62 23 39 67 
44 31 62 42 1 12 39 67 
9 1 56 44 31 59 12 67 
44 31 62 42 1 12 39 67 
44 1 35 31 56 59 12 67 
39 1 35 31 56 45 62 67 
9 1 56 31 60 19 15 67 
44 32 39 31 60 19 1 67 
42 44 60 1 31 59 12 19 32 47 67 
35 42 56 39 31 1 62 38 60 19 15 12 67 
39 42 44 1 31 59 12 60 45 47 67 
47 9 39 56 45 1 62 38 51 33 19 12 67 
56 48 47 1 33 19 12 58 67 
1 48 44 35 59 39 12 60 45 47 8 33 67 
35 42 47 1 60 19 12 64 67 
39 1 15 8 20 35 49 57 54 25 67 
47 1 33 39 62 19 12 44 9 67 
32 1 56 45 62 10 47 53 42 57 67 
35 42 56 1 44 59 12 15 67 
44 1 31 59 39 12 60 45 47 67 
44 1 35 31 60 19 15 67 
1 10 47 39 62 58 60 19 12 64 9 33 67 
39 1 56 45 47 9 33 19 12 52 67 
1 42 44 46 8 24 35 39 53 33 67 
1 42 39 31 59 12 60 45 9 67 
1 10 47 60 19 12 64 9 67 
44 32 39 1 58 34 33 19 12 31 67 
44 1 56 31 59 12 60 15 67 
34 48 44 56 45 1 31 60 5 58 8 33 67 
44 1 31 59 12 60 67 
39 42 44 1 31 60 32 47 46 20 12 67 
42 31 44 1 60 19 32 47 46 20 12 67 
35 42 56 39 62 58 60 19 15 1 8 33 67 
15 1 8 20 35 49 57 54 25 67 
35 42 56 39 62 60 19 15 1 67 
47 1 33 19 12 44 67 
39 1 56 45 62 58 31 60 15 52 67 
44 1 31 59 12 60 67 
39 42 44 1 31 60 32 47 46 20 12 67 
44 1 31 59 12 39 60 15 41 67 
44 32 39 56 45 1 62 24 51 5 34 33 67 
56 9 57 1 31 15 24 62 67 
44 32 39 1 56 45 62 15 51 5 34 67 
1 42 44 56 45 58 60 19 15 53 8 33 67 
35 48 44 1 31 60 32 19 67 
56 9 47 1 31 15 24 62 67 
39 1 56 45 62 32 47 53 42 60 52 67 
44 65 47 1 31 60 32 35 67 
39 42 44 1 31 60 32 47 46 20 12 67 
44 32 39 1 56 45 62 15 51 5 34 67 
47 1 33 60 12 44 67 
35 42 56 39 31 60 19 15 1 67 
39 1 56 45 62 15 51 44 5 34 10 67 
44 1 31 60 19 15 67 
32 47 53 42 57 9 70 
47 38 10 49 44 65 70 
39 40 10 49 15 52 70 
56 1 39 15 52 5 67 
44 1 31 60 19 15 67 
46 8 24 42 54 39 70 
46 8 24 42 15 39 70 
15 1 8 20 35 49 57 54 25 67 
44 1 31 60 19 15 67 
