42 34 10 65 25 53 70 
13 1 49 12 23 26 67 
17 8 25 52 46 38 48 34 42 53 13 1 67 
8 1 12 13 20 59 23 42 53 67 
1 8 53 59 55 52 12 50 18 67 
13 19 50 46 53 1 12 15 45 39 52 67 
64 13 41 1 12 26 23 67 
20 13 59 1 44 58 67 
64 1 49 50 18 52 17 8 67 
64 8 53 59 55 52 1 17 14 67 
64 35 9 52 46 1 40 33 13 32 67 
64 8 25 59 53 40 1 55 52 17 14 67 
1 4 22 12 23 26 67 
1 4 12 22 23 26 67 
1 4 12 22 23 26 67 
1 4 22 12 23 26 67 
1 4 22 12 23 26 67 
1 4 22 12 23 26 67 
1 4 22 12 23 26 67 
1 4 22 12 23 26 67 
1 4 22 12 23 26 67 
1 4 12 22 23 26 67 
1 4 12 22 23 26 67 
1 4 12 22 23 26 67 
1 4 22 12 23 26 67 
1 4 22 12 23 26 67 
1 4 12 22 23 26 67 
13 1 12 49 2 23 67 
13 1 2 12 23 33 67 
13 1 12 49 2 23 67 
8 1 2 12 23 53 67 
8 1 2 12 23 53 67 
8 1 2 9 12 23 67 
8 1 2 12 23 13 67 
8 1 2 12 23 64 67 
13 1 2 12 23 15 67 
13 1 2 12 23 60 67 
8 1 12 2 23 53 67 
8 1 35 12 23 2 67 
13 1 19 12 23 2 67 
13 1 8 2 12 23 67 
13 1 2 12 8 23 67 
13 1 12 49 2 23 67 
49 1 2 12 23 13 67 
13 1 12 49 2 23 67 
1 2 49 59 12 23 67 
64 1 2 12 23 13 67 
59 1 12 2 49 23 67 
8 1 2 12 23 53 67 
13 1 2 12 23 49 67 
13 1 2 12 23 49 67 
8 1 2 12 23 13 67 
8 1 2 12 23 42 67 
13 1 49 12 23 2 67 
8 1 2 12 23 17 67 
8 49 1 2 12 23 67 
13 1 12 49 2 23 67 
13 1 2 12 49 23 67 
13 1 2 12 23 49 67 
8 1 2 12 13 23 67 
13 1 12 49 2 23 67 
13 1 2 12 23 8 67 
8 1 2 12 23 13 67 
13 1 12 49 2 23 67 
8 1 2 12 23 46 67 
64 1 2 12 23 62 67 
13 1 2 12 23 45 67 
64 1 2 12 23 62 67 
8 1 12 31 2 23 67 
35 1 2 12 23 49 67 
13 1 2 12 23 49 67 
8 1 2 12 23 31 67 
13 49 1 59 12 23 67 
13 1 12 31 23 49 67 
13 1 8 53 12 23 67 
8 1 46 12 23 13 67 
13 1 19 12 23 64 67 
62 1 13 49 59 12 23 67 
62 1 13 32 12 23 49 67 
64 13 1 59 12 49 50 23 67 
64 13 1 59 12 49 38 23 67 
17 8 13 49 1 59 12 23 42 53 67 
64 13 9 18 1 59 12 49 38 23 67 
64 34 59 1 18 12 67 
13 1 12 64 59 31 67 
8 1 12 53 59 55 67 
1 8 53 59 12 55 67 
17 8 25 52 46 1 59 12 13 20 23 53 67 
17 64 25 52 46 1 59 12 13 20 23 53 67 
62 1 49 13 8 12 59 67 
8 1 49 13 53 17 12 67 
8 53 1 59 12 50 18 39 67 
8 53 1 59 12 43 55 52 67 
8 53 1 59 12 43 64 49 67 
42 45 35 13 1 34 10 25 59 12 67 
8 45 35 13 1 34 10 12 20 59 67 
64 35 9 18 46 1 40 13 59 12 67 
17 8 25 52 46 1 59 12 42 53 13 51 67 
17 8 24 52 46 1 59 12 42 53 62 19 67 
8 53 59 64 34 1 35 67 
