54 40 60 33 19 42 69 
24 1 59 20 12 23 67 
9 1 18 64 12 23 26 67 
33 1 49 35 54 20 45 44 62 51 24 58 67 
60 1 62 44 12 52 23 67 
9 1 18 39 59 12 23 26 67 
9 1 62 59 58 12 45 23 67 
33 1 49 35 39 20 12 62 43 51 24 58 67 
44 1 62 59 20 12 52 23 9 67 
62 1 59 58 12 32 46 67 
31 1 33 53 24 39 20 12 67 
35 1 62 59 20 58 12 14 46 23 67 
60 52 46 1 64 62 12 59 44 67 
62 45 57 1 64 58 12 59 44 46 67 
54 1 35 31 44 12 62 49 15 48 41 67 
1 59 20 45 62 52 67 
39 62 49 35 57 1 58 12 23 59 44 46 67 
62 1 59 32 64 58 44 67 
1 60 18 62 59 32 64 44 67 
60 52 46 1 64 33 44 20 38 67 
62 1 46 38 50 59 52 14 8 34 67 
1 45 18 62 34 55 59 32 64 44 46 67 
9 1 64 12 23 26 67 
9 1 59 12 23 26 67 
9 1 59 12 23 26 67 
9 1 59 12 23 26 67 
55 1 59 12 23 26 67 
9 1 59 12 23 26 67 
9 1 59 12 23 26 67 
9 1 64 12 23 26 67 
9 1 64 12 23 26 67 
9 1 59 12 23 26 67 
24 1 59 12 23 26 67 
9 1 59 12 23 26 67 
9 1 38 12 23 26 67 
9 1 64 12 23 26 67 
9 1 64 12 23 26 67 
9 1 59 12 23 26 67 
9 1 59 12 23 26 67 
9 1 59 12 23 26 67 
9 1 38 12 23 26 67 
9 1 64 12 23 26 67 
9 1 59 12 23 26 67 
9 1 59 12 23 26 67 
8 1 64 12 23 26 67 
9 1 38 12 23 26 67 
9 1 59 12 23 26 67 
9 1 64 12 23 26 67 
9 1 59 12 23 26 67 
9 1 59 12 23 26 67 
9 1 38 12 23 26 67 
9 1 59 12 23 26 67 
9 1 59 12 23 26 67 
9 1 59 12 23 26 67 
9 1 59 12 23 26 67 
8 1 59 12 23 26 67 
9 1 59 12 23 26 67 
9 1 59 12 23 26 67 
8 1 59 12 23 26 67 
9 1 59 12 23 26 67 
54 1 64 12 23 26 67 
9 1 64 12 23 26 67 
9 1 64 12 23 26 67 
8 1 59 12 23 26 67 
8 1 59 12 23 26 67 
8 1 59 12 23 26 67 
8 1 59 12 23 26 67 
8 1 59 12 23 26 67 
9 1 59 12 23 26 67 
9 1 59 12 23 26 67 
9 1 59 12 23 26 67 
9 1 64 12 23 26 67 
9 1 59 12 23 26 67 
9 1 64 12 23 26 67 
54 1 59 12 23 26 67 
9 1 59 12 23 26 67 
32 1 59 12 23 26 67 
9 1 64 12 23 26 67 
9 1 59 12 23 26 67 
8 1 59 12 23 26 67 
9 1 59 12 23 26 67 
8 1 58 12 23 26 67 
9 1 59 12 23 26 67 
8 1 59 12 23 26 67 
8 1 59 12 23 26 67 
9 1 38 12 23 26 67 
9 1 54 12 23 26 67 
9 1 59 12 23 26 67 
9 1 59 12 23 26 67 
9 1 59 12 23 26 67 
8 1 59 12 23 26 67 
9 1 64 12 23 26 67 
9 1 59 12 23 26 67 
9 1 44 12 23 26 67 
54 1 64 12 23 26 67 
8 1 45 12 23 26 67 
9 1 38 12 23 26 67 
8 1 59 12 23 26 67 
9 1 59 12 23 26 67 
33 1 20 12 62 49 67 
