58 17 38 46 25 10 15 62 41 35 5 70 
1 14 12 41 23 48 26 67 
1 14 49 38 19 18 8 52 51 5 47 17 67 
1 12 20 50 56 23 40 67 
1 14 12 41 23 20 26 13 67 
1 14 47 18 12 20 23 49 67 
1 12 20 40 8 52 67 
1 14 49 12 19 18 8 52 51 5 47 17 67 
1 14 49 12 23 8 40 47 65 67 
1 14 47 43 12 18 50 67 
1 14 12 51 47 20 18 39 67 
1 14 12 8 50 20 23 49 51 17 67 
1 14 12 20 35 48 15 40 17 67 
1 14 12 8 52 51 18 5 47 17 67 
1 43 49 12 18 14 51 47 20 39 9 67 
1 14 52 59 47 51 67 
1 14 49 12 33 23 41 65 51 5 47 17 67 
58 32 47 50 1 49 41 67 
51 14 47 18 10 5 8 1 67 
51 14 47 18 10 1 8 17 40 67 
1 14 10 8 52 51 18 5 47 17 67 
1 14 47 43 55 18 50 52 51 5 17 67 
1 12 41 23 34 26 67 
1 12 41 23 34 26 67 
1 12 41 23 26 25 67 
1 12 41 23 26 25 67 
1 12 41 23 26 25 67 
1 12 31 23 52 26 67 
1 12 20 23 51 26 67 
1 12 57 23 41 26 67 
1 12 41 23 13 26 67 
1 12 57 23 24 26 67 
1 12 41 23 26 25 67 
1 12 41 23 26 25 67 
1 12 41 23 51 26 67 
1 12 41 23 26 51 67 
1 41 12 23 13 26 67 
1 12 57 23 41 26 67 
1 41 12 23 13 26 67 
1 12 41 23 13 26 67 
1 12 41 23 34 26 67 
1 12 41 23 26 25 67 
1 12 41 23 51 26 67 
1 12 41 23 34 26 67 
1 12 20 23 41 26 67 
1 12 41 23 51 26 67 
1 12 41 23 34 26 67 
1 12 57 41 23 26 67 
1 57 12 41 23 26 67 
1 41 12 23 34 26 67 
1 12 35 41 23 26 67 
1 12 41 23 34 26 67 
1 12 41 23 26 25 67 
1 12 41 23 32 26 67 
1 12 41 23 26 31 67 
1 12 41 23 35 26 67 
1 41 12 57 23 26 67 
1 12 41 23 26 48 67 
1 12 5 23 57 26 67 
1 12 41 23 34 26 67 
1 12 41 57 23 26 67 
1 12 41 23 26 34 67 
1 12 41 23 26 25 67 
1 12 41 23 26 14 67 
1 12 41 23 34 26 67 
1 12 41 23 26 25 67 
1 12 43 23 51 26 67 
1 12 41 23 26 20 67 
1 12 20 23 51 26 67 
1 41 12 23 34 26 67 
1 14 12 23 26 41 67 
1 12 41 23 57 26 67 
1 12 41 23 51 26 67 
1 12 41 23 32 26 67 
1 12 41 23 35 26 67 
1 12 57 55 23 26 67 
1 12 41 23 26 25 67 
1 12 41 23 26 34 67 
1 41 12 23 26 34 67 
1 12 41 23 26 20 67 
1 12 41 23 51 26 67 
1 12 57 23 41 26 67 
1 12 20 14 23 26 67 
1 12 41 23 57 26 67 
1 12 41 23 32 26 67 
1 12 41 23 51 26 67 
1 12 41 23 26 25 67 
1 12 41 23 51 26 67 
1 12 41 23 26 53 67 
1 31 12 23 52 26 67 
1 12 41 23 33 26 67 
1 57 12 23 26 41 67 
1 12 41 23 26 42 67 
1 12 13 23 26 48 67 
1 12 38 23 26 25 67 
1 12 25 57 23 26 67 
1 12 41 23 26 32 67 
1 12 41 23 26 57 67 
1 12 41 23 26 34 67 
1 12 20 23 14 49 67 
