51 38 1 4 12 23 67 
51 8 24 40 1 12 23 67 
51 25 15 1 5 12 23 67 
51 40 1 59 24 12 23 67 
43 62 24 40 1 12 23 67 
51 40 1 38 24 12 23 67 
25 9 62 1 24 12 23 67 
51 38 1 24 12 23 67 
51 1 49 38 24 12 23 44 15 67 
51 38 1 24 12 23 67 
51 38 1 15 12 23 67 
14 62 8 1 15 40 12 23 49 67 
51 41 1 20 58 52 46 12 23 67 
51 38 24 40 44 1 12 23 67 
51 38 1 15 12 23 67 
51 38 1 24 12 23 67 
51 58 20 1 52 46 12 23 67 
51 41 1 20 44 24 12 23 47 67 
5 58 52 1 62 32 12 23 67 
51 38 1 24 12 23 67 
24 53 20 1 62 49 12 23 67 
62 1 49 24 40 50 12 23 47 67 
24 53 20 62 1 49 12 23 19 67 
24 53 20 1 62 49 12 23 67 
14 58 43 62 1 24 12 35 19 23 67 
62 1 49 48 32 9 12 44 60 23 67 
62 1 49 24 32 9 12 44 60 23 67 
43 1 49 62 24 12 35 47 60 23 67 
62 1 49 24 40 12 50 47 60 23 67 
24 53 20 1 62 49 12 23 67 
43 62 1 24 12 40 67 
8 9 1 24 12 5 67 
25 9 1 24 12 44 67 
43 62 1 24 12 35 67 
8 24 1 40 62 20 49 12 67 
32 40 1 9 44 62 12 24 67 
43 62 1 24 12 35 67 
47 62 1 20 40 49 12 50 67 
24 40 1 41 62 49 12 50 67 
32 9 1 24 12 44 67 
14 47 1 40 62 20 55 19 67 
43 5 20 40 62 1 49 54 67 
43 58 62 20 8 44 1 5 67 
43 5 62 20 40 1 49 54 67 
8 5 24 40 44 62 1 35 67 
60 58 1 41 9 32 52 62 12 67 
45 62 35 14 40 1 13 48 49 12 67 
43 44 35 42 62 1 12 50 48 10 67 
44 5 24 40 62 1 32 12 67 
32 9 1 44 62 12 24 42 43 19 67 
14 44 62 20 10 56 1 46 12 67 
43 62 35 24 40 1 49 12 47 60 41 67 
45 62 35 24 40 1 13 48 49 12 67 
40 8 24 62 1 49 12 32 19 10 67 
43 62 35 24 40 1 49 12 47 60 41 67 
8 5 62 20 10 60 1 49 12 67 
14 62 8 1 15 40 49 12 50 65 48 67 
55 40 20 41 9 1 62 49 12 67 
43 58 8 44 62 1 5 12 14 40 20 67 
14 58 52 32 62 1 67 
15 62 35 42 24 40 1 49 12 50 41 67 
51 58 52 20 46 1 67 
38 62 35 43 44 1 48 10 47 67 
44 53 20 41 5 24 40 62 1 67 
8 5 62 20 10 60 1 49 54 67 
24 40 62 1 43 49 12 67 
40 53 1 41 9 20 39 57 12 67 
14 47 19 44 62 1 9 39 58 25 67 
47 40 62 1 49 12 50 67 
14 58 38 51 5 1 43 13 19 52 67 
44 5 24 40 62 1 49 12 67 
40 8 43 44 35 1 13 48 10 47 67 
51 62 35 20 44 55 1 43 47 67 
13 40 8 43 44 62 1 48 10 47 67 
40 53 20 41 9 1 39 38 12 67 
5 58 52 32 62 1 67 
9 5 35 20 10 25 62 1 49 67 
14 58 52 32 62 1 67 
43 62 35 42 44 1 48 10 47 60 41 67 
42 40 8 44 62 1 13 43 48 10 47 67 
24 40 62 1 49 12 50 67 
51 20 62 1 52 24 12 67 
24 55 5 40 62 1 67 
42 40 8 44 62 1 38 35 43 19 9 67 
24 40 62 1 49 12 50 67 
13 40 8 43 44 62 1 48 10 47 67 
42 40 8 44 62 1 5 35 43 19 9 67 
43 62 35 42 44 1 48 10 47 60 41 67 
8 44 62 1 5 35 42 67 
24 40 62 1 49 12 50 67 
14 44 62 1 20 55 19 67 
8 5 62 1 49 54 25 67 
51 44 62 1 5 35 54 67 
51 44 62 1 20 55 18 67 
14 47 19 9 39 58 25 69 
8 42 44 10 25 48 69 
55 45 33 10 25 57 69 
10 44 47 65 24 34 55 17 70 
20 55 33 38 9 44 69 
43 47 19 9 39 25 62 69 
