17 25 32 5 38 13 69 
40 1 12 49 23 26 67 
17 25 32 5 40 15 69 
40 1 12 49 23 26 67 
34 1 19 48 17 58 32 40 18 44 57 39 67 
1 40 34 20 12 18 23 26 67 
34 1 12 49 23 57 67 
1 40 34 12 18 23 26 67 
1 40 34 12 18 23 26 67 
34 1 19 48 17 25 32 5 38 13 50 59 67 
1 40 34 20 12 18 23 26 67 
1 40 17 25 32 12 23 67 
1 40 17 53 32 12 23 67 
1 39 48 17 38 20 67 
17 34 42 53 44 45 24 18 1 48 40 12 67 
48 17 1 20 12 62 56 23 67 
1 40 25 18 44 34 12 23 67 
34 1 12 49 57 38 67 
17 34 42 1 48 62 12 38 23 5 67 
34 1 12 49 23 56 67 
1 9 56 40 12 49 23 14 34 67 
17 9 20 40 1 12 25 23 14 67 
1 34 42 53 44 9 49 57 56 40 12 20 67 
34 42 38 17 41 32 1 48 62 12 23 13 67 
40 39 5 51 17 1 12 67 
17 40 15 1 39 44 67 
1 17 13 19 12 49 23 39 48 20 67 
5 42 1 20 12 62 17 35 67 
40 34 1 20 12 62 17 25 67 
48 17 56 13 52 1 20 12 62 67 
1 17 13 46 18 12 39 19 38 67 
1 40 34 12 57 39 64 67 
34 57 38 1 12 49 58 56 20 62 67 
39 19 48 17 1 20 12 25 56 41 67 
57 38 17 1 34 12 54 40 39 48 62 67 
5 42 1 35 34 12 54 20 39 48 62 67 
1 40 34 33 39 19 48 67 
1 40 34 51 17 39 64 67 
1 40 19 34 44 9 13 50 67 
1 40 25 18 44 57 39 56 67 
1 9 56 41 34 25 17 5 42 67 
1 65 32 40 12 49 67 
17 9 56 34 42 1 48 43 18 67 
17 34 42 1 48 19 25 32 5 38 67 
40 17 25 1 34 49 57 38 48 62 67 
40 17 39 44 19 9 1 13 38 18 54 67 
64 42 1 35 17 32 5 38 40 48 62 67 
34 57 38 17 1 40 39 48 62 12 23 13 67 
40 1 12 49 23 26 67 
46 25 32 34 44 5 38 13 69 
1 40 42 12 49 23 26 67 
64 17 42 53 41 32 44 19 52 1 38 20 67 
1 40 34 20 12 18 23 26 67 
1 41 34 5 12 49 23 67 
40 1 39 12 49 23 17 25 67 
40 1 12 49 34 23 67 
34 1 19 48 47 12 23 62 25 67 
17 34 42 53 44 19 52 1 13 46 12 20 67 
1 40 34 57 32 5 67 
34 57 38 1 12 49 23 56 20 62 67 
1 40 48 9 56 52 12 34 67 
40 17 39 1 12 64 54 49 46 67 
1 9 49 57 56 40 12 67 
39 19 48 17 1 20 12 62 56 41 67 
40 17 25 1 34 32 12 49 38 48 62 67 
1 41 34 25 17 5 42 67 
1 40 25 18 54 19 44 56 67 
40 1 12 34 9 56 67 
1 34 56 41 40 17 44 9 13 67 
17 40 15 20 57 1 39 44 48 50 67 
39 48 18 54 44 19 49 17 1 20 15 67 
34 57 38 17 1 40 39 48 62 12 23 13 67 
1 40 12 49 23 26 67 
17 25 32 34 44 5 38 13 69 
1 40 42 12 49 23 26 67 
40 17 42 53 44 19 52 1 38 20 39 9 67 
1 40 12 18 23 26 42 17 67 
1 40 34 12 18 23 56 67 
34 1 39 12 49 23 48 19 67 
54 1 12 49 23 46 67 
17 9 56 40 1 12 25 23 14 67 
44 56 40 1 17 19 52 12 48 51 57 41 67 
44 57 39 56 40 1 67 
48 17 1 20 12 49 23 62 56 34 67 
1 34 12 18 54 49 46 42 67 
17 9 56 13 52 1 12 34 54 67 
1 40 17 25 32 12 49 67 
17 34 42 1 32 40 12 18 57 14 67 
40 1 12 20 57 49 52 34 17 48 10 67 
34 1 49 57 38 48 17 67 
17 34 42 1 48 62 18 19 67 
40 1 12 49 34 20 67 
34 9 56 40 52 1 42 38 43 67 
17 34 15 53 44 45 24 18 1 48 67 
39 19 38 20 57 41 1 13 5 42 35 67 
34 57 38 17 1 40 48 20 12 62 56 23 67 
40 1 12 49 23 26 67 
34 57 32 5 38 17 69 
1 40 34 12 18 23 26 67 
48 17 42 53 44 19 52 1 38 20 57 41 67 
