32 18 45 48 5 13 69 
2 50 12 8 22 28 66 
46 14 1 12 48 47 23 26 67 
2 12 6 58 22 28 66 
46 41 17 1 12 47 48 23 67 
59 47 5 62 41 60 1 64 17 33 52 67 
2 50 3 12 22 28 66 
2 3 12 28 32 49 66 
2 12 41 50 28 23 66 
2 12 6 23 22 28 66 
35 14 48 1 59 47 12 23 26 67 
46 14 1 40 47 12 48 23 26 10 67 
46 41 17 49 15 59 47 1 12 33 18 67 
2 12 4 6 22 28 66 
33 46 60 1 56 55 12 67 
46 1 59 47 38 41 17 12 23 67 
46 41 17 1 59 47 12 38 23 10 67 
2 21 12 35 28 38 66 
46 17 1 40 47 41 53 12 38 23 10 67 
45 1 64 53 41 18 17 12 67 
2 12 4 62 22 28 66 
59 62 5 1 64 49 47 41 12 67 
2 12 3 21 22 28 66 
46 41 17 1 59 47 12 38 62 19 67 
59 40 5 62 35 14 48 1 12 23 26 67 
2 12 6 50 28 33 66 
46 41 17 49 47 1 59 67 
1 41 58 15 59 18 10 24 67 
59 5 1 64 49 44 45 62 47 67 
32 41 17 1 18 45 48 5 13 10 67 
2 12 3 6 22 28 66 
2 12 3 6 22 28 66 
2 12 3 6 22 28 66 
2 12 3 6 22 28 66 
2 12 3 6 22 28 66 
2 12 3 6 22 28 66 
2 12 3 6 22 28 66 
2 12 3 6 22 28 66 
2 12 3 6 22 28 66 
2 12 3 6 22 28 66 
2 12 3 6 22 28 66 
2 12 3 6 22 28 66 
2 12 3 6 22 28 66 
2 12 3 6 22 28 66 
2 12 3 6 22 28 66 
2 12 3 6 22 28 66 
2 12 3 6 22 28 66 
2 12 3 6 22 28 66 
2 3 6 12 22 28 66 
2 12 3 6 22 28 66 
2 12 3 6 22 28 66 
2 12 3 6 22 28 66 
2 12 3 6 22 28 66 
2 12 3 6 22 28 66 
2 12 3 6 22 28 66 
2 3 6 12 22 28 66 
2 12 3 6 22 28 66 
2 12 3 6 22 28 66 
2 12 3 6 22 28 66 
2 12 3 6 22 28 66 
2 12 3 6 22 28 66 
2 12 3 6 22 28 66 
2 12 3 6 22 28 66 
2 12 3 6 22 28 66 
2 12 3 6 22 28 66 
2 12 3 6 22 28 66 
2 12 3 6 22 28 66 
2 12 3 6 22 28 66 
2 12 3 6 22 28 66 
2 12 3 6 22 28 66 
2 12 3 6 22 28 66 
2 12 3 6 22 28 66 
2 3 6 12 22 28 66 
2 12 3 6 22 28 66 
2 12 3 6 22 28 66 
2 12 3 6 22 28 66 
2 12 3 6 22 28 66 
2 12 3 6 22 28 66 
2 12 3 6 22 28 66 
2 12 3 6 22 28 66 
2 12 3 6 22 28 66 
2 12 3 6 22 28 66 
2 3 12 6 22 28 66 
2 3 6 12 22 28 66 
2 12 3 6 22 28 66 
2 12 3 6 22 28 66 
2 12 3 6 22 28 66 
2 3 12 6 22 28 66 
2 12 3 6 22 28 66 
2 12 3 6 22 28 66 
2 12 3 6 22 28 66 
2 12 3 6 22 28 66 
2 12 3 6 22 28 66 
2 12 3 6 22 28 66 
2 12 3 6 22 28 66 
2 12 3 6 22 28 66 
2 12 3 6 22 28 66 
2 12 3 6 22 28 66 
2 12 3 6 22 28 66 
2 12 3 6 22 28 66 
