40 64 55 38 13 45 10 46 5 47 44 35 69 
40 57 1 44 12 23 26 67 
65 62 40 51 1 41 64 46 35 55 52 13 67 
41 57 1 51 12 23 64 67 
1 12 40 51 25 23 26 46 67 
41 57 1 40 39 51 12 23 67 
1 55 60 41 35 12 67 
1 32 12 51 64 31 44 57 55 41 40 25 67 
1 5 41 57 51 12 23 64 39 67 
1 41 40 57 12 46 51 67 
1 41 35 55 40 57 12 46 67 
57 51 64 1 41 12 34 23 39 25 67 
1 41 40 44 25 38 57 12 46 67 
8 51 64 18 41 1 55 60 35 12 67 
1 41 40 39 51 12 8 18 35 44 13 67 
40 51 1 32 14 25 67 
1 12 40 51 41 23 64 46 35 55 52 13 67 
14 44 8 33 1 5 35 67 
10 65 55 5 49 1 57 25 67 
1 5 35 55 39 64 38 13 45 67 
14 51 64 1 41 40 32 33 39 25 67 
1 51 64 32 31 44 57 55 41 40 25 67 
1 40 51 12 23 26 67 
1 40 44 12 23 26 67 
1 40 51 12 23 26 67 
1 40 44 12 23 26 67 
1 40 44 12 23 26 67 
1 40 44 12 23 26 67 
1 40 44 12 23 26 67 
1 40 44 12 23 26 67 
1 40 44 12 23 26 67 
1 40 51 12 23 26 67 
1 40 44 12 23 26 67 
1 40 44 12 23 26 67 
1 15 44 12 23 26 67 
1 40 51 12 23 26 67 
1 40 44 12 23 26 67 
1 40 44 12 23 26 67 
1 40 53 12 23 26 67 
1 40 51 12 23 26 67 
1 44 40 12 23 26 67 
1 40 44 12 23 26 67 
1 15 24 12 23 26 67 
1 15 40 12 23 26 67 
1 40 44 12 23 26 67 
1 40 51 12 23 26 67 
1 40 44 12 23 26 67 
1 40 44 12 23 26 67 
1 40 44 12 23 26 67 
1 44 40 12 23 26 67 
1 40 58 12 23 26 67 
1 15 40 12 23 26 67 
1 44 40 12 23 26 67 
1 40 44 12 23 26 67 
1 44 40 12 23 26 67 
1 40 51 12 23 26 67 
1 44 40 12 23 26 67 
1 53 40 12 23 26 67 
1 40 44 12 23 26 67 
1 40 44 12 23 26 67 
1 15 44 12 23 26 67 
1 44 40 12 23 26 67 
1 17 53 12 23 26 67 
1 44 53 12 23 26 67 
1 44 53 12 23 26 67 
1 40 51 12 23 26 67 
1 40 44 12 23 26 67 
1 40 44 12 23 26 67 
1 40 44 12 23 26 67 
1 40 44 12 23 26 67 
1 44 65 12 23 26 67 
1 40 44 12 23 26 67 
1 40 44 12 23 26 67 
1 40 51 12 23 26 67 
1 40 9 12 23 26 67 
1 40 62 12 23 26 67 
1 56 51 12 23 26 67 
1 53 40 12 23 26 67 
1 53 40 12 23 26 67 
1 40 44 12 23 26 67 
1 31 51 12 23 26 67 
1 24 44 12 23 26 67 
1 40 51 12 23 26 67 
1 40 51 12 23 26 67 
1 44 40 12 23 26 67 
1 40 44 12 23 26 67 
1 44 40 12 23 26 67 
1 40 44 12 23 26 67 
1 40 44 12 23 26 67 
1 40 44 12 23 26 67 
1 40 33 12 23 26 67 
1 40 44 12 23 26 67 
1 15 44 12 23 26 67 
1 53 40 12 23 26 67 
1 40 44 12 23 26 67 
1 40 51 12 23 26 67 
1 40 44 12 23 26 67 
1 40 44 12 23 26 67 
1 15 24 12 23 26 67 
40 1 55 12 31 23 67 
