48 15 53 62 10 33 70 
10 1 12 33 18 23 26 67 
10 1 12 23 33 18 26 67 
43 15 5 56 55 53 44 70 
10 50 5 1 38 46 19 40 58 33 65 67 
10 1 65 12 33 18 23 26 67 
10 1 12 33 65 23 67 
65 1 41 15 56 55 46 17 24 13 33 67 
1 51 14 12 33 47 23 26 67 
52 1 12 56 53 35 23 67 
10 1 50 15 56 14 51 49 44 39 12 67 
55 39 1 19 44 52 67 
10 1 12 33 18 65 23 67 
5 1 12 17 15 14 67 
1 51 40 44 39 12 52 23 67 
10 1 65 33 12 56 15 23 67 
1 5 56 55 12 44 10 23 60 65 67 
13 1 12 14 52 23 67 
39 1 50 12 64 5 49 56 55 44 14 67 
10 1 44 5 56 55 67 
10 1 65 12 38 44 33 15 23 67 
18 1 12 13 14 19 58 23 64 67 
1 65 17 24 56 12 50 67 
10 1 65 12 33 50 15 67 
10 1 12 17 15 14 67 
13 5 56 1 12 14 52 23 15 44 67 
1 65 55 39 12 33 19 44 67 
18 1 40 44 12 13 14 33 67 
10 1 50 38 46 12 43 65 15 67 
1 5 50 53 38 44 56 55 12 67 
54 1 56 5 50 12 51 40 44 39 67 
39 5 54 31 18 56 1 50 12 41 67 
52 1 25 56 10 33 65 67 
48 1 5 56 25 41 40 67 
10 1 18 15 53 49 50 56 67 
10 1 18 65 55 39 19 5 67 
48 5 56 1 25 41 40 53 14 67 
48 1 25 41 40 44 39 52 17 67 
1 5 56 55 10 65 18 15 53 45 67 
1 5 56 55 54 48 15 53 25 14 67 
14 1 12 33 18 23 26 67 
43 15 53 44 39 62 10 33 70 
10 50 5 1 38 46 19 40 58 33 65 67 
10 1 65 12 33 15 23 26 67 
1 51 12 23 53 33 10 67 
10 1 65 12 33 18 23 49 67 
13 1 12 14 52 23 67 
10 1 50 15 56 55 14 12 39 13 33 67 
10 1 60 17 15 14 67 
48 1 12 41 10 65 33 18 23 67 
10 1 12 33 18 50 15 67 
1 31 12 18 39 10 67 
1 5 56 55 10 65 12 33 18 23 67 
10 15 53 1 50 12 33 18 67 
10 1 17 15 14 33 56 55 12 67 
1 5 56 55 12 44 10 62 33 65 67 
48 1 5 56 25 41 40 67 
10 1 18 15 53 49 14 58 67 
1 31 50 53 40 10 5 46 44 67 
55 14 5 1 39 19 44 52 33 65 67 
48 58 53 24 50 35 70 
10 1 65 12 33 23 26 67 
54 1 18 15 53 25 14 58 32 56 5 67 
10 1 65 12 33 18 23 26 67 
18 1 12 23 53 35 41 67 
1 51 40 44 45 12 52 23 67 
10 1 12 33 65 23 67 
39 1 50 12 41 5 49 56 55 44 14 67 
10 1 5 33 50 46 67 
18 1 12 13 14 33 58 23 64 67 
18 1 12 56 53 35 41 67 
10 1 12 33 65 15 67 
1 5 56 55 10 65 12 33 18 23 67 
47 1 41 5 12 56 33 65 67 
10 1 12 62 33 65 17 54 31 67 
1 5 56 55 12 39 19 44 52 65 67 
1 65 55 39 19 5 56 67 
52 15 53 44 39 62 1 50 67 
1 31 50 53 40 10 15 42 47 67 
10 14 5 1 18 58 32 55 33 65 67 
24 50 53 35 10 31 70 
14 1 12 33 62 23 26 67 
10 50 5 1 15 55 39 13 56 33 65 67 
10 1 50 12 33 18 23 26 67 
1 51 12 33 10 65 23 67 
10 1 65 5 12 33 18 23 67 
10 1 12 33 65 23 67 
10 1 50 12 41 5 49 56 55 44 14 67 
10 1 39 33 50 15 67 
18 1 12 41 33 58 23 64 56 67 
38 1 5 56 55 12 13 67 
62 1 12 33 65 17 67 
1 5 56 55 12 44 10 23 60 65 67 
51 46 32 14 15 1 12 18 67 
10 1 12 41 14 33 5 54 31 67 
54 1 56 5 50 12 51 40 44 39 67 
1 65 55 39 19 44 52 67 
10 1 5 50 51 46 18 24 67 
1 5 50 38 46 19 40 10 58 67 
1 31 40 10 15 14 18 58 32 55 67 
