13 47 20 34 53 39 25 62 41 9 70 
5 38 8 47 1 12 34 23 67 
13 47 53 44 1 9 20 43 62 41 60 67 
45 15 38 59 1 12 33 23 26 67 
45 8 38 10 17 59 1 12 23 26 67 
13 1 12 64 42 55 20 34 17 38 24 67 
65 33 60 8 1 12 24 20 67 
5 35 8 44 1 9 59 12 33 23 60 67 
65 38 60 59 52 46 1 12 23 67 
47 60 8 44 1 12 65 46 23 52 67 
65 38 60 59 52 46 8 1 12 67 
47 60 8 44 1 12 34 20 62 41 67 
45 35 8 44 1 9 38 59 12 23 26 67 
59 38 60 8 1 24 47 20 67 
65 38 13 20 14 53 17 47 1 67 
45 8 38 59 1 12 23 26 67 
45 8 38 59 1 12 23 26 67 
45 8 38 59 1 12 23 26 67 
45 8 38 59 1 12 23 26 67 
45 8 38 59 1 12 23 26 67 
45 49 38 59 1 12 23 26 67 
45 8 38 59 1 12 23 26 67 
45 8 9 59 1 12 23 26 67 
45 49 24 59 1 12 23 26 67 
45 8 38 59 1 12 23 26 67 
45 8 50 59 1 12 23 26 67 
45 49 38 59 1 12 23 26 67 
45 8 50 59 1 12 23 26 67 
45 8 9 59 1 12 23 26 67 
45 8 9 59 1 12 23 26 67 
45 8 38 59 1 12 23 26 67 
45 8 38 59 1 12 23 26 67 
45 9 8 59 1 12 23 26 67 
45 49 24 59 1 12 23 26 67 
45 59 8 38 1 12 23 26 67 
45 8 38 59 1 12 23 26 67 
45 8 38 59 1 12 23 26 67 
45 8 50 59 1 12 23 26 67 
45 8 50 59 1 12 23 26 67 
45 59 8 38 1 12 23 26 67 
45 9 8 59 1 12 23 26 67 
45 8 38 59 1 12 23 26 67 
45 59 8 1 38 12 23 26 67 
45 8 38 59 1 12 23 26 67 
45 8 55 59 1 12 23 26 67 
45 8 38 59 1 12 23 26 67 
45 8 38 59 1 12 23 26 67 
45 8 38 59 1 12 23 26 67 
45 8 38 59 1 12 23 26 67 
45 8 38 59 1 12 23 26 67 
45 8 59 1 38 12 23 26 67 
45 8 38 59 1 12 23 26 67 
45 8 59 1 38 12 23 26 67 
45 8 9 59 1 12 23 26 67 
45 8 38 59 1 12 23 26 67 
45 32 38 59 1 12 23 26 67 
45 8 9 59 1 12 23 26 67 
45 49 38 59 1 12 23 26 67 
45 8 38 59 1 12 23 26 67 
45 8 38 59 1 12 23 26 67 
45 32 59 1 38 12 23 26 67 
45 8 34 59 1 12 23 26 67 
45 8 65 1 38 12 23 26 67 
45 38 8 59 1 12 23 26 67 
45 8 59 1 38 12 23 26 67 
45 8 38 59 1 12 23 26 67 
45 38 8 59 1 12 23 26 67 
45 8 38 59 1 12 23 26 67 
45 59 8 38 1 12 23 26 67 
45 41 8 59 1 12 23 26 67 
45 8 38 59 1 12 23 26 67 
45 8 38 59 1 12 23 26 67 
45 8 24 1 38 12 23 26 67 
45 8 38 59 1 12 23 26 67 
45 49 38 59 1 12 23 26 67 
45 8 38 59 1 12 23 26 67 
10 41 8 59 1 12 23 26 67 
45 38 8 57 1 12 23 26 67 
45 38 8 59 1 12 23 26 67 
45 8 38 53 1 12 23 26 67 
45 8 38 59 1 12 23 26 67 
45 8 38 59 1 12 23 26 67 
45 8 38 59 1 12 23 26 67 
45 8 38 59 1 12 23 26 67 
45 8 59 38 1 12 23 26 67 
45 8 9 59 1 12 23 26 67 
45 8 38 59 1 12 23 26 67 
45 38 8 59 1 12 23 26 67 
45 8 9 59 1 12 23 26 67 
45 62 38 59 1 12 23 26 67 
31 8 38 59 1 12 23 26 67 
45 8 38 59 1 12 23 26 67 
45 8 59 1 38 12 23 26 67 
45 8 38 59 1 12 23 26 67 
45 8 38 59 1 12 23 26 67 
45 8 38 59 1 12 23 26 67 
45 8 15 59 1 12 23 26 67 
45 8 59 38 1 12 23 26 67 
45 8 38 59 1 12 23 26 67 
47 62 43 10 17 59 1 9 50 44 67 
