3 2 6 12 23 28 66 
64 2 12 18 6 28 66 
1 45 13 50 62 39 59 51 17 44 67 
17 40 1 56 43 31 64 52 13 65 24 67 
64 2 6 12 13 28 66 
45 2 12 6 52 28 66 
64 2 6 12 23 28 66 
64 2 6 12 23 28 66 
64 2 6 12 23 28 66 
64 2 6 12 23 28 66 
45 2 12 6 52 28 66 
1 38 50 62 39 59 51 17 44 67 
3 2 12 6 52 28 66 
64 13 1 59 17 12 35 23 26 67 
3 2 6 12 52 28 66 
17 13 1 42 12 35 64 23 26 67 
3 2 6 12 52 28 66 
3 2 12 43 6 28 66 
1 12 35 42 17 25 23 26 67 
17 1 35 9 12 49 64 23 26 67 
17 1 12 42 35 64 23 26 67 
17 43 1 12 35 64 23 26 67 
1 17 9 12 35 64 23 26 67 
17 13 1 42 12 35 64 23 26 67 
17 1 12 35 64 23 26 67 
17 1 12 35 64 23 26 67 
17 1 12 35 64 23 26 67 
17 1 12 35 64 23 26 67 
38 43 54 1 12 35 58 23 67 
38 43 1 45 25 57 12 23 67 
38 43 54 1 12 35 58 23 67 
17 1 12 35 64 23 45 67 
43 1 12 35 64 23 13 67 
1 38 43 57 12 45 25 23 5 67 
17 1 12 42 65 24 35 64 23 67 
1 38 43 57 12 51 55 23 31 67 
56 1 12 49 13 45 23 67 
17 1 12 35 64 23 47 67 
38 43 1 45 25 57 12 23 67 
1 49 31 57 12 47 13 32 44 23 67 
1 43 17 12 35 64 13 51 44 23 67 
13 1 41 65 12 51 43 31 64 20 17 23 67 
45 13 1 59 65 51 57 12 23 67 
57 49 1 34 65 12 13 31 32 64 23 18 67 
64 13 1 42 12 49 31 39 38 67 
52 13 31 65 24 1 12 32 67 
52 5 17 47 24 1 12 62 67 
17 34 1 42 65 51 12 46 25 67 
1 45 13 57 12 23 31 32 51 14 17 67 
1 43 31 57 12 47 13 32 44 23 67 
1 45 13 57 12 23 31 32 51 14 17 67 
1 38 5 65 43 57 12 49 67 
17 1 53 9 12 49 14 40 13 67 
32 17 5 65 24 1 64 62 67 
17 40 1 56 43 31 12 35 64 41 52 67 
38 43 51 65 64 1 14 17 67 
1 45 13 57 12 23 31 32 51 14 17 67 
1 64 13 14 17 44 51 12 35 45 52 67 
45 13 52 5 17 1 64 43 67 
17 34 1 65 64 12 35 41 52 14 46 25 67 
1 62 13 31 39 38 43 59 51 58 14 12 67 
1 45 13 57 12 23 31 32 51 14 17 67 
1 13 56 17 38 43 12 49 31 32 48 60 67 
57 13 1 42 12 49 31 32 44 67 
45 13 51 65 24 1 14 17 67 
17 40 1 56 43 31 64 20 59 12 5 67 
17 40 1 56 43 31 64 39 48 20 59 12 67 
43 13 1 34 65 12 51 17 31 64 23 18 67 
1 38 43 56 12 49 13 31 32 48 67 
17 42 5 65 24 1 12 35 67 
17 1 53 52 12 49 13 31 32 5 67 
1 64 17 12 35 13 51 45 52 57 67 
17 40 1 56 43 31 64 20 59 12 5 67 
1 43 31 57 12 5 13 32 44 23 67 
1 38 43 51 14 17 59 40 64 67 
1 38 43 57 12 49 13 31 32 48 67 
57 1 12 49 13 31 32 67 
17 1 12 35 64 13 51 67 
17 34 1 65 64 9 42 39 51 14 46 25 67 
43 13 1 34 65 12 51 17 31 64 23 18 67 
1 62 13 31 39 38 43 51 14 17 64 67 
45 34 1 42 65 51 14 13 17 67 
1 57 13 31 32 58 56 10 46 51 39 67 
57 1 12 49 13 31 32 67 
57 1 12 49 13 31 32 67 
1 64 13 51 14 17 52 56 31 32 67 
52 5 17 1 64 24 62 9 48 65 51 14 67 
1 45 13 51 14 17 52 5 24 62 67 
1 43 31 57 13 32 44 67 
1 57 13 31 32 58 56 10 46 18 24 67 
1 64 13 39 55 44 51 14 17 52 5 24 67 
1 64 13 51 14 17 52 5 24 62 67 
17 1 60 41 34 42 39 67 
17 1 40 43 31 64 20 67 
50 62 39 59 51 17 44 69 
17 1 52 5 24 62 9 67 
50 62 39 24 46 33 13 69 
17 34 1 42 65 51 14 46 25 67 
50 62 39 59 51 17 44 69 
50 62 39 17 44 59 5 14 70 
