14 10 19 56 25 40 70 
1 41 12 45 23 26 67 
1 41 12 45 23 26 67 
14 40 60 10 19 56 70 
45 46 1 41 14 55 64 40 49 44 65 67 
1 46 12 55 23 39 51 26 67 
46 1 60 12 24 23 67 
1 13 45 62 12 23 26 67 
1 13 41 12 45 23 26 67 
45 46 1 41 14 55 64 40 48 44 65 67 
1 46 12 55 23 39 51 26 67 
1 17 12 59 39 31 23 67 
45 46 1 41 14 55 64 51 12 10 56 67 
59 1 50 33 41 58 67 
46 1 12 55 23 50 33 67 
1 41 12 17 59 19 67 
1 46 12 55 23 39 51 49 67 
1 13 12 45 57 41 62 23 67 
59 1 39 12 31 23 53 32 10 58 67 
1 41 12 45 62 23 67 
1 44 13 45 19 56 59 39 25 12 46 67 
45 46 1 42 20 41 67 
46 32 1 41 12 45 62 23 39 67 
1 44 13 12 41 62 20 38 23 67 
1 46 12 45 39 41 44 67 
1 34 12 59 39 41 45 67 
59 1 60 12 15 33 67 
48 1 64 41 18 60 12 55 23 15 67 
1 48 45 55 51 12 59 62 67 
1 46 12 45 57 41 14 55 67 
1 13 12 60 41 62 50 24 46 67 
1 44 13 12 41 62 20 38 43 67 
1 44 13 45 12 41 46 65 10 59 67 
59 39 1 41 46 12 13 32 10 58 67 
1 13 40 59 39 41 45 67 
58 46 57 10 1 41 14 67 
1 46 59 50 33 45 51 55 67 
1 46 59 50 33 45 51 55 67 
46 1 13 45 35 39 41 14 55 67 
13 14 25 1 44 35 45 18 59 67 
48 1 64 58 46 57 10 41 14 15 67 
1 44 13 41 46 45 65 10 59 25 67 
14 10 19 56 25 40 70 
1 41 12 65 23 26 67 
1 41 45 62 12 23 26 67 
45 46 1 41 14 55 40 48 44 65 19 67 
41 55 56 1 12 45 23 26 67 
1 44 12 55 23 13 45 67 
59 55 1 46 12 39 31 23 67 
46 1 60 12 24 23 67 
45 46 1 41 14 55 64 51 12 10 56 67 
46 1 50 33 41 19 67 
1 44 13 45 12 59 62 39 23 67 
1 13 12 59 39 10 44 67 
41 1 56 12 46 13 67 
48 1 64 41 46 12 55 23 39 58 67 
1 46 12 45 57 10 41 19 67 
1 13 41 12 60 50 24 46 25 67 
1 55 48 45 12 46 60 39 14 59 67 
1 46 57 10 41 19 31 67 
1 46 41 62 19 14 44 55 67 
1 44 13 45 35 39 59 25 46 67 
48 1 64 41 46 45 56 25 57 15 67 
14 10 64 46 45 19 8 33 56 25 70 
1 41 12 45 23 26 67 
1 41 12 55 23 45 26 67 
45 46 1 41 14 55 48 40 44 65 19 67 
1 13 41 12 57 23 26 60 67 
1 17 12 59 39 8 23 67 
1 12 41 62 44 20 38 23 67 
1 46 12 59 23 45 67 
45 46 1 41 14 55 64 51 12 10 56 67 
59 1 50 33 45 46 67 
1 13 41 12 44 35 45 23 60 67 
1 13 45 62 12 41 55 67 
44 1 60 13 20 12 67 
53 1 39 46 12 55 23 51 49 58 67 
1 44 45 62 17 12 46 41 67 
1 44 13 45 12 39 59 25 46 67 
1 10 5 46 45 19 44 62 17 12 67 
1 46 57 10 41 19 31 67 
48 1 31 55 51 64 41 46 67 
1 44 13 45 65 39 59 25 46 67 
60 39 1 41 34 14 55 25 57 5 67 
14 10 13 45 19 56 25 40 59 39 55 70 
1 41 12 45 23 26 67 
62 1 40 12 45 23 26 67 
55 1 64 10 56 46 41 14 40 8 33 67 
1 46 12 55 23 14 26 10 67 
1 46 13 45 62 12 23 67 
41 55 1 46 12 23 14 39 67 
62 1 60 12 55 23 67 
45 46 1 41 14 55 64 51 12 59 32 67 
48 46 1 44 20 41 67 
1 44 13 45 12 39 55 46 23 67 
1 12 59 14 10 41 47 67 
1 41 12 44 20 45 67 
45 46 1 62 60 12 55 23 65 19 67 
1 44 45 62 17 12 55 39 67 
46 32 25 1 44 12 54 51 39 67 
