32 42 13 40 65 25 70 
32 1 47 12 23 26 67 
32 1 33 12 23 26 67 
56 17 13 40 65 47 70 
65 17 1 34 39 52 57 56 32 47 40 25 67 
38 49 32 1 47 12 23 26 67 
5 1 47 12 23 52 67 
32 47 1 25 12 23 26 67 
32 47 1 18 12 23 26 67 
56 17 51 33 1 25 41 38 57 53 24 40 67 
62 20 56 1 47 12 23 26 67 
64 1 42 17 48 12 23 67 
56 47 1 25 20 12 23 67 
65 33 56 1 42 52 67 
45 17 1 41 38 32 47 51 12 13 42 40 67 
41 20 1 42 5 12 23 55 67 
32 47 15 1 53 25 12 23 67 
45 1 47 12 17 51 67 
56 17 1 25 42 33 52 12 23 49 67 
51 1 47 12 23 5 67 
64 20 1 42 41 32 47 12 23 67 
56 17 1 32 12 23 41 34 58 67 
65 17 1 34 39 45 41 38 32 47 12 57 67 
56 17 1 25 33 51 42 60 52 12 23 49 67 
52 53 1 20 12 64 62 67 
47 42 13 40 65 1 67 
56 17 1 25 42 33 52 12 23 46 67 
38 49 32 1 47 12 64 42 67 
32 43 40 1 53 25 12 54 67 
32 20 1 8 42 53 33 12 14 67 
64 20 1 42 41 53 33 12 38 67 
50 1 12 17 48 34 20 67 
56 17 32 43 18 1 53 25 12 54 67 
47 17 60 1 64 53 25 12 5 49 67 
64 17 43 32 47 60 1 53 25 12 5 67 
47 42 1 32 13 40 44 52 20 12 53 67 
20 5 1 17 42 47 41 67 
56 17 1 25 20 32 42 67 
42 49 32 1 5 13 40 65 67 
47 49 32 1 5 52 33 40 67 
56 17 1 32 53 9 41 34 58 67 
57 20 1 12 64 62 67 
45 5 1 42 17 64 13 40 20 67 
59 1 50 34 17 51 42 14 25 33 67 
47 1 50 34 58 42 64 17 60 53 67 
41 20 1 32 13 40 44 42 47 45 5 67 
64 17 43 32 1 56 25 42 47 65 52 67 
65 17 1 64 43 39 60 47 12 23 40 32 67 
32 42 13 40 65 25 70 
32 1 47 12 23 26 67 
32 47 1 25 12 23 26 67 
65 17 40 32 1 25 41 38 33 56 42 35 67 
62 20 49 1 47 12 23 26 67 
56 1 12 23 48 34 25 67 
41 20 42 1 47 12 5 23 67 
20 1 47 12 23 56 67 
20 5 1 42 41 12 23 55 38 67 
45 17 1 41 38 32 47 12 57 13 42 40 67 
8 1 47 56 32 49 67 
41 20 43 1 42 5 12 23 55 57 67 
32 43 40 1 53 25 12 54 67 
45 17 1 51 41 38 32 47 12 67 
49 1 12 17 48 34 56 67 
32 1 50 34 58 42 64 17 48 12 67 
32 20 43 49 42 13 47 1 5 57 12 67 
51 1 5 13 64 32 42 67 
49 17 64 33 1 56 25 43 67 
57 20 1 12 64 62 67 
32 20 1 51 42 14 34 33 43 67 
56 17 51 32 42 33 1 25 5 38 67 
47 17 1 41 25 5 52 20 32 40 42 67 
56 17 1 25 33 51 42 60 52 12 23 49 67 
53 1 47 12 23 26 67 
45 17 64 13 42 40 20 15 70 
32 47 1 25 12 23 26 67 
56 17 51 32 1 25 41 38 57 53 24 40 67 
62 20 49 1 47 12 23 26 67 
56 1 12 23 48 34 25 67 
41 20 42 1 47 12 5 23 67 
20 1 47 12 23 56 67 
51 1 32 42 12 23 13 48 39 67 
45 17 1 41 38 32 47 12 25 13 42 40 67 
8 1 47 56 17 25 67 
8 17 20 5 42 54 1 12 23 65 67 
38 49 32 1 47 18 53 12 67 
56 17 1 32 12 9 41 34 58 67 
32 53 1 25 12 5 49 67 
65 17 40 32 1 25 52 12 41 38 67 
65 17 47 60 1 64 53 25 12 5 33 67 
1 47 5 52 20 32 40 67 
20 43 40 1 47 49 32 42 67 
32 20 1 12 62 25 67 
56 17 1 51 42 14 25 33 52 67 
64 17 56 25 42 32 1 47 40 65 67 
65 17 40 32 1 42 13 25 33 56 52 67 
64 42 1 32 13 40 65 25 12 23 20 53 67 
45 13 42 40 20 15 65 25 54 70 
32 1 47 12 23 26 67 
32 47 1 25 12 23 26 67 
65 17 40 32 1 25 41 38 33 56 42 52 67 
