55 18 9 13 41 59 69 
65 52 1 12 23 26 67 
65 52 1 12 23 26 67 
62 18 58 5 33 9 19 69 
17 56 40 18 9 43 31 19 39 65 52 1 67 
1 9 58 59 52 12 23 26 67 
65 52 32 1 12 23 67 
65 59 1 52 12 23 26 67 
1 35 65 52 12 23 26 67 
49 56 40 18 9 43 31 19 39 65 52 1 67 
1 9 58 59 57 12 23 26 67 
49 52 1 31 12 14 23 67 
1 35 65 52 12 23 17 67 
55 38 9 13 53 1 67 
49 50 64 52 1 31 12 9 58 59 57 32 67 
1 38 65 24 31 12 42 23 67 
65 59 1 52 19 64 12 23 67 
64 56 1 12 65 59 67 
38 9 43 46 1 52 12 23 31 53 67 
65 52 32 1 12 23 67 
48 52 31 58 1 12 23 59 10 67 
49 42 1 59 50 58 31 12 23 67 
49 17 64 52 1 12 9 60 58 59 57 32 67 
38 19 40 18 9 43 46 1 52 12 23 31 67 
49 50 1 31 12 64 52 67 
49 31 32 1 47 65 67 
52 38 41 46 45 56 65 1 12 23 67 
55 35 1 59 57 31 12 9 67 
65 52 56 59 1 12 19 64 67 
38 65 24 46 59 5 1 31 12 67 
59 18 31 58 1 12 9 14 24 67 
55 35 1 31 12 9 13 67 
38 47 65 1 9 54 24 52 12 56 67 
49 1 31 19 20 65 47 12 56 18 67 
38 41 31 9 65 52 58 59 1 12 19 67 
38 41 31 9 43 52 1 20 65 12 39 67 
34 1 65 52 54 19 64 67 
34 52 1 60 18 54 19 67 
1 9 58 38 52 18 31 54 67 
1 9 59 18 31 54 24 52 67 
39 56 31 58 1 54 50 64 52 67 
34 52 1 12 8 65 67 
59 38 41 19 64 9 5 1 57 67 
58 59 31 42 13 1 55 9 43 33 67 
50 38 41 46 45 55 65 9 1 10 67 
38 41 31 9 65 52 56 59 1 58 19 67 
59 19 64 52 1 9 5 38 58 57 32 67 
39 50 64 52 59 10 31 1 12 19 57 23 67 
57 18 58 5 33 9 59 69 
65 59 1 12 23 26 67 
49 52 65 1 12 23 26 67 
55 50 64 38 10 31 1 9 13 40 65 58 67 
1 9 58 59 57 12 23 26 67 
59 1 65 52 12 23 58 67 
57 52 1 60 12 23 54 19 67 
65 52 32 1 12 23 67 
38 24 43 46 59 5 1 12 23 67 
49 17 64 52 1 31 12 9 58 59 57 32 67 
59 18 9 13 41 1 67 
58 52 31 9 43 1 12 65 23 39 67 
1 9 58 59 52 12 19 64 67 
49 31 1 47 65 12 56 18 19 67 
52 32 1 47 12 65 46 67 
59 18 31 1 9 14 24 52 12 51 67 
49 50 64 52 1 31 9 20 65 12 58 67 
65 59 49 50 64 52 1 67 
38 19 64 59 58 1 40 52 67 
65 59 1 12 42 35 67 
64 56 31 58 1 54 9 60 59 67 
59 18 31 1 9 54 24 52 45 51 67 
65 9 56 5 1 55 52 38 42 31 51 67 
57 19 64 9 5 1 41 65 12 23 53 46 67 
65 52 1 12 23 26 67 
56 18 9 59 19 64 69 
59 1 65 52 12 23 26 67 
59 19 64 9 5 1 38 57 8 55 43 46 67 
65 52 56 59 1 12 23 26 67 
49 52 1 31 12 65 23 67 
1 9 58 14 34 52 12 23 67 
58 52 1 12 65 23 67 
1 58 59 57 12 9 5 23 60 67 
49 50 64 52 1 31 12 9 58 59 57 32 67 
34 52 1 54 19 64 67 
1 38 57 52 65 12 23 9 53 5 67 
38 52 1 47 12 33 19 65 67 
52 38 1 47 65 12 56 18 31 67 
57 52 1 60 31 12 55 67 
49 31 9 46 1 52 12 58 65 56 67 
49 56 31 19 20 65 52 1 9 58 12 67 
59 1 65 60 18 54 24 67 
65 9 56 59 19 64 5 1 67 
52 32 1 12 65 46 67 
19 64 9 38 59 5 1 57 8 67 
59 9 43 46 18 54 24 1 52 53 67 
54 41 31 9 43 19 44 5 1 52 20 67 
49 50 64 52 1 58 59 57 12 9 5 23 67 
34 52 1 12 23 26 67 
38 19 64 59 40 18 9 49 69 
52 32 65 1 12 23 26 67 
54 19 64 9 5 58 42 1 38 59 52 40 67 
