35 41 45 58 51 46 69 
42 2 22 3 6 28 66 
42 2 22 3 6 28 66 
35 41 45 58 51 46 69 
1 17 20 31 35 24 50 51 52 19 48 45 67 
42 2 22 30 12 28 66 
1 62 32 53 12 23 26 67 
42 2 22 3 12 28 66 
42 2 22 3 12 28 66 
1 17 45 8 12 42 23 26 67 
1 17 42 12 48 23 67 
1 45 41 40 47 64 67 
1 62 20 31 35 56 45 17 12 42 32 51 67 
1 62 45 17 12 42 23 67 
1 62 32 53 12 23 20 67 
1 62 32 53 12 23 26 67 
1 17 62 32 53 12 23 26 67 
1 31 41 8 12 54 48 23 67 
1 31 41 8 12 54 48 23 67 
1 62 20 31 35 41 52 59 50 58 45 51 67 
1 62 42 12 48 31 67 
35 1 41 52 12 62 42 23 50 13 67 
1 17 12 48 23 50 42 41 57 67 
1 17 12 48 23 50 42 39 45 67 
1 17 42 12 48 23 67 
1 45 12 54 48 23 50 10 52 32 41 20 67 
1 62 45 17 12 14 8 67 
35 59 41 1 8 12 54 48 67 
1 60 55 31 35 41 54 48 12 45 58 51 67 
1 17 62 18 24 12 48 47 67 
1 52 12 48 39 54 40 41 57 67 
1 52 12 48 39 62 42 23 9 40 67 
1 52 12 48 65 54 40 41 57 67 
1 45 41 40 47 20 67 
45 51 1 41 50 8 12 40 56 62 67 
1 62 25 45 12 54 35 41 52 48 67 
1 62 20 31 12 45 35 67 
1 47 20 45 41 50 12 40 8 64 18 67 
1 60 55 35 41 12 62 52 45 58 51 67 
35 1 41 12 62 52 67 
1 17 54 48 47 20 45 67 
1 17 54 48 47 20 45 67 
35 59 41 1 8 62 45 17 67 
35 59 41 1 47 10 45 50 67 
1 62 20 31 35 56 45 17 12 42 23 51 67 
47 51 1 41 50 32 39 20 31 67 
47 51 1 41 50 32 54 48 43 67 
62 1 41 52 59 50 31 51 32 35 67 
35 51 1 34 42 19 41 45 56 62 67 
1 60 55 35 41 17 62 52 45 58 51 67 
35 51 20 17 9 62 49 8 59 1 45 67 
42 2 22 3 6 28 66 
35 41 45 58 62 25 69 
42 2 22 3 12 28 66 
1 62 45 17 12 42 23 67 
1 62 55 53 12 23 26 67 
1 17 62 55 60 12 23 26 67 
1 17 14 8 24 12 48 23 67 
1 62 20 31 35 41 52 59 34 17 58 51 67 
1 47 12 48 23 50 42 41 20 67 
1 17 42 12 48 23 67 
1 62 20 31 35 41 52 12 34 17 58 51 67 
1 17 62 18 41 45 56 12 67 
1 52 39 40 54 48 12 23 41 57 67 
45 51 1 41 50 32 53 12 54 67 
35 41 45 58 1 17 67 
1 62 25 45 12 54 35 41 52 59 67 
1 60 54 48 12 45 20 67 
1 19 45 31 17 20 35 25 49 52 12 67 
1 31 41 12 62 8 67 
1 35 45 32 53 51 17 67 
35 59 41 1 47 20 45 17 67 
1 45 12 54 48 23 50 10 52 32 41 20 67 
47 51 1 41 50 32 54 48 43 67 
35 1 41 52 59 50 31 58 45 51 67 
1 62 20 31 45 41 40 65 64 58 51 67 
42 2 22 3 6 28 66 
35 62 25 58 41 45 51 46 19 17 69 
42 2 22 3 12 28 66 
1 17 54 48 12 40 23 67 
1 62 32 53 12 23 26 67 
1 17 45 8 12 42 23 26 67 
1 17 14 8 24 12 48 23 67 
1 62 20 31 35 41 52 59 50 58 45 51 67 
1 52 12 48 23 50 42 39 62 67 
1 17 42 12 48 23 67 
1 52 12 31 35 24 50 51 48 39 49 54 67 
1 31 41 8 12 54 48 62 67 
1 62 25 45 12 54 48 23 50 10 67 
1 52 12 48 39 54 40 41 57 67 
1 45 41 47 20 50 67 
62 42 1 41 12 5 45 51 49 13 67 
1 47 54 48 12 40 33 67 
1 47 20 45 41 50 12 40 8 64 18 67 
1 62 42 12 5 45 67 
1 19 45 17 20 35 25 67 
1 17 62 32 41 45 31 58 67 
35 1 41 52 12 62 50 10 42 23 13 20 67 
62 51 1 41 50 32 53 17 56 67 
62 32 1 41 50 8 18 31 52 13 67 
