65 39 14 8 46 53 34 70 
33 1 22 12 26 23 67 
33 1 22 12 26 23 67 
52 32 48 53 41 39 64 70 
9 35 47 1 20 39 49 40 46 58 65 14 67 
33 1 17 12 26 23 67 
65 39 19 1 12 15 23 26 67 
13 1 12 39 19 23 67 
52 32 39 1 12 23 26 67 
33 1 17 12 26 23 67 
1 48 53 55 10 8 67 
48 14 1 53 55 50 9 19 12 31 39 20 67 
58 34 35 1 12 14 23 67 
52 32 39 1 12 23 26 67 
65 39 19 1 12 15 23 26 67 
65 39 19 62 1 12 23 67 
34 14 1 48 39 65 53 19 54 64 35 42 67 
48 39 35 1 12 40 17 23 67 
48 39 18 1 12 14 56 23 67 
1 48 12 39 65 14 67 
64 54 1 35 41 12 50 14 44 23 67 
18 1 12 14 56 23 67 
48 39 35 1 12 23 53 65 20 67 
52 32 47 1 48 39 12 23 64 67 
34 14 1 20 25 58 65 60 12 41 23 42 67 
64 39 46 54 1 41 12 67 
34 14 1 20 25 58 49 40 17 12 50 32 67 
9 62 14 1 12 40 17 59 67 
34 14 39 1 47 48 12 51 67 
1 48 53 55 10 8 67 
48 14 9 31 1 19 39 35 12 23 67 
31 64 34 1 19 35 41 12 25 67 
64 54 1 35 12 39 46 55 41 67 
48 14 9 31 1 19 12 25 32 20 67 
48 39 35 1 12 14 40 67 
48 39 9 64 54 35 1 12 46 58 67 
14 56 1 17 32 34 12 31 65 51 52 67 
48 56 1 17 39 35 12 40 65 51 52 67 
64 54 39 1 65 19 48 67 
1 48 12 39 52 32 67 
34 14 20 43 24 55 1 67 
48 39 35 34 14 1 20 25 67 
65 39 19 1 48 14 56 17 67 
48 53 34 1 41 65 39 14 8 67 
34 35 47 1 20 39 46 58 65 67 
14 47 48 39 34 1 53 65 19 58 67 
39 35 1 48 56 14 34 12 23 53 50 20 67 
65 14 1 20 41 19 39 25 5 35 67 
48 56 14 62 34 1 19 20 25 58 65 67 
9 1 14 25 35 39 46 58 49 40 17 67 
8 1 22 12 26 23 67 
65 19 41 39 64 35 70 
45 1 40 12 26 23 67 
52 32 39 1 12 23 26 67 
52 32 39 1 12 40 23 26 67 
52 32 39 1 12 23 64 67 
48 59 1 53 55 10 8 34 19 20 25 58 67 
48 39 20 1 52 32 12 23 67 
48 1 12 14 56 23 67 
34 14 47 1 48 12 19 23 39 67 
60 35 1 39 46 58 49 40 17 12 50 14 67 
48 39 35 1 52 32 12 65 67 
52 32 19 15 39 1 67 
64 54 1 35 41 12 50 14 44 23 67 
64 54 35 1 12 39 46 58 65 67 
9 39 13 62 1 12 48 67 
48 14 35 9 1 19 12 31 39 20 67 
48 1 14 59 39 35 12 40 17 55 25 67 
1 48 12 39 35 40 67 
64 54 39 1 53 35 41 67 
48 14 35 1 9 31 19 39 67 
34 14 47 1 48 39 65 53 19 67 
48 59 1 53 55 39 35 12 40 17 23 58 67 
65 54 1 35 39 14 8 46 53 34 67 
64 54 39 62 34 1 53 55 46 58 65 67 
33 1 22 12 26 23 67 
65 19 41 39 64 5 70 
33 1 17 12 26 23 67 
52 32 39 1 12 23 26 67 
52 32 39 1 12 40 23 26 67 
52 32 39 1 12 23 10 67 
64 54 1 39 46 58 65 48 41 55 19 9 67 
48 39 35 1 12 40 17 23 67 
48 1 12 14 20 23 67 
34 35 1 39 65 12 19 23 20 67 
34 14 1 20 65 39 19 35 41 13 12 15 67 
48 39 35 1 12 53 17 14 67 
8 1 19 53 34 41 67 
48 39 1 12 19 54 40 17 23 20 67 
31 64 34 1 19 35 41 12 57 67 
1 32 52 39 50 35 12 67 
48 39 1 12 19 35 40 17 10 20 67 
48 1 14 59 39 35 12 40 17 55 25 67 
65 1 19 12 39 14 67 
64 54 39 1 53 55 46 67 
48 19 20 56 14 62 34 1 67 
14 56 17 1 41 55 10 8 65 67 
64 54 1 35 13 59 20 12 39 19 23 41 67 
48 39 9 65 34 19 1 53 55 10 67 
9 1 14 48 53 55 10 62 52 31 39 67 
