1 45 12 18 23 19 26 67 
1 45 12 18 23 62 26 67 
1 12 20 18 44 62 23 26 67 
1 12 20 32 18 23 62 26 67 
1 12 20 45 18 23 25 26 67 
1 55 12 13 18 23 62 26 67 
1 12 57 15 18 23 62 26 67 
1 45 12 18 23 25 26 67 
1 12 20 18 23 62 26 67 
1 12 18 23 62 26 67 
1 12 18 23 62 26 67 
1 45 12 18 23 62 26 67 
1 12 18 23 62 26 67 
1 12 18 23 62 26 67 
1 12 18 23 62 26 67 
1 17 65 46 57 43 5 12 51 15 67 
1 62 57 60 40 51 15 17 14 12 44 67 
1 62 57 15 54 5 67 
1 57 15 54 5 12 18 23 67 
1 12 20 5 15 44 23 18 67 
5 1 15 54 35 44 43 40 67 
1 12 18 32 15 23 44 60 67 
1 45 44 62 12 15 60 18 67 
1 57 56 17 15 8 12 18 67 
1 57 12 5 15 60 18 23 52 67 
1 62 57 15 12 43 60 18 23 67 
1 17 8 12 20 44 23 18 51 67 
1 12 15 60 14 18 23 67 
1 57 43 55 44 62 9 52 67 
57 43 1 54 41 5 15 12 67 
1 57 43 54 41 44 12 15 67 
1 57 12 5 15 18 23 52 67 
1 57 43 12 15 18 23 44 60 67 
1 12 20 54 41 44 23 18 67 
1 55 17 5 15 12 8 43 67 
1 62 57 15 60 14 12 44 23 18 67 
1 45 44 62 57 43 9 52 67 
56 17 15 8 1 12 18 23 57 43 67 
1 12 57 5 18 23 67 
1 12 20 44 23 18 67 
1 54 19 55 12 18 23 5 51 60 67 
1 12 15 43 60 18 23 67 
47 42 1 54 41 14 17 32 67 
1 12 20 44 23 14 67 
1 57 5 12 18 23 52 67 
1 12 18 23 25 17 67 
1 62 57 12 18 44 9 40 23 67 
1 12 18 23 54 5 67 
5 59 1 57 54 12 18 44 9 67 
1 44 15 14 60 54 57 17 12 67 
1 62 15 49 5 12 18 23 52 41 67 
1 57 43 5 15 60 49 51 12 67 
1 12 15 60 18 23 10 67 
1 17 8 5 60 54 19 44 51 67 
1 62 57 15 60 14 12 44 23 18 67 
1 12 52 44 40 18 67 
5 44 1 54 15 43 40 51 49 67 
1 12 20 9 40 51 67 
9 17 62 1 40 60 49 19 51 67 
62 55 1 20 9 40 41 12 60 14 67 
1 12 18 44 9 40 67 
1 62 57 15 60 14 17 12 41 5 67 
1 12 62 57 15 17 67 
1 55 52 57 15 35 67 
5 19 1 54 40 51 62 48 60 12 67 
5 44 1 54 15 60 49 19 57 67 
1 12 62 57 15 17 67 
1 57 15 54 19 38 60 14 17 12 67 
1 57 43 5 15 60 49 51 12 67 
1 57 5 12 18 23 52 67 
1 57 65 46 8 5 44 43 51 15 67 
1 55 52 54 19 57 67 
5 44 1 54 19 57 15 45 60 12 17 67 
31 33 1 54 40 51 15 17 60 12 5 67 
47 62 1 54 41 12 38 15 43 14 55 67 
5 44 1 54 19 51 15 17 57 43 60 67 
1 57 43 5 15 60 51 48 12 67 
47 62 1 54 40 51 15 17 60 14 55 67 
1 62 55 41 15 17 67 
9 17 62 1 40 51 10 52 47 54 67 
5 44 1 54 19 57 15 43 60 12 17 67 
1 54 19 57 15 43 5 44 51 60 67 
1 57 8 5 44 43 67 
1 57 15 17 12 8 43 67 
5 44 1 43 40 51 47 54 60 14 55 67 
1 57 15 60 14 17 12 67 
1 57 15 13 12 51 62 67 
1 17 65 46 57 43 5 44 51 15 67 
1 57 43 5 44 62 9 67 
1 57 43 5 44 51 15 67 
1 62 15 43 44 40 57 67 
5 44 1 54 19 57 15 43 60 14 55 67 
1 57 15 60 14 17 12 67 
1 57 43 5 44 48 12 67 
1 57 15 43 60 14 55 67 
20 9 40 51 47 25 69 
18 44 40 51 24 42 69 
43 44 40 51 49 54 69 
43 44 40 51 47 54 69 
43 9 40 51 47 56 69 
