18 47 52 40 65 58 43 15 69 
2 12 17 22 49 28 66 
2 12 42 17 28 46 66 
32 50 5 1 41 12 23 67 
2 12 6 22 31 28 66 
2 12 6 22 21 28 66 
2 12 3 22 49 28 66 
3 2 6 22 26 28 66 
1 41 50 10 47 59 14 13 32 58 5 31 67 
2 12 3 17 28 46 66 
35 50 12 22 23 28 66 
3 2 12 22 21 28 66 
1 55 12 50 47 41 20 23 67 
15 1 54 46 55 12 67 
18 39 62 51 25 1 47 64 34 12 52 17 67 
59 62 5 1 43 64 12 48 23 67 
3 2 6 23 21 28 66 
59 50 5 1 41 55 12 67 
2 12 21 42 31 28 66 
3 4 6 22 21 26 66 
15 39 59 1 8 64 55 12 67 
45 39 59 62 25 1 49 12 48 23 67 
54 46 15 1 25 57 17 64 12 67 
18 47 59 62 25 1 12 52 40 65 67 
14 1 41 9 64 34 59 12 43 24 31 67 
3 2 6 22 12 28 66 
65 2 6 12 31 28 66 
15 1 54 46 55 17 67 
45 39 59 62 55 1 47 49 12 48 23 17 67 
46 55 15 1 41 17 64 67 
46 55 62 25 15 1 41 17 67 
18 47 54 45 13 39 57 1 64 67 
46 1 41 50 55 15 17 64 40 49 67 
46 1 41 17 64 34 52 18 47 40 65 67 
3 2 6 22 21 26 66 
3 2 6 22 21 26 66 
3 2 6 22 21 26 66 
3 2 6 22 21 26 66 
3 2 6 22 21 26 66 
3 2 6 22 21 26 66 
3 2 6 22 21 26 66 
3 2 6 22 21 26 66 
3 2 6 22 21 26 66 
3 2 6 22 21 26 66 
3 2 6 22 21 26 66 
3 2 6 22 21 26 66 
3 2 6 22 21 26 66 
3 2 6 22 21 26 66 
3 2 6 22 21 26 66 
3 2 6 22 21 26 66 
3 2 6 22 21 26 66 
3 2 6 22 21 26 66 
3 2 6 22 21 26 66 
3 2 6 22 21 26 66 
3 2 6 22 21 26 66 
3 2 6 22 21 26 66 
3 2 6 22 21 26 66 
3 2 6 22 21 26 66 
3 2 6 22 21 26 66 
3 2 6 22 21 26 66 
3 2 6 22 21 26 66 
3 2 6 22 21 26 66 
3 2 6 22 21 26 66 
3 2 6 22 21 26 66 
3 2 6 22 21 26 66 
3 2 6 22 21 26 66 
3 2 6 22 21 26 66 
3 2 6 22 21 26 66 
3 2 6 22 21 26 66 
3 2 6 22 21 26 66 
3 2 6 22 21 26 66 
3 2 6 22 21 26 66 
3 2 6 22 21 26 66 
3 2 6 22 21 26 66 
3 2 6 22 21 26 66 
3 2 6 22 21 26 66 
3 2 6 22 21 26 66 
3 2 6 22 21 26 66 
3 2 6 22 21 26 66 
3 2 6 22 21 26 66 
3 2 6 22 21 26 66 
3 2 6 22 21 26 66 
3 2 6 22 21 26 66 
3 2 6 22 21 26 66 
3 2 6 22 21 26 66 
3 2 6 22 21 26 66 
3 2 6 22 21 26 66 
3 2 6 22 21 26 66 
3 2 6 22 21 26 66 
3 2 6 22 21 26 66 
3 2 6 22 21 26 66 
3 2 6 22 21 26 66 
3 2 6 22 21 26 66 
3 2 6 22 21 26 66 
3 2 6 22 21 26 66 
3 2 6 22 21 26 66 
3 2 6 22 21 26 66 
3 2 6 22 21 26 66 
3 2 6 22 21 26 66 
3 2 6 22 21 26 66 
