24 54 33 46 62 60 44 70 
2 32 6 12 21 28 66 
2 32 6 12 21 28 66 
24 54 33 46 62 60 44 70 
55 40 33 52 1 24 8 54 32 62 60 67 
55 35 25 1 12 23 67 
18 25 1 6 12 23 67 
2 33 46 6 12 28 66 
2 33 12 3 28 26 66 
18 25 1 6 12 23 67 
2 33 12 3 28 19 66 
2 33 12 3 28 10 66 
2 32 46 12 21 28 66 
2 33 12 3 6 28 66 
2 32 6 58 21 28 66 
24 33 31 32 1 54 58 12 62 13 35 67 
10 49 1 54 33 24 67 
2 33 12 3 28 26 66 
18 49 25 52 1 12 23 67 
2 18 3 6 12 28 66 
18 49 25 52 1 12 23 67 
55 40 33 52 1 24 8 54 32 62 60 67 
2 32 6 10 21 28 66 
24 33 52 54 1 12 44 23 67 
55 32 38 1 12 23 67 
24 54 38 1 12 42 67 
55 58 35 25 1 46 12 23 67 
54 24 33 52 1 12 44 23 62 17 67 
54 33 24 52 1 59 12 44 23 67 
54 33 24 31 52 1 20 12 23 67 
54 24 33 52 1 58 12 67 
54 24 1 35 38 12 33 52 53 31 20 67 
54 24 33 48 1 58 12 67 
2 32 46 12 21 28 66 
60 10 1 54 55 24 67 
2 33 12 24 6 28 66 
54 24 31 52 1 20 33 12 67 
54 33 52 53 31 1 20 12 67 
18 25 1 46 12 33 67 
54 24 18 25 1 44 12 23 62 17 67 
54 33 24 52 1 59 57 12 38 67 
55 40 33 52 1 59 12 5 49 67 
49 32 33 52 1 24 54 59 50 12 67 
54 32 52 19 35 24 33 46 1 12 67 
24 54 33 46 52 1 58 67 
55 49 25 44 1 62 38 67 
54 24 31 55 33 10 38 1 67 
52 24 31 54 33 49 1 20 67 
55 32 33 56 24 49 52 1 60 67 
32 33 54 56 24 49 52 1 59 67 
54 24 13 52 1 20 49 58 35 25 67 
24 58 1 19 15 18 33 52 54 25 67 
55 24 31 54 33 32 62 60 70 
2 32 6 12 21 28 66 
18 25 1 6 12 23 67 
2 33 12 3 28 19 66 
2 33 12 3 28 26 66 
2 18 3 6 12 28 66 
18 49 25 44 1 12 23 67 
55 24 31 52 1 54 33 32 62 13 35 67 
2 32 6 58 21 28 66 
55 35 25 1 12 23 67 
55 58 47 25 1 31 12 23 67 
55 33 54 35 25 1 12 23 58 67 
55 58 1 35 15 18 24 33 52 54 12 67 
54 24 35 38 1 12 33 67 
2 32 35 12 21 28 66 
20 14 1 58 35 25 67 
2 58 12 24 6 28 66 
54 33 24 51 1 58 12 44 67 
55 32 38 1 12 62 67 
54 24 33 52 1 12 58 23 62 17 67 
55 32 24 52 18 38 1 12 62 67 
54 24 35 38 33 52 1 47 12 44 67 
54 33 24 46 62 52 1 67 
54 24 31 55 33 52 1 58 67 
55 33 24 49 25 44 1 62 38 67 
54 32 52 19 35 33 53 31 1 20 67 
10 24 31 54 33 49 25 44 70 
2 32 6 12 21 28 66 
18 25 1 6 12 23 67 
2 18 3 33 12 28 66 
2 13 12 3 28 26 66 
2 18 3 6 12 28 66 
18 49 25 44 1 12 23 67 
55 24 31 52 1 54 33 32 62 13 35 67 
2 32 6 58 21 28 66 
31 35 25 1 12 23 67 
24 33 52 54 1 12 44 23 67 
54 33 24 52 18 10 1 12 23 67 
54 24 1 35 38 12 33 52 58 25 56 67 
24 54 33 46 1 12 62 67 
2 32 12 38 21 28 66 
19 35 25 1 24 33 67 
2 33 46 6 12 28 66 
54 24 33 52 31 1 12 58 67 
55 32 38 1 12 62 67 
49 25 1 19 15 18 44 12 23 57 67 
53 32 24 52 1 59 12 44 33 67 
54 24 33 9 1 12 58 51 62 17 67 
