5 50 52 60 15 40 10 34 13 68 
41 32 50 1 12 48 23 67 
15 57 5 51 17 50 1 52 20 59 9 33 67 
59 1 50 53 41 12 17 23 26 67 
56 53 1 19 12 10 67 
51 17 52 60 50 1 31 58 47 9 12 33 67 
41 1 50 53 32 12 10 23 54 67 
56 53 1 58 12 10 50 67 
51 17 50 1 31 47 9 12 67 
56 1 50 53 19 12 5 14 23 54 67 
15 31 52 1 57 5 9 12 24 67 
51 17 52 60 50 1 31 47 9 12 67 
58 52 10 1 50 51 60 15 12 47 57 67 
56 53 1 51 17 50 67 
59 17 50 53 20 1 57 5 12 14 23 33 67 
51 17 53 56 62 8 1 67 
52 32 50 1 31 47 9 58 67 
51 32 56 53 1 20 10 14 52 67 
15 31 34 57 5 1 35 51 17 50 67 
33 17 43 1 50 42 35 14 38 24 31 67 
1 32 50 41 12 48 23 26 67 
1 32 50 41 12 48 23 26 67 
41 1 50 32 12 48 23 26 67 
1 32 50 20 12 48 23 26 67 
41 1 50 48 32 12 23 26 67 
1 32 52 41 12 48 23 26 67 
41 1 46 48 32 12 23 26 67 
1 32 50 41 12 48 23 26 67 
1 32 52 57 12 48 23 26 67 
1 32 50 41 12 48 23 26 67 
1 32 50 24 12 48 23 26 67 
41 1 50 32 12 48 23 26 67 
64 1 59 41 12 48 23 26 67 
1 41 50 48 32 12 23 26 67 
1 50 48 25 12 41 23 26 67 
1 34 50 41 12 48 23 26 67 
1 32 50 41 12 48 23 26 67 
1 32 50 41 12 48 23 26 67 
48 1 50 41 32 12 23 26 67 
1 32 50 41 12 48 23 26 67 
1 32 34 41 12 48 23 26 67 
41 1 47 32 12 48 23 26 67 
1 50 32 48 41 12 23 26 67 
1 32 50 41 12 48 23 26 67 
64 1 59 41 12 48 23 26 67 
1 41 50 48 32 12 23 26 67 
48 1 50 25 12 41 23 26 67 
48 1 50 39 12 41 23 26 67 
1 54 50 20 12 48 23 26 67 
48 32 50 1 41 12 23 26 67 
32 50 1 41 12 48 23 26 67 
64 1 59 41 12 48 23 26 67 
1 50 39 12 41 48 23 26 67 
1 32 52 41 12 48 23 26 67 
41 1 50 48 32 12 23 26 67 
41 1 56 32 12 48 23 26 67 
1 32 34 41 12 48 23 26 67 
1 41 50 48 32 12 23 26 67 
1 32 58 50 12 48 23 26 67 
50 1 32 48 41 12 23 26 67 
1 32 48 50 41 12 23 26 67 
48 1 50 25 12 41 23 26 67 
41 1 50 48 32 12 23 26 67 
1 39 50 41 12 48 23 26 67 
1 50 48 13 12 41 23 26 67 
1 32 50 24 12 48 23 26 67 
64 1 59 41 12 48 23 26 67 
41 1 50 32 12 48 23 26 67 
1 54 50 58 12 48 23 26 67 
48 1 50 41 32 12 23 26 67 
41 1 50 48 32 12 23 26 67 
48 1 50 25 12 41 23 26 67 
1 32 52 48 41 12 23 26 67 
1 54 50 58 12 48 23 26 67 
1 32 34 41 12 8 23 26 67 
1 32 50 41 12 48 23 26 67 
15 1 41 48 32 12 23 26 67 
41 1 10 48 32 12 23 26 67 
41 1 46 48 32 12 23 26 67 
1 32 58 50 12 48 23 26 67 
32 50 1 42 12 48 23 26 67 
41 1 50 32 48 12 23 26 67 
1 50 41 48 32 12 23 26 67 
1 52 48 32 12 41 23 26 67 
1 50 39 48 12 41 23 26 67 
64 1 59 8 12 48 23 26 67 
48 1 50 41 32 12 23 26 67 
1 41 50 48 51 12 23 26 67 
1 32 50 24 12 48 23 26 67 
1 32 65 24 12 48 23 26 67 
1 32 58 50 12 48 23 26 67 
19 1 59 41 12 48 23 26 67 
41 1 50 32 12 48 23 26 67 
1 32 34 41 12 48 23 26 67 
64 1 59 41 12 48 23 26 67 
1 10 41 49 32 12 23 26 67 
62 1 50 39 12 41 23 26 67 
1 54 50 58 12 48 23 26 67 
1 32 58 50 12 48 23 26 67 
58 50 64 1 32 12 48 23 67 
