24 20 41 13 39 49 70 
48 62 1 12 23 26 24 67 
39 35 64 62 59 53 32 14 18 33 1 48 67 
47 1 64 62 12 23 40 67 
48 35 33 1 12 23 26 39 67 
47 64 62 1 40 35 12 23 67 
48 1 12 54 18 64 67 
43 24 1 53 35 25 12 52 39 17 32 8 67 
47 62 40 35 1 64 12 23 57 67 
47 35 64 1 15 62 12 67 
60 59 24 41 1 35 12 56 67 
47 35 64 62 1 12 40 23 24 41 67 
48 24 1 53 44 32 8 25 12 67 
48 13 24 41 1 12 42 17 55 58 67 
39 35 62 58 17 41 55 1 8 24 12 67 
48 1 24 49 53 35 67 
47 35 64 62 59 1 12 40 23 49 41 48 67 
47 24 62 1 15 35 13 67 
13 8 10 50 1 17 48 24 67 
48 24 1 53 35 13 39 8 17 67 
39 35 64 62 18 33 1 48 9 5 67 
39 35 64 62 47 55 52 38 56 33 1 67 
48 1 12 23 26 39 67 
41 1 12 23 26 39 67 
48 1 12 23 26 47 67 
25 1 12 23 26 39 67 
41 1 12 23 26 52 67 
47 1 12 23 26 64 67 
25 1 12 23 26 39 67 
47 1 12 23 26 64 67 
32 62 1 12 23 26 67 
57 1 12 23 26 18 67 
41 1 12 23 26 33 67 
48 1 12 23 26 47 67 
41 1 12 57 23 26 67 
47 1 12 23 26 64 67 
48 1 12 23 62 26 67 
47 1 12 23 26 8 67 
47 1 12 23 26 51 67 
47 1 12 23 26 64 67 
47 1 12 23 24 26 67 
39 1 12 23 26 47 67 
48 1 12 23 26 24 67 
13 1 48 12 23 26 67 
48 1 12 23 26 47 67 
47 1 12 23 26 64 67 
53 1 12 23 26 62 67 
48 1 12 23 26 24 67 
47 1 12 23 26 51 67 
48 1 12 23 26 39 67 
48 1 12 23 24 26 67 
41 1 33 12 23 26 67 
53 1 12 23 26 33 67 
48 1 12 23 26 24 67 
25 1 12 23 24 26 67 
48 1 12 23 26 47 67 
47 1 12 23 24 26 67 
14 1 12 57 23 26 67 
48 1 12 23 47 26 67 
48 1 12 57 23 26 67 
47 1 12 23 26 64 67 
53 1 12 23 24 26 67 
53 1 12 23 58 26 67 
62 1 12 48 23 26 67 
41 1 12 54 23 26 67 
41 1 48 12 23 26 67 
48 1 12 23 24 26 67 
41 1 48 12 23 26 67 
47 1 12 23 26 51 67 
48 1 12 23 57 26 67 
47 1 12 23 26 64 67 
40 1 12 23 26 64 67 
53 1 12 23 26 33 67 
41 1 12 23 26 52 67 
53 1 12 23 26 33 67 
48 1 12 23 26 17 67 
47 1 12 23 26 64 67 
47 1 12 23 24 26 67 
47 1 12 23 48 26 67 
48 1 12 23 53 26 67 
48 1 12 23 26 47 67 
47 1 12 23 24 26 67 
47 1 12 23 48 26 67 
24 1 12 23 26 64 67 
48 1 12 23 26 24 67 
48 1 12 23 26 24 67 
47 1 12 23 26 64 67 
25 1 12 23 24 26 67 
47 1 12 23 26 64 67 
57 1 12 23 26 18 67 
47 1 12 23 26 8 67 
48 1 12 23 26 24 67 
40 1 47 12 23 26 67 
41 1 12 23 26 33 67 
48 1 12 23 26 58 67 
41 1 12 23 26 33 67 
48 1 41 12 23 26 67 
57 1 12 23 24 26 67 
53 1 12 23 26 13 67 
48 1 12 23 24 20 67 
