58 3 6 10 5 21 45 28 66 
3 6 12 9 21 7 28 57 66 
58 3 6 10 5 21 45 28 66 
3 6 12 45 21 7 28 57 66 
3 6 12 45 21 7 28 57 66 
3 6 60 7 28 21 45 26 66 
3 6 12 45 21 7 28 57 66 
49 20 1 31 4 12 23 67 
54 3 12 33 21 7 28 23 66 
3 6 12 45 21 7 28 26 66 
57 3 12 33 21 7 28 23 66 
57 3 12 45 21 7 28 23 66 
58 3 6 12 5 21 45 28 66 
58 3 6 12 5 21 45 28 66 
58 3 6 12 5 21 45 28 66 
57 3 12 45 21 7 28 23 66 
58 20 1 54 4 12 23 67 
58 3 6 12 5 21 52 28 66 
49 20 1 54 4 12 23 67 
49 20 1 31 4 12 23 67 
49 20 1 31 17 12 23 67 
49 20 1 31 17 12 23 67 
49 20 1 31 17 12 23 67 
49 20 1 31 17 12 23 67 
20 15 1 42 34 12 49 23 67 
58 3 48 17 47 6 28 23 66 
50 20 1 49 15 17 12 23 67 
20 15 1 42 49 17 12 23 67 
58 3 5 17 47 6 28 23 66 
20 15 1 42 17 12 49 23 67 
42 20 1 49 17 12 40 56 23 67 
42 20 1 53 17 49 12 40 56 23 47 58 67 
42 20 1 49 17 12 40 56 23 67 
42 20 1 49 17 32 12 40 56 23 47 58 67 
42 20 1 49 17 12 40 56 23 67 
65 20 1 54 49 5 10 17 12 19 23 58 67 
42 20 1 49 17 12 40 56 23 67 
42 20 1 54 49 5 17 12 40 19 23 58 67 
42 20 1 49 54 17 12 40 56 23 67 
43 59 5 65 49 20 1 62 12 23 67 
43 59 5 65 49 20 1 62 12 23 67 
10 59 5 65 49 20 1 62 12 23 67 
58 3 48 17 47 6 28 23 66 
49 42 17 20 15 60 1 12 67 
59 1 48 46 14 20 12 49 67 
49 20 1 42 17 12 47 15 67 
42 15 17 1 14 20 12 47 67 
58 3 5 17 47 6 28 23 66 
42 20 15 46 65 17 49 1 12 67 
42 40 1 15 17 49 12 48 31 67 
1 59 49 65 17 42 64 62 67 
42 40 1 15 17 49 12 48 31 67 
42 20 1 49 54 17 60 12 62 31 25 67 
48 20 47 18 15 17 49 1 67 
10 20 1 49 42 17 12 44 13 65 45 67 
65 20 1 53 17 62 49 12 42 57 47 58 67 
58 20 1 44 65 17 51 33 31 49 42 12 67 
59 20 1 48 46 49 15 18 42 17 12 67 
1 47 49 20 15 38 65 17 67 
49 42 17 20 1 12 67 
48 20 15 47 18 49 1 41 12 67 
1 59 49 20 15 38 65 17 67 
42 20 15 17 49 1 12 67 
49 42 17 20 1 12 67 
42 20 15 17 49 1 12 67 
10 59 5 65 49 20 1 62 12 25 67 
58 20 1 44 65 17 47 33 31 49 42 12 67 
49 42 1 55 17 20 12 47 15 58 67 
42 20 1 49 54 17 12 57 47 58 67 
58 18 5 65 45 10 49 1 17 67 
1 20 58 65 17 47 12 67 
59 46 49 20 15 18 42 17 1 67 
10 20 1 65 49 59 40 44 42 57 25 58 67 
1 20 15 49 42 17 12 67 
42 17 49 20 1 12 67 
10 20 1 55 9 44 65 45 5 58 17 67 
10 20 1 49 54 18 42 12 57 47 58 67 
10 20 1 46 65 58 17 47 15 67 
10 59 5 65 49 20 1 62 12 25 67 
58 20 1 53 17 54 55 48 31 49 42 12 67 
10 20 1 65 49 5 55 44 42 57 47 58 67 
10 20 1 53 17 54 55 44 42 57 47 58 67 
58 20 1 55 9 18 49 52 17 33 67 
10 20 1 55 9 44 65 45 5 58 17 67 
49 20 15 18 42 17 1 67 
49 42 17 20 1 12 67 
10 59 5 65 49 20 1 62 41 25 67 
49 20 59 18 42 17 1 67 
49 20 15 18 42 41 1 67 
10 20 1 55 44 17 42 57 33 58 67 
49 20 15 18 42 17 1 67 
59 65 49 20 1 40 67 
10 20 1 55 9 65 5 47 17 33 58 67 
10 65 49 20 1 5 67 
43 18 49 20 1 24 67 
48 18 49 20 1 55 67 
9 65 17 47 59 20 69 
58 65 17 47 52 18 69 
9 65 17 47 33 58 69 
44 65 17 47 33 58 69 
