19 25 24 39 9 52 20 57 70 
1 34 10 12 17 43 23 67 
58 44 13 52 18 54 56 46 1 53 67 
48 1 58 56 12 23 33 26 67 
1 52 10 12 23 45 20 58 26 67 
1 52 13 46 18 58 12 20 44 34 67 
20 44 1 34 10 12 67 
1 34 52 46 10 12 23 5 67 
1 52 10 12 23 45 46 59 50 67 
45 52 46 1 58 19 12 67 
8 1 52 32 54 31 12 55 67 
1 52 13 46 18 10 59 12 23 45 67 
20 1 54 19 25 56 38 52 12 67 
20 44 18 46 52 1 67 
20 1 56 62 17 43 54 67 
58 18 54 56 46 1 53 14 67 
20 1 65 31 12 23 26 67 
20 1 12 31 65 23 26 67 
20 1 65 31 12 23 26 67 
55 1 65 31 12 23 26 67 
20 1 12 31 52 23 26 67 
20 1 65 31 12 23 26 67 
20 1 12 31 65 23 26 67 
55 1 65 31 12 23 26 67 
55 1 65 31 12 23 26 67 
20 1 31 52 12 23 26 67 
55 1 65 31 12 23 26 67 
20 1 12 43 65 23 26 67 
1 65 55 31 12 23 26 67 
1 65 20 12 43 23 26 67 
52 1 65 31 12 23 26 67 
55 1 65 31 12 23 26 67 
20 1 65 31 12 23 26 67 
20 1 12 31 52 23 26 67 
1 65 31 8 12 23 26 67 
20 1 65 31 12 23 26 67 
20 1 65 31 12 23 26 67 
20 1 65 31 12 23 26 67 
1 8 12 65 31 23 26 67 
20 1 12 31 52 23 26 67 
20 1 31 52 12 23 26 67 
20 1 12 41 52 23 26 67 
20 1 15 52 12 23 26 67 
55 1 65 31 12 23 26 67 
20 1 48 31 12 23 26 67 
20 1 65 31 12 23 26 67 
20 1 31 52 12 23 26 67 
20 1 65 31 12 23 26 67 
20 1 39 52 12 23 26 67 
55 1 38 31 12 23 26 67 
20 1 65 31 12 23 26 67 
52 1 20 12 41 23 26 67 
20 52 1 31 12 23 26 67 
20 1 12 65 43 23 26 67 
20 52 1 31 12 23 26 67 
20 1 65 31 12 23 26 67 
20 1 12 65 31 23 26 67 
1 65 20 31 12 23 26 67 
20 1 12 15 43 23 26 67 
1 65 20 31 12 23 26 67 
20 1 12 41 52 23 26 67 
1 65 18 12 43 23 26 67 
52 1 20 33 12 23 26 67 
20 1 65 31 12 23 26 67 
20 1 31 52 12 23 26 67 
20 1 65 31 12 23 26 67 
20 1 31 52 12 23 26 67 
20 1 65 31 12 23 26 67 
20 1 31 52 12 23 26 67 
20 1 65 59 12 23 26 67 
20 1 31 52 12 23 26 67 
20 1 65 31 12 23 26 67 
1 65 55 31 12 23 26 67 
43 1 65 31 12 23 26 67 
55 1 65 31 12 23 26 67 
1 65 20 31 12 23 26 67 
20 1 65 31 12 23 26 67 
20 1 31 52 12 23 26 67 
20 1 65 31 12 23 26 67 
20 1 31 52 12 23 26 67 
20 1 12 31 52 23 26 67 
1 65 20 12 31 23 26 67 
20 1 65 31 12 23 26 67 
20 1 65 31 12 23 26 67 
20 1 65 31 12 23 26 67 
20 1 65 31 12 23 26 67 
1 46 31 52 12 23 26 67 
20 1 65 9 12 23 26 67 
20 1 12 48 52 23 26 67 
1 65 20 31 12 23 26 67 
1 8 12 49 31 23 26 67 
20 1 12 31 52 23 26 67 
1 52 20 31 12 23 26 67 
20 1 65 31 12 23 26 67 
1 65 20 31 12 23 26 67 
20 1 41 52 12 23 26 67 
20 1 12 41 52 23 26 67 
20 1 65 31 12 23 26 67 
20 1 65 31 12 23 26 67 
39 44 8 15 9 46 53 55 1 67 
