59 18 8 55 24 43 46 13 35 69 
2 6 22 12 28 26 66 
2 6 22 12 28 26 66 
59 8 55 24 20 54 18 43 69 
58 1 24 55 40 54 20 51 48 64 67 
1 12 54 23 26 46 67 
2 6 22 12 44 28 66 
2 6 22 44 28 26 66 
2 6 22 40 12 28 66 
18 1 24 59 12 33 23 26 67 
1 12 43 23 20 38 67 
2 6 22 44 28 26 66 
59 18 1 12 33 23 26 67 
20 1 24 12 62 23 26 67 
1 64 50 10 12 38 8 13 55 35 67 
60 54 20 38 1 35 67 
1 12 54 23 26 8 67 
40 1 24 12 33 23 45 67 
59 18 1 12 33 23 31 67 
1 12 20 54 23 26 52 10 67 
40 1 24 12 33 45 23 65 67 
58 15 8 10 18 14 1 50 65 24 67 
1 12 33 59 14 62 67 
40 1 24 12 33 45 23 65 67 
38 1 50 10 12 55 35 54 33 60 67 
1 64 50 10 12 38 8 13 23 55 67 
1 12 38 8 13 23 55 35 54 67 
1 14 58 40 53 12 33 67 
1 58 45 60 40 24 12 33 23 67 
1 12 43 23 38 53 67 
1 14 43 59 8 38 67 
1 12 58 40 38 8 13 67 
59 33 38 18 8 55 1 12 67 
1 15 24 12 48 64 50 10 67 
1 12 8 18 24 58 67 
38 1 12 55 35 54 33 60 34 67 
58 1 54 12 43 23 20 38 40 64 67 
38 1 12 55 35 54 33 60 34 67 
59 18 1 54 20 38 47 67 
59 18 1 50 65 24 8 67 
58 15 10 59 18 57 14 1 67 
1 64 45 59 18 8 50 10 67 
1 45 5 55 15 64 18 8 50 67 
1 50 54 8 15 35 38 58 13 67 
59 14 62 40 53 18 8 69 
2 6 22 12 28 26 66 
2 6 22 12 44 28 66 
2 6 22 44 26 28 66 
25 18 1 12 33 23 26 67 
1 12 54 23 26 59 67 
59 18 1 12 43 23 34 67 
1 12 20 54 23 26 35 10 67 
58 1 24 14 62 8 10 18 40 64 67 
20 1 24 59 12 54 18 23 67 
58 15 8 10 18 1 24 59 12 33 67 
18 1 8 55 24 59 12 33 23 67 
1 12 43 23 54 59 67 
40 54 20 1 51 48 67 
65 24 1 12 54 58 8 67 
1 43 24 12 33 45 38 53 67 
1 12 54 18 8 55 67 
1 15 48 64 50 10 12 38 13 23 67 
58 1 45 47 40 24 12 14 62 67 
60 18 1 54 20 38 35 67 
1 43 38 53 15 8 10 18 67 
1 15 8 40 54 58 52 64 10 67 
2 6 22 12 28 26 66 
59 18 8 55 24 33 40 15 10 69 
2 6 22 44 12 28 66 
2 6 22 44 28 26 66 
1 20 54 18 12 23 26 67 
1 12 43 23 54 26 67 
59 18 1 12 24 33 23 67 
1 33 24 12 54 23 26 35 67 
58 1 24 14 59 33 34 8 60 54 67 
1 15 45 12 54 23 8 33 67 
1 64 50 10 12 58 45 25 40 24 67 
1 15 48 40 24 12 33 23 45 67 
1 12 54 23 8 33 67 
1 58 20 38 54 40 67 
38 14 58 40 1 12 55 67 
25 60 50 58 18 1 12 15 67 
40 54 20 1 24 12 67 
1 58 15 64 12 54 23 38 33 55 67 
1 14 12 55 35 54 59 18 33 67 
59 18 1 50 65 24 8 67 
1 58 45 59 18 8 55 43 67 
1 15 8 55 24 48 64 50 10 67 
2 6 22 12 28 26 66 
59 18 8 55 13 45 24 43 69 
2 6 22 12 28 46 66 
2 6 22 35 28 26 66 
59 18 1 12 54 23 26 67 
1 12 54 23 26 35 67 
40 1 24 12 33 54 23 67 
1 43 38 53 12 23 48 26 67 
1 40 54 8 13 33 34 58 52 64 67 
1 12 8 20 38 54 23 43 67 
40 15 8 10 18 14 1 24 12 33 67 
25 18 1 60 41 58 12 15 23 67 
