50 59 1 5 12 23 26 67 
50 59 1 5 12 23 26 67 
50 59 1 5 12 23 26 67 
59 5 1 50 12 23 26 67 
50 59 1 5 12 23 26 67 
50 59 1 5 12 23 26 15 67 
45 9 1 50 12 23 26 5 67 
56 55 1 5 12 23 26 52 67 
40 59 1 5 12 23 26 55 67 
50 59 1 5 12 23 26 15 67 
59 9 1 56 12 23 67 
45 9 1 5 12 23 67 
59 9 1 5 12 23 67 
45 9 1 5 12 23 67 
45 9 1 52 12 58 67 
57 5 45 9 1 12 67 
47 5 35 53 1 12 67 
45 9 59 1 5 12 67 
45 9 1 5 12 23 67 
59 9 1 5 12 23 35 67 
64 9 1 5 58 12 23 67 
14 9 1 13 12 25 58 67 
45 9 1 5 40 52 55 67 
59 9 1 35 12 42 53 67 
35 9 1 5 47 50 58 67 
59 9 1 65 60 10 33 67 
64 9 1 5 58 12 23 67 
59 9 1 5 12 45 17 67 
45 9 1 5 12 23 42 67 
35 9 1 5 47 42 53 67 
59 9 1 5 12 17 34 67 
59 9 1 5 12 23 35 67 
50 1 40 5 12 15 47 64 67 
45 9 1 5 12 42 35 47 67 
45 9 1 50 5 33 55 12 67 
45 9 1 5 12 42 50 47 67 
45 20 1 5 12 23 9 35 67 
50 1 40 42 25 33 55 12 67 
40 55 1 48 34 10 56 5 67 
45 9 1 5 12 23 58 17 67 
40 55 1 5 12 23 58 48 67 
42 1 40 25 58 62 12 23 17 9 67 
45 9 15 1 5 52 55 58 67 
45 9 1 42 50 64 62 41 67 
45 9 1 58 5 33 55 12 23 17 67 
50 1 40 42 25 14 33 55 12 23 67 
65 9 1 34 10 33 55 15 67 
35 47 53 1 42 5 12 38 9 67 
45 59 1 5 12 23 40 58 67 
35 47 53 1 5 12 42 9 58 67 
45 1 40 42 25 12 23 38 55 9 58 14 67 
45 9 1 50 58 5 12 15 40 67 
35 47 45 9 1 58 50 5 12 23 40 44 67 
50 1 40 42 25 12 23 38 55 24 44 39 67 
45 55 1 53 38 48 18 9 58 50 5 12 67 
45 9 1 5 12 23 40 15 67 
57 5 35 9 1 47 67 
45 51 53 56 5 9 1 58 25 12 67 
48 34 10 56 5 33 55 1 50 12 67 
35 34 45 19 53 1 67 
45 9 1 50 5 12 23 40 15 67 
56 33 1 52 55 5 12 23 43 8 67 
56 55 1 53 38 48 18 62 42 19 45 9 67 
45 51 53 56 5 14 33 55 1 58 67 
45 9 1 50 5 12 23 40 15 67 
53 55 1 52 42 48 13 25 39 45 67 
62 19 1 58 33 24 56 65 13 64 67 
56 55 1 53 38 48 18 62 42 19 50 8 67 
50 1 40 15 48 33 14 25 47 64 24 5 67 
45 51 53 56 5 9 1 58 50 12 67 
42 5 1 58 33 24 32 14 48 57 12 67 
14 25 1 58 5 12 17 13 44 67 
56 33 55 1 5 12 23 43 8 67 
56 55 1 52 42 53 9 58 41 12 48 67 
35 47 1 58 42 53 9 62 52 41 12 67 
45 9 1 58 50 64 62 41 55 13 35 67 
45 9 1 58 5 12 23 17 15 67 
45 9 1 58 33 56 14 19 25 64 67 
45 9 1 58 48 33 14 25 51 44 49 67 
53 38 55 1 48 18 62 42 19 67 
17 56 35 25 14 65 34 45 33 55 1 67 
17 33 55 1 58 5 38 48 35 67 
53 38 55 1 48 18 62 42 19 67 
65 34 10 33 55 1 67 
45 51 53 56 5 9 1 58 50 12 67 
45 9 1 58 50 5 12 15 40 44 64 67 
35 47 1 58 62 52 42 53 9 41 12 24 67 
45 9 1 58 17 5 15 14 19 33 64 67 
50 1 40 15 47 64 24 5 39 56 12 60 67 
65 34 45 33 55 1 67 
53 38 55 1 48 18 62 42 19 67 
56 55 1 58 48 33 14 5 12 23 50 8 67 
50 1 40 15 47 64 24 5 39 56 12 60 67 
45 9 1 58 48 33 14 25 51 44 64 5 67 
56 33 55 1 5 12 23 50 8 67 
35 47 42 53 9 58 70 
42 19 33 24 32 14 48 57 70 
14 25 17 44 64 5 60 46 9 38 69 
17 5 34 56 49 55 70 
35 47 42 53 9 25 70 
