2 10 6 12 22 28 66 
2 47 6 12 34 28 66 
2 10 6 12 22 28 66 
2 47 6 12 22 28 66 
2 47 6 12 22 28 66 
2 49 12 4 22 28 66 
2 44 12 4 22 28 66 
2 4 6 12 22 28 66 
2 4 6 12 22 28 66 
2 4 6 12 22 28 66 
2 4 6 12 22 28 66 
2 49 12 4 22 28 66 
51 40 62 1 17 12 23 67 
10 40 51 1 17 12 23 67 
51 40 62 1 17 12 23 67 
10 59 15 40 1 34 46 33 51 47 12 54 67 
51 40 62 1 17 12 23 67 
10 15 40 1 9 43 12 53 62 23 33 67 
10 51 40 1 9 47 12 46 54 31 67 
38 51 40 1 17 12 54 53 9 67 
2 49 12 4 22 28 66 
53 2 59 12 7 28 66 
2 60 12 15 58 28 66 
53 2 59 12 7 28 66 
2 59 60 12 10 28 66 
2 32 12 15 45 28 66 
2 60 12 15 22 28 66 
2 59 60 12 55 28 66 
2 60 12 59 7 28 66 
10 51 40 1 17 12 23 65 26 67 
10 51 45 1 17 12 23 65 26 67 
2 32 12 15 22 28 66 
2 60 12 15 22 28 66 
58 15 40 1 9 12 54 62 23 33 67 
10 51 40 1 17 12 23 65 26 67 
31 13 1 17 25 12 23 19 57 67 
2 60 12 15 22 28 66 
10 40 33 1 17 12 15 49 67 
53 2 60 12 7 28 66 
12 4 22 28 41 53 66 
10 51 40 1 17 12 23 65 26 67 
12 4 22 28 10 31 66 
12 4 22 28 20 40 66 
12 4 22 28 20 40 66 
10 59 40 1 49 51 17 12 23 67 
10 40 53 1 62 17 12 23 65 67 
15 55 10 51 40 1 17 12 23 67 
10 51 40 1 17 12 23 65 67 
10 62 40 1 17 12 23 65 67 
10 51 40 1 17 12 23 65 67 
10 51 40 1 17 12 23 65 67 
10 40 33 1 19 43 12 67 
44 24 40 1 17 49 9 12 54 62 23 67 
10 15 40 33 1 19 43 12 54 62 23 67 
44 38 15 40 24 1 9 12 54 62 23 64 67 
38 54 53 56 18 40 1 9 33 12 19 59 67 
10 15 40 1 9 12 54 62 23 65 67 
10 40 33 1 19 43 12 54 62 23 46 67 
10 40 33 15 1 17 12 67 
10 38 15 40 1 9 46 33 49 51 65 12 67 
10 65 53 56 18 40 1 9 44 51 12 46 67 
31 13 1 17 25 12 46 57 15 62 23 41 67 
10 33 15 40 1 17 12 49 5 31 55 67 
38 54 53 1 9 46 33 12 56 18 55 67 
10 40 19 1 9 12 46 60 54 62 23 41 67 
10 40 33 1 17 12 15 35 67 
10 51 40 1 9 65 12 46 38 17 67 
10 40 33 1 17 49 31 12 15 46 44 67 
20 40 33 1 17 12 15 46 67 
38 54 53 1 9 42 12 56 18 67 
38 54 53 1 9 33 12 56 18 67 
10 40 19 31 46 62 1 9 12 54 67 
10 51 40 1 9 65 12 46 54 24 67 
10 40 19 1 9 12 54 62 23 46 67 
38 54 53 1 9 33 12 56 18 67 
10 40 33 15 1 17 12 67 
44 24 40 1 9 12 54 62 23 64 67 
10 40 33 1 17 12 15 46 67 
10 59 15 40 1 9 46 33 49 5 18 55 67 
10 59 15 40 1 9 46 33 49 5 18 55 67 
10 65 53 56 18 40 1 9 44 24 43 55 67 
10 15 40 1 55 59 34 43 62 67 
10 59 40 1 49 15 55 34 38 67 
9 38 1 54 19 46 62 31 25 57 10 67 
10 15 40 1 33 49 56 9 31 46 57 67 
10 13 40 1 33 49 56 9 31 5 55 67 
10 59 40 1 49 5 62 64 55 67 
10 40 33 15 1 54 9 67 
9 46 38 1 17 25 57 10 67 
31 46 38 1 17 25 57 15 67 
19 46 33 15 40 1 10 67 
19 46 33 15 40 1 9 67 
10 15 40 1 35 65 24 43 55 62 67 
10 15 40 1 9 65 24 43 55 62 67 
10 15 40 1 9 65 24 43 55 62 67 
46 33 49 5 62 58 70 
15 55 34 10 38 32 42 70 
19 65 34 18 38 10 69 
19 33 49 5 62 58 70 
10 15 40 1 24 43 52 62 67 
