62 39 41 9 5 46 70 
62 8 40 1 39 12 23 67 
2 15 3 6 21 28 66 
2 53 6 21 12 28 66 
2 15 6 23 12 28 66 
2 15 59 23 12 28 66 
2 15 46 42 12 28 66 
55 49 31 25 5 38 1 33 20 44 40 34 67 
2 15 6 53 12 28 66 
2 15 3 43 12 28 66 
8 40 1 62 44 12 26 23 67 
2 15 3 6 12 28 66 
8 40 1 62 44 12 45 23 67 
32 1 62 44 40 12 67 
62 49 31 25 5 38 1 44 40 12 41 48 67 
2 15 3 22 12 28 66 
32 1 62 8 40 39 12 23 47 67 
62 39 40 1 12 41 48 67 
2 21 58 43 12 28 66 
62 39 40 1 43 49 12 41 67 
19 1 40 25 5 48 8 17 12 67 
32 1 40 8 51 58 25 12 48 54 67 
62 39 40 25 5 38 1 12 41 48 34 67 
32 1 24 39 41 48 67 
38 49 31 18 5 1 12 50 23 44 40 34 67 
8 34 40 1 64 59 62 67 
62 39 40 1 43 49 58 20 67 
25 5 38 1 40 32 10 44 54 67 
62 1 40 8 51 35 34 41 48 54 67 
25 5 38 1 51 35 52 10 44 40 54 67 
2 22 3 6 21 26 66 
2 22 3 6 21 26 66 
2 15 3 6 21 26 66 
2 15 3 6 21 26 66 
2 20 3 6 21 26 66 
2 43 3 6 21 26 66 
2 15 3 6 21 26 66 
2 32 3 6 21 26 66 
2 15 3 6 21 26 66 
2 43 3 6 21 26 66 
2 47 3 6 21 26 66 
2 15 3 6 21 26 66 
2 32 3 6 21 26 66 
2 15 3 6 21 26 66 
2 43 3 6 21 26 66 
2 15 3 6 21 26 66 
2 15 3 6 21 26 66 
2 15 3 6 21 26 66 
2 15 3 6 21 26 66 
2 15 3 6 21 26 66 
2 43 3 6 21 26 66 
2 15 3 6 21 26 66 
2 9 3 6 21 26 66 
2 50 3 6 21 26 66 
2 15 3 6 21 26 66 
2 15 3 6 21 26 66 
2 50 3 6 21 26 66 
2 15 3 6 21 26 66 
2 43 3 6 21 26 66 
2 15 3 6 21 26 66 
2 15 3 6 21 26 66 
2 15 3 6 21 26 66 
2 15 3 6 21 26 66 
2 43 3 6 21 26 66 
2 51 3 6 21 26 66 
2 15 3 6 21 26 66 
2 15 3 6 21 26 66 
2 15 3 6 21 26 66 
2 15 3 6 21 26 66 
2 15 3 6 21 26 66 
2 50 3 6 21 26 66 
2 15 3 6 21 26 66 
2 15 3 6 21 26 66 
2 46 3 6 21 26 66 
2 15 3 6 21 26 66 
2 15 3 6 21 26 66 
2 15 3 6 21 26 66 
2 15 3 6 21 26 66 
2 15 3 6 21 26 66 
2 15 3 6 21 26 66 
2 40 3 6 21 26 66 
2 32 3 6 21 26 66 
2 50 3 6 21 26 66 
2 15 3 6 21 26 66 
2 32 3 6 21 26 66 
2 15 3 6 21 26 66 
2 32 3 6 21 26 66 
2 15 3 6 21 26 66 
2 15 3 6 21 26 66 
2 49 3 6 21 26 66 
2 15 3 6 21 26 66 
2 15 3 6 21 26 66 
2 43 3 6 21 26 66 
2 15 3 6 21 26 66 
2 18 3 6 21 26 66 
2 15 3 6 21 26 66 
2 15 3 6 21 26 66 
2 15 3 6 21 26 66 
2 15 3 6 21 26 66 
62 1 40 8 39 12 23 41 5 54 67 
