1 15 52 12 32 23 26 67 
1 52 17 12 32 23 26 67 
1 15 52 12 23 17 26 51 67 
18 17 1 52 12 23 26 67 
1 15 52 12 17 23 26 67 
1 15 17 52 12 23 26 51 67 
1 47 52 56 34 12 23 26 67 
18 17 1 52 12 23 26 67 
1 15 17 12 47 52 23 26 67 
1 18 52 12 23 26 67 
1 15 17 52 12 23 26 51 67 
15 55 1 12 23 26 67 
1 47 52 12 23 26 67 
1 15 52 12 23 26 67 
1 15 52 12 23 26 67 
1 15 52 58 34 12 23 35 54 42 67 
1 15 12 52 58 23 39 17 54 45 67 
1 15 52 58 34 49 17 12 23 51 67 
65 17 52 1 12 23 51 67 
8 60 48 38 1 12 23 15 17 67 
42 43 1 15 60 12 23 57 51 67 
51 44 59 40 17 35 1 5 31 12 14 67 
15 41 35 1 52 12 23 67 
15 43 1 54 34 12 32 52 23 53 67 
1 15 52 12 38 9 23 67 
49 17 52 1 33 12 23 67 
39 60 48 38 1 12 23 13 19 67 
1 49 17 12 58 52 23 51 67 
39 43 1 15 60 12 23 57 9 67 
8 42 48 54 1 15 52 12 23 19 67 
39 60 1 12 23 13 67 
1 15 52 12 23 44 51 41 67 
1 65 59 40 17 56 34 15 42 12 14 67 
1 41 59 43 15 52 58 34 12 9 35 67 
47 13 59 40 38 1 33 12 9 52 54 67 
1 15 14 40 52 58 34 12 9 67 
13 10 19 17 1 52 14 12 38 67 
1 65 56 34 17 15 42 12 50 67 
39 60 1 12 23 13 67 
51 43 1 15 52 12 23 58 9 67 
1 15 52 12 23 8 67 
43 13 59 14 1 47 33 12 9 67 
15 32 1 52 12 23 58 67 
13 41 59 18 57 56 1 15 44 12 35 67 
1 19 52 58 15 12 23 20 67 
24 41 48 38 52 47 70 
15 43 1 58 34 12 9 17 48 42 67 
1 49 17 52 12 23 58 51 67 
51 41 35 1 19 10 12 67 
48 57 5 60 13 35 70 
1 52 58 34 17 15 42 12 9 67 
1 15 52 12 23 58 51 41 67 
47 13 38 1 33 12 9 67 
39 33 1 12 51 31 67 
47 33 1 12 8 42 67 
39 33 1 12 13 35 67 
1 15 52 12 23 58 67 
47 33 1 12 9 39 67 
39 41 59 14 1 45 35 56 34 67 
48 51 35 1 15 52 12 67 
1 65 42 50 17 54 67 
1 15 52 58 34 12 9 35 54 42 67 
1 15 65 56 34 12 19 52 67 
1 15 52 58 34 12 9 53 67 
51 41 48 13 35 1 19 64 58 67 
47 33 1 12 9 54 67 
1 15 52 12 23 58 67 
20 1 59 40 17 34 12 56 52 60 67 
1 15 17 12 58 42 50 9 67 
60 1 19 64 25 50 67 
51 41 5 60 59 55 70 
58 56 34 60 1 59 67 
51 43 1 15 17 48 49 52 58 9 67 
1 15 52 58 34 12 9 35 54 42 67 
51 41 35 1 19 31 12 67 
13 56 34 35 1 19 67 
19 17 1 52 14 12 38 67 
1 15 65 56 34 12 50 35 67 
48 10 52 43 39 54 57 58 9 35 1 67 
13 35 1 19 17 48 52 58 14 67 
47 64 25 50 17 1 67 
1 41 59 15 17 42 54 52 51 25 56 67 
51 41 5 60 59 55 70 
51 41 59 14 1 40 31 48 9 67 
1 15 52 58 34 12 9 35 54 42 67 
41 56 52 31 59 10 51 40 17 1 67 
8 42 48 38 52 58 9 35 1 19 67 
51 41 59 40 17 8 34 57 24 1 35 67 
1 15 17 12 34 42 50 9 67 
48 13 35 1 19 52 58 67 
8 41 59 18 57 15 56 31 24 1 35 67 
50 43 8 18 57 15 56 51 1 14 67 
1 19 52 58 9 41 15 17 67 
48 38 35 1 19 52 54 67 
1 15 17 42 54 52 58 9 67 
50 17 1 45 38 9 62 67 
51 52 18 42 35 46 41 1 67 
1 15 17 42 54 52 58 9 67 
25 32 1 51 38 13 10 67 
24 41 5 60 18 56 70 
