40 43 38 44 10 34 69 
43 1 12 23 15 26 67 
43 1 12 23 32 26 67 
40 43 38 60 47 44 69 
57 1 62 14 60 41 59 18 20 15 5 39 67 
43 1 12 23 20 15 26 59 67 
1 65 39 43 12 23 67 
45 1 12 23 26 57 48 67 
60 1 12 23 26 45 56 67 
43 60 1 40 49 54 55 34 45 59 62 14 67 
45 1 12 23 26 57 60 59 67 
43 1 12 15 59 19 23 67 
60 1 12 23 46 45 56 67 
60 48 38 53 1 47 67 
10 1 9 38 44 59 42 43 12 50 20 35 67 
55 52 1 43 12 38 51 23 67 
60 1 12 39 38 23 50 9 67 
40 39 60 56 1 12 67 
60 1 12 59 43 15 9 57 23 41 67 
17 1 12 23 62 25 67 
60 56 1 12 51 24 43 38 23 67 
60 56 1 12 51 24 43 38 23 67 
60 1 12 59 44 53 47 34 45 43 15 9 67 
60 1 47 50 12 51 49 25 38 9 23 41 67 
1 65 12 32 60 59 44 67 
1 65 43 45 39 44 67 
48 1 12 59 43 40 49 45 54 23 67 
1 12 40 60 15 57 38 59 67 
10 1 12 60 15 9 59 42 67 
32 56 1 12 51 38 33 10 62 67 
60 56 1 12 51 43 47 18 15 67 
45 1 12 40 38 44 59 67 
17 1 62 25 39 12 46 32 56 24 67 
59 1 12 15 54 19 60 47 43 45 67 
60 1 43 54 49 32 56 12 45 15 9 67 
65 1 47 50 40 43 38 44 12 51 49 67 
40 49 54 41 15 43 1 67 
60 1 38 50 9 43 59 67 
32 1 60 47 24 35 50 34 67 
43 1 60 18 59 54 15 62 67 
57 1 62 43 54 59 8 14 60 67 
1 65 39 10 12 32 67 
32 60 40 49 54 59 1 38 47 67 
43 60 1 38 54 59 10 44 32 25 67 
43 1 40 60 59 62 14 44 53 33 67 
43 1 32 38 44 60 59 20 15 62 35 67 
59 1 62 14 60 44 53 35 50 10 47 67 
60 1 47 45 12 40 38 44 59 9 23 41 67 
32 56 38 33 10 62 69 
60 1 12 23 26 45 67 
10 1 12 23 26 57 62 67 
43 60 1 38 44 32 25 34 45 59 39 14 67 
60 1 9 12 23 26 59 38 67 
60 1 12 43 23 39 38 67 
17 9 45 1 43 12 23 15 67 
39 1 12 23 32 56 67 
60 56 1 12 51 24 43 38 23 67 
60 1 12 59 44 53 47 34 45 43 15 9 67 
40 39 60 1 47 50 67 
1 12 40 59 43 49 45 54 23 60 67 
54 1 9 12 51 32 50 38 67 
60 56 1 12 51 43 47 24 15 67 
43 1 54 49 32 56 12 67 
10 1 62 25 47 59 9 42 43 12 67 
10 1 9 59 42 43 12 50 20 35 5 67 
32 1 18 43 56 62 14 67 
57 1 60 18 59 20 15 62 67 
1 65 39 44 12 32 67 
60 56 19 48 38 53 1 47 10 67 
17 1 62 25 47 59 10 40 56 24 67 
60 38 1 57 50 9 43 59 62 8 15 67 
47 60 1 52 55 12 23 24 46 43 62 14 67 
32 56 62 14 40 43 38 44 10 34 47 69 
60 1 12 23 26 59 67 
43 1 12 23 15 26 59 67 
32 60 1 47 24 35 50 34 45 59 8 15 67 
60 1 12 23 20 15 26 47 67 
45 1 12 43 23 15 60 67 
60 1 12 39 38 23 50 9 67 
50 1 43 12 23 15 67 
59 15 1 12 47 43 45 23 38 67 
35 60 1 47 12 51 25 34 45 59 62 14 67 
50 1 43 45 52 40 67 
32 1 47 52 12 40 23 60 51 49 67 
43 1 12 60 15 57 38 32 67 
60 56 1 12 51 43 47 24 15 67 
45 1 12 40 38 44 59 67 
32 1 12 15 54 19 60 59 10 47 67 
1 40 24 5 44 48 12 38 53 45 25 67 
43 1 60 40 49 54 41 67 
59 1 65 47 50 9 15 44 67 
43 1 12 60 47 51 67 
40 56 19 43 38 5 1 50 10 67 
17 1 62 25 47 59 10 18 48 38 67 
59 1 18 49 43 65 17 35 50 10 47 67 
60 1 47 50 12 51 49 59 15 43 45 23 67 
60 1 12 23 26 45 67 
40 49 54 41 15 38 44 69 
43 1 12 23 26 47 40 67 
43 60 1 38 44 32 25 34 45 59 62 14 67 
