31 50 51 25 56 9 14 69 
8 1 12 23 35 38 67 
40 35 8 31 10 34 25 55 50 62 1 67 
1 40 17 12 50 23 26 67 
8 35 42 1 62 12 23 67 
19 35 8 31 10 40 47 1 12 17 50 67 
1 50 8 31 12 23 26 17 67 
40 54 31 42 8 1 12 23 67 
8 1 50 51 20 12 23 35 38 67 
19 40 47 1 12 38 24 67 
40 17 35 1 50 38 12 8 67 
8 1 40 34 10 12 50 23 35 43 67 
54 42 32 56 40 1 12 14 55 67 
8 1 31 34 10 12 19 64 62 43 67 
8 17 1 19 40 55 67 
17 35 42 1 8 50 40 67 
35 42 1 34 40 14 32 55 67 
19 17 35 34 40 1 50 14 55 67 
40 54 50 25 8 35 34 41 31 1 67 
8 1 12 50 23 26 67 
8 1 12 50 23 26 67 
8 1 12 18 23 26 67 
8 1 12 23 50 26 67 
8 1 12 31 23 26 67 
8 1 12 50 23 26 67 
8 1 12 50 23 26 67 
8 1 12 50 23 26 67 
8 1 12 50 23 26 67 
8 1 12 5 23 26 67 
8 1 12 48 23 26 67 
8 1 12 50 23 26 67 
8 1 12 50 23 26 67 
8 1 12 50 23 26 67 
8 1 12 23 50 26 67 
8 1 12 50 23 26 67 
8 1 12 50 23 26 67 
20 1 12 18 23 26 67 
8 1 12 23 50 26 67 
8 1 12 31 23 26 67 
8 1 12 31 23 26 67 
8 1 12 60 23 26 67 
8 1 12 50 23 26 67 
8 1 12 23 50 26 67 
8 1 12 50 23 26 67 
8 1 12 50 23 26 67 
8 1 50 12 23 26 67 
8 1 12 50 23 26 67 
8 1 12 50 23 26 67 
8 1 12 31 23 26 67 
8 1 12 50 23 26 67 
8 1 12 23 50 26 67 
8 1 12 50 23 26 67 
52 1 12 31 23 26 67 
8 1 12 50 23 26 67 
8 1 12 50 23 26 67 
8 1 12 23 50 26 67 
8 1 12 50 23 26 67 
8 1 12 50 23 26 67 
8 1 12 23 50 26 67 
8 1 12 50 23 26 67 
8 1 12 50 23 26 67 
8 1 12 49 23 26 67 
8 1 12 31 23 26 67 
8 1 12 31 23 26 67 
8 1 12 50 23 26 67 
8 1 12 23 49 26 67 
8 1 12 50 23 26 67 
35 1 12 23 50 26 67 
8 1 12 50 23 26 67 
8 1 12 50 23 26 67 
8 1 12 18 23 26 67 
8 1 12 50 23 26 67 
8 1 12 50 23 26 67 
8 1 12 23 31 26 67 
8 1 12 50 23 26 67 
8 1 12 50 23 26 67 
8 1 12 50 23 26 67 
8 1 12 50 23 26 67 
8 1 12 18 23 26 67 
8 1 12 23 50 26 67 
8 1 12 50 23 26 67 
8 1 12 50 23 26 67 
8 1 12 50 23 26 67 
8 1 12 50 23 26 67 
8 1 12 18 23 26 67 
8 1 12 50 23 26 67 
8 1 12 50 23 26 67 
8 1 12 50 23 26 67 
8 1 12 50 23 26 67 
8 1 12 23 50 26 67 
8 1 12 50 23 26 67 
8 1 12 50 23 26 67 
8 1 12 23 50 26 67 
8 1 12 50 23 26 67 
8 1 12 50 23 26 67 
35 1 12 50 23 26 67 
8 1 12 50 23 26 67 
8 1 50 12 23 26 67 
8 1 12 50 23 26 67 
40 1 50 38 12 8 67 
