8 54 44 33 48 40 20 69 
43 53 44 1 12 23 67 
44 1 43 53 34 62 47 32 51 54 58 20 67 
18 1 42 12 59 54 23 67 
10 1 43 44 12 5 23 26 67 
53 51 44 18 1 12 67 
44 1 43 53 34 62 32 48 45 47 54 12 67 
44 42 18 53 8 1 43 12 23 67 
33 43 5 44 1 31 12 67 
1 43 53 51 44 18 12 54 67 
43 64 54 18 1 42 12 59 23 65 67 
18 1 50 42 15 43 19 31 12 67 
33 1 43 31 12 5 9 45 56 17 67 
44 1 43 9 5 53 54 38 12 41 25 67 
9 20 44 1 43 53 67 
64 1 57 53 34 54 18 42 12 59 23 65 67 
44 1 53 54 9 43 38 67 
13 59 48 45 44 1 53 54 67 
42 1 43 53 8 15 44 64 17 67 
18 1 43 53 54 62 51 60 17 15 67 
18 1 43 53 42 13 54 32 51 58 20 67 
43 1 44 12 53 23 26 67 
43 1 44 12 5 23 26 67 
17 1 44 12 20 23 26 67 
43 1 44 12 53 23 26 67 
43 1 44 12 5 23 26 67 
43 1 44 12 53 23 26 67 
43 1 44 12 53 23 26 67 
43 1 44 12 5 23 26 67 
43 1 44 12 53 23 26 67 
43 1 44 12 5 23 26 67 
1 12 43 25 5 23 26 67 
43 1 44 12 5 23 26 67 
43 1 44 12 5 23 26 67 
1 12 43 32 5 23 26 67 
43 1 44 12 5 23 26 67 
43 1 53 44 12 23 26 67 
43 1 44 12 5 23 26 67 
43 1 44 12 53 23 26 67 
1 12 43 13 5 23 26 67 
1 52 12 43 53 23 26 67 
43 1 44 12 53 23 26 67 
43 1 44 12 5 23 26 67 
43 1 44 12 53 23 26 67 
1 12 43 44 53 23 26 67 
39 1 44 12 53 23 26 67 
43 1 44 12 53 23 26 67 
43 1 44 12 53 23 26 67 
44 1 43 12 55 23 26 67 
43 1 12 13 5 23 26 67 
43 1 44 12 53 23 26 67 
1 12 17 44 5 23 26 67 
43 1 44 12 50 23 26 67 
43 1 44 12 5 23 26 67 
43 1 44 12 53 23 26 67 
43 1 53 44 12 23 26 67 
25 1 44 12 53 23 26 67 
1 12 17 44 5 23 26 67 
1 12 17 44 5 23 26 67 
43 1 50 44 12 23 26 67 
1 44 43 12 53 23 26 67 
43 1 44 12 5 23 26 67 
43 1 44 12 53 23 26 67 
43 1 44 12 53 23 26 67 
43 1 44 12 53 23 26 67 
44 1 43 12 5 23 26 67 
43 1 44 12 5 23 26 67 
43 1 44 12 53 23 26 67 
43 1 44 12 53 23 26 67 
43 1 42 12 53 23 26 67 
43 1 44 12 53 23 26 67 
43 1 38 12 53 23 26 67 
43 1 44 12 5 23 26 67 
43 1 44 12 5 23 26 67 
43 1 44 12 53 23 26 67 
43 1 44 12 53 23 26 67 
43 1 44 12 53 23 26 67 
1 12 43 59 53 23 26 67 
43 1 56 12 53 23 26 67 
44 1 43 12 5 23 26 67 
43 1 44 12 5 23 26 67 
1 12 43 42 53 23 26 67 
1 17 44 12 5 23 26 67 
43 1 44 12 53 23 26 67 
43 1 44 12 5 23 26 67 
43 1 44 12 5 23 26 67 
48 1 44 12 53 23 26 67 
43 1 44 12 53 23 26 67 
43 1 44 12 53 23 26 67 
43 1 44 12 5 23 26 67 
43 1 56 12 53 23 26 67 
43 1 44 12 53 23 26 67 
43 1 44 12 5 23 26 67 
43 1 44 12 53 23 26 67 
14 1 44 12 53 23 26 67 
43 1 44 12 53 23 26 67 
43 1 44 12 53 23 26 67 
43 1 44 12 53 23 26 67 
43 1 44 12 5 23 26 67 
18 1 42 51 54 12 59 23 67 
