38 17 10 60 13 24 70 
3 6 12 22 21 28 66 
3 6 12 22 21 28 66 
39 46 65 45 38 17 10 60 13 70 
38 48 43 60 10 50 45 9 1 47 56 25 67 
53 2 12 22 45 28 66 
53 2 12 22 27 28 66 
3 23 12 40 7 28 66 
53 2 12 22 27 28 66 
3 6 51 22 26 28 66 
39 1 12 38 2 23 67 
39 1 12 5 43 23 67 
39 1 12 26 2 23 67 
39 5 15 1 12 23 43 26 67 
3 6 33 22 21 28 66 
50 45 9 1 47 56 67 
50 45 43 60 38 65 1 12 42 19 47 59 67 
53 2 12 22 45 28 66 
8 65 1 60 50 12 23 67 
3 6 33 22 21 28 66 
39 1 12 38 2 23 67 
8 65 1 60 50 12 23 67 
34 5 15 1 12 23 43 26 67 
49 14 24 1 12 23 43 45 67 
3 23 12 40 7 28 66 
3 6 14 22 26 28 66 
50 5 15 1 12 23 43 45 67 
50 40 43 60 51 13 24 14 38 17 1 42 67 
50 1 12 38 40 43 67 
38 1 43 60 10 25 12 23 50 32 67 
49 14 24 1 12 23 43 45 38 67 
50 5 9 1 12 23 43 54 47 67 
48 1 12 50 23 65 67 
38 48 43 60 42 1 34 12 23 65 25 47 67 
48 65 1 38 50 39 12 67 
38 45 9 56 50 1 12 43 67 
38 45 19 56 50 1 12 48 67 
49 45 43 54 38 65 1 12 42 19 60 35 67 
50 45 9 1 47 58 44 12 25 67 
14 5 15 1 64 60 10 12 23 42 67 
39 1 65 45 9 54 47 56 12 67 
14 1 5 18 42 50 67 
50 45 9 42 1 47 56 12 53 15 67 
50 45 10 54 1 47 56 12 53 15 67 
50 45 9 42 1 44 12 25 60 47 56 67 
38 65 1 60 42 12 48 67 
55 48 43 60 46 14 1 42 12 45 38 67 
50 1 12 38 40 43 67 
39 14 24 34 5 1 50 67 
50 48 1 60 19 44 14 67 
38 43 18 1 40 60 10 25 67 
14 35 15 60 38 65 1 39 12 47 23 59 67 
17 5 15 45 9 42 1 47 67 
50 40 24 1 43 41 9 53 45 67 
39 1 8 65 50 45 9 47 15 67 
20 1 44 65 10 25 59 60 49 32 67 
20 1 44 8 65 50 48 43 60 32 67 
50 45 9 42 39 17 5 15 1 47 56 67 
50 45 9 42 39 1 34 59 43 47 56 67 
3 6 12 22 21 28 66 
38 17 47 60 13 24 70 
53 2 12 22 27 28 66 
53 2 12 22 45 28 66 
3 6 25 22 21 28 66 
39 1 12 38 2 23 67 
9 1 12 34 5 15 23 67 
39 5 15 1 12 43 23 26 67 
3 23 12 40 7 28 66 
3 6 62 22 26 28 66 
14 5 15 1 39 12 47 23 67 
50 40 43 60 10 13 24 14 38 17 1 42 67 
49 14 24 1 12 23 43 45 38 67 
14 1 5 18 12 23 67 
38 48 39 1 12 43 60 24 67 
50 45 43 54 38 65 1 12 42 19 47 59 67 
50 1 43 60 10 25 12 23 45 9 67 
49 14 24 1 8 65 60 50 12 67 
39 1 34 50 59 42 67 
50 45 9 54 1 47 56 12 53 15 67 
50 48 1 60 42 12 43 67 
50 45 10 54 47 14 1 42 56 12 53 67 
39 1 12 50 59 43 67 
49 14 24 34 5 15 1 67 
50 45 43 60 38 1 34 12 23 65 42 19 67 
17 5 15 45 9 42 1 47 67 
50 40 43 41 9 39 1 45 47 67 
38 1 43 17 64 60 10 31 50 32 67 
38 48 43 60 50 45 9 1 47 56 25 67 
3 6 12 22 21 28 66 
50 59 10 60 13 48 70 
53 2 12 22 27 28 66 
53 2 12 22 45 28 66 
3 23 12 40 7 28 66 
3 6 33 22 21 28 66 
39 1 12 5 2 23 67 
8 65 1 60 50 12 23 67 
39 5 15 1 12 47 23 26 67 
3 6 62 22 26 28 66 
14 5 15 1 12 23 42 8 67 
55 48 43 60 46 14 38 1 50 45 9 47 67 
