62 32 58 46 9 42 69 
22 1 12 27 23 2 67 
62 32 58 46 52 47 69 
35 25 43 52 62 47 41 1 19 20 58 5 67 
58 1 12 27 23 2 67 
58 1 12 45 23 2 67 
58 1 12 27 23 2 67 
62 1 12 14 23 59 67 
33 1 19 64 12 26 23 67 
19 64 5 42 1 34 67 
62 34 1 12 49 24 65 51 20 40 32 46 67 
62 1 19 64 59 12 23 67 
8 1 58 12 25 24 23 67 
44 64 59 1 56 58 12 23 67 
35 25 43 52 62 47 41 1 19 20 58 5 67 
9 64 59 1 56 12 14 23 67 
59 1 12 40 19 58 67 
9 1 12 14 23 39 67 
59 1 12 58 38 62 5 32 23 51 67 
59 1 40 19 64 12 24 23 58 67 
55 43 58 1 47 64 12 62 23 67 
62 34 1 12 49 24 9 51 45 23 42 38 67 
25 1 19 64 12 47 24 67 
1 25 47 12 58 38 45 39 67 
8 39 40 25 47 24 1 12 35 44 45 13 67 
1 25 47 12 24 42 35 44 67 
62 13 40 47 1 12 23 19 54 33 67 
55 13 46 1 50 62 31 34 12 67 
33 1 47 64 12 26 23 67 
1 25 47 58 64 12 38 45 39 67 
62 32 58 55 1 13 67 
25 47 24 1 12 8 35 44 45 13 67 
59 1 58 38 12 8 55 62 5 32 67 
8 1 19 64 59 44 12 67 
62 34 1 47 13 25 19 38 33 64 12 67 
62 13 40 1 58 12 34 44 49 50 17 67 
62 1 12 59 40 19 67 
47 1 19 64 59 13 40 67 
62 1 55 13 46 50 31 67 
55 44 46 1 5 42 34 52 67 
55 44 46 1 5 42 34 52 67 
47 1 55 19 13 43 59 44 52 67 
8 39 40 62 19 1 50 59 12 23 45 13 67 
55 33 58 1 62 46 9 49 24 67 
55 33 40 1 32 58 46 9 25 49 67 
1 25 14 32 40 47 58 44 45 46 67 
41 47 40 1 43 32 58 15 9 51 24 67 
52 47 40 1 43 32 58 15 9 51 24 67 
62 32 58 46 52 13 69 
58 1 12 27 23 2 67 
46 1 47 64 12 62 23 67 
47 13 40 62 1 55 44 46 52 57 19 51 67 
8 58 59 1 12 25 24 23 67 
62 1 12 48 23 34 67 
59 1 40 19 64 12 24 23 58 67 
62 13 40 1 32 46 58 38 9 50 12 17 67 
1 25 47 12 58 38 45 39 67 
59 1 20 40 25 12 24 23 35 44 67 
33 1 47 64 12 26 23 67 
55 33 58 1 34 59 12 40 19 67 
8 13 5 42 1 40 67 
58 13 40 47 1 12 25 24 34 41 67 
62 1 19 64 59 12 14 67 
62 13 40 1 58 12 34 44 49 50 17 67 
59 1 12 40 19 64 67 
25 47 24 34 41 64 1 67 
8 40 46 52 43 49 1 25 67 
47 13 40 1 43 59 44 52 12 24 23 58 67 
47 13 33 1 19 64 39 5 42 67 
62 47 24 1 54 38 40 19 34 25 67 
34 32 40 1 58 19 64 43 49 39 17 67 
55 13 46 52 43 49 58 40 69 
58 1 12 27 23 2 67 
58 1 47 64 12 62 23 67 
47 13 40 1 43 32 58 60 49 54 19 51 67 
44 48 59 1 56 58 12 23 67 
62 1 12 14 23 13 67 
62 39 40 19 1 64 59 12 23 67 
8 39 40 1 32 46 52 62 47 25 12 24 67 
44 64 48 62 1 12 25 47 67 
59 1 12 58 38 62 5 32 23 51 67 
33 1 47 64 12 26 23 67 
59 1 40 19 52 12 33 62 64 67 
1 32 58 46 9 25 67 
39 40 1 32 12 8 55 44 45 46 67 
33 1 39 64 12 58 24 67 
8 13 40 58 62 1 12 46 9 51 5 67 
1 12 58 46 9 51 67 
62 1 55 44 46 52 57 67 
19 64 39 1 5 42 34 62 67 
8 39 40 52 62 47 1 25 12 24 23 51 67 
47 13 40 1 10 64 43 32 58 67 
59 1 19 64 5 42 46 49 24 9 67 
47 40 1 43 32 58 60 49 54 19 51 67 
34 32 40 19 64 43 49 58 39 69 
58 1 12 27 23 2 67 
62 1 19 64 59 12 23 67 
47 13 40 1 43 32 58 60 49 54 19 51 67 
8 5 1 47 12 62 40 23 67 
62 1 12 40 23 13 67 
