40 24 41 15 5 35 53 70 
32 2 12 4 8 6 22 28 66 
32 2 12 4 8 6 22 28 66 
40 24 51 8 41 19 33 59 15 35 13 70 
1 59 64 52 15 8 51 5 24 34 43 60 67 
1 12 33 8 32 23 67 
32 2 12 19 60 13 22 28 66 
48 2 12 14 8 6 22 28 66 
32 2 12 4 8 5 22 28 66 
10 2 12 53 32 28 22 66 
48 2 12 14 8 6 22 28 66 
32 2 12 4 8 5 22 28 66 
49 2 12 19 60 13 22 28 66 
1 43 64 60 24 41 67 
65 33 32 1 15 51 8 59 12 10 17 45 67 
1 35 12 23 32 59 15 67 
32 2 12 8 53 28 22 66 
1 35 12 23 9 8 51 67 
1 59 5 49 39 12 23 41 67 
32 8 38 42 45 52 65 33 59 24 9 1 67 
1 33 59 15 64 12 46 23 67 
1 12 33 43 19 59 67 
1 59 15 64 12 46 23 57 24 41 67 
65 33 1 40 24 15 12 59 23 67 
1 12 33 8 35 23 67 
5 49 39 1 59 12 23 41 10 67 
1 41 38 42 24 52 9 12 23 56 40 60 67 
1 33 12 53 8 38 47 67 
1 59 49 12 47 24 15 41 67 
1 33 64 52 15 46 35 59 12 10 43 60 67 
1 41 38 42 64 12 24 52 67 
43 5 40 1 59 24 47 39 12 23 67 
43 47 40 51 1 12 46 15 65 67 
1 43 64 60 24 59 67 
1 33 52 65 59 15 64 12 46 67 
15 8 51 1 52 46 59 12 10 17 67 
1 8 38 42 5 40 24 12 33 9 67 
1 5 40 24 12 33 8 67 
1 15 51 8 59 12 10 17 45 35 13 67 
1 41 43 12 50 64 5 48 56 40 60 67 
1 12 33 8 19 15 67 
1 59 15 8 33 51 49 67 
65 33 41 15 5 35 1 67 
32 20 1 64 5 8 33 17 67 
1 8 25 42 39 45 24 59 67 
1 59 15 49 51 33 53 32 10 67 
59 33 40 1 5 49 39 12 23 38 17 45 67 
1 33 32 65 42 24 52 9 53 67 
32 8 38 1 59 5 24 42 43 52 67 
15 8 51 1 59 5 24 64 62 46 67 
1 24 51 8 41 53 33 59 15 35 13 67 
1 43 51 8 49 39 65 15 64 33 32 67 
32 2 12 4 8 6 22 28 66 
40 24 41 53 33 59 15 70 
32 2 12 14 8 6 22 28 66 
32 2 12 4 8 24 22 28 66 
49 2 12 19 60 13 22 28 66 
32 2 12 8 53 28 22 66 
1 43 12 23 64 5 48 67 
32 8 38 42 45 52 65 33 59 24 9 1 67 
1 12 59 15 51 23 32 19 67 
1 59 15 64 33 5 12 46 23 67 
24 41 32 1 53 38 42 59 12 10 17 45 67 
1 59 5 49 12 47 24 15 67 
15 8 51 1 59 5 24 39 12 23 67 
1 33 38 60 24 42 67 
1 59 15 33 40 51 12 46 43 67 
15 8 51 1 59 5 24 39 12 10 67 
1 5 12 53 15 54 20 67 
1 33 38 42 24 52 15 12 51 43 60 67 
1 12 33 8 51 24 67 
1 59 15 8 51 5 24 67 
1 33 59 15 51 8 49 39 67 
1 59 15 64 46 52 9 12 23 57 24 41 67 
1 33 32 65 42 24 52 9 53 67 
15 49 51 1 33 59 53 32 10 17 67 
1 15 19 51 43 60 24 41 32 42 40 67 
40 33 59 15 64 24 41 5 70 
32 2 12 4 8 6 22 28 66 
32 2 12 10 8 6 22 28 66 
32 2 12 4 8 24 22 28 66 
32 2 12 59 8 5 22 28 66 
1 15 12 23 32 59 19 67 
10 2 12 53 32 28 22 66 
1 41 38 42 24 52 40 15 5 35 53 60 67 
1 59 5 49 39 12 23 41 67 
33 59 15 51 1 12 64 46 23 67 
1 59 32 42 24 52 9 5 49 39 12 33 67 
1 64 5 8 33 17 12 52 67 
1 59 15 64 12 46 23 18 32 45 67 
1 43 41 38 42 59 67 
1 59 15 64 33 5 12 46 49 67 
1 59 15 64 12 33 8 51 50 41 67 
1 33 15 59 64 12 8 67 
1 12 51 8 65 24 10 17 45 35 13 67 
1 12 33 8 38 47 67 
1 24 41 53 32 38 42 67 
1 64 5 14 8 51 49 39 67 
1 19 15 64 60 53 12 46 23 42 43 40 67 
1 59 15 64 33 5 49 39 25 67 
