59 31 46 10 42 40 25 69 
1 8 12 20 23 26 15 67 
1 8 12 20 23 26 15 67 
32 31 46 10 42 54 57 69 
1 54 46 42 32 24 49 56 14 33 8 15 67 
58 20 59 1 8 12 23 26 15 67 
1 8 12 53 23 17 13 67 
1 55 59 50 12 23 26 42 67 
8 52 59 1 12 23 20 26 67 
1 31 52 42 14 46 58 39 10 53 8 15 67 
58 59 15 1 8 38 12 23 26 67 
1 31 52 42 54 46 10 50 12 53 8 15 67 
42 31 46 10 58 39 1 67 
58 20 59 1 12 23 64 42 67 
58 53 59 1 20 12 23 64 67 
1 50 12 42 14 53 55 44 64 8 15 38 67 
1 8 12 53 23 17 14 67 
24 31 46 57 1 43 14 67 
54 57 1 42 12 20 8 23 39 67 
13 18 44 1 56 12 23 24 20 67 
24 15 8 52 20 1 12 23 42 14 67 
54 31 1 8 12 57 42 67 
1 51 12 43 31 8 20 23 13 15 67 
1 50 12 15 33 43 55 58 23 56 52 24 67 
13 18 59 42 60 1 44 56 12 23 24 67 
24 59 53 1 12 20 52 57 67 
51 43 59 1 12 60 33 20 67 
56 20 59 42 60 1 8 58 12 23 10 67 
1 8 12 57 31 43 17 14 53 67 
56 59 1 42 12 8 40 53 55 67 
57 31 1 8 12 17 14 67 
1 50 12 42 14 53 55 23 64 8 15 38 67 
52 59 53 54 1 12 5 33 8 42 67 
1 51 12 43 31 33 54 46 10 58 67 
24 57 1 56 14 53 65 12 9 52 42 67 
42 20 59 1 55 15 8 12 9 52 62 67 
24 59 53 1 8 20 46 57 67 
13 18 9 1 45 15 38 56 67 
32 55 59 1 56 60 8 54 20 67 
13 59 15 1 8 18 34 10 20 67 
25 59 15 1 31 33 56 20 9 14 67 
25 59 15 1 13 33 56 20 9 14 67 
25 59 15 43 20 14 31 65 1 13 33 67 
13 20 59 1 15 38 42 54 10 58 57 67 
1 8 12 20 23 26 15 67 
13 54 38 58 18 59 31 46 10 25 24 39 69 
58 20 59 1 12 23 8 26 67 
24 57 1 43 14 56 8 13 54 58 18 59 67 
58 15 1 8 52 12 23 26 18 67 
56 53 59 1 12 23 8 40 67 
13 31 52 42 32 59 1 12 5 33 8 15 67 
24 1 57 20 52 12 23 67 
1 54 46 24 57 56 14 67 
24 20 52 57 31 43 1 12 23 67 
59 15 8 52 20 1 12 23 42 45 67 
52 54 59 1 12 5 33 8 67 
56 20 59 42 60 1 8 58 12 23 10 67 
54 57 1 42 58 20 12 8 33 67 
42 31 1 8 12 17 14 67 
24 20 52 42 14 57 31 43 1 12 23 38 67 
1 51 12 54 46 10 58 39 38 57 67 
1 8 12 17 14 53 56 42 49 46 52 67 
13 18 59 1 45 15 38 56 67 
13 59 15 1 8 18 34 10 42 67 
13 62 15 56 20 1 54 46 10 50 67 
56 59 1 8 40 53 55 20 41 15 38 67 
1 8 12 58 23 26 15 67 
59 31 46 10 42 25 55 69 
33 52 59 1 12 23 26 20 67 
1 31 52 42 14 46 58 39 10 53 8 15 67 
13 18 59 1 56 12 23 26 44 67 
39 55 59 1 12 20 23 34 67 
1 8 12 17 14 53 56 52 5 33 18 20 67 
24 20 52 57 1 12 23 67 
55 31 46 51 42 59 1 67 
54 57 1 42 12 20 8 23 39 67 
58 59 53 40 20 1 12 23 64 42 67 
13 32 59 1 12 5 33 42 67 
24 20 59 1 57 18 12 23 31 46 10 67 
42 59 15 1 8 12 9 52 20 67 
1 54 46 10 50 12 42 67 
1 50 12 42 14 53 55 23 64 8 15 38 67 
1 51 12 43 31 33 20 52 14 57 67 
1 51 12 43 20 14 31 65 57 17 53 67 
56 59 53 1 8 40 20 41 67 
25 20 59 1 15 31 33 56 9 67 
13 59 15 56 20 42 60 1 8 58 67 
13 20 59 1 55 31 24 65 57 14 62 67 
1 8 12 20 23 26 62 67 
59 31 46 10 42 40 25 69 
39 55 59 1 12 20 23 26 67 
24 57 1 43 14 56 52 53 65 32 15 42 67 
13 18 59 1 56 12 23 26 44 67 
56 20 59 1 12 23 54 60 67 
1 8 12 17 14 53 62 31 33 50 57 46 67 
1 8 12 10 53 49 23 67 
1 8 13 54 58 18 59 67 
58 20 59 1 8 33 12 23 52 67 
42 59 15 1 8 52 12 20 55 23 67 
25 10 59 1 12 53 18 45 67 
