19 60 25 1 12 23 67 
19 60 25 1 12 23 67 
19 60 25 1 12 23 67 
19 31 25 1 12 23 67 
19 60 25 1 12 23 67 
19 60 25 1 12 23 67 
44 60 25 1 48 12 67 
19 60 25 1 18 12 67 
44 60 25 1 48 12 67 
44 60 25 1 48 12 67 
44 60 25 1 48 12 67 
19 60 25 1 18 12 67 
19 48 45 1 25 12 60 23 67 
19 1 62 41 25 12 60 23 67 
19 48 45 1 25 12 60 23 67 
19 17 1 33 51 8 25 38 12 23 67 
31 1 62 41 25 12 39 23 67 
64 19 1 46 51 58 25 12 23 52 67 
13 39 45 5 33 60 1 25 12 23 67 
31 1 62 48 51 56 39 33 50 47 41 67 
18 1 62 49 51 56 32 44 58 48 20 67 
19 58 1 44 48 20 12 23 67 
18 1 62 49 51 56 32 20 39 33 5 67 
44 58 1 48 20 12 23 9 25 67 
19 58 1 48 25 12 38 23 67 
18 51 1 20 46 38 56 41 50 45 62 67 
43 24 13 58 1 25 38 12 23 67 
18 48 1 62 49 58 20 60 25 12 8 67 
19 24 13 58 1 25 38 12 23 67 
19 60 51 48 33 1 25 12 23 44 67 
64 1 19 58 25 12 23 52 5 67 
54 31 17 33 51 8 55 13 1 12 67 
44 48 1 20 51 13 58 33 25 8 50 67 
47 31 65 33 51 48 8 1 62 25 12 67 
20 24 13 17 58 1 47 12 65 23 67 
44 48 52 1 25 12 59 20 67 
19 60 1 25 12 23 44 67 
19 58 1 65 12 23 52 67 
44 35 58 45 39 1 8 12 67 
60 39 45 19 58 1 25 12 33 52 67 
54 31 65 33 51 8 55 13 1 12 67 
49 48 1 20 51 56 39 18 34 12 8 67 
44 48 45 1 25 12 59 20 67 
8 50 1 20 10 45 5 41 18 12 67 
44 58 1 33 51 25 38 12 50 45 67 
19 58 1 41 50 25 38 12 67 
19 17 1 25 38 12 23 67 
19 24 13 58 1 25 38 12 23 67 
18 48 1 19 58 25 12 23 52 8 67 
44 58 1 20 46 38 33 40 34 12 8 67 
19 60 1 25 12 23 52 67 
19 58 1 25 38 12 23 67 
58 1 62 18 20 9 47 25 33 5 67 
44 48 45 5 1 25 12 59 20 67 
18 1 62 49 32 20 60 25 12 67 
8 50 45 5 33 9 24 39 51 1 67 
44 35 58 25 39 1 12 5 67 
8 1 62 48 25 12 33 50 67 
18 48 1 20 51 13 25 55 34 12 8 67 
44 58 1 33 51 13 25 8 50 45 67 
18 1 62 49 32 20 58 25 12 67 
51 1 62 49 42 31 25 12 41 67 
44 35 58 25 55 1 12 65 5 67 
20 24 13 17 55 1 12 65 23 67 
8 50 51 48 33 9 47 31 56 1 67 
19 58 1 25 12 23 52 67 
44 48 1 25 12 59 20 67 
44 1 35 58 25 12 5 33 46 67 
31 1 62 48 33 50 47 41 67 
18 51 56 41 39 1 50 8 67 
31 1 62 48 33 50 47 55 67 
31 1 62 25 12 41 39 67 
20 58 1 25 12 55 13 67 
51 1 62 49 32 18 33 9 47 67 
18 1 62 49 32 20 39 33 5 67 
31 1 62 41 39 24 25 50 67 
54 1 62 17 20 25 65 31 8 67 
44 48 1 25 12 33 9 67 
44 58 1 25 38 33 12 67 
31 1 62 48 33 50 47 55 67 
44 58 1 25 12 5 33 67 
51 62 49 1 48 32 18 67 
8 50 56 1 18 20 67 
44 58 1 25 38 33 9 67 
54 65 31 8 55 13 1 67 
54 55 13 1 18 20 67 
51 48 45 1 5 24 55 67 
51 1 62 49 32 18 33 9 47 67 
49 51 56 1 39 18 67 
8 50 45 1 5 41 18 67 
58 1 62 18 20 25 33 5 46 67 
8 51 56 1 50 45 67 
20 55 13 1 42 8 67 
8 50 45 5 33 9 24 39 56 1 67 
60 48 33 9 25 55 70 
60 44 64 5 32 54 70 
47 31 64 5 8 54 70 
60 48 33 9 47 65 70 
18 20 25 33 5 46 69 
60 39 33 9 47 65 70 
