54 33 10 39 17 60 47 62 40 70 
60 1 47 12 23 54 26 67 
43 1 47 12 23 26 33 67 
54 33 10 39 31 60 34 62 47 70 
47 33 10 54 62 64 19 1 50 39 17 60 67 
34 14 5 1 12 23 56 26 67 
34 60 62 1 12 23 67 
43 33 10 62 45 55 54 64 19 1 50 17 67 
34 14 47 10 1 12 23 26 67 
43 1 47 12 15 5 23 67 
54 1 47 12 23 9 33 67 
65 14 62 1 35 9 67 
39 56 10 1 45 55 54 64 19 60 35 12 67 
43 15 60 24 1 14 12 23 67 
1 15 60 24 47 12 23 54 67 
14 48 60 1 47 12 67 
24 62 15 1 14 12 56 23 18 20 67 
43 24 60 1 12 23 67 
54 1 12 23 51 32 33 39 59 67 
1 47 12 23 51 60 56 14 10 67 
43 24 10 14 47 60 41 1 54 44 5 12 67 
58 62 15 64 1 14 50 12 8 23 49 41 67 
43 39 55 54 1 47 12 67 
43 15 62 1 24 64 67 
43 62 41 10 65 14 1 47 12 23 67 
34 15 60 24 1 14 5 12 67 
34 60 20 62 15 1 14 12 67 
41 58 62 10 1 12 55 34 60 67 
41 58 62 10 1 12 55 14 39 67 
10 1 9 12 33 51 65 67 
24 62 15 1 14 12 34 47 10 19 67 
56 10 1 47 12 14 24 25 15 51 67 
56 47 32 60 10 1 12 14 52 25 15 67 
14 47 32 60 1 64 62 49 5 12 17 67 
43 1 47 58 62 55 50 67 
58 1 47 62 15 64 14 67 
43 14 47 10 1 15 24 62 67 
49 15 60 24 14 1 62 56 67 
60 45 39 43 33 10 5 1 47 67 
14 48 60 1 12 47 67 
60 45 39 43 33 10 34 1 47 67 
24 62 15 1 47 33 54 10 41 20 67 
24 62 15 41 10 14 64 19 1 50 67 
34 14 1 62 5 39 54 47 32 50 35 67 
41 14 62 10 1 18 19 50 54 33 49 67 
41 10 14 62 64 19 60 1 47 12 23 34 67 
41 14 55 54 33 10 62 70 
43 1 47 12 23 26 60 67 
43 33 10 62 45 55 54 64 19 1 50 17 67 
34 14 47 10 1 12 23 26 67 
65 1 47 12 23 54 14 67 
60 14 47 10 1 12 23 54 67 
47 33 62 1 12 23 67 
54 1 12 23 51 32 33 39 59 67 
43 33 10 62 5 39 54 1 12 14 35 47 67 
47 33 54 10 41 1 67 
24 62 15 58 1 47 12 23 60 55 67 
56 14 47 10 1 12 24 52 67 
60 1 39 10 54 14 45 12 9 67 
43 1 47 12 24 10 14 67 
24 62 15 1 14 12 41 10 54 33 67 
45 39 56 10 1 19 60 35 54 12 9 67 
41 10 1 58 62 55 14 67 
34 14 5 1 47 32 60 62 67 
34 15 60 1 12 24 67 
41 1 39 10 54 9 60 18 24 67 
45 33 15 1 14 5 49 24 62 56 67 
65 62 15 57 33 10 1 14 35 9 64 67 
43 15 24 62 64 34 14 5 1 12 23 56 67 
60 1 47 12 23 54 26 67 
41 39 55 54 33 10 15 70 
33 10 65 62 64 19 60 1 51 20 46 54 67 
34 14 5 1 12 23 56 26 67 
41 1 47 10 12 23 65 67 
34 60 47 10 62 1 12 23 67 
14 24 60 1 12 23 67 
1 47 12 23 51 60 34 62 59 67 
43 24 10 14 47 60 41 1 54 44 5 12 67 
34 62 24 15 1 14 67 
24 62 15 1 14 32 12 23 18 20 67 
56 14 47 10 1 12 24 25 67 
34 14 32 41 10 1 12 5 50 67 
54 1 9 12 33 51 39 67 
60 45 39 56 10 1 35 54 12 9 67 
34 15 60 24 1 64 19 14 5 12 17 67 
14 1 47 32 60 62 15 67 
34 14 5 1 43 47 56 10 67 
34 60 56 1 47 12 67 
33 54 10 41 1 58 62 55 14 67 
65 62 15 1 14 35 9 10 64 19 67 
45 62 47 57 33 10 1 50 55 54 60 67 
43 15 24 62 64 41 60 1 14 12 23 54 67 
60 1 47 12 23 54 26 67 
54 33 65 51 20 46 10 39 17 60 47 70 
41 10 14 62 18 19 1 50 54 33 49 15 67 
60 14 47 1 12 23 54 26 67 
60 1 43 47 12 23 54 67 
48 15 60 24 1 14 12 23 67 
34 60 62 1 12 23 67 
60 45 39 10 54 1 12 9 23 67 
