50 2 12 28 51 26 66 
64 2 12 26 28 50 66 
50 2 12 26 28 18 66 
50 2 12 26 28 20 66 
50 2 12 26 28 57 66 
64 57 1 4 8 12 23 67 
64 57 1 4 8 12 23 67 
18 57 1 4 8 12 23 67 
50 2 12 22 28 57 66 
50 2 12 22 28 57 66 
44 2 12 22 28 57 66 
44 2 12 22 28 46 66 
44 2 12 22 28 18 66 
18 57 1 4 8 12 23 67 
44 2 12 28 57 23 66 
18 57 1 48 8 12 23 67 
64 50 1 24 52 8 41 54 57 25 40 13 67 
55 57 1 48 51 24 10 35 15 64 59 67 
39 46 55 48 51 24 70 
24 57 1 25 43 8 39 45 50 10 67 
44 2 12 28 57 23 66 
44 2 12 28 57 64 66 
55 2 12 28 41 18 66 
55 2 12 28 51 24 66 
44 2 12 28 57 23 66 
44 2 12 28 64 50 66 
44 2 12 28 57 23 66 
18 57 1 48 8 12 23 67 
18 57 1 48 8 12 23 67 
18 57 1 48 8 12 23 67 
18 57 1 48 8 12 23 67 
18 57 1 12 25 8 23 64 67 
18 57 1 46 33 8 12 23 67 
18 57 1 46 33 8 12 23 67 
18 57 1 25 8 12 51 23 67 
44 1 33 46 50 25 43 12 67 
64 50 41 46 25 24 52 1 67 
18 57 1 46 64 41 24 52 67 
64 1 33 46 31 8 41 32 67 
18 57 1 46 25 8 12 33 67 
64 50 1 24 52 12 54 32 23 18 13 39 67 
64 50 1 25 43 12 54 35 23 18 67 
18 8 41 24 50 1 12 54 39 23 25 9 67 
18 50 41 24 52 54 1 12 39 23 25 64 67 
18 1 65 24 52 54 57 8 12 23 25 51 67 
18 8 41 9 57 1 25 12 33 64 44 45 67 
50 41 1 46 25 8 12 24 67 
64 50 1 25 43 12 60 35 23 18 67 
18 57 1 33 8 43 48 12 23 25 51 67 
64 50 1 25 43 12 54 35 23 18 67 
55 57 1 25 8 12 51 23 64 44 20 67 
18 50 1 12 54 39 23 25 52 67 
64 50 1 39 12 54 35 67 
18 57 1 46 25 8 12 51 67 
18 8 41 60 57 1 25 12 33 64 44 45 67 
18 1 41 24 39 52 57 25 8 12 33 64 67 
31 41 1 12 54 39 23 33 50 67 
18 57 1 33 8 12 23 25 51 62 17 67 
48 1 41 24 39 52 34 64 45 12 33 50 67 
18 57 1 25 8 12 23 64 44 20 17 67 
64 50 1 25 43 12 54 35 23 18 67 
18 57 1 25 8 12 51 67 
18 57 1 46 41 8 50 25 67 
18 57 1 39 12 13 64 67 
18 8 41 24 52 54 57 1 25 40 39 45 67 
64 50 1 12 54 35 23 24 18 67 
64 8 41 24 52 54 57 1 25 40 13 39 67 
18 57 1 39 12 13 55 67 
18 57 1 25 8 12 33 64 51 67 
18 57 1 25 43 12 48 64 24 51 67 
18 57 1 53 8 12 33 64 44 67 
64 8 41 24 52 54 57 1 25 40 13 14 67 
41 50 1 25 8 12 48 64 24 14 67 
18 57 1 25 8 12 33 64 41 67 
64 1 33 41 8 32 51 14 24 52 67 
64 57 1 25 44 50 35 8 60 52 67 
57 1 25 8 18 59 56 14 65 42 67 
41 50 1 12 54 39 23 24 14 67 
48 1 25 52 34 64 45 12 33 50 67 
55 41 1 33 50 25 48 57 24 67 
18 57 1 25 8 12 33 64 44 67 
18 57 50 39 40 1 25 67 
18 57 9 39 41 1 64 67 
41 50 1 25 8 12 48 64 24 14 67 
64 41 1 33 50 25 48 24 52 67 
44 50 60 25 39 41 8 17 1 5 43 67 
18 45 50 57 1 25 8 67 
18 57 1 25 8 43 48 39 59 24 52 67 
18 57 9 39 41 1 64 67 
18 57 1 25 8 39 45 50 10 12 31 67 
55 44 1 33 5 48 51 24 10 67 
41 8 1 33 50 25 48 64 45 67 
44 50 39 41 8 17 1 24 43 40 14 67 
18 57 1 25 8 12 51 62 43 40 14 67 
18 57 1 25 8 12 51 62 43 40 14 67 
18 57 1 25 8 12 51 62 43 64 14 67 
25 18 58 13 49 59 42 65 51 10 60 70 
55 48 51 24 10 35 15 70 
64 41 8 50 51 14 58 20 69 
39 46 56 14 65 9 70 
