47 1 44 53 12 8 35 23 67 
64 1 8 12 47 10 23 67 
3 40 4 2 6 22 26 66 
34 1 15 8 12 10 23 53 55 67 
34 1 8 12 10 23 26 67 
3 40 4 2 6 21 26 66 
44 40 4 2 6 22 26 66 
65 40 4 2 6 22 26 66 
17 40 4 2 6 21 26 66 
18 40 4 2 6 21 26 66 
44 40 4 2 6 22 26 66 
53 40 4 2 6 21 26 66 
65 40 4 2 6 22 26 66 
52 40 4 2 6 21 26 66 
18 40 4 2 6 21 26 66 
34 1 12 10 26 23 67 
3 40 4 2 6 22 26 66 
3 40 4 2 6 22 26 66 
34 1 12 10 26 23 67 
34 1 12 10 26 23 67 
34 1 12 10 26 23 67 
3 40 4 2 6 22 26 66 
3 40 4 2 6 22 26 66 
3 40 4 2 6 21 26 66 
3 40 4 2 6 21 26 66 
3 40 4 2 6 21 26 66 
3 40 4 2 6 21 26 66 
34 1 47 12 10 8 23 67 
33 1 8 12 53 14 23 67 
17 1 8 12 10 23 53 67 
34 1 8 12 10 23 53 67 
34 1 12 10 8 23 67 
34 1 12 10 8 23 67 
49 34 1 44 47 12 8 67 
34 1 47 12 10 8 23 19 67 
59 8 53 44 1 12 47 67 
34 1 12 10 8 23 67 
34 1 47 8 44 53 12 23 67 
1 18 47 17 53 14 44 12 23 39 67 
34 1 12 10 8 23 67 
55 1 8 12 47 44 53 23 67 
18 44 9 47 1 53 12 23 59 8 67 
18 9 47 1 53 59 8 44 12 23 67 
1 12 59 44 33 8 42 67 
18 44 9 47 1 53 12 23 39 24 67 
47 54 59 39 1 12 34 67 
55 1 8 12 47 44 53 23 67 
34 18 59 44 1 8 53 67 
5 51 59 44 1 8 13 67 
34 18 59 44 1 8 65 67 
14 40 54 58 24 53 1 47 44 12 67 
53 14 47 18 9 59 1 12 42 56 67 
8 40 9 47 1 12 34 43 62 60 67 
34 8 44 53 35 5 1 14 56 45 55 67 
8 40 9 44 1 12 33 49 67 
44 34 1 12 47 8 38 35 67 
31 43 47 24 1 53 14 40 64 62 35 67 
34 18 59 44 1 8 35 67 
34 1 47 58 8 12 32 9 13 64 67 
34 47 49 59 1 53 40 20 62 55 41 67 
34 1 8 44 53 12 47 58 23 67 
34 1 8 12 47 58 31 35 67 
34 1 8 12 33 49 19 55 67 
34 43 47 59 1 49 40 25 12 58 41 67 
34 1 47 58 31 8 35 43 67 
49 44 34 1 12 47 67 
47 1 8 44 53 12 23 39 24 67 
8 1 12 33 49 47 67 
34 1 47 58 31 8 35 24 67 
34 40 9 47 35 5 1 60 55 31 50 67 
34 40 9 47 1 8 49 14 35 60 67 
8 1 12 33 49 19 67 
34 1 47 58 31 8 35 44 67 
34 1 47 58 24 49 53 14 40 64 67 
34 1 8 49 12 44 67 
34 43 47 59 1 49 40 25 12 58 41 67 
47 44 34 1 8 24 67 
34 40 9 44 8 47 59 1 67 
47 1 8 44 53 12 23 39 55 67 
34 1 47 59 53 14 56 44 35 52 67 
47 44 34 1 8 53 67 
40 1 8 44 53 12 32 62 23 67 
34 40 43 47 59 1 49 12 58 67 
53 14 9 47 59 1 12 42 56 67 
47 51 34 40 9 1 67 
34 1 49 53 14 40 20 62 55 67 
34 32 9 47 35 5 51 59 1 12 45 67 
34 1 47 58 44 8 49 14 25 52 67 
34 40 9 47 1 35 60 55 31 12 45 67 
34 1 8 44 53 14 56 45 55 67 
34 1 8 44 53 49 19 14 40 67 
34 40 9 47 59 1 12 42 35 67 
34 1 8 49 14 44 67 
34 1 8 44 53 14 56 45 55 67 
34 40 9 47 59 1 12 45 35 67 
33 53 14 15 8 5 70 
44 53 14 56 8 5 70 
59 44 35 60 55 40 25 69 
44 8 5 51 13 43 25 69 
42 20 49 60 55 62 33 69 
