59 5 15 57 54 18 69 
25 46 60 45 39 9 44 17 5 1 64 10 67 
13 47 32 15 1 12 23 26 67 
13 15 65 38 1 12 23 26 25 67 
20 44 1 41 32 46 12 23 67 
25 46 60 45 19 32 44 1 41 12 64 10 67 
35 44 65 38 53 1 64 12 23 67 
20 32 46 44 1 12 8 67 
20 32 65 15 46 45 1 44 12 23 67 
51 47 65 59 14 44 1 12 33 43 23 67 
20 32 46 65 15 44 1 12 67 
24 44 1 25 38 62 40 15 12 67 
25 42 1 12 9 32 46 44 38 53 67 
20 34 24 52 59 32 46 45 1 12 53 67 
25 60 65 59 38 53 44 1 5 43 12 23 67 
51 47 14 44 1 40 24 67 
51 47 14 44 33 15 1 40 67 
25 32 1 15 18 45 46 38 64 67 
25 32 46 52 59 15 44 1 41 64 67 
53 38 24 52 17 39 15 1 32 62 35 67 
13 9 1 12 23 26 32 67 
32 15 1 12 23 26 25 67 
13 47 1 12 9 23 26 67 
25 60 1 12 23 26 65 67 
32 15 1 12 23 26 25 67 
32 15 1 12 23 26 25 67 
15 32 1 12 23 26 13 67 
15 32 1 12 23 26 13 67 
32 15 1 12 23 26 25 67 
32 15 1 12 23 26 25 67 
42 65 1 12 23 26 50 67 
13 9 42 1 12 23 26 67 
13 65 1 12 9 23 26 67 
32 15 1 12 23 26 25 67 
32 15 1 12 23 26 25 67 
15 32 1 12 23 26 13 67 
43 9 1 12 42 23 26 67 
32 15 1 12 23 26 25 67 
13 46 1 12 23 26 55 67 
25 60 1 12 23 26 65 67 
13 9 1 12 23 26 32 67 
42 32 1 13 12 23 26 67 
13 32 1 12 23 26 9 67 
32 15 1 12 23 64 26 67 
13 9 1 12 23 47 26 67 
13 9 1 12 23 47 26 67 
32 15 1 12 23 26 25 67 
13 32 1 12 23 26 44 67 
13 32 1 12 23 26 64 67 
13 9 1 12 23 42 26 67 
25 15 1 12 23 26 32 67 
15 32 1 12 23 26 25 67 
13 32 1 12 23 26 9 67 
13 32 1 12 23 26 64 67 
13 9 42 1 12 23 26 67 
15 32 13 1 12 23 26 67 
13 46 1 12 9 23 26 67 
25 15 1 12 23 26 32 67 
32 15 1 12 23 26 25 67 
15 32 1 12 23 64 26 67 
42 32 1 12 23 26 13 67 
13 9 1 12 42 23 26 67 
32 15 1 12 23 26 25 67 
13 9 1 12 32 23 26 67 
42 32 1 12 23 26 13 67 
13 32 1 12 23 26 15 67 
25 15 1 12 23 26 32 67 
15 32 1 12 23 26 25 67 
65 32 1 12 23 26 13 67 
35 44 1 12 23 26 56 67 
13 5 1 12 32 23 26 67 
13 9 42 1 12 23 26 67 
13 47 1 12 23 26 32 67 
15 32 1 12 23 26 25 67 
42 32 1 12 23 15 26 67 
32 46 1 12 15 23 26 67 
42 59 1 12 32 23 26 67 
13 32 1 12 23 26 44 67 
32 15 13 1 12 23 26 67 
32 15 13 1 12 23 26 67 
32 15 1 12 23 26 25 67 
25 15 1 12 23 26 32 67 
25 15 1 60 12 23 26 67 
15 32 1 12 23 26 25 67 
52 46 1 12 23 26 15 67 
52 46 1 12 23 47 26 67 
13 47 1 12 23 26 32 67 
15 32 1 12 23 64 26 67 
13 32 1 12 23 26 64 67 
15 32 1 12 23 64 26 67 
13 9 42 1 12 23 26 67 
13 46 1 12 23 26 55 67 
32 49 1 12 23 26 25 67 
33 46 1 12 23 26 55 67 
25 60 1 12 23 26 65 67 
15 32 1 12 23 26 13 67 
13 32 1 12 23 26 42 67 
35 49 1 44 12 23 26 67 
32 15 1 12 46 23 26 67 
13 64 15 44 1 12 23 67 
