2 54 6 12 21 22 28 66 
44 1 13 39 12 23 26 67 
9 1 17 38 12 23 67 
2 54 6 12 21 22 28 66 
2 54 6 12 21 22 28 66 
44 1 54 39 12 23 26 67 
44 1 54 23 12 26 67 
9 1 54 38 12 23 67 
44 1 54 39 12 23 26 67 
9 1 17 38 12 23 67 
44 1 54 23 12 26 67 
9 1 17 38 12 23 67 
9 1 17 38 12 23 67 
44 1 34 39 41 42 14 67 
1 10 59 14 24 20 44 54 67 
2 54 6 12 21 22 28 66 
59 14 20 41 1 54 24 12 23 60 67 
20 1 10 31 50 34 67 
9 1 54 23 12 26 67 
44 1 54 23 12 26 67 
44 1 54 23 12 26 67 
44 1 54 38 12 10 67 
41 10 58 39 1 31 9 12 51 67 
2 10 52 6 12 22 28 66 
2 52 6 12 22 28 39 66 
2 9 6 12 22 28 38 66 
2 9 6 12 22 28 38 66 
1 10 44 48 50 12 23 26 67 
1 10 20 34 55 12 23 26 67 
1 10 44 54 50 12 23 26 67 
1 10 20 34 53 12 23 26 67 
2 52 6 12 22 28 39 66 
1 10 44 54 50 12 23 26 67 
44 1 10 54 24 12 23 67 
44 1 10 54 35 12 23 67 
44 1 10 54 24 12 23 67 
44 1 10 54 24 12 23 67 
44 1 10 54 24 12 23 67 
44 1 54 50 12 10 35 59 38 41 67 
44 1 10 31 50 54 12 67 
44 54 31 1 50 12 10 59 67 
8 1 10 31 32 12 50 23 67 
39 54 41 1 38 12 20 23 67 
39 54 20 1 59 12 10 23 67 
44 57 20 1 38 12 19 23 67 
44 57 20 1 38 12 19 23 67 
41 57 14 1 20 12 19 23 10 67 
39 54 1 43 12 10 31 59 51 23 67 
44 35 20 41 1 54 38 12 23 60 67 
41 57 14 1 20 12 19 23 10 67 
44 25 20 14 1 57 38 12 19 23 67 
14 1 34 53 12 10 67 
41 1 54 38 12 20 67 
39 10 54 1 31 43 12 51 23 67 
1 20 34 53 12 10 67 
1 20 39 32 12 14 67 
44 35 20 57 38 1 12 19 23 60 67 
39 10 54 1 31 43 12 51 23 67 
20 1 10 31 32 12 9 67 
1 10 54 38 50 31 32 12 67 
39 1 10 31 32 12 51 67 
50 38 41 14 1 10 31 59 54 12 67 
25 1 10 53 38 20 12 67 
41 1 59 14 24 20 54 12 67 
39 53 51 1 10 31 32 12 67 
1 50 38 41 54 10 31 59 12 51 67 
43 45 41 14 24 39 59 1 54 12 67 
39 10 31 38 1 45 32 12 67 
50 38 41 14 1 10 31 59 54 12 67 
1 10 31 50 38 41 54 12 51 67 
39 1 10 50 38 31 32 12 51 67 
44 58 8 1 57 38 20 12 19 67 
39 1 10 31 32 12 51 67 
51 13 20 58 8 1 67 
44 57 38 1 20 12 19 23 60 67 
25 53 51 58 8 1 44 35 67 
39 35 20 1 14 50 5 53 67 
41 1 54 38 58 20 67 
14 10 31 1 50 5 53 47 67 
51 58 8 1 20 25 44 17 12 67 
14 1 10 31 50 64 67 
14 1 10 31 50 5 53 67 
39 35 20 14 1 10 31 59 9 50 67 
43 45 24 39 59 1 67 
14 1 40 31 50 5 53 67 
14 10 31 1 50 5 53 49 67 
41 10 58 50 38 62 54 48 1 31 67 
39 35 8 1 20 14 44 50 60 67 
39 35 20 14 1 10 31 50 5 53 67 
41 10 58 50 38 62 54 48 1 31 67 
9 54 8 1 20 14 50 57 5 67 
14 1 10 31 50 5 53 67 
39 32 43 24 5 53 56 8 70 
51 58 8 1 20 14 44 13 56 67 
20 9 54 1 50 57 5 53 49 67 
46 41 9 8 14 31 54 69 
20 48 50 32 45 24 69 
20 9 50 57 5 53 69 
39 32 43 17 5 53 56 8 70 
14 1 10 31 50 64 25 67 
