53 56 5 38 47 33 70 
56 1 12 23 15 26 67 
32 56 20 41 44 47 70 
56 1 12 23 15 26 67 
62 48 38 20 1 25 53 18 58 56 42 10 67 
1 41 20 12 23 15 26 19 67 
56 1 12 23 15 62 67 
56 1 12 23 15 26 19 67 
41 1 12 23 15 26 19 67 
57 1 41 44 52 14 48 5 53 13 47 64 67 
56 1 50 51 12 23 65 26 67 
20 1 52 24 12 60 23 67 
56 1 40 24 12 23 15 67 
62 1 48 38 64 46 67 
20 1 41 44 53 32 62 56 15 9 51 12 67 
20 1 52 19 62 58 12 23 67 
53 32 51 1 12 23 48 25 67 
56 1 12 57 15 62 67 
15 47 9 5 20 1 12 38 64 23 67 
48 1 12 23 56 64 67 
54 51 25 1 12 23 48 34 41 67 
47 64 62 1 38 12 23 53 65 67 
53 1 41 44 56 47 12 18 52 24 17 14 67 
20 1 41 44 56 47 12 23 24 62 60 8 67 
32 51 52 24 53 1 12 67 
48 1 41 39 52 15 67 
19 32 62 56 1 12 53 15 25 23 67 
20 1 15 47 9 5 12 38 67 
53 32 41 1 12 19 62 43 67 
56 9 51 1 25 38 41 12 48 67 
20 52 51 1 25 38 24 12 13 67 
53 56 52 31 10 1 12 67 
20 1 19 33 56 52 62 58 12 48 67 
48 47 9 5 20 1 41 10 56 12 67 
48 38 62 20 56 41 1 12 19 43 53 67 
20 56 51 25 15 1 48 13 41 12 53 67 
20 1 56 51 25 15 48 67 
20 1 52 24 53 41 44 67 
9 14 1 5 8 25 34 41 67 
53 1 56 5 8 44 9 48 67 
53 56 1 52 42 10 24 41 9 67 
19 1 12 53 15 25 67 
53 56 1 48 41 52 57 47 9 67 
53 41 17 5 20 1 56 9 48 38 67 
56 9 1 48 41 19 38 35 51 52 67 
40 56 51 25 15 1 52 24 53 41 44 67 
48 38 62 20 56 52 15 51 1 9 40 67 
20 1 24 40 52 14 12 60 23 13 47 64 67 
56 1 12 23 65 26 67 
53 56 20 48 52 24 70 
56 1 12 23 15 26 19 67 
1 54 51 25 34 41 64 55 10 62 48 19 67 
56 1 50 9 12 23 65 26 67 
39 1 52 15 20 12 23 67 
56 1 38 9 12 23 65 17 67 
56 1 12 23 15 53 67 
41 9 14 1 17 12 23 53 48 67 
53 1 41 44 52 14 65 24 17 12 60 8 67 
1 41 64 20 53 55 67 
53 32 62 56 1 15 9 51 12 23 67 
20 1 12 19 62 56 51 25 67 
48 64 62 1 20 12 53 15 54 67 
20 1 52 24 12 15 53 67 
41 44 56 47 20 1 12 38 51 52 67 
62 64 38 20 56 52 15 51 1 24 12 67 
53 1 52 42 10 24 41 67 
1 52 20 53 55 56 5 47 67 
48 1 41 10 56 12 67 
57 1 48 5 53 13 44 47 64 67 
48 38 62 56 1 52 9 40 51 15 67 
62 48 38 20 1 25 53 56 52 42 10 67 
9 14 1 25 34 41 64 43 12 23 53 48 67 
53 56 52 42 10 24 41 70 
56 1 12 23 65 26 67 
56 1 12 23 15 26 19 67 
1 54 51 25 34 41 64 55 10 62 48 19 67 
1 19 56 5 12 23 54 26 67 
41 1 52 15 20 12 23 67 
53 32 51 1 12 23 48 25 67 
20 1 12 23 56 51 67 
56 9 14 1 17 12 23 53 48 67 
53 1 41 44 52 14 65 24 17 12 60 8 67 
62 1 48 60 64 46 67 
54 47 9 5 1 12 53 65 52 23 67 
41 1 12 19 62 43 42 58 67 
56 9 51 1 48 38 41 12 52 67 
20 1 52 24 12 15 53 67 
56 1 41 19 38 12 53 47 65 52 67 
53 19 5 38 56 9 47 10 52 1 12 67 
20 1 52 53 55 56 5 67 
62 1 38 9 48 64 46 51 67 
1 41 48 38 20 12 67 
15 1 48 19 51 38 41 47 64 67 
20 56 51 1 52 24 15 48 19 38 67 
62 48 38 20 1 25 56 52 15 47 19 67 
53 1 41 44 52 18 12 23 15 51 56 8 67 
56 1 12 23 15 26 67 
53 56 52 42 10 24 41 70 
56 1 12 23 15 26 19 67 
53 1 41 44 52 24 55 14 34 62 60 8 67 
