50 59 41 18 31 40 69 
1 12 23 41 18 26 67 
50 8 41 18 31 38 39 13 14 69 
1 12 23 41 18 26 67 
1 13 41 48 14 19 50 8 18 31 67 
41 1 12 18 19 23 57 26 67 
50 59 1 12 23 41 67 
5 1 12 18 23 57 26 67 
1 12 41 59 23 18 26 67 
19 1 48 14 62 18 5 41 44 40 67 
18 1 48 5 12 23 19 26 67 
5 1 48 14 62 8 59 52 12 18 67 
1 48 62 8 18 31 67 
35 1 38 12 48 31 23 67 
39 1 12 18 23 57 41 67 
41 1 48 18 62 8 24 5 12 38 67 
18 1 41 48 46 5 67 
41 48 62 1 12 31 67 
38 1 48 57 12 23 13 9 67 
59 1 48 41 12 38 18 23 67 
38 1 12 48 31 23 65 9 59 49 67 
41 1 12 18 19 23 67 
41 1 18 12 59 34 19 23 57 67 
41 1 12 48 31 19 18 23 34 67 
38 1 12 59 34 48 18 67 
48 1 40 5 62 12 38 67 
1 48 62 8 18 12 67 
38 1 48 57 12 23 13 9 44 40 67 
41 1 58 52 51 12 62 47 67 
5 1 10 52 12 18 42 25 67 
50 8 5 1 48 52 12 17 42 67 
1 12 48 14 34 38 39 62 25 67 
50 39 18 15 38 1 41 67 
50 39 18 15 41 1 20 67 
38 1 19 20 24 64 59 41 67 
38 1 19 57 59 41 18 31 67 
1 33 41 19 50 59 17 31 8 67 
50 8 41 32 31 38 19 1 62 67 
1 12 23 41 18 26 67 
50 59 41 18 31 40 69 
1 12 41 59 23 18 26 67 
38 1 48 14 62 8 59 34 18 40 67 
18 1 48 12 5 23 19 26 67 
48 1 40 5 12 59 23 67 
1 12 38 48 14 8 59 34 18 40 67 
1 48 62 33 41 19 67 
38 1 48 14 12 23 65 62 67 
1 12 23 41 18 19 67 
1 62 48 12 38 19 23 8 33 67 
1 59 48 52 41 12 17 67 
1 59 41 48 12 38 67 
1 13 41 48 14 19 52 65 12 23 67 
38 1 19 15 57 41 12 62 67 
1 33 41 19 59 49 12 38 60 67 
39 1 41 48 62 8 18 67 
38 1 19 20 24 65 48 9 67 
50 8 19 1 48 18 31 62 58 67 
50 62 48 59 41 18 31 8 69 
5 1 12 19 23 59 26 67 
38 1 48 14 62 8 59 34 18 40 67 
18 1 41 12 23 65 35 26 67 
48 1 12 59 23 58 52 67 
1 20 12 33 14 18 53 55 9 5 67 
19 48 62 8 38 1 67 
41 1 12 18 19 23 57 48 67 
41 1 12 23 18 65 67 
1 13 41 19 52 65 12 23 9 67 
38 1 41 45 60 20 12 67 
1 59 41 48 12 38 67 
5 62 8 33 1 12 19 23 57 54 67 
39 1 48 57 12 62 8 9 67 
18 1 20 12 55 9 5 45 31 67 
38 1 41 45 18 19 48 67 
38 1 19 20 24 65 48 9 67 
50 8 18 1 40 5 20 48 41 67 
50 8 18 60 40 5 20 48 41 69 
39 1 41 12 23 57 26 67 
1 62 8 33 14 18 53 31 46 49 67 
41 1 12 18 19 23 57 26 67 
38 1 12 59 23 42 34 67 
38 1 12 48 31 14 62 25 34 18 67 
5 1 41 18 31 48 67 
41 1 12 18 19 23 57 48 67 
24 1 41 12 19 23 67 
41 1 48 12 38 19 23 57 49 67 
38 1 41 12 18 19 48 67 
24 1 5 33 52 12 67 
1 62 8 33 12 23 41 18 19 48 67 
15 1 57 41 12 62 50 8 67 
1 48 18 12 59 34 19 62 8 67 
48 1 58 52 5 50 51 67 
38 1 19 20 24 65 48 9 67 
50 33 41 19 1 38 48 18 60 67 
50 59 41 18 31 8 69 
18 1 12 5 23 50 26 67 
38 1 48 14 62 8 59 34 18 40 67 
41 1 12 18 19 23 57 26 67 
5 1 12 18 23 57 19 67 
38 1 48 14 62 12 25 34 18 40 67 
19 48 1 62 8 17 67 
