64 8 1 17 12 15 23 44 26 67 
17 8 1 33 12 15 23 44 26 67 
64 8 1 17 15 12 23 18 26 67 
17 8 1 12 15 23 44 26 67 
64 57 1 12 23 49 5 44 26 67 
55 52 1 12 53 23 44 26 67 
64 57 1 12 15 23 44 26 67 
55 52 40 1 12 53 23 50 26 67 
64 1 17 15 12 40 8 14 23 67 
64 1 53 24 12 62 39 23 8 67 
46 40 44 17 8 65 19 52 1 67 
64 8 1 17 15 12 23 44 26 67 
53 8 1 15 14 10 17 5 35 67 
46 8 1 17 40 65 19 52 15 67 
24 51 1 15 12 23 39 55 31 67 
53 17 1 20 12 46 8 15 5 67 
53 43 1 15 64 24 17 31 5 67 
55 52 40 8 65 64 1 12 53 23 44 67 
9 52 1 10 12 40 8 14 58 67 
53 8 1 15 12 10 17 5 40 67 
25 52 1 10 12 46 8 17 49 67 
64 8 1 55 31 15 5 39 46 67 
53 8 1 55 52 12 23 67 
53 1 40 64 8 12 23 39 17 9 10 67 
64 51 44 17 1 53 25 12 23 46 32 67 
55 8 1 17 31 52 39 12 15 67 
53 43 1 15 64 8 12 23 39 67 
64 8 1 15 12 62 40 58 23 9 67 
46 8 1 10 17 40 12 53 23 39 44 67 
9 1 44 17 53 31 12 23 39 67 
1 51 44 17 15 5 35 8 58 40 55 67 
53 1 34 5 65 17 12 15 35 46 10 67 
64 8 1 15 12 23 9 34 46 67 
64 8 1 12 15 53 23 39 17 49 67 
58 8 1 12 19 15 5 35 43 49 67 
20 8 1 12 15 17 9 41 23 49 67 
55 53 1 10 17 12 15 31 46 8 49 67 
46 8 1 10 17 40 12 53 23 39 44 67 
49 8 40 55 31 54 1 39 25 12 67 
53 1 40 8 64 12 23 39 17 5 10 67 
53 1 40 8 65 17 15 34 5 33 39 67 
46 17 1 15 12 62 40 58 65 19 67 
64 1 53 39 12 23 46 67 
39 1 34 5 17 43 15 38 32 64 67 
53 1 40 8 65 17 15 5 12 9 10 67 
1 58 40 55 31 46 38 9 39 10 67 
64 8 1 12 15 31 65 41 23 49 67 
64 8 1 12 15 23 44 26 67 
9 1 53 31 12 23 17 67 
64 8 1 39 12 15 23 67 
55 1 34 17 53 39 12 23 8 10 67 
17 1 53 15 5 35 46 10 14 49 67 
53 8 1 10 17 12 15 5 40 58 62 67 
55 8 1 17 31 46 10 24 40 12 67 
50 17 1 55 31 46 10 24 67 
53 1 34 5 65 17 15 33 46 54 10 67 
64 8 1 5 53 17 15 34 67 
52 8 1 39 12 15 17 67 
53 17 1 15 12 62 5 35 46 23 67 
50 17 1 46 40 8 65 19 67 
49 8 1 39 25 12 17 67 
55 1 53 17 15 31 46 10 24 49 67 
64 8 1 12 53 23 39 17 67 
9 8 1 39 12 17 15 67 
34 51 44 17 15 5 35 8 52 1 32 67 
53 8 1 17 31 15 5 38 42 12 67 
64 8 1 12 15 65 10 23 67 
1 58 40 8 65 17 15 39 25 9 10 67 
53 17 1 20 15 5 35 46 67 
53 17 8 1 15 5 12 67 
64 8 1 12 53 23 39 17 67 
64 8 1 39 25 12 15 67 
15 17 1 58 40 8 39 25 67 
53 8 1 39 12 15 17 67 
55 52 1 12 53 23 44 26 67 
46 40 8 65 19 52 1 67 
53 1 34 17 15 5 35 46 54 10 67 
64 17 1 12 58 40 8 39 67 
64 8 1 12 15 65 10 23 67 
64 1 53 39 12 23 8 67 
64 8 1 39 12 15 23 67 
64 8 1 12 65 10 15 23 67 
64 17 1 12 15 8 34 44 67 
9 17 1 12 15 14 65 62 67 
53 17 1 12 15 5 35 46 67 
46 8 1 10 17 12 15 31 40 58 62 67 
53 17 8 1 15 5 35 67 
64 8 1 12 53 23 39 17 67 
10 17 1 12 15 31 40 8 67 
58 40 8 39 25 62 1 67 
46 40 8 65 19 52 1 67 
53 17 1 12 15 5 35 46 67 
64 8 1 12 15 23 44 26 67 
10 40 8 39 25 53 1 67 
55 31 15 5 62 64 69 
55 31 15 5 8 39 69 
53 17 15 5 35 46 69 
10 38 43 64 48 59 65 70 
53 17 15 5 35 9 69 
9 14 58 62 19 42 5 40 69 
