65 1 12 40 9 23 26 67 
65 1 12 40 19 23 26 67 
62 1 40 48 12 23 67 
65 1 12 40 19 23 67 
62 1 12 40 19 23 67 
32 1 12 24 43 23 67 
62 1 12 40 19 23 67 
62 1 12 40 19 23 67 
65 40 1 19 12 23 20 67 
65 39 1 19 12 23 62 67 
62 1 12 40 19 23 20 67 
65 40 1 19 12 23 5 67 
65 1 12 40 19 23 60 67 
32 1 12 49 40 19 23 67 
65 1 5 19 12 64 67 
65 40 35 62 1 19 20 12 23 67 
34 40 1 19 12 14 23 51 33 67 
62 1 32 24 10 12 67 
65 1 5 19 12 10 67 
65 1 5 19 12 46 67 
34 40 1 19 12 32 23 51 33 67 
65 46 1 57 44 33 40 19 12 23 67 
34 40 1 19 12 32 23 38 33 62 67 
34 40 1 19 12 32 23 38 33 62 67 
33 40 1 34 38 19 12 23 67 
65 40 1 19 12 20 23 5 67 
62 24 1 19 20 12 23 5 38 32 67 
33 40 1 19 12 23 43 59 67 
65 40 1 19 12 23 5 38 67 
65 40 1 19 20 12 23 5 38 62 67 
10 40 1 33 12 19 32 23 67 
8 43 34 51 44 1 19 12 42 45 50 67 
65 5 43 51 44 1 19 33 8 12 32 67 
65 1 5 19 12 44 67 
24 1 62 12 19 50 23 5 43 67 
65 46 43 40 1 14 15 19 34 60 53 67 
34 40 1 12 19 32 23 38 33 67 
65 5 43 51 44 1 19 33 8 12 32 67 
64 24 43 51 44 1 19 38 10 35 52 67 
8 20 32 51 44 1 19 10 33 25 62 67 
32 1 12 43 24 14 20 67 
10 5 19 1 12 31 18 67 
65 46 43 51 1 19 33 8 12 32 53 67 
50 5 19 43 1 12 38 67 
62 1 32 24 19 38 67 
32 24 43 51 44 1 19 50 57 56 17 67 
65 5 43 51 44 1 19 8 58 12 42 67 
65 1 24 43 20 57 67 
45 24 43 57 65 1 19 33 5 12 67 
8 43 34 5 1 12 42 45 50 46 67 
65 1 60 43 57 56 67 
8 43 50 5 10 1 12 19 31 18 67 
65 5 43 51 44 1 19 38 42 53 39 67 
64 46 33 8 1 19 24 43 12 67 
8 43 1 19 20 10 33 34 40 12 67 
65 43 19 5 1 33 12 42 53 46 67 
10 40 1 12 19 32 23 5 38 67 
40 1 12 62 25 19 17 43 20 67 
14 15 1 24 19 34 67 
10 1 12 62 25 19 17 18 58 67 
34 40 65 62 25 1 58 12 42 67 
65 5 9 19 24 1 12 67 
64 46 19 18 1 24 43 12 53 67 
65 40 1 19 12 23 5 38 67 
43 1 65 62 57 51 34 49 8 67 
62 1 32 24 19 38 67 
8 43 1 34 12 42 45 50 67 
64 10 35 62 20 40 52 46 1 67 
62 24 1 38 19 32 14 44 43 67 
1 19 38 33 8 43 25 51 62 67 
64 46 1 19 24 43 12 67 
50 10 35 62 24 51 5 1 12 67 
32 24 43 57 56 25 1 17 58 51 67 
10 1 12 19 31 18 58 67 
65 43 1 19 42 33 38 32 46 62 67 
32 1 5 43 46 19 38 67 
34 40 1 19 12 42 53 38 67 
42 50 19 43 1 33 46 67 
65 43 1 19 33 8 12 32 67 
65 46 1 57 56 25 33 62 32 9 67 
65 43 1 19 33 5 12 42 67 
8 43 1 59 35 57 19 67 
25 45 1 19 46 55 50 12 67 
33 1 19 43 59 35 15 67 
8 43 1 19 20 10 33 25 51 62 67 
50 5 9 19 24 1 38 67 
39 24 43 57 56 25 1 17 58 51 67 
65 5 1 19 12 42 53 39 67 
64 10 35 62 20 51 52 13 1 67 
65 5 1 19 38 42 53 39 67 
8 43 1 19 33 25 51 62 67 
53 46 1 33 62 32 9 49 67 
62 24 1 19 38 44 43 14 67 
14 15 1 34 38 42 43 32 67 
64 10 35 51 52 13 70 
35 57 56 17 58 51 34 49 20 9 69 
25 51 19 62 64 39 9 45 70 
10 19 31 18 58 38 65 51 45 34 69 
35 57 51 34 49 20 69 
32 24 43 14 20 9 65 55 56 70 
