9 19 33 52 65 50 69 
1 46 5 12 23 26 67 
9 19 51 5 33 52 69 
1 46 32 12 23 26 67 
1 51 58 20 8 14 10 9 19 38 5 52 67 
38 53 46 1 5 12 23 26 67 
1 33 5 12 23 52 67 
1 46 10 5 12 23 26 67 
1 64 43 5 12 23 26 67 
32 1 58 20 8 14 10 9 19 33 52 65 67 
46 43 1 12 23 5 26 34 67 
46 5 52 60 1 12 23 67 
1 46 10 56 12 23 62 67 
45 1 46 41 10 64 67 
51 43 8 64 35 10 46 1 32 60 38 12 67 
64 35 46 1 5 12 33 23 67 
33 5 1 12 23 46 64 34 67 
62 1 5 12 45 64 67 
5 64 35 1 46 33 12 23 62 50 67 
1 46 10 12 23 5 67 
64 35 57 1 46 15 12 33 23 67 
5 53 45 1 46 15 52 12 23 67 
1 19 51 20 38 5 46 10 35 12 17 45 67 
5 60 1 20 12 18 23 64 46 17 59 15 67 
46 5 33 1 17 20 12 67 
1 46 5 10 51 35 67 
64 35 1 5 46 10 12 23 20 41 67 
18 43 46 1 5 12 64 35 67 
53 45 46 1 5 15 52 12 67 
32 33 58 1 12 51 60 17 20 67 
1 24 48 5 59 52 35 12 43 67 
1 64 52 60 46 48 12 67 
32 52 5 1 46 33 12 55 62 35 67 
32 1 52 5 35 12 43 10 64 20 67 
51 1 5 38 31 12 46 18 9 19 53 67 
32 52 1 5 39 43 35 12 8 41 17 67 
33 5 52 60 1 46 54 67 
46 5 10 45 52 60 1 67 
32 52 35 1 39 38 31 34 67 
60 58 46 1 5 38 31 19 67 
53 45 31 51 56 1 46 15 52 67 
48 1 5 12 45 64 67 
45 35 31 51 5 33 52 60 1 67 
45 64 32 1 46 41 10 52 65 50 67 
1 18 43 5 20 51 64 35 57 8 67 
45 24 1 20 58 9 19 33 17 59 15 67 
53 46 1 17 20 5 39 43 9 31 44 67 
5 60 1 20 12 18 23 64 46 17 59 15 67 
1 46 5 12 23 26 67 
45 24 46 9 19 33 69 
1 53 46 5 12 23 26 67 
46 60 1 17 41 20 33 59 5 31 44 53 67 
43 5 1 12 23 26 64 34 67 
1 46 10 5 12 23 62 67 
51 35 46 1 5 12 23 34 67 
1 33 46 5 12 23 67 
5 53 45 1 46 15 52 12 23 67 
32 1 52 5 35 34 54 44 12 43 10 64 67 
1 46 51 5 35 38 67 
64 35 1 5 46 12 33 23 20 41 67 
32 52 5 1 39 43 35 12 67 
1 24 48 5 46 51 59 12 20 67 
1 46 10 51 5 35 12 67 
1 33 52 5 35 31 62 12 17 38 67 
51 1 43 8 64 35 10 38 46 12 60 67 
1 15 52 14 46 64 32 67 
1 18 43 5 46 64 35 57 67 
1 33 46 5 12 64 67 
1 35 31 51 5 33 52 10 46 67 
46 64 5 1 45 20 38 31 52 9 67 
48 1 45 64 35 13 43 5 31 44 20 67 
5 8 46 20 1 32 60 17 12 23 62 50 67 
9 19 51 20 38 5 33 52 32 60 17 45 69 
5 1 39 12 23 26 67 
1 46 10 5 12 23 26 67 
32 60 1 17 20 41 33 59 5 31 44 53 67 
43 53 46 1 12 23 5 26 67 
46 5 52 60 1 12 23 67 
46 5 1 12 23 15 52 60 67 
1 46 5 12 23 33 67 
1 46 35 38 52 12 23 10 50 67 
59 1 46 20 38 43 5 12 58 64 52 53 67 
1 46 65 5 38 32 67 
38 35 1 5 46 53 60 12 23 41 67 
32 49 46 1 5 12 33 52 67 
60 58 31 19 33 44 20 1 12 67 
1 15 52 14 46 5 12 67 
1 33 52 5 35 31 46 12 17 38 67 
33 5 1 17 20 12 42 52 32 8 35 67 
1 46 10 64 32 58 19 67 
38 8 46 1 43 5 50 39 67 
1 46 51 5 35 12 67 
45 5 1 15 53 43 31 44 60 67 
9 19 35 1 46 51 5 33 39 50 67 
51 1 43 64 35 46 20 18 8 41 10 67 
34 64 46 20 38 35 1 33 12 23 62 50 67 
1 46 5 12 23 26 67 
53 46 5 39 43 9 69 
1 46 10 5 12 23 26 67 
5 33 58 20 38 8 46 1 32 60 17 45 67 
