45 34 46 59 43 55 24 65 70 
17 49 1 19 12 23 67 
39 17 42 38 47 44 43 1 18 64 58 57 67 
24 57 1 51 12 42 23 67 
24 57 1 42 51 12 23 26 67 
51 32 1 43 12 57 42 23 67 
34 49 1 51 12 62 67 
60 17 42 38 47 44 43 1 49 34 12 9 67 
57 47 1 51 34 12 38 23 65 67 
43 1 49 34 12 9 13 67 
57 32 1 19 12 24 9 46 67 
39 19 43 1 58 34 12 9 13 23 67 
24 57 1 46 32 12 56 17 42 67 
39 19 43 1 49 46 12 48 51 15 67 
51 57 1 47 38 10 52 65 25 19 12 67 
34 57 17 42 1 65 67 
60 17 42 57 47 1 51 24 12 38 23 65 67 
24 57 1 15 38 62 45 67 
57 15 1 19 24 45 38 62 67 
51 57 1 19 24 45 34 46 59 67 
24 57 1 43 49 56 46 17 42 25 67 
51 57 1 19 49 38 33 43 31 41 8 67 
17 1 40 52 12 23 26 67 
17 1 40 52 12 23 26 67 
17 1 40 52 12 23 26 67 
17 1 49 52 12 23 26 67 
60 1 40 52 12 23 26 67 
17 1 58 52 12 23 26 67 
17 1 49 64 12 23 26 67 
17 1 40 58 12 23 26 67 
17 1 49 19 12 23 26 67 
17 1 58 52 12 23 26 67 
17 1 58 52 12 23 26 67 
17 1 40 52 12 23 26 67 
17 1 40 52 12 23 26 67 
17 1 49 19 12 23 26 67 
17 1 40 52 12 23 26 67 
17 1 40 52 12 23 26 67 
17 1 40 58 12 23 26 67 
17 1 49 19 12 23 26 67 
17 1 18 52 12 23 26 67 
17 1 40 52 12 23 26 67 
17 1 40 52 12 23 26 67 
17 1 49 19 12 23 26 67 
17 1 40 52 12 23 26 67 
17 1 18 52 12 23 26 67 
17 1 40 52 12 23 26 67 
17 1 58 52 12 23 26 67 
17 1 18 52 12 23 26 67 
17 1 58 52 12 23 26 67 
60 1 57 52 12 23 26 67 
17 1 40 52 12 23 26 67 
60 1 57 52 12 23 26 67 
17 1 40 52 12 23 26 67 
54 1 49 19 12 23 26 67 
17 1 58 52 12 23 26 67 
17 1 58 52 12 23 26 67 
17 1 40 52 12 23 26 67 
17 1 40 52 12 23 26 67 
60 1 57 52 12 23 26 67 
17 1 40 10 12 23 26 67 
17 1 40 52 12 23 26 67 
17 1 49 52 12 23 26 67 
17 1 40 10 12 23 26 67 
17 1 40 52 12 23 26 67 
17 1 55 52 12 23 26 67 
50 1 40 52 12 23 26 67 
17 1 40 52 12 23 26 67 
17 1 18 52 12 23 26 67 
17 1 18 52 12 23 26 67 
17 1 40 52 12 23 26 67 
17 1 40 10 12 23 26 67 
17 1 47 52 12 23 26 67 
17 1 49 19 12 23 26 67 
17 1 40 52 12 23 26 67 
17 1 49 19 12 23 26 67 
17 1 40 52 12 23 26 67 
17 1 58 52 12 23 26 67 
17 1 49 19 12 23 26 67 
17 1 45 19 12 23 26 67 
17 1 40 52 12 23 26 67 
17 1 34 19 12 23 26 67 
17 1 18 52 12 23 26 67 
17 1 40 52 12 23 26 67 
17 1 40 52 12 23 26 67 
49 1 57 52 12 23 26 67 
17 1 40 52 12 23 26 67 
17 1 40 52 12 23 26 67 
17 1 40 52 12 23 26 67 
17 1 47 52 12 23 26 67 
17 1 40 52 12 23 26 67 
17 1 58 52 12 23 26 67 
17 1 40 52 12 23 26 67 
17 1 18 52 12 23 26 67 
17 1 40 52 12 23 26 67 
17 1 40 52 12 23 26 67 
17 1 40 52 12 23 26 67 
49 1 57 52 12 23 26 67 
17 1 64 19 12 23 26 67 
17 1 18 52 12 23 26 67 
