34 59 1 12 23 26 67 
34 59 1 12 23 26 67 
34 59 1 12 23 26 67 
34 41 1 59 12 23 26 67 
43 41 1 59 12 23 26 67 
34 59 1 41 12 23 26 67 
58 45 1 34 59 12 23 26 67 
34 59 1 12 23 26 67 
34 45 1 12 41 59 23 26 67 
34 41 1 12 31 59 23 26 67 
57 59 1 41 12 10 23 26 67 
34 41 1 59 12 23 26 67 
34 59 1 41 12 23 26 67 
58 45 1 34 59 12 23 26 67 
34 59 1 12 23 26 67 
13 41 1 12 23 24 59 67 
13 41 1 12 23 10 59 67 
58 41 1 12 31 23 5 67 
58 41 1 12 23 5 9 67 
35 1 41 12 23 5 67 
58 1 41 12 23 24 67 
31 56 1 58 5 59 12 23 13 67 
58 1 41 12 23 57 67 
58 45 1 12 15 59 41 23 67 
31 56 1 53 5 59 12 23 41 67 
57 59 1 41 12 13 56 23 67 
58 56 1 12 31 45 9 23 41 67 
13 59 18 1 41 12 23 5 67 
58 1 41 12 23 5 67 
58 56 5 65 41 34 18 1 12 31 45 23 67 
58 56 1 5 65 41 9 12 31 45 23 34 67 
20 25 41 1 62 9 12 46 10 23 67 
53 1 5 59 12 13 56 41 23 10 67 
57 59 1 12 13 56 41 23 67 
58 56 5 65 41 9 59 1 12 31 45 23 67 
20 44 41 58 45 40 59 1 12 23 67 
58 56 1 5 65 41 9 12 31 45 23 34 67 
20 44 41 1 62 9 12 58 56 23 67 
58 56 1 12 31 45 9 23 41 67 
24 56 1 58 45 40 31 17 64 67 
34 44 41 1 18 5 65 46 10 67 
65 59 57 1 13 12 44 56 32 33 67 
5 56 1 13 59 45 33 41 34 67 
31 56 1 13 59 12 44 41 32 67 
56 41 40 1 12 31 17 33 59 42 67 
40 14 1 12 31 44 17 33 59 67 
20 44 41 1 62 9 12 46 10 34 67 
31 56 1 13 59 12 41 65 34 67 
31 56 1 5 65 41 9 64 46 24 12 34 67 
31 56 1 58 13 59 34 51 35 45 67 
65 59 1 58 45 40 41 31 32 33 67 
5 56 1 58 42 45 33 59 9 67 
44 56 31 1 41 42 51 65 12 34 67 
8 20 40 1 31 44 59 41 25 48 51 43 67 
20 41 40 1 13 59 34 51 35 58 67 
31 56 1 58 45 34 18 5 65 41 33 67 
31 56 1 58 42 59 41 9 32 33 67 
40 56 1 12 31 17 57 65 34 67 
45 34 1 31 53 33 51 42 57 65 12 44 67 
58 56 1 41 5 33 59 8 39 65 12 34 67 
20 56 1 41 53 33 51 42 40 31 44 9 67 
24 45 40 1 31 17 33 59 5 10 34 67 
31 56 1 58 45 40 57 9 32 41 33 67 
24 45 17 33 31 44 59 1 41 46 10 34 67 
8 56 1 41 12 31 20 25 9 39 34 67 
31 56 1 58 45 40 57 41 12 65 34 67 
20 41 40 1 31 44 9 12 46 10 34 67 
44 56 1 41 12 31 32 42 57 65 34 67 
57 59 1 13 12 56 41 67 
9 59 1 12 56 39 67 
56 1 41 12 31 17 67 
13 1 40 59 41 8 12 67 
31 56 1 41 53 33 51 42 57 65 12 34 67 
8 20 1 41 51 35 25 48 43 14 64 67 
65 45 40 1 31 44 59 41 9 46 10 34 67 
57 59 1 13 12 56 41 67 
58 45 40 59 1 41 12 67 
1 41 5 65 9 64 67 
65 45 40 59 1 41 31 67 
44 1 41 12 31 32 67 
64 59 1 41 31 44 32 12 67 
24 45 17 33 59 1 5 67 
34 18 5 65 1 41 67 
31 44 17 33 59 1 42 67 
13 59 1 12 56 41 67 
24 45 33 59 1 41 67 
31 44 1 41 32 12 46 48 67 
24 59 1 41 9 39 33 65 67 
24 59 1 41 9 53 5 8 67 
5 45 33 59 1 41 67 
5 65 1 41 9 64 46 24 67 
31 45 1 41 5 35 12 65 67 
24 59 1 41 9 39 33 47 67 
13 59 1 41 8 12 46 24 67 
24 45 17 33 59 1 41 67 
8 51 35 5 14 43 15 69 
47 56 35 5 62 34 15 69 
9 39 33 47 56 62 14 69 
34 51 56 5 15 14 70 
9 39 33 47 56 62 34 69 
