18 58 25 38 62 34 69 
14 1 9 12 23 26 67 
46 60 43 32 40 25 48 13 69 
14 1 9 12 23 26 67 
9 47 59 13 38 1 45 58 35 52 5 67 
1 38 5 34 32 12 23 26 67 
60 1 9 12 23 65 67 
14 1 59 9 12 23 26 67 
14 1 59 9 12 23 26 67 
25 47 59 13 38 1 5 53 44 34 9 67 
1 38 5 34 32 12 23 26 67 
46 1 52 15 32 12 23 67 
25 47 59 43 52 5 20 41 32 1 12 67 
38 58 1 59 41 55 67 
50 1 52 12 14 9 23 67 
33 1 9 12 13 64 67 
57 59 47 1 32 12 23 64 67 
1 38 20 41 35 32 12 23 67 
46 59 5 1 18 32 12 23 64 33 67 
60 1 9 12 23 57 67 
1 9 13 64 58 5 39 15 34 32 12 67 
25 1 14 47 59 32 67 
14 13 60 62 1 18 32 12 23 67 
38 5 20 19 1 34 32 12 23 67 
20 41 59 32 1 12 38 67 
38 1 52 15 55 12 9 67 
14 1 48 50 52 12 67 
46 59 5 1 18 32 12 23 64 33 67 
14 1 5 53 59 65 12 46 67 
47 1 39 15 9 58 38 12 67 
38 1 5 53 52 12 17 44 34 67 
57 48 50 1 52 65 31 38 12 67 
34 48 59 1 5 18 32 12 47 46 67 
46 9 13 38 58 60 1 57 12 44 67 
38 1 59 52 13 18 25 67 
46 1 52 15 60 43 32 67 
57 65 15 1 14 9 59 47 67 
38 1 5 53 39 15 34 35 67 
38 59 20 1 58 35 5 53 44 67 
57 59 20 1 58 35 52 5 47 67 
46 52 25 1 15 60 43 32 55 8 67 
46 1 32 18 62 34 38 9 5 53 67 
14 1 9 12 23 26 67 
57 25 64 38 58 46 60 43 32 40 69 
14 1 59 9 12 23 26 67 
38 9 13 18 25 47 19 58 1 59 41 67 
14 9 20 1 32 12 23 26 67 
14 1 65 15 9 12 23 67 
38 41 34 1 14 9 12 23 67 
34 1 14 9 12 23 67 
38 9 25 1 43 34 44 12 46 55 8 67 
25 1 14 47 59 43 67 
14 5 52 62 1 50 12 9 23 67 
14 1 59 65 12 46 60 67 
60 1 55 12 35 25 67 
14 13 60 1 18 32 12 23 64 9 67 
38 1 5 53 44 34 9 12 67 
33 48 50 1 52 12 17 57 38 67 
49 59 47 46 20 48 5 1 9 12 67 
19 1 65 15 9 56 20 67 
46 1 34 32 9 5 53 18 67 
38 9 20 1 58 35 52 5 48 67 
57 47 64 38 58 1 59 41 55 34 67 
14 1 9 12 23 26 67 
46 60 43 32 40 65 9 13 69 
46 9 13 18 62 34 38 1 52 15 32 67 
38 41 34 1 12 23 32 26 67 
58 1 65 31 38 12 23 67 
1 38 5 34 32 12 23 45 67 
14 1 9 12 23 35 67 
1 9 13 64 58 5 39 15 34 32 12 67 
35 1 38 54 43 34 67 
49 48 5 1 9 12 23 38 19 67 
38 1 65 15 9 12 5 67 
38 44 34 1 9 12 67 
14 1 13 60 9 12 23 19 59 8 67 
47 1 39 38 5 34 32 12 67 
14 5 52 62 1 59 12 50 9 67 
57 47 64 38 58 1 59 41 55 12 67 
46 1 65 15 9 52 32 67 
35 38 5 34 1 43 9 41 67 
58 9 20 1 25 41 33 13 32 67 
57 47 64 38 58 1 59 41 55 34 67 
14 1 9 12 23 26 67 
46 60 43 32 40 25 38 9 69 
14 9 20 1 12 23 26 35 67 
38 9 25 47 19 58 1 59 41 55 8 67 
14 1 9 19 32 12 23 67 
1 38 5 62 14 9 12 23 67 
14 1 9 12 23 34 67 
46 9 13 64 62 34 1 51 5 8 12 67 
38 1 25 47 59 9 67 
38 9 20 1 12 5 23 43 48 67 
18 1 38 44 34 9 12 67 
14 1 38 5 34 12 67 
57 59 47 46 20 14 1 32 12 23 67 
38 1 43 34 44 9 12 46 67 
14 5 52 62 1 59 12 50 9 67 
46 59 5 1 18 32 12 25 64 38 67 
57 1 65 15 47 64 38 67 
