20 48 1 58 12 23 67 
8 48 1 58 12 23 67 
18 48 1 58 12 23 67 
20 48 1 58 12 23 67 
20 48 1 58 12 23 67 
20 48 1 58 54 12 23 26 67 
20 48 1 54 58 12 23 26 67 
20 48 1 58 54 12 23 26 67 
20 8 1 54 58 12 23 26 67 
20 48 1 54 58 12 23 26 67 
18 48 1 58 12 23 26 67 
20 48 1 58 12 23 26 67 
20 48 1 58 12 23 26 67 
20 48 1 58 12 23 26 67 
20 48 1 58 12 23 26 67 
65 49 1 45 12 23 34 67 
65 57 1 58 12 23 34 67 
65 57 1 45 12 23 34 67 
65 57 1 58 12 23 34 67 
65 57 1 58 12 23 34 67 
25 52 1 51 58 12 67 
25 48 1 52 58 12 67 
59 48 1 47 54 12 67 
59 1 48 47 54 12 64 23 67 
49 62 1 47 54 12 67 
20 1 48 47 54 12 64 23 67 
20 1 48 47 54 12 64 23 67 
20 1 48 47 54 12 64 23 67 
20 1 48 47 54 12 64 23 67 
20 1 54 48 52 58 8 47 12 64 23 46 67 
14 1 20 48 54 47 12 64 23 67 
38 1 40 52 53 42 50 12 23 67 
38 1 20 52 53 42 50 12 23 67 
65 60 1 47 56 39 67 
20 1 54 48 8 47 12 31 56 34 64 23 67 
53 48 8 38 64 20 52 1 42 50 12 23 67 
24 52 39 51 1 45 67 
20 52 58 49 1 44 8 48 56 12 23 64 67 
50 60 1 51 56 38 67 
38 1 20 52 53 42 50 12 23 67 
20 38 64 1 48 54 47 12 23 60 67 
14 1 20 52 58 12 5 48 23 67 
20 1 48 54 47 12 64 23 60 46 67 
45 41 58 49 1 62 47 52 64 48 12 56 67 
20 1 49 62 52 58 38 18 42 34 50 12 67 
25 52 1 47 54 43 12 18 67 
14 1 49 62 47 54 20 31 56 34 50 12 67 
25 52 1 58 12 18 14 67 
20 52 53 58 8 1 54 47 12 67 
20 52 39 51 56 1 67 
49 1 62 47 53 64 48 12 67 
20 52 1 45 32 56 12 38 14 67 
20 31 42 38 13 53 1 50 12 67 
20 8 1 54 47 12 64 23 53 58 67 
50 41 51 38 64 20 52 1 45 32 56 12 67 
45 41 58 38 1 8 53 48 47 44 54 56 67 
14 1 48 47 54 49 12 39 67 
14 1 20 52 45 32 56 12 43 67 
65 45 8 54 62 51 53 25 42 13 34 1 67 
38 52 53 42 1 50 12 67 
14 1 8 54 62 51 53 48 47 40 25 46 67 
65 60 56 1 38 64 14 45 12 43 67 
50 38 64 15 52 53 58 1 8 67 
50 60 56 1 38 64 14 45 12 58 67 
49 1 62 47 54 12 39 51 67 
20 31 42 60 1 18 56 46 50 12 67 
50 60 1 38 64 14 45 12 46 33 39 67 
50 38 64 20 52 1 45 32 56 12 67 
50 38 64 17 52 53 58 1 8 67 
50 60 1 13 47 34 12 23 65 62 67 
50 38 60 1 64 14 45 12 67 
50 60 1 38 64 14 45 12 46 33 39 67 
20 31 56 34 1 50 12 67 
20 52 1 45 32 56 12 67 
65 45 8 54 62 51 53 25 42 13 34 1 67 
14 1 8 54 48 47 40 25 46 67 
13 43 1 54 64 48 8 47 34 60 12 67 
14 1 48 47 54 20 52 58 67 
14 1 48 47 54 40 25 49 67 
65 60 8 54 62 51 42 13 34 1 67 
13 59 45 65 57 41 60 1 48 8 67 
20 52 53 58 62 10 1 38 18 67 
14 1 48 47 54 40 25 46 67 
65 57 34 54 62 10 45 41 60 1 67 
17 52 53 58 1 38 8 67 
20 52 1 58 38 18 42 67 
65 43 1 54 64 48 8 12 42 57 17 67 
20 52 53 58 1 38 18 67 
13 60 56 58 53 25 35 39 1 48 67 
14 1 48 47 54 40 25 46 67 
65 57 41 60 1 48 8 51 39 42 13 67 
13 41 1 48 8 58 38 44 54 56 32 67 
65 60 1 54 64 48 8 58 38 44 62 67 
20 52 1 58 38 18 42 67 
32 8 57 54 64 17 46 45 62 1 55 67 
65 9 53 19 31 40 35 41 62 56 47 70 
47 52 31 58 19 65 38 69 
14 47 54 40 25 46 44 70 
64 38 53 65 60 39 51 42 13 34 20 70 
65 60 39 51 42 13 34 70 
