52 1 14 45 12 23 67 
52 1 12 14 45 23 67 
52 14 45 1 12 23 67 
42 50 45 1 12 23 67 
52 14 45 1 12 23 67 
5 10 59 1 12 26 23 67 
5 10 59 1 12 26 23 67 
5 10 59 1 12 26 23 67 
5 10 59 1 12 26 23 67 
5 10 59 1 12 26 23 67 
40 64 1 12 50 38 23 67 
41 31 59 1 45 12 10 60 42 54 67 
25 1 58 53 44 65 5 50 64 12 54 14 67 
40 1 12 50 64 38 23 67 
40 1 12 50 64 38 23 67 
40 1 12 50 64 38 23 67 
40 50 64 1 12 38 23 67 
5 50 64 1 12 54 14 23 67 
25 8 45 1 12 23 10 65 67 
5 50 64 1 12 54 14 23 67 
5 50 64 1 12 54 14 23 67 
5 50 45 1 12 23 48 9 67 
52 64 1 53 50 34 10 12 14 23 67 
24 58 53 1 60 12 46 42 67 
41 31 52 1 12 59 42 46 8 67 
9 48 64 1 12 53 67 
5 50 64 1 12 49 8 14 23 67 
34 50 64 1 12 53 8 14 23 67 
5 50 64 1 12 49 8 14 23 67 
5 64 1 34 45 10 12 14 23 67 
52 64 1 53 50 34 10 12 14 23 67 
9 1 58 53 44 33 12 5 52 23 38 40 67 
5 50 64 1 12 45 8 14 23 67 
48 64 1 53 50 47 12 8 34 10 14 23 67 
9 48 59 1 44 47 12 33 52 23 38 13 67 
9 48 59 1 44 47 12 33 52 23 38 13 67 
59 49 48 47 38 1 31 20 12 67 
47 48 64 1 12 53 50 10 14 23 67 
40 49 48 47 38 1 12 14 65 67 
9 48 58 53 44 47 59 1 45 39 33 52 67 
9 48 59 1 38 12 33 52 23 25 67 
1 50 20 9 48 33 35 59 65 67 
24 1 58 53 50 46 42 33 49 60 39 59 67 
50 1 48 41 49 60 14 33 35 67 
65 1 55 40 14 64 50 12 38 67 
25 50 20 1 33 35 59 52 65 67 
9 1 48 64 47 57 25 12 59 67 
40 14 33 10 65 64 1 50 12 38 13 67 
25 1 48 53 44 47 12 8 34 64 65 59 67 
38 50 8 10 59 46 1 42 51 12 33 67 
18 1 8 43 59 33 52 56 64 31 55 67 
25 1 48 53 47 65 59 17 50 64 56 67 
25 43 31 10 65 1 58 53 44 47 12 67 
9 48 64 47 57 1 25 12 67 
25 1 40 50 14 48 17 49 34 64 65 59 67 
47 48 64 1 5 54 12 67 
25 1 58 53 44 65 48 41 49 60 39 59 67 
25 1 48 53 44 47 12 8 34 64 65 59 67 
47 48 64 1 12 53 50 10 14 23 67 
25 1 58 53 44 47 12 8 34 64 65 59 67 
25 1 48 41 49 60 47 39 59 67 
9 64 1 12 48 17 53 67 
25 50 64 1 46 42 55 49 57 35 67 
47 1 33 12 5 40 50 67 
38 50 8 10 59 46 1 42 51 12 33 67 
25 1 48 40 31 38 14 9 59 49 67 
25 1 8 10 65 59 48 54 50 31 55 67 
40 50 64 1 12 48 67 
18 43 31 10 65 1 50 53 56 64 33 67 
40 51 1 14 46 12 17 67 
25 1 48 53 44 47 12 8 34 64 65 59 67 
40 14 64 1 50 12 38 13 67 
47 48 59 1 45 12 50 10 14 42 67 
1 59 52 47 44 24 33 12 67 
25 14 64 1 50 31 12 17 67 
25 1 48 41 59 54 50 31 55 49 67 
40 50 64 1 12 38 67 
25 1 48 47 12 8 60 64 65 59 67 
25 1 48 65 59 54 50 31 55 49 67 
40 50 8 10 59 64 1 12 56 33 67 
40 50 64 25 17 1 67 
9 50 64 48 58 1 67 
40 50 64 1 12 38 67 
40 50 64 1 12 53 67 
1 9 48 41 50 33 35 67 
18 43 31 1 50 53 56 64 67 
9 1 33 35 59 52 65 67 
9 48 64 1 12 53 62 49 57 35 67 
5 50 64 1 8 10 67 
47 50 64 1 65 59 67 
1 50 9 48 33 35 59 67 
41 31 52 42 46 8 58 70 
60 48 59 51 42 54 14 70 
18 43 59 1 33 52 56 64 67 
41 48 59 1 33 19 57 18 67 
9 48 64 47 44 1 18 43 67 
49 65 59 54 50 31 17 70 
17 50 9 48 59 1 33 67 
41 31 10 14 42 54 56 70 
47 65 59 54 50 31 19 70 
