18 19 60 10 39 57 24 69 
62 47 39 51 60 10 44 38 1 35 31 67 
1 13 12 47 23 26 33 67 
1 13 12 10 47 23 33 67 
54 34 65 19 1 62 55 12 13 24 17 67 
35 62 1 12 47 13 67 
1 13 12 60 23 26 46 43 67 
35 1 12 62 47 23 13 54 67 
1 13 54 19 12 47 23 46 43 67 
13 50 10 62 1 12 44 67 
18 62 10 55 1 13 12 47 67 
1 13 10 62 44 34 12 23 24 31 67 
18 19 1 14 12 13 5 58 60 67 
35 62 1 13 33 12 47 46 34 64 67 
1 55 34 13 10 62 67 
43 58 60 10 52 1 15 67 
18 62 10 55 1 50 47 19 67 
13 5 1 53 33 10 44 38 24 67 
35 19 1 53 33 10 39 57 24 5 67 
13 1 12 60 23 26 67 
1 13 12 47 23 26 67 
13 1 12 60 23 26 67 
1 13 12 60 23 26 67 
1 13 12 60 23 26 67 
1 13 12 32 23 26 67 
1 13 12 47 23 26 67 
13 1 12 32 23 26 67 
13 1 12 60 23 26 67 
13 1 12 47 23 26 67 
1 13 12 60 23 26 67 
1 13 12 47 23 26 67 
1 12 13 60 23 26 67 
13 1 12 47 23 26 67 
1 13 12 60 23 26 67 
1 39 12 47 23 26 67 
1 13 12 60 23 26 67 
13 1 12 47 23 26 67 
1 13 12 34 23 26 67 
1 13 12 47 23 26 67 
1 13 12 32 23 26 67 
13 1 12 52 23 26 67 
13 1 12 60 23 26 67 
13 1 12 60 23 26 67 
13 1 12 58 23 26 67 
1 13 12 60 23 26 67 
1 13 12 47 23 26 67 
1 13 12 60 23 26 67 
1 13 12 41 23 26 67 
1 13 12 60 23 26 67 
13 1 12 32 23 26 67 
1 13 12 32 23 26 67 
33 1 12 60 23 26 67 
1 13 12 60 23 26 67 
33 1 12 60 23 26 67 
13 1 12 52 23 26 67 
1 13 12 60 23 26 67 
1 13 12 47 23 26 67 
1 12 60 58 23 26 67 
1 12 13 60 23 26 67 
1 13 12 60 23 26 67 
1 13 12 60 23 26 67 
13 1 12 53 23 26 67 
1 13 12 52 23 26 67 
1 13 12 60 23 26 67 
1 13 12 60 23 26 67 
13 1 12 32 23 26 67 
13 1 12 60 23 26 67 
1 13 12 60 23 26 67 
1 13 12 47 23 26 67 
1 13 12 58 23 26 67 
13 1 12 60 23 26 67 
57 1 12 60 23 26 67 
13 1 12 60 23 26 67 
1 12 13 60 23 26 67 
1 13 12 60 23 26 67 
1 13 12 60 23 26 67 
1 13 12 60 23 26 67 
1 13 12 47 23 26 67 
1 13 12 60 23 26 67 
1 13 12 60 23 26 67 
1 13 12 58 23 26 67 
1 13 12 60 23 26 67 
1 65 12 60 23 26 67 
1 13 12 60 23 26 67 
1 13 12 60 23 26 67 
1 13 12 58 23 26 67 
1 13 12 60 23 26 67 
1 13 12 60 23 26 67 
1 13 12 53 23 26 67 
1 13 12 60 23 26 67 
13 1 12 60 23 26 67 
57 1 12 32 23 26 67 
1 13 12 47 23 26 67 
1 13 12 40 23 26 67 
1 13 12 60 23 26 67 
13 1 12 56 23 26 67 
1 13 12 60 23 26 67 
1 13 12 60 23 26 67 
1 12 19 60 23 26 67 
1 13 12 47 23 35 67 
