43 1 12 32 46 23 67 
15 1 52 24 12 23 67 
43 1 12 5 46 23 67 
15 1 10 24 12 23 67 
43 1 12 5 46 23 67 
43 1 5 46 12 53 23 26 67 
43 1 12 39 46 23 26 67 
43 1 5 46 12 42 23 26 67 
43 1 12 5 46 23 26 67 
48 1 5 15 46 12 23 26 67 
43 1 60 12 5 46 23 67 
48 1 12 5 46 23 47 67 
62 1 33 47 12 46 23 67 
18 47 8 1 48 15 12 23 67 
55 46 50 1 12 5 23 26 67 
62 1 33 47 12 46 23 67 
42 33 8 1 54 12 5 62 46 23 67 
60 33 8 1 53 43 56 12 5 23 67 
43 33 8 1 60 12 5 46 23 19 67 
43 1 42 53 5 12 46 23 67 
18 47 8 1 48 31 12 23 67 
48 1 12 5 46 23 26 67 
42 1 62 24 43 10 12 23 67 
43 33 8 1 60 12 5 46 23 19 67 
42 1 62 53 12 5 46 23 67 
43 33 8 1 60 12 5 46 23 19 67 
60 1 8 53 43 46 12 5 23 67 
43 1 5 46 12 42 23 26 67 
24 43 8 42 47 1 10 12 64 5 44 67 
42 33 8 41 53 24 43 1 10 12 67 
18 47 8 1 31 12 23 32 41 67 
42 8 47 41 43 1 49 40 12 19 67 
60 1 8 53 43 46 12 5 23 67 
42 24 31 41 53 43 1 10 12 5 46 67 
18 33 8 42 47 1 56 12 40 5 53 67 
43 1 10 24 12 57 67 
42 1 8 41 43 47 10 40 12 19 67 
43 46 50 1 48 41 10 57 67 
42 46 50 43 1 10 57 47 67 
15 1 10 24 12 57 67 
42 24 43 1 10 12 67 
43 1 48 41 56 35 18 50 53 67 
42 1 50 55 24 41 43 10 57 67 
42 1 8 53 12 46 9 43 67 
1 62 42 53 5 46 50 65 67 
43 46 50 1 48 41 53 15 67 
43 1 60 12 5 46 23 67 
43 1 10 32 47 24 57 49 19 67 
42 46 8 41 47 39 53 57 50 1 67 
64 46 54 24 42 1 43 47 67 
43 1 48 41 10 57 47 64 15 33 67 
17 10 8 1 31 24 12 57 41 67 
55 24 43 1 10 57 67 
43 1 10 24 12 57 67 
42 46 8 1 56 12 18 50 65 67 
47 46 50 1 12 42 53 15 67 
1 46 42 12 51 17 43 31 67 
43 1 10 24 57 47 67 
18 34 52 33 8 41 1 12 67 
62 1 12 5 46 23 26 67 
43 1 19 24 48 46 67 
64 46 8 24 1 12 43 57 67 
42 33 8 41 1 57 43 46 25 19 67 
18 47 8 1 31 12 23 33 41 67 
55 24 8 41 43 1 10 57 50 67 
18 33 8 42 47 1 56 12 64 5 53 67 
55 24 8 41 43 1 10 57 56 67 
55 24 47 1 10 57 67 
18 33 8 41 1 12 5 53 39 64 67 
42 1 8 53 43 46 33 47 12 67 
42 1 15 57 53 39 64 67 
43 1 10 24 12 57 67 
42 1 43 46 33 47 12 67 
64 47 8 1 31 12 23 46 57 67 
43 1 10 46 12 31 8 67 
55 24 43 1 10 57 67 
43 1 10 57 65 31 47 67 
46 1 12 43 57 53 39 67 
18 33 8 41 53 64 43 1 12 5 46 67 
42 1 8 41 43 46 33 25 12 19 67 
43 1 10 57 47 64 15 67 
43 1 10 57 47 8 24 67 
42 1 43 46 33 47 12 67 
46 1 12 43 31 8 53 67 
42 47 8 1 56 12 64 5 53 67 
42 1 57 5 46 50 65 67 
42 46 8 41 47 39 53 57 50 1 67 
42 47 8 1 56 12 18 5 53 67 
15 57 53 39 38 64 35 10 46 5 1 67 
43 1 12 5 46 23 26 67 
18 33 8 41 53 64 15 31 57 39 1 67 
65 33 8 41 53 64 57 39 35 10 1 67 
42 46 8 41 47 39 53 57 50 1 67 
57 33 8 41 47 43 24 44 50 19 1 67 
18 33 8 41 53 64 46 39 17 19 1 67 
65 31 8 41 5 38 57 43 70 
18 33 8 41 46 39 45 19 70 
43 57 53 39 64 35 47 69 
43 57 53 39 64 35 47 69 
44 15 10 56 17 54 46 64 70 
