1 46 5 10 24 12 23 67 
1 46 5 10 24 12 23 67 
5 46 10 24 1 12 67 
1 46 5 10 41 12 23 67 
20 52 46 1 24 53 38 65 12 23 67 
53 46 5 10 41 1 12 49 67 
24 1 20 18 39 65 12 67 
53 46 31 1 14 17 12 52 35 67 
5 49 57 10 24 1 33 12 23 67 
47 46 5 10 44 1 12 23 26 67 
47 46 10 1 24 12 56 23 26 67 
47 46 10 1 24 12 56 23 26 67 
2 6 10 26 1 22 67 
2 6 10 26 22 1 67 
5 46 10 1 24 12 42 23 26 67 
2 6 10 26 1 22 67 
2 6 10 26 1 22 67 
2 6 10 24 1 12 67 
5 57 38 1 41 17 12 23 26 67 
2 6 10 26 1 22 67 
2 6 10 24 59 22 67 
2 6 10 24 59 22 67 
2 6 10 24 1 12 67 
2 6 10 24 59 22 67 
2 6 10 24 59 22 67 
2 6 10 24 59 22 67 
2 6 10 24 1 12 67 
53 46 5 10 41 1 12 23 67 
5 46 10 24 1 12 56 23 67 
2 6 10 24 1 12 67 
2 6 10 24 1 12 67 
2 6 10 24 1 22 67 
5 46 10 24 1 12 56 23 67 
2 6 10 24 1 22 67 
2 6 10 24 1 22 67 
2 6 10 24 1 22 67 
5 46 10 24 1 12 56 23 67 
13 46 10 41 1 12 56 23 67 
2 6 10 24 1 22 67 
5 46 10 24 1 12 67 
5 46 10 41 1 12 67 
5 46 10 24 1 12 67 
24 1 20 18 38 65 12 67 
5 46 10 24 1 12 67 
24 1 20 46 32 13 12 67 
24 1 20 35 38 65 12 67 
24 1 20 35 38 65 12 67 
24 5 31 1 14 17 12 23 35 67 
5 49 57 64 24 1 33 12 23 67 
53 46 57 10 24 1 52 12 23 67 
50 52 38 1 24 33 65 56 12 23 67 
65 46 40 10 24 1 51 12 67 
65 46 52 10 24 1 51 12 67 
24 5 31 1 41 17 12 23 35 67 
15 57 52 35 24 5 1 62 12 23 67 
39 57 38 51 52 48 1 12 13 24 8 67 
39 57 38 51 52 48 1 12 13 24 5 67 
65 46 52 10 24 1 51 12 67 
5 31 57 1 18 53 24 52 35 17 12 67 
53 46 9 1 10 34 42 49 24 12 67 
5 31 53 1 24 52 35 17 12 64 67 
64 52 46 1 65 56 12 57 35 67 
10 5 24 31 1 53 17 35 12 67 
24 5 53 46 9 1 49 10 12 38 67 
50 52 46 1 24 33 65 56 12 23 67 
50 52 46 1 24 33 65 56 12 23 67 
53 46 24 52 13 57 48 1 12 67 
53 46 9 1 5 49 10 24 12 67 
39 57 38 51 52 48 1 12 59 31 18 67 
53 46 52 10 24 1 51 12 67 
24 5 31 1 53 17 35 12 64 57 67 
24 8 57 5 49 10 1 33 41 67 
53 46 38 52 13 57 1 10 34 67 
24 8 57 1 59 38 52 35 41 67 
5 57 38 52 10 24 1 13 44 67 
24 5 57 1 18 35 38 52 56 41 59 67 
5 57 10 24 1 18 67 
18 5 57 1 10 24 33 62 38 44 67 
53 46 10 24 1 52 67 
5 49 10 24 1 33 67 
24 5 57 1 18 35 51 43 14 41 67 
53 5 57 24 32 35 18 1 46 38 67 
24 5 57 1 18 35 51 43 14 41 59 67 
24 5 57 1 10 51 43 14 41 38 67 
24 5 57 1 18 35 38 43 14 41 59 67 
24 5 57 1 18 35 51 43 14 41 59 67 
53 46 52 35 38 13 1 67 
51 49 10 24 1 35 67 
39 51 59 38 52 35 1 67 
53 51 59 38 52 35 1 67 
53 46 52 35 38 13 1 67 
53 46 9 35 1 8 20 14 67 
53 46 52 57 38 35 1 15 67 
53 46 52 35 1 8 20 14 67 
18 24 33 62 38 53 70 
15 24 33 62 46 50 70 
53 46 52 35 1 57 38 15 67 
18 24 33 62 38 49 70 
15 24 33 62 46 43 70 
24 5 57 51 43 14 70 
