42 2 13 49 6 12 33 28 66 
42 2 13 49 6 12 33 28 66 
42 2 13 49 6 12 33 28 66 
42 2 13 49 6 12 33 28 66 
10 2 13 3 12 6 22 28 66 
10 2 13 3 6 12 22 28 66 
42 2 13 49 6 12 33 28 66 
10 2 13 3 6 12 22 28 66 
42 2 6 32 12 22 28 47 66 
10 2 6 32 12 22 28 47 66 
15 2 13 3 6 12 22 28 66 
42 2 13 49 6 12 22 28 66 
42 2 6 32 12 22 28 47 66 
10 2 13 40 32 12 22 28 66 
49 2 13 32 12 22 28 47 66 
10 2 13 3 6 12 22 28 66 
17 2 13 25 12 22 28 47 66 
33 2 13 25 12 22 28 47 66 
49 2 13 32 12 22 28 47 66 
10 2 6 32 12 22 28 47 66 
49 2 13 3 12 22 28 47 66 
10 2 13 3 12 22 31 28 66 
10 2 13 3 12 22 28 44 66 
49 2 13 3 12 22 28 47 66 
10 2 13 3 12 22 28 47 66 
44 54 52 20 1 12 23 67 
44 54 52 20 1 12 23 67 
44 19 52 20 1 12 23 67 
44 19 52 20 1 12 23 67 
44 54 52 20 1 12 23 67 
44 49 45 52 20 1 12 23 67 
44 19 52 10 1 65 12 23 67 
44 19 35 45 59 1 12 23 67 
44 19 52 10 1 38 12 23 67 
44 19 52 10 1 58 12 23 67 
15 19 52 18 1 12 67 
15 19 52 18 1 12 67 
64 13 65 10 1 54 12 67 
15 19 52 18 1 12 67 
44 19 52 20 1 12 67 
64 42 65 10 1 54 12 67 
44 19 10 47 1 55 12 67 
44 19 52 45 59 1 12 67 
15 47 45 10 1 19 12 67 
44 32 52 45 38 64 1 67 
33 41 50 45 54 10 1 67 
33 41 50 45 54 10 1 67 
44 52 10 45 19 1 31 67 
44 19 45 52 10 24 57 1 12 23 67 
44 14 45 52 10 1 55 41 12 23 67 
44 32 45 52 10 1 55 41 12 23 67 
34 42 19 10 52 47 1 12 23 20 67 
59 20 10 1 47 45 41 12 23 67 
44 19 52 10 1 55 41 12 23 67 
44 19 52 10 1 55 41 12 23 67 
44 19 52 10 1 55 41 12 23 67 
65 41 20 10 1 47 45 12 23 67 
47 19 10 56 59 31 20 34 45 1 12 67 
44 19 52 55 41 1 67 
44 19 52 24 41 1 67 
33 19 45 1 47 54 50 12 65 40 67 
65 47 1 19 41 10 45 12 67 
33 59 31 47 19 10 1 12 65 54 67 
34 42 47 19 10 1 52 12 67 
34 47 19 10 1 12 65 54 5 58 35 67 
64 42 10 65 54 1 67 
54 42 19 10 41 44 52 1 5 12 67 
47 19 10 56 59 31 20 34 1 49 54 67 
54 19 10 56 59 31 32 34 1 42 45 67 
44 19 52 55 41 1 67 
54 42 47 19 41 1 40 12 67 
54 47 19 45 10 1 55 12 67 
34 47 19 10 1 12 65 54 45 44 58 67 
47 19 10 56 59 31 20 34 1 49 54 67 
34 47 19 10 45 1 12 65 54 53 67 
34 47 19 10 1 12 65 54 5 58 35 67 
47 19 10 56 59 31 20 34 1 49 54 67 
34 42 47 19 10 1 52 12 67 
54 42 19 10 45 40 47 1 60 20 67 
45 42 47 19 10 1 44 58 67 
54 42 19 10 45 40 47 1 60 20 67 
54 42 19 10 45 40 47 1 60 20 67 
54 42 47 19 41 1 15 59 67 
34 47 19 10 1 52 12 5 58 67 
15 42 54 10 1 9 12 64 5 67 
33 47 19 45 1 50 12 65 40 67 
54 42 47 19 10 1 45 43 67 
19 34 59 64 1 52 39 13 50 67 
34 47 19 10 1 52 12 54 62 67 
51 47 19 45 1 5 12 65 34 67 
54 42 19 10 45 40 47 1 60 20 67 
54 42 47 19 10 1 60 20 67 
19 45 44 58 34 48 13 69 
45 34 53 39 32 59 70 
34 47 19 10 1 5 58 35 59 67 
34 47 19 10 1 5 58 14 42 67 
64 42 54 10 1 65 8 32 59 67 
65 49 53 39 32 8 70 
60 20 43 52 15 65 49 70 
44 58 34 48 13 55 5 69 
