65 25 8 49 51 15 69 
1 40 12 23 25 26 67 
1 40 12 23 25 26 67 
25 49 18 5 8 51 15 69 
25 53 59 65 1 8 18 51 48 44 47 41 67 
58 25 1 12 32 23 55 26 67 
1 40 12 23 54 49 67 
1 58 12 45 23 26 20 67 
1 58 12 45 23 26 20 67 
64 1 45 59 65 8 56 58 25 19 32 40 67 
40 49 1 25 12 23 60 26 67 
1 58 12 32 23 44 53 67 
1 40 12 23 58 43 33 67 
1 25 8 18 51 48 67 
44 65 1 15 58 12 8 32 53 13 56 60 67 
1 53 44 58 12 31 25 23 67 
58 25 1 8 12 32 23 57 67 
1 15 12 64 44 25 67 
1 8 56 59 53 12 17 58 64 23 67 
1 48 12 23 59 32 67 
1 59 56 40 65 12 23 18 54 67 
1 58 45 59 35 12 23 8 49 67 
44 1 59 65 15 52 56 53 25 12 17 13 67 
44 65 1 15 8 25 51 46 41 12 23 57 67 
1 40 12 54 44 65 15 67 
1 25 8 18 51 48 67 
1 58 56 59 53 12 17 45 18 23 67 
1 53 44 24 65 8 18 12 67 
1 58 12 8 32 53 13 56 67 
53 24 1 40 65 42 12 45 58 67 
1 58 45 59 35 12 49 8 65 67 
1 49 18 65 58 12 45 67 
53 65 1 42 12 45 58 55 35 32 67 
1 34 56 59 53 12 17 58 45 35 67 
1 40 56 59 8 25 12 52 33 32 64 67 
24 65 1 8 18 12 20 60 44 47 41 67 
1 49 18 65 15 44 25 67 
1 53 59 65 8 38 58 67 
1 44 58 10 45 59 35 49 67 
1 58 9 8 32 53 13 56 67 
60 58 56 43 1 25 8 51 48 67 
1 40 12 13 54 49 67 
25 62 56 40 65 49 44 1 34 67 
65 24 40 1 44 59 34 52 56 53 67 
48 65 1 53 35 59 8 44 47 17 67 
1 58 56 60 45 8 15 35 38 57 25 67 
1 15 44 25 8 18 51 48 56 59 53 67 
42 59 50 1 56 12 32 23 55 65 49 53 67 
1 40 12 23 60 26 67 
18 58 56 49 51 14 69 
1 40 12 23 58 25 26 67 
42 59 50 1 56 51 49 18 65 40 8 53 67 
1 58 45 33 12 23 26 20 67 
1 8 40 12 23 58 55 67 
18 58 1 12 32 23 56 43 67 
1 40 12 23 54 44 67 
1 13 56 40 65 12 23 25 53 67 
44 1 65 15 8 56 59 53 25 12 17 13 67 
1 13 56 50 51 40 67 
65 24 40 1 53 12 42 45 58 23 67 
1 44 58 12 32 31 53 19 67 
53 65 24 40 1 42 12 45 58 67 
1 58 12 13 56 59 53 67 
1 40 8 25 12 49 56 53 15 41 67 
64 1 59 65 18 12 8 56 58 45 25 67 
44 1 58 45 8 25 51 67 
1 44 58 45 32 31 53 25 67 
1 40 12 49 56 53 67 
13 1 56 65 15 8 25 51 46 67 
18 58 56 43 1 32 59 44 25 8 67 
1 38 44 57 8 58 59 53 17 62 40 67 
1 53 59 65 8 58 25 12 32 23 55 49 67 
1 40 12 23 60 26 67 
65 25 8 49 51 15 69 
1 40 12 23 58 45 26 67 
64 1 59 65 8 56 58 45 25 19 32 40 67 
1 58 45 33 12 40 23 26 67 
1 58 12 23 44 65 45 67 
1 53 58 25 12 32 23 55 67 
1 58 12 23 25 45 67 
1 58 45 59 35 12 23 8 49 67 
24 65 1 18 8 54 13 25 51 46 12 20 67 
57 65 8 18 51 1 67 
40 65 1 42 12 23 25 55 35 32 67 
58 25 1 12 32 53 10 31 67 
53 65 1 42 35 12 49 45 58 67 
58 53 35 1 59 65 12 67 
53 65 1 42 12 45 58 55 35 32 67 
15 44 1 8 18 12 57 58 13 25 51 67 
1 49 18 65 40 8 56 67 
58 25 1 8 32 53 44 31 67 
1 40 8 65 12 59 67 
44 40 35 59 53 25 49 1 65 67 
44 1 8 25 51 46 48 65 15 41 67 
25 65 1 8 18 51 48 53 44 47 41 67 
44 1 65 15 8 56 53 58 12 31 25 23 67 
1 40 12 23 60 26 67 
56 58 45 59 8 15 35 62 19 32 40 49 69 
1 40 58 45 12 23 26 67 
1 15 44 57 8 58 13 25 51 46 59 53 67 
