55 1 42 12 23 26 57 67 
13 1 42 12 23 26 19 67 
25 1 42 12 23 55 26 67 
25 1 42 12 23 26 19 67 
47 19 1 12 55 23 26 67 
62 47 1 12 55 23 26 64 67 
55 1 42 12 23 26 57 67 
55 1 12 40 58 47 45 23 26 67 
62 47 1 40 58 12 55 23 26 67 
19 1 12 47 51 55 23 26 24 67 
25 1 53 40 19 12 55 23 26 67 
25 19 1 12 45 23 55 67 
25 19 1 12 45 23 42 67 
25 19 1 12 45 23 47 67 
55 1 12 47 45 23 26 64 67 
25 19 62 47 1 12 55 23 26 67 
62 1 12 47 51 55 23 26 64 67 
25 19 1 12 45 23 49 67 
25 19 1 12 55 23 26 49 67 
20 42 1 40 12 55 23 26 67 
62 47 1 12 55 23 26 64 67 
25 19 1 12 45 23 55 67 
25 19 1 12 55 23 26 49 67 
5 1 42 12 55 40 23 67 
25 47 1 19 33 20 51 12 23 67 
25 19 1 40 57 42 53 12 23 67 
8 19 1 40 31 42 51 12 23 34 67 
48 8 34 25 53 19 55 1 12 57 23 67 
19 1 42 64 25 53 12 23 48 15 67 
25 19 1 40 51 12 23 34 67 
25 19 1 42 53 12 40 23 67 
48 1 42 34 25 53 19 12 57 23 67 
25 19 1 57 55 40 42 53 12 23 32 67 
25 47 1 19 33 53 12 40 23 67 
25 19 1 40 32 10 47 12 23 34 67 
57 19 1 24 12 42 25 40 51 23 67 
19 1 40 34 25 31 57 42 53 12 23 67 
25 19 1 40 51 12 23 34 67 
25 19 24 42 47 1 53 12 40 23 15 67 
10 19 25 1 42 53 12 62 55 49 67 
62 19 1 40 57 32 53 47 42 12 67 
57 19 1 24 12 42 58 47 40 45 67 
49 55 1 42 58 12 51 67 
25 19 1 24 12 42 58 55 57 45 67 
19 57 17 42 25 1 55 12 45 39 49 67 
25 1 42 53 19 12 40 67 
48 57 64 45 25 19 1 55 12 39 49 67 
48 57 64 45 25 31 1 42 40 51 12 67 
19 1 24 42 25 53 12 40 23 48 15 67 
25 19 1 40 51 12 23 34 67 
25 19 1 42 53 12 62 67 
10 47 1 40 57 8 60 12 67 
62 47 1 42 53 12 40 64 67 
48 57 64 45 25 19 1 55 12 39 49 67 
25 19 1 40 57 42 53 12 23 67 
25 31 1 42 40 51 12 67 
25 19 1 42 53 12 40 67 
60 19 1 42 53 12 40 58 67 
49 19 1 24 12 42 58 55 45 65 67 
25 19 1 57 55 12 45 39 49 60 32 67 
20 42 1 40 51 12 15 64 67 
49 1 53 40 57 8 60 12 47 67 
25 19 1 40 10 57 65 51 12 67 
25 47 1 19 42 53 12 40 23 67 
25 19 45 1 57 39 55 12 49 67 
49 1 53 47 51 8 60 12 39 67 
25 19 1 42 53 12 40 23 67 
25 19 20 60 32 47 55 1 57 49 67 
10 47 1 40 57 8 60 12 9 67 
10 19 1 40 57 32 53 60 55 49 67 
20 42 64 24 32 40 51 47 55 1 67 
57 19 24 47 48 15 64 1 40 8 67 
49 58 55 42 25 32 45 1 48 15 67 
62 47 1 64 8 25 49 50 67 
25 45 1 57 39 55 32 49 67 
57 47 1 40 45 39 60 49 67 
49 55 1 42 58 10 57 67 
57 55 1 47 45 39 40 67 
25 19 24 47 51 57 45 8 40 1 15 67 
49 55 1 42 58 25 19 67 
24 33 1 57 43 53 13 32 67 
47 57 24 42 25 44 55 1 32 48 15 67 
25 19 1 40 51 12 15 34 67 
31 47 1 40 51 64 43 45 49 67 
57 19 24 47 51 8 39 45 65 1 15 67 
55 47 1 40 49 42 58 54 32 67 
31 47 1 57 45 39 53 60 32 67 
25 19 1 40 58 57 45 49 32 67 
10 57 24 42 25 45 39 54 65 1 15 67 
49 55 1 42 58 25 19 67 
49 19 24 42 58 55 32 45 65 1 15 67 
20 60 32 47 55 1 57 67 
31 47 1 40 51 45 39 55 32 67 
47 55 1 57 32 48 15 49 67 
49 58 45 39 42 17 69 
57 47 45 39 42 40 69 
49 42 58 55 32 45 69 
57 47 45 39 40 60 69 
49 42 58 55 32 45 69 
10 57 45 39 42 54 69 
