19 1 40 12 23 26 48 67 
40 1 53 19 12 23 26 67 
19 1 12 40 23 26 67 
40 1 13 12 23 26 60 67 
40 24 1 12 23 13 26 67 
19 1 40 12 23 26 48 67 
40 1 13 12 23 26 48 67 
19 1 12 40 23 26 67 
40 1 12 23 13 26 67 
1 42 40 12 23 13 26 24 67 
1 19 40 12 23 13 26 48 67 
1 19 40 12 23 13 26 48 67 
40 1 12 23 13 26 67 
1 19 40 12 23 13 26 42 67 
1 19 40 12 23 13 26 48 67 
40 1 12 23 13 26 67 
1 19 40 12 23 13 26 48 67 
54 38 24 1 39 12 23 67 
1 19 44 58 14 12 50 23 24 67 
2 3 4 6 12 26 22 66 
1 24 47 15 39 59 25 60 67 
54 38 24 1 10 60 17 67 
17 18 60 56 1 12 25 19 67 
40 1 12 23 13 26 67 
24 54 58 19 65 1 67 
10 13 54 41 38 24 69 
1 19 65 39 46 12 24 23 67 
13 1 12 23 19 17 67 
19 43 47 15 24 65 49 1 60 67 
1 39 19 24 58 15 67 
1 19 12 44 58 65 67 
49 1 44 58 19 12 40 43 39 67 
19 24 65 1 38 60 43 67 
19 24 54 1 58 12 44 67 
49 1 12 23 19 44 67 
32 1 12 23 38 49 67 
1 19 12 23 44 58 67 
40 1 12 23 13 19 67 
19 1 12 23 44 58 67 
1 19 44 65 24 35 15 54 12 67 
17 19 33 65 1 12 43 40 67 
49 1 19 44 58 12 67 
46 24 1 44 58 65 12 67 
2 3 4 6 12 26 22 66 
2 3 4 6 12 26 22 66 
2 3 4 6 12 26 22 66 
2 3 4 6 12 26 22 66 
2 3 4 6 12 26 22 66 
17 19 33 1 43 12 65 23 67 
17 19 33 65 1 12 43 23 67 
19 24 54 58 1 12 48 23 67 
5 19 65 49 1 12 43 23 67 
17 19 33 65 1 12 43 23 67 
13 19 65 1 12 43 23 67 
17 19 65 1 12 43 23 67 
17 19 65 1 12 43 23 67 
17 19 65 1 12 43 23 67 
49 1 19 44 58 12 67 
25 1 19 44 58 12 67 
49 1 19 44 58 12 67 
1 19 44 58 14 12 48 23 24 67 
52 19 44 65 1 58 12 48 23 67 
1 39 19 18 12 24 67 
1 19 44 58 24 65 12 48 23 67 
17 19 65 1 12 43 23 67 
24 38 49 19 65 1 67 
1 19 44 58 17 12 48 23 24 67 
1 39 19 24 25 60 67 
65 19 24 58 15 1 67 
1 19 44 58 24 65 12 48 23 67 
19 43 47 15 58 1 60 44 12 67 
19 24 58 15 65 1 12 48 39 67 
1 19 46 44 58 12 65 40 67 
19 35 15 24 54 1 58 12 67 
19 24 47 15 54 1 58 12 67 
49 59 44 40 1 60 43 12 67 
49 19 44 1 60 43 12 67 
19 24 54 1 58 12 48 67 
1 19 44 58 12 65 40 43 39 67 
58 24 47 13 33 1 60 50 12 67 
49 38 24 1 5 25 12 67 
65 19 47 60 24 1 67 
19 24 58 15 65 1 60 43 39 67 
1 19 43 47 60 41 15 56 10 67 
58 35 8 1 60 43 12 67 
17 18 60 56 25 1 19 40 67 
19 18 60 24 65 1 43 39 67 
19 24 47 15 38 1 60 43 39 67 
19 24 65 1 60 43 39 67 
54 38 24 1 10 60 17 67 
19 24 65 49 47 15 1 60 67 
19 24 65 49 5 59 1 60 67 
19 24 47 15 65 1 60 43 39 67 
19 24 65 1 60 43 39 67 
54 38 24 1 10 60 17 67 
65 19 60 43 39 58 70 
54 10 60 43 31 20 70 
38 32 33 50 64 46 70 
10 13 54 41 20 53 69 
42 5 25 35 51 8 69 
