54 5 25 62 46 31 33 56 39 52 70 
13 1 31 12 23 42 26 67 
48 1 31 12 23 13 26 67 
52 53 25 9 46 32 10 14 62 31 70 
34 41 14 32 19 44 1 46 31 10 56 35 67 
52 1 59 12 60 23 44 26 67 
59 1 25 12 41 23 67 
49 39 52 34 46 19 5 62 1 14 35 48 67 
13 1 59 12 51 31 23 26 67 
14 1 48 12 60 23 17 67 
13 1 17 34 12 23 31 67 
1 9 10 14 41 45 67 
35 45 24 46 32 14 1 48 12 60 58 17 67 
1 17 12 34 33 45 55 23 67 
52 1 59 12 60 23 44 13 67 
1 12 9 10 14 41 67 
35 60 52 1 48 31 33 56 12 23 67 
41 1 34 12 23 51 67 
14 5 13 56 1 51 12 23 41 67 
13 60 52 1 31 12 23 59 51 67 
13 40 56 1 34 9 44 31 12 10 41 51 67 
53 62 46 32 19 52 1 48 12 60 23 42 67 
35 1 31 25 12 14 62 67 
1 9 10 14 41 45 67 
13 1 41 59 35 12 52 23 44 46 67 
35 5 51 1 60 12 10 13 67 
40 1 12 51 46 31 34 62 67 
35 45 52 1 59 12 60 10 41 67 
54 5 25 62 1 34 41 17 12 67 
14 1 48 12 60 52 17 67 
14 1 48 12 31 34 60 52 17 10 67 
14 1 25 62 46 31 45 48 12 5 67 
14 1 25 62 46 19 24 31 45 48 12 67 
13 40 56 1 34 12 14 48 9 19 41 67 
35 1 13 60 34 52 59 67 
35 1 13 60 34 58 14 67 
53 51 17 1 18 35 60 34 67 
35 5 25 1 60 52 48 44 67 
13 53 14 65 1 34 41 17 46 67 
40 1 56 12 34 33 67 
35 45 13 1 49 39 10 56 41 67 
54 40 52 34 1 41 25 62 14 60 67 
14 1 25 62 46 31 33 48 41 9 67 
35 45 34 49 1 41 14 48 39 10 56 67 
41 31 25 1 14 34 46 40 24 32 19 67 
13 40 56 1 34 12 23 57 5 9 10 14 67 
54 53 25 46 9 10 14 62 31 33 70 
13 1 31 12 23 42 26 67 
13 40 52 34 46 19 5 62 1 14 41 60 67 
52 1 59 12 60 23 44 26 67 
65 1 49 41 12 34 23 67 
13 1 59 12 52 35 23 44 67 
17 1 34 12 23 31 67 
35 45 52 1 59 12 60 23 41 67 
35 45 57 56 1 41 14 48 43 40 12 10 67 
1 9 10 14 41 45 67 
1 34 41 59 35 12 23 51 10 46 67 
14 1 48 41 9 10 34 12 67 
54 5 25 62 1 34 41 17 12 67 
14 1 31 12 51 34 62 67 
1 34 41 14 46 31 10 56 35 12 67 
35 38 46 1 34 12 31 59 24 32 19 67 
41 1 14 34 46 40 31 67 
53 51 13 1 18 39 14 35 67 
1 12 10 13 60 34 67 
54 5 13 1 49 39 14 35 31 67 
35 31 25 1 46 32 19 34 40 5 67 
54 5 25 46 31 34 62 33 1 39 52 67 
53 62 46 32 19 52 1 48 12 60 23 42 67 
13 1 31 12 23 62 26 67 
54 5 25 46 45 34 62 33 56 39 52 70 
35 45 24 46 32 19 5 62 1 60 52 48 67 
59 1 12 34 41 23 51 26 67 
14 1 48 12 23 42 5 67 
13 1 59 12 51 14 57 23 67 
40 1 14 12 23 31 67 
13 1 49 39 14 35 31 12 23 67 
56 1 41 14 35 48 43 40 12 10 51 46 67 
9 1 34 40 56 62 67 
13 41 25 62 46 1 31 12 23 59 67 
14 1 48 12 5 17 42 51 67 
13 53 14 34 1 65 46 12 33 67 
14 1 48 12 9 10 41 67 
54 41 25 62 46 31 8 1 59 12 67 
35 31 25 1 5 12 14 62 24 32 19 67 
35 1 13 60 34 9 44 67 
35 5 25 1 60 52 48 44 67 
13 1 31 49 56 12 67 
35 45 24 46 1 51 32 19 5 67 
14 17 24 54 46 32 19 34 40 1 67 
49 39 14 1 34 54 5 25 62 46 31 67 
53 1 41 62 46 32 19 52 5 12 60 23 67 
54 5 25 62 46 31 33 56 39 52 70 
41 1 34 12 23 51 26 67 
35 45 24 46 32 19 5 62 1 60 52 48 67 
13 1 12 34 31 23 42 26 67 
13 1 31 12 23 59 51 67 
41 9 10 1 34 12 23 51 67 
41 1 34 12 23 51 67 
17 31 39 1 34 25 12 23 55 67 
