44 1 62 45 5 12 23 26 67 
44 1 62 45 5 12 23 26 67 
44 1 62 45 5 12 23 26 67 
8 44 1 62 45 12 23 26 67 
44 1 62 17 8 12 23 26 54 67 
44 1 62 17 8 12 23 26 54 67 
44 1 62 17 8 12 23 26 54 67 
44 1 62 17 8 12 23 26 54 67 
44 1 62 17 8 12 23 26 54 67 
44 1 62 45 8 12 23 26 67 
65 45 42 47 1 12 23 67 
45 8 15 44 1 12 23 67 
45 8 15 44 1 12 23 67 
45 8 15 44 1 12 23 67 
32 45 42 47 1 12 23 67 
19 44 59 41 45 53 8 1 12 23 5 54 67 
8 44 1 62 45 53 12 23 67 
44 62 59 41 45 8 1 12 53 23 5 54 67 
18 38 53 5 32 44 1 62 45 12 23 52 67 
44 62 65 41 45 55 1 8 53 47 12 23 67 
44 1 18 65 62 45 53 12 23 67 
44 1 45 65 62 12 8 41 53 23 67 
44 45 8 41 1 54 12 23 48 15 43 67 
8 44 1 62 45 12 23 5 67 
44 1 62 8 53 45 12 23 54 67 
44 1 53 5 62 45 12 8 65 41 23 67 
44 1 45 8 53 47 12 23 54 67 
18 44 60 56 65 1 54 53 12 23 48 67 
44 1 45 42 12 23 54 48 15 67 
55 44 62 45 65 1 12 23 5 46 52 57 67 
8 44 1 62 45 12 23 53 67 
32 44 1 62 45 12 23 52 67 
8 44 45 65 1 35 48 62 12 23 67 
44 1 45 8 12 23 54 48 15 67 
18 65 20 35 60 1 49 12 53 23 67 
44 1 62 45 12 8 65 41 53 23 67 
44 1 62 45 12 8 53 23 5 54 42 67 
8 44 1 62 45 12 23 5 67 
18 65 20 35 60 1 54 12 53 23 67 
45 43 60 8 44 1 12 67 
44 1 54 48 40 20 18 65 12 67 
18 65 44 47 1 54 12 67 
35 44 60 56 1 54 12 67 
19 1 54 48 40 20 65 12 44 67 
53 1 44 54 48 40 20 65 12 67 
18 44 35 60 1 54 12 38 67 
54 62 60 35 44 1 12 67 
18 44 1 62 45 53 12 8 67 
45 8 44 1 31 48 54 12 67 
18 44 65 1 62 45 53 12 67 
19 44 53 45 8 1 12 67 
54 62 60 42 1 8 19 44 12 67 
38 44 53 5 1 45 12 47 48 25 18 64 67 
18 44 41 65 1 35 54 12 9 25 67 
18 38 53 5 45 55 1 54 35 9 25 12 67 
18 44 45 47 1 35 41 54 12 65 67 
18 44 45 47 1 35 41 54 12 9 67 
45 8 44 1 12 54 5 48 15 65 24 52 67 
46 44 65 41 1 54 8 45 12 13 35 53 67 
18 44 53 5 1 45 12 8 25 10 34 64 67 
18 44 1 62 45 53 12 8 67 
18 44 45 65 1 35 48 54 12 9 67 
35 60 44 1 54 12 38 65 45 47 62 67 
44 1 54 48 40 20 65 12 9 67 
8 47 38 48 44 45 1 54 65 15 25 10 67 
18 62 65 41 45 8 53 47 44 1 54 10 67 
18 44 45 65 53 1 35 48 67 
45 54 53 65 44 47 1 9 41 12 67 
18 43 65 1 31 48 35 45 67 
18 44 45 65 53 1 35 48 67 
18 44 65 41 1 54 48 9 25 10 34 64 67 
45 8 15 65 1 24 41 53 12 23 60 67 
18 65 44 1 54 48 9 25 12 10 34 67 
45 41 44 1 54 12 65 35 53 47 62 67 
45 8 44 1 54 12 48 15 65 24 52 67 
18 62 65 41 45 55 1 54 35 9 25 10 67 
18 65 44 1 31 48 9 25 67 
54 62 45 8 53 47 60 1 49 67 
18 65 44 1 54 12 48 9 25 10 34 67 
53 47 1 38 40 18 65 20 54 67 
18 65 45 8 53 47 44 1 54 67 
18 44 19 65 1 35 48 9 25 57 67 
53 47 1 38 48 18 25 43 41 67 
54 62 13 8 1 45 15 67 
18 44 45 65 1 35 48 9 54 25 67 
47 1 35 53 62 5 48 67 
54 62 60 8 1 45 49 67 
18 44 45 65 1 35 48 9 54 25 67 
18 65 44 1 54 48 9 25 10 34 64 67 
19 44 53 47 1 65 20 67 
45 8 15 65 9 44 1 67 
18 44 45 65 1 35 48 9 25 57 67 
18 65 44 1 54 48 9 25 10 34 64 67 
45 8 15 65 1 24 41 47 55 39 10 67 
45 8 15 65 1 24 41 47 55 39 10 67 
18 65 48 9 25 55 34 70 
24 51 35 5 48 15 46 70 
32 52 57 45 20 64 15 40 10 69 
18 65 48 9 25 10 34 70 
32 52 57 45 20 64 15 40 10 69 
