5 14 65 38 54 20 25 68 
2 55 12 14 22 28 66 
3 2 12 6 22 28 66 
43 2 6 12 22 28 66 
14 5 1 12 50 34 23 67 
14 5 1 12 50 26 23 67 
14 38 52 31 43 65 54 39 1 25 48 20 67 
3 2 12 46 28 9 66 
33 5 1 50 12 34 23 26 10 67 
3 2 15 12 22 28 66 
41 2 12 46 23 28 66 
3 2 21 12 22 28 66 
14 1 12 5 50 34 23 32 67 
14 51 52 31 43 65 54 1 25 39 12 47 67 
48 2 12 21 22 28 66 
14 5 1 50 12 34 23 32 39 67 
43 14 1 12 65 52 54 67 
14 5 1 65 38 10 12 50 34 23 67 
25 38 1 50 12 34 23 32 54 39 20 67 
60 1 12 50 14 65 5 10 67 
14 2 12 4 22 28 66 
42 5 1 50 12 39 65 38 52 67 
33 2 12 6 28 57 66 
14 1 25 54 40 43 12 65 5 38 67 
42 10 39 43 1 54 65 38 52 35 12 67 
14 5 1 50 12 65 54 34 23 32 39 20 67 
42 39 1 54 65 38 52 67 
41 14 1 65 10 32 39 54 67 
43 14 10 65 1 38 54 31 41 67 
43 14 1 65 38 10 25 9 13 54 67 
14 1 65 38 5 43 42 39 33 60 19 67 
3 2 6 21 26 27 66 
3 2 6 21 26 27 66 
3 2 6 21 26 27 66 
3 2 6 21 26 28 66 
3 2 6 21 26 28 66 
3 2 6 21 26 28 66 
3 2 6 21 26 28 66 
3 2 6 21 26 28 66 
3 2 6 21 26 28 66 
3 2 6 21 26 28 66 
3 2 6 21 26 28 66 
3 2 6 21 26 28 66 
3 2 6 21 26 28 66 
3 2 6 21 26 28 66 
3 2 6 21 26 28 66 
3 2 6 21 26 28 66 
3 2 6 21 26 28 66 
3 2 6 21 26 28 66 
3 2 6 21 26 28 66 
3 2 6 21 26 28 66 
3 2 6 21 26 28 66 
3 2 6 21 26 28 66 
3 2 6 21 26 28 66 
3 2 6 21 26 28 66 
3 2 6 21 26 28 66 
3 2 6 21 26 28 66 
3 2 6 21 26 28 66 
3 2 6 21 26 28 66 
3 2 6 21 26 28 66 
3 2 6 21 26 28 66 
3 2 6 21 26 28 66 
3 2 6 21 26 28 66 
3 2 6 21 26 28 66 
3 2 6 21 26 28 66 
3 2 6 21 26 28 66 
3 2 6 21 26 28 66 
3 2 6 21 26 28 66 
3 2 6 21 26 28 66 
3 2 6 21 26 28 66 
3 2 6 21 26 28 66 
3 2 6 21 26 28 66 
3 2 6 21 26 28 66 
3 2 6 21 26 28 66 
3 2 6 21 26 28 66 
3 2 6 21 26 28 66 
3 2 6 21 26 28 66 
3 2 6 21 26 28 66 
3 2 6 21 26 28 66 
3 2 6 21 26 28 66 
3 2 6 21 26 28 66 
3 2 6 21 26 28 66 
3 2 6 21 26 28 66 
3 2 6 21 26 28 66 
3 2 6 21 26 28 66 
3 2 6 21 26 28 66 
3 2 6 21 26 28 66 
3 2 6 21 26 28 66 
3 2 6 21 26 28 66 
3 2 6 21 26 28 66 
3 2 6 21 26 28 66 
3 2 6 21 26 28 66 
3 2 6 21 26 28 66 
3 2 6 21 26 28 66 
3 2 6 21 26 28 66 
3 2 6 21 26 28 66 
3 2 6 21 26 28 66 
3 2 6 21 26 28 66 
3 2 6 21 26 28 66 
3 2 6 21 26 28 66 
