45 34 17 59 65 38 70 
45 12 2 1 26 23 67 
45 34 17 50 10 31 70 
34 18 60 47 64 43 14 17 1 55 45 32 67 
45 59 17 1 12 23 67 
45 12 17 1 26 23 67 
17 45 1 55 12 26 23 67 
45 12 17 1 26 23 67 
45 17 1 15 12 26 23 67 
45 50 17 1 59 64 67 
38 25 5 39 45 17 1 34 62 52 12 10 67 
51 64 1 55 12 58 23 67 
44 34 60 47 64 40 38 45 24 1 42 59 67 
51 64 1 55 12 58 23 67 
18 45 32 17 1 12 23 34 67 
38 34 45 59 17 1 12 23 67 
45 59 17 1 12 23 67 
51 17 1 12 43 65 67 
38 34 45 59 17 1 12 23 43 25 67 
45 10 59 46 1 12 23 17 38 67 
18 32 17 1 45 12 23 34 5 67 
45 18 5 62 38 50 1 40 17 56 12 23 67 
34 25 1 55 12 50 5 67 
38 25 5 39 45 17 1 34 33 52 12 10 67 
38 34 1 25 17 45 52 12 67 
44 43 38 45 24 1 12 59 67 
45 59 17 1 60 46 67 
17 34 45 33 1 12 20 23 43 25 67 
19 34 58 46 1 53 12 47 45 67 
57 1 25 38 59 55 50 17 12 67 
38 34 1 55 12 45 59 67 
38 34 18 17 1 55 45 32 12 25 67 
17 34 45 33 1 12 20 40 43 25 67 
18 45 32 17 38 33 60 1 12 65 34 67 
31 43 1 59 54 45 51 17 57 47 12 67 
45 10 1 55 56 17 31 67 
45 17 1 12 59 44 67 
51 64 1 55 56 10 50 67 
44 43 32 64 1 18 38 45 67 
50 10 31 64 1 18 38 52 67 
39 43 65 53 5 1 17 10 50 67 
10 43 65 59 5 1 55 19 45 67 
34 1 25 45 38 17 44 59 43 47 67 
44 43 65 34 45 56 17 1 38 47 67 
44 34 45 10 17 31 1 9 24 42 59 67 
38 34 60 47 64 40 45 59 17 1 12 23 67 
34 43 1 59 54 45 25 38 17 24 52 67 
45 12 17 1 26 23 67 
45 31 17 59 51 64 70 
45 17 1 55 12 26 23 67 
44 34 60 47 64 43 38 45 24 1 42 59 67 
18 64 1 55 12 58 23 67 
45 59 17 1 12 23 67 
59 17 34 45 1 12 41 23 67 
19 34 58 46 1 53 12 23 45 67 
44 34 60 47 64 43 38 45 24 1 12 59 67 
39 33 41 1 43 55 67 
45 17 47 59 55 50 1 12 67 
17 34 45 33 1 12 20 23 43 25 67 
39 43 55 19 45 17 1 12 18 67 
57 59 1 55 50 17 12 67 
51 43 65 34 45 56 10 50 1 12 67 
39 43 1 59 54 45 51 17 57 47 12 67 
44 17 1 59 45 43 47 67 
46 45 32 64 1 18 53 34 67 
17 45 33 1 12 20 67 
39 43 65 59 5 1 17 64 55 67 
34 1 25 45 38 17 24 52 60 18 67 
19 53 45 18 40 59 5 1 55 9 54 67 
45 64 32 62 50 17 1 59 31 56 12 23 67 
45 12 17 1 26 23 67 
50 47 17 59 64 38 70 
17 45 1 55 12 26 23 67 
50 10 35 38 52 64 1 55 18 43 45 24 67 
51 64 1 55 12 58 23 67 
45 33 17 1 12 23 67 
38 34 45 59 17 1 12 23 67 
10 60 34 45 1 12 5 41 23 67 
50 47 59 38 45 64 1 17 12 40 65 41 67 
39 13 45 43 1 59 67 
38 34 1 49 17 45 52 12 67 
38 34 45 59 50 1 12 23 18 25 67 
39 43 59 54 1 55 12 13 51 67 
51 64 1 55 12 50 45 67 
10 50 47 59 17 60 34 45 1 12 67 
34 45 32 17 38 33 60 1 25 12 43 67 
44 43 1 55 47 59 17 67 
10 1 45 34 17 59 65 60 67 
59 17 45 1 12 41 67 
50 43 55 19 45 17 1 59 64 67 
51 43 65 34 45 56 17 1 10 59 67 
50 62 38 34 17 8 10 1 55 52 64 67 
34 25 5 39 45 17 1 12 59 23 64 10 67 
10 34 17 59 64 45 70 
17 45 1 55 12 26 23 67 
50 10 62 38 52 64 1 55 54 18 59 43 67 
51 64 1 55 12 58 23 67 
45 17 1 12 59 23 67 
18 45 32 17 1 12 23 34 67 
59 17 1 43 45 12 23 42 5 67 
