19 55 18 5 39 15 46 62 70 
24 1 18 15 12 23 26 67 
24 1 53 15 12 23 26 67 
31 24 45 5 39 15 50 9 70 
24 55 43 17 46 51 18 48 1 60 67 
24 15 18 5 1 12 23 26 67 
24 1 18 15 12 23 67 
9 55 43 17 1 46 47 18 33 39 67 
24 15 18 5 1 12 23 26 67 
24 18 31 1 15 64 40 5 9 12 67 
31 17 33 19 1 18 67 
44 1 60 15 12 18 23 67 
24 1 18 42 12 53 23 67 
19 55 18 44 5 1 15 45 35 12 67 
31 53 33 19 1 18 67 
31 1 18 15 12 55 67 
19 55 18 5 1 35 12 23 67 
50 1 24 53 31 15 12 23 67 
24 1 18 12 46 51 15 38 23 50 67 
38 1 18 44 12 23 67 
24 1 62 12 46 15 53 23 50 67 
24 18 48 1 60 44 12 23 42 67 
24 1 25 18 12 15 62 67 
24 33 25 18 1 15 12 67 
24 1 18 40 57 12 67 
1 18 24 10 46 51 15 12 44 23 67 
50 1 24 53 31 15 12 34 67 
19 52 18 24 1 12 46 51 67 
50 1 53 64 39 32 15 12 65 67 
1 15 62 46 51 18 24 12 44 67 
17 33 31 18 19 1 51 67 
24 1 53 15 18 10 46 67 
24 15 18 33 1 65 17 31 67 
50 1 18 31 17 33 19 5 67 
31 1 53 59 20 24 55 18 5 67 
31 1 53 59 20 24 55 18 5 67 
24 15 1 47 12 23 26 67 
31 24 50 5 9 15 46 59 70 
24 1 18 10 46 51 15 31 50 59 67 
1 18 24 12 44 23 26 5 67 
24 1 18 15 12 53 23 67 
24 1 18 12 46 51 15 31 50 59 67 
1 31 24 44 19 64 67 
9 55 43 5 1 12 23 17 67 
24 1 18 15 12 23 67 
19 55 18 44 5 1 35 12 23 67 
32 1 60 15 12 53 18 67 
24 1 18 40 12 15 67 
1 24 18 10 46 51 15 12 44 23 67 
14 1 33 49 40 15 12 18 67 
24 19 31 1 60 12 18 38 50 67 
24 33 25 18 49 40 1 67 
24 55 18 5 1 59 56 15 67 
1 31 24 64 39 32 58 18 15 67 
24 15 18 1 12 23 26 67 
19 55 18 5 46 34 39 62 25 70 
9 55 43 17 1 46 51 18 33 39 67 
24 15 18 5 1 12 23 26 67 
32 1 53 15 18 12 23 67 
31 24 50 59 5 1 25 18 12 39 67 
24 1 18 31 50 59 67 
24 15 18 5 1 12 23 64 67 
24 1 18 17 12 23 67 
24 1 18 15 12 23 64 38 50 67 
31 1 53 15 12 32 33 67 
50 35 15 19 1 12 67 
24 1 18 15 12 64 23 45 59 46 67 
24 33 60 50 18 1 44 12 67 
50 1 18 59 46 24 31 19 12 67 
24 1 18 31 64 39 15 67 
33 1 65 17 31 18 19 51 67 
1 31 24 64 39 32 58 18 15 67 
24 15 18 1 12 23 26 67 
19 56 18 5 39 15 46 62 70 
31 24 64 1 15 19 50 58 18 39 67 
24 53 31 1 15 12 23 26 67 
24 1 53 15 12 23 13 67 
24 18 31 1 15 19 40 46 12 35 67 
24 1 18 15 49 46 67 
55 24 18 5 1 15 12 23 67 
24 1 18 44 12 23 67 
50 1 18 59 46 15 12 23 25 67 
24 1 17 15 12 48 5 67 
24 1 18 44 19 12 67 
24 1 18 15 12 64 23 45 59 46 67 
24 1 18 5 9 12 31 62 67 
17 33 31 19 51 18 1 12 50 67 
50 1 17 35 33 19 59 67 
24 33 60 50 18 59 40 1 67 
31 1 50 59 20 18 65 19 55 67 
24 20 18 44 19 55 70 
24 1 53 15 12 23 26 67 
1 31 24 64 50 58 18 39 15 46 67 
1 18 24 12 44 23 26 5 67 
24 1 18 15 12 23 64 67 
50 18 59 40 1 17 15 12 46 25 67 
24 1 18 15 44 17 67 
24 55 18 5 1 15 12 23 67 
24 1 18 15 12 23 67 
24 1 18 15 12 23 64 38 50 67 
