38 32 47 58 42 31 69 
1 39 46 12 18 23 67 
1 32 33 12 23 26 42 67 
18 43 65 51 35 8 46 1 58 42 32 25 67 
1 18 39 8 12 23 38 67 
1 33 12 65 23 26 42 18 67 
1 8 12 18 39 23 38 31 67 
1 35 54 47 12 57 67 
1 12 18 50 48 8 56 20 54 60 34 25 67 
1 33 47 24 8 12 18 39 23 67 
34 43 46 44 1 8 12 67 
34 31 65 20 1 47 12 18 67 
1 50 38 18 52 58 54 17 12 67 
52 43 57 1 31 8 18 24 33 12 67 
31 5 65 51 39 57 20 1 47 12 10 67 
1 38 54 18 24 25 67 
1 43 65 8 12 18 39 23 34 42 32 52 67 
18 24 33 10 49 54 1 67 
1 50 57 38 18 24 25 10 67 
18 43 46 1 58 42 32 25 17 67 
1 54 17 18 38 25 58 42 50 59 67 
32 46 57 1 58 24 48 25 18 17 42 67 
1 33 65 12 23 26 67 
1 33 65 12 23 26 67 
1 33 32 12 23 26 67 
1 33 65 12 23 26 67 
1 33 43 12 23 26 67 
1 59 33 12 23 26 67 
1 33 10 12 23 26 67 
1 33 59 12 23 26 67 
1 65 33 12 23 26 67 
1 65 33 12 23 26 67 
1 65 33 12 23 26 67 
1 59 33 12 23 26 67 
1 65 33 12 23 26 67 
1 8 65 12 23 26 67 
1 33 32 12 23 26 67 
1 32 33 12 23 26 67 
1 33 32 12 23 26 67 
1 65 33 12 23 26 67 
1 59 33 12 23 26 67 
1 8 65 12 23 26 67 
1 65 57 12 23 26 67 
1 65 33 12 23 26 67 
1 65 45 12 23 26 67 
1 8 65 12 23 26 67 
1 65 33 12 23 26 67 
1 33 32 12 23 26 67 
1 32 18 12 23 26 67 
1 65 33 12 23 26 67 
1 8 17 12 23 26 67 
1 49 32 12 23 26 67 
1 33 32 12 23 26 67 
1 65 33 12 23 26 67 
1 65 33 12 23 26 67 
1 33 32 12 23 26 67 
1 65 33 12 23 26 67 
1 33 65 12 23 26 67 
1 33 65 12 23 26 67 
1 33 12 65 23 26 67 
1 8 65 12 23 26 67 
1 65 46 12 23 26 67 
1 65 33 12 23 26 67 
1 33 12 65 23 26 67 
1 33 38 12 23 26 67 
1 65 33 12 23 26 67 
1 33 47 12 23 26 67 
1 65 33 12 23 26 67 
1 8 65 12 23 26 67 
1 65 46 12 23 26 67 
1 65 8 12 23 26 67 
1 25 33 12 23 26 67 
1 65 33 12 23 26 67 
1 65 19 12 23 26 67 
1 65 33 12 23 26 67 
1 65 33 12 23 26 67 
1 65 33 12 23 26 67 
1 33 65 12 23 26 67 
1 25 33 12 23 26 67 
1 33 38 12 23 26 67 
1 44 57 12 23 26 67 
1 48 33 12 23 26 67 
1 65 33 12 23 26 67 
1 33 65 12 23 26 67 
1 19 33 12 23 26 67 
1 33 32 12 23 26 67 
1 32 54 12 23 26 67 
1 55 32 12 23 26 67 
1 33 12 24 23 26 67 
1 33 32 12 23 26 67 
1 33 32 12 23 26 67 
1 33 32 12 23 26 67 
1 45 65 12 23 26 67 
1 47 33 12 23 26 67 
1 65 56 12 23 26 67 
1 49 33 12 23 26 67 
1 33 32 12 23 26 67 
1 33 32 12 23 26 67 
1 33 65 12 23 26 67 
42 24 1 8 12 18 39 23 33 31 67 
