17 1 40 12 23 26 67 
43 35 19 44 25 17 20 10 5 50 60 48 68 
17 1 40 12 23 26 67 
43 35 47 44 25 17 20 10 5 50 60 48 68 
8 15 35 44 25 17 20 10 5 59 1 41 67 
17 1 40 35 15 12 23 26 67 
56 1 40 12 23 59 67 
47 1 40 12 23 49 26 67 
47 1 40 12 23 49 26 67 
47 1 24 38 12 23 49 26 67 
8 15 35 44 25 17 1 65 59 20 10 5 67 
47 40 49 15 1 12 23 67 
18 1 40 12 23 49 15 67 
25 15 1 51 43 59 67 
9 47 40 35 25 60 1 12 15 31 18 45 67 
65 35 44 41 1 12 23 50 67 
17 40 47 1 12 23 50 15 67 
47 15 1 51 57 12 67 
34 15 47 1 12 23 17 32 31 19 67 
18 1 62 47 12 23 67 
18 1 15 19 62 47 12 23 56 67 
51 15 53 40 49 1 12 23 20 67 
43 35 19 17 1 40 12 51 65 50 14 48 67 
8 15 44 35 59 1 41 12 23 31 18 45 67 
17 1 40 15 42 12 9 67 
17 1 56 15 47 59 67 
55 59 40 1 12 23 43 32 31 19 67 
17 1 40 65 35 44 41 12 67 
47 1 24 56 40 59 39 12 67 
51 15 53 43 1 60 12 35 19 67 
43 15 47 1 59 12 40 46 24 67 
10 1 40 9 25 56 12 67 
43 35 47 1 49 25 19 17 40 12 67 
17 65 15 19 8 1 40 12 9 47 67 
8 35 19 44 25 15 65 41 1 12 58 67 
9 65 15 19 8 33 47 25 56 1 12 67 
17 1 40 41 47 53 49 67 
18 1 40 49 15 44 65 67 
41 1 24 56 40 47 53 49 67 
43 20 65 1 56 44 55 35 67 
17 40 64 1 59 9 47 46 24 67 
55 1 40 12 35 49 67 
8 47 53 40 49 1 33 35 15 67 
8 65 15 19 35 44 25 17 1 59 67 
15 44 65 53 18 40 56 1 8 20 67 
17 65 15 47 1 49 25 20 60 44 8 67 
9 15 47 19 8 1 44 25 17 20 39 67 
43 35 19 39 25 17 20 1 12 23 38 15 67 
56 1 40 12 23 26 67 
43 35 55 47 62 17 20 8 15 19 44 10 68 
18 1 40 12 23 8 26 67 
18 40 47 1 12 23 50 26 67 
9 19 44 55 48 17 1 65 59 40 49 15 67 
17 1 40 12 23 65 35 67 
43 35 19 1 12 23 38 15 67 
56 1 40 12 23 59 67 
56 39 1 40 49 12 23 15 65 67 
43 35 19 17 15 46 59 1 41 47 12 24 67 
56 1 40 17 55 59 67 
56 15 47 1 12 23 17 39 8 49 67 
8 35 65 1 56 12 25 42 67 
41 47 53 40 49 1 12 35 59 67 
17 1 40 12 51 65 35 67 
17 15 47 1 40 12 9 60 8 35 67 
17 15 47 19 8 1 12 43 24 44 25 67 
18 40 56 1 15 44 8 67 
65 35 44 49 18 1 40 47 67 
43 1 40 12 35 19 67 
17 15 47 1 18 49 57 19 52 67 
8 35 65 53 1 39 44 25 15 41 67 
1 54 47 25 32 15 65 34 41 56 58 67 
17 15 46 35 59 56 1 40 12 23 24 19 67 
43 24 19 44 25 17 20 10 5 50 60 48 68 
17 1 40 12 23 26 67 
47 1 40 12 23 50 26 67 
17 1 65 49 40 12 23 26 67 
43 19 44 55 35 17 1 65 59 40 49 25 67 
17 1 40 12 23 65 35 67 
56 40 39 17 1 65 12 23 67 
55 1 59 40 12 23 67 
60 47 53 40 49 1 12 23 8 67 
17 15 46 35 59 1 41 47 12 43 24 19 67 
55 1 8 15 47 58 67 
15 44 65 53 1 34 8 12 23 20 67 
47 35 44 41 1 40 65 12 67 
56 15 47 1 59 12 40 46 32 67 
9 47 25 56 1 12 15 67 
15 44 65 53 1 17 8 12 35 20 67 
44 65 15 19 8 33 53 1 17 12 35 67 
8 47 25 15 1 58 40 67 
65 35 44 49 40 41 1 47 67 
17 1 40 12 9 47 67 
60 47 53 40 49 1 17 35 15 67 
17 15 47 1 49 25 20 60 44 8 67 
5 65 15 19 8 33 18 1 40 49 47 67 
8 15 10 44 35 59 1 41 12 23 31 65 67 
43 35 19 44 25 17 20 10 5 50 60 48 68 
18 1 40 12 23 26 67 
47 1 57 12 23 50 26 67 
47 1 40 24 56 12 23 26 67 
