65 34 52 1 54 49 67 
65 64 43 50 20 55 10 70 
33 12 23 19 5 21 26 17 67 
44 62 65 60 64 1 5 67 
19 42 34 48 35 65 31 1 67 
65 44 54 35 1 56 23 67 
42 2 28 41 6 29 66 
62 54 45 61 44 15 9 5 1 14 67 
65 6 36 28 23 26 66 
46 40 62 65 5 60 1 17 63 67 
19 38 15 8 1 14 10 17 12 18 67 
65 1 1 12 42 17 67 
65 1 44 9 23 33 37 5 24 67 
19 2 6 22 28 47 9 27 40 66 
65 24 57 34 48 50 25 52 32 12 14 8 67 
4 3 2 26 33 7 66 
1 12 20 15 16 9 67 
3 7 27 28 59 1 19 8 66 
1 13 24 5 11 12 16 44 67 
53 40 57 34 17 12 18 46 20 5 14 67 
