41 40 34 24 20 47 70 
31 1 60 62 12 23 67 
17 51 10 33 56 1 35 34 15 59 60 43 67 
19 1 31 64 12 57 23 67 
49 57 1 64 12 23 43 26 67 
58 57 1 64 12 9 23 55 67 
53 1 60 17 12 64 67 
51 19 10 33 56 1 12 64 53 38 60 43 67 
31 19 1 64 12 57 23 58 55 67 
64 50 1 57 58 55 12 67 
64 1 38 17 19 47 41 12 67 
19 1 20 39 17 64 12 31 23 58 67 
53 60 17 49 1 12 64 65 19 67 
64 57 1 39 17 12 41 34 15 40 67 
64 57 55 65 1 12 19 34 17 15 48 67 
19 1 60 64 35 57 67 
64 19 10 33 48 1 57 55 12 23 60 43 67 
64 1 51 19 5 57 55 67 
64 1 38 17 19 47 34 15 67 
64 19 1 47 53 15 20 58 55 67 
64 57 1 39 38 17 19 47 34 15 67 
64 57 55 65 19 1 35 5 38 15 48 67 
64 1 31 45 12 23 26 67 
64 1 35 45 12 23 26 67 
64 1 31 62 12 23 26 67 
64 1 31 45 12 23 26 67 
1 31 62 64 12 23 26 67 
64 1 31 45 12 23 26 67 
64 1 35 45 12 23 26 67 
53 1 31 45 12 23 26 67 
64 1 35 45 12 23 26 67 
64 1 31 45 12 23 26 67 
64 1 31 62 12 23 26 67 
64 1 49 62 12 23 26 67 
64 1 31 62 12 23 26 67 
35 45 1 64 12 23 26 67 
1 31 62 64 12 23 26 67 
64 1 31 62 12 23 26 67 
64 1 31 62 12 23 26 67 
64 1 31 45 12 23 26 67 
64 1 31 45 12 23 26 67 
64 1 31 45 12 23 26 67 
35 45 1 49 12 23 26 67 
35 45 1 64 12 23 26 67 
64 1 31 45 12 23 26 67 
1 31 62 14 12 23 26 67 
64 1 31 62 12 23 26 67 
38 1 31 45 12 23 26 67 
64 1 49 62 12 23 26 67 
64 1 31 45 12 23 26 67 
64 1 31 45 12 23 26 67 
64 1 44 45 12 23 26 67 
31 53 1 64 12 23 26 67 
64 1 31 20 12 23 26 67 
64 1 31 45 12 23 26 67 
52 1 31 45 12 23 26 67 
64 1 31 45 12 23 26 67 
53 1 31 45 12 23 26 67 
53 1 44 45 12 23 26 67 
31 45 1 64 12 23 26 67 
31 62 1 64 12 23 26 67 
31 62 1 64 12 23 26 67 
1 31 45 64 12 23 26 67 
64 1 44 62 12 23 26 67 
35 45 1 49 12 23 26 67 
64 1 49 62 12 23 26 67 
1 31 62 64 12 23 26 67 
64 1 31 45 12 23 26 67 
1 31 62 14 12 23 26 67 
31 62 1 64 12 23 26 67 
64 1 31 62 12 23 26 67 
64 1 44 62 12 23 26 67 
64 55 62 1 12 23 26 67 
1 31 62 64 12 23 26 67 
64 1 31 20 12 23 26 67 
64 1 44 45 12 23 26 67 
64 1 31 45 12 23 26 67 
53 1 44 45 12 23 26 67 
64 1 31 62 12 23 26 67 
53 1 44 62 12 23 26 67 
1 44 45 64 12 23 26 67 
44 62 1 64 12 23 26 67 
64 1 31 20 12 23 26 67 
64 1 35 48 12 23 26 67 
60 1 31 62 12 23 26 67 
35 45 1 64 12 23 26 67 
64 1 5 45 12 23 26 67 
64 1 31 20 12 23 26 67 
1 31 45 64 12 23 26 67 
64 1 31 62 12 23 26 67 
64 55 24 1 12 23 26 67 
31 62 1 64 12 23 26 67 
1 31 62 64 12 23 26 67 
64 1 31 20 12 23 26 67 
50 1 31 45 12 23 26 67 
1 35 62 64 12 23 26 67 
24 1 31 45 12 23 26 67 
64 1 31 18 12 23 26 67 
64 1 5 45 12 23 26 67 
64 1 31 45 12 23 26 67 
