20 51 56 45 62 32 70 
62 2 38 35 12 22 28 66 
3 2 6 21 22 28 26 66 
54 32 43 1 12 23 34 67 
42 2 6 65 12 22 28 66 
8 32 43 1 12 23 4 67 
53 55 1 32 43 50 20 51 15 45 35 67 
3 2 6 12 22 28 26 66 
3 2 12 57 22 28 26 66 
3 2 56 42 65 12 28 66 
29 2 3 12 57 22 28 66 
3 2 6 21 12 28 23 66 
60 2 6 12 22 28 26 66 
62 32 1 59 43 12 34 39 15 45 35 67 
9 50 43 32 1 12 23 34 67 
3 2 12 21 22 28 26 66 
62 32 43 1 12 34 39 67 
54 32 43 10 62 1 12 23 34 67 
62 55 60 54 32 43 10 1 12 23 67 
57 32 2 21 12 28 10 66 
54 17 1 32 9 41 12 23 15 45 35 67 
3 2 6 21 26 28 10 66 
20 1 42 32 13 12 51 56 67 
3 2 38 35 12 22 28 66 
52 32 43 10 62 1 12 17 9 67 
62 55 60 10 35 65 1 32 41 12 67 
53 2 6 21 12 28 26 66 
3 2 6 35 12 22 28 66 
42 32 43 1 58 9 44 67 
3 2 6 21 12 28 26 66 
42 2 6 65 12 28 32 66 
3 2 6 21 12 28 10 66 
15 50 43 51 42 32 1 20 67 
14 59 42 32 43 10 31 62 1 67 
42 32 43 10 35 65 1 58 9 44 67 
3 2 6 21 22 27 26 66 
3 2 6 21 22 27 26 66 
3 2 6 21 22 27 26 66 
3 2 6 21 22 27 26 66 
3 2 6 21 22 27 26 66 
3 2 6 21 22 27 26 66 
3 2 6 21 22 27 26 66 
3 2 6 21 22 27 26 66 
3 2 6 21 22 27 26 66 
3 2 6 21 22 27 26 66 
3 2 6 21 22 27 26 66 
3 2 6 21 22 27 26 66 
3 2 6 21 22 27 26 66 
3 2 6 21 22 27 26 66 
3 2 6 21 22 27 26 66 
3 2 6 21 22 27 26 66 
3 2 6 21 22 27 26 66 
3 2 6 21 22 27 26 66 
3 2 6 21 22 27 26 66 
3 2 6 21 22 27 26 66 
3 2 6 21 22 27 26 66 
3 2 6 21 22 27 26 66 
3 2 6 21 22 27 26 66 
3 2 6 21 22 27 26 66 
3 2 6 21 22 27 26 66 
3 2 6 21 22 27 26 66 
3 2 6 21 22 27 26 66 
3 2 6 21 22 27 26 66 
3 2 6 21 22 27 26 66 
3 2 6 21 22 27 26 66 
3 2 6 21 22 27 26 66 
3 2 6 21 22 27 26 66 
3 2 6 21 22 27 26 66 
3 2 6 21 22 27 26 66 
3 2 6 21 22 27 26 66 
3 2 6 21 22 27 26 66 
3 2 6 21 22 27 26 66 
3 2 6 21 22 27 26 66 
3 2 6 21 22 27 26 66 
3 2 6 21 22 27 26 66 
3 2 6 21 22 27 26 66 
3 2 6 21 22 27 26 66 
3 2 6 21 22 27 26 66 
3 2 6 21 22 27 26 66 
3 2 6 21 22 27 26 66 
3 2 6 21 22 27 26 66 
3 2 6 21 22 27 26 66 
3 2 6 21 22 27 26 66 
3 2 6 21 22 27 26 66 
3 2 6 21 22 27 26 66 
3 2 6 21 22 27 26 66 
3 2 6 21 22 27 26 66 
3 2 6 21 22 27 26 66 
3 2 6 21 22 27 26 66 
3 2 6 21 22 27 26 66 
3 2 6 21 22 27 26 66 
3 2 6 21 22 27 26 66 
3 2 6 21 22 27 26 66 
3 2 6 21 22 27 26 66 
3 2 6 21 22 27 26 66 
3 2 6 21 22 27 26 66 
3 2 6 21 22 27 26 66 
3 2 6 21 22 27 26 66 
3 2 6 21 22 27 26 66 
3 2 6 21 22 27 26 66 
