-0.5000101738715135 -0.9922726783020901 
-0.0 -1.0 
-0.5581161145103294 -0.9823733043513263 
-0.622926329206739 -0.893614627131111 
-0.5001086248440816 -0.9909079016221873 
-0.552540283967241 -0.9832679225536368 
-0.6208177516759259 -0.900717414453678 
-0.5980364822698319 -0.9442931153095988 
-0.5000488543689853 -0.9915589904600893 
-0.5671814434204503 -0.9625654107796966 
-0.5744052964318053 -0.9614488990862617 
-0.5884781059959368 -0.9443872519421971 
-0.583391233823099 -0.9583733574118191 
-0.5650382096671698 -0.9811239584591233 
-0.6102750211972996 -0.928634323551906 
-0.5000222005154896 -0.9915620094191523 
-0.6805428156887853 -0.8438853728688893 
-0.6105744206794309 -0.9143102433281006 
-0.6459151268884279 -0.88766087392461 
