-0.0 -1.0 
-0.6383976650740996 -0.8814206855415643 
-0.5325441891811845 -0.9823309131344845 
-0.5650382096671698 -0.9816522762951334 
-0.5001086248440816 -0.9909079016221873 
-0.622926329206739 -0.8958856162152866 
-0.5980364822698319 -0.9648890486802575 
-0.6459151268884279 -0.8408943163064038 
-0.6102750211972996 -0.9437655750842565 
-0.5788046542676777 -0.9725972859558024 
-0.5000488543689853 -0.9915589904600893 
-0.670520258774809 -0.8386069516564021 
-0.6300973836750365 -0.8937566096906755 
-0.5000222005154896 -0.9921229068550497 
-0.6208177516759259 -0.9223681538241976 
