-0.6295242099036763 -0.9181342467056752 
-0.0 -1.0 
-0.5001086248440816 -0.9909079016221873 
-0.552540283967241 -0.9826972135007849 
-0.5873668568112722 -0.9725969085859196 
-0.659133480046852 -0.843914373172615 
-0.652791728393491 -0.8627574348728194 
-0.5981740405460381 -0.9500805055750111 
-0.6383976650740996 -0.9024439388450375 
-0.5581161145103294 -0.9814313891236969 
-0.5650382096671698 -0.9806409250090569 
-0.6102750211972996 -0.9317893644816722 
-0.6459151268884279 -0.8703393218503108 
-0.5000222005154896 -0.9915734563055991 
-0.5000488543689853 -0.9915589904600893 
