-0.0 -1.0 
-0.6218152219672951 -0.8806009238014725 
-0.5001086248440816 -0.9909079016221873 
-0.5000222005154896 -0.9919070512820513 
-0.5581161145103294 -0.9823733043513263 
-0.529742326021043 -0.9851587750484809 
-0.5000488543689853 -0.9913758402769391 
-0.6208177516759259 -0.951121451808265 
-0.5000101738715135 -0.9924544817927171 
-0.6459151268884279 -0.8762766994909856 
-0.652791728393491 -0.8673962941820086 
-0.670520258774809 -0.7901801190262726 
-0.583391233823099 -0.970386298683002 
-0.5650382096671698 -0.9816522762951334 
