-0.5880356792451895 -0.9641496983408748 
-0.0 -1.0 
-0.6300973836750365 -0.8984737789682844 
-0.5000488543689853 -0.9915589904600893 
-0.5001086248440816 -0.9909079016221873 
-0.6074663709930894 -0.9548600209314495 
-0.583391233823099 -0.9662212787212787 
-0.670520258774809 -0.8099323753169907 
-0.552540283967241 -0.9827238809725074 
-0.5650382096671698 -0.9816522762951334 
-0.6208177516759259 -0.9509252194691755 
-0.5325441891811845 -0.9828263997906855 
-0.6459151268884279 -0.8868482707768424 
-0.652791728393491 -0.8168726877518087 
