-0.552540283967241 -0.9814495028780743 
-0.0 -1.0 
-0.5650382096671698 -0.9811239584591233 
-0.6459151268884279 -0.864019222535706 
-0.5000488543689853 -0.9915589904600893 
-0.5001086248440816 -0.9909079016221873 
-0.6300973836750365 -0.8853103398433066 
-0.6208177516759259 -0.9198786561423922 
-0.5401471907668891 -0.9816522762951334 
-0.6383976650740996 -0.8802606733925412 
-0.5873668568112722 -0.9592697138026809 
-0.5359390920843539 -0.982992190959224 
-0.6102750211972996 -0.9328963161380743 
-0.5980364822698319 -0.9500014637377275 
-0.659133480046852 -0.8443770972617126 
-0.583391233823099 -0.970386298683002 
-0.5000222005154896 -0.9921229068550497 
-0.6462592493968435 -0.8528833346141044 
