-0.0 -1.0 
-0.5980364822698319 -0.9391963348007304 
-0.5001086248440816 -0.9909079016221873 
-0.5873668568112722 -0.9402847610265193 
-0.5000488543689853 -0.9913396127681842 
-0.552540283967241 -0.9819776949241235 
-0.622926329206739 -0.9262644406875176 
-0.6976269232937062 -0.8315805988882913 
-0.5000222005154896 -0.9917124542124542 
-0.5581161145103294 -0.9809403051161293 
-0.5000101738715135 -0.9921110751993105 
-0.5981740405460381 -0.9288008694602099 
-0.5650382096671698 -0.9805604194340458 
-0.652791728393491 -0.8821976558240289 
-0.5325441891811845 -0.9826972135007849 
-0.547947494835577 -0.9824418228829993 
-0.6459151268884279 -0.9017013663991684 
-0.583391233823099 -0.9676964518997486 
-0.6102750211972996 -0.9285030445744731 
