-0.0 -1.0 
-0.5001086248440816 -0.9909079016221873 
-0.583391233823099 -0.9579232580606207 
-0.6218152219672951 -0.915936581733285 
-0.5000222005154896 -0.9921229068550497 
-0.5650382096671698 -0.9816522762951334 
-0.5744052964318053 -0.9581084208831463 
-0.6936622781037545 -0.8428090224793514 
-0.5000488543689853 -0.9913396127681842 
-0.652791728393491 -0.8760005104785318 
-0.6102750211972996 -0.9276975314063226 
-0.5581161145103294 -0.982992190959224 
-0.5981740405460381 -0.9457836119924031 
-0.6383976650740996 -0.9028509951586874 
