-0.0 -1.0 
-0.5980364822698319 -0.951121451808265 
-0.5001086248440816 -0.9909079016221873 
-0.583391233823099 -0.9577041548195395 
-0.5000488543689853 -0.9915589904600893 
-0.5000222005154896 -0.9921229068550497 
-0.6156323534559018 -0.93180633469095 
-0.5650382096671698 -0.9816522762951334 
-0.6459151268884279 -0.8706515096624987 
-0.5359390920843539 -0.982992190959224 
-0.6383976650740996 -0.8788141803251688 
-0.6208177516759259 -0.9141733266733266 
-0.6074663709930894 -0.9437608179366421 
-0.6805428156887853 -0.8302690898844745 
