-0.0 -1.0 
-0.6383976650740996 -0.8896496360782069 
-0.5581161145103294 -0.9818409612365656 
-0.552540283967241 -0.9841493328100471 
-0.5001086248440816 -0.9909079016221873 
-0.5000488543689853 -0.9915589904600893 
-0.5650382096671698 -0.9816522762951334 
-0.5980364822698319 -0.9542449308932826 
-0.652791728393491 -0.8608693961715937 
-0.604071542410647 -0.9317102654671338 
-0.5000222005154896 -0.9921229068550497 
-0.66502171720008 -0.8495325645050923 
-0.5744052964318053 -0.9620677856941594 
-0.6459151268884279 -0.8831159225389998 
-0.6300973836750365 -0.9178376568486458 
-0.6102750211972996 -0.9222707695235167 
-0.583391233823099 -0.9584163547075636 
