0.7907660672899559
0.7881054545729095
0.7810679710128118
0.7816202179920946
0.7725078904172351
0.780354760136052
0.7849996271282115
0.7808935969599035
0.7779636899312097
0.7875873606213368
0.7894585067217741
0.7866185429251229
0.7814783331725459
0.7823849221412658
0.797769920630581
0.7846738758645565
0.7959354206040316
0.777084893101613
0.7809361177266945
0.7805329235463891
0.802409151676939
0.7916793256503827
0.7752458510835215
0.7751131052829419
0.7783331086630868
0.7821207755727715
0.7826087634598858
0.7688387990057031
0.7810939199249675
0.7808700166149215
