0.0010930672361690874
8.463892612258915E-4
0.0013321841111686365
8.283105738195974E-4
9.157408454443337E-4
0.001030911701777759
0.001351125746632531
9.33246698960514E-4
9.059116121745474E-4
0.001002757434115145
8.475929768396232E-4
9.388059299714608E-4
6.815385290550414E-4
7.522131973427009E-4
8.42985055004653E-4
8.442480231773486E-4
9.27732133175831E-4
9.128584634369194E-4
0.001089940268475804
7.607141334940668E-4
6.437062692869424E-4
9.427975416275944E-4
8.141677696723419E-4
9.162138768210551E-4
0.0010072216229112367
8.559965729923864E-4
7.473164299273555E-4
8.007944853482443E-4
7.455798533866763E-4
9.812280455763E-4
