0.6325945292671618
0.7041639702912085
0.5777849254828352
0.7024756320837455
0.7006015255763918
0.600182405122614
0.6893254298297726
0.6902984222279597
0.6831290686493883
0.5708046454749632
0.717033527691205
0.6960694265599889
0.7110549220221754
0.7012257740162098
0.7063846728128004
0.6641515887342455
0.6996660499830536
0.7057540171857348
0.6731701672668283
0.6965810024984627
0.7142377765699959
0.6701220841110214
0.6998230446124782
0.6646822306438791
0.7157234722832062
0.5733730092755036
0.7171312261997733
0.6874924826122393
0.7173022058561099
0.5452488287029992
