202 400 104 239 59 479 339 319 485 571 421 150 143 645 
202 400 104 239 59 479 571 319 255 392 485 339 245 645 
362 149 104 318 419 239 59 479 571 319 255 401 400 645 
202 400 362 149 104 239 59 479 571 319 255 485 339 645 
362 149 104 239 479 319 59 485 421 571 150 49 255 645 
202 400 339 306 319 419 59 485 421 571 104 239 479 645 
202 400 104 239 59 479 319 255 571 419 362 621 318 645 
362 639 104 239 59 479 319 255 571 339 485 313 402 645 
57 77 23 84 35 76 74 62 463 92 95 102 464 673 
313 402 104 239 59 466 419 23 513 216 517 576 558 645 
57 77 23 84 35 11 63 62 463 92 102 464 568 673 
202 400 104 239 621 318 419 59 571 319 485 421 150 645 
313 402 466 239 23 513 101 517 576 419 558 244 559 645 
308 89 466 239 419 23 513 216 517 576 558 244 559 645 
202 400 104 239 59 455 149 112 339 571 479 319 49 645 
57 77 23 84 35 76 74 62 463 92 95 102 464 673 
57 77 23 84 35 76 74 62 463 92 95 102 464 673 
57 28 23 84 35 11 63 62 436 92 95 521 102 673 
57 77 23 84 35 11 63 62 463 92 102 464 568 673 
362 149 104 239 59 219 319 255 536 571 485 400 339 645 
313 402 519 239 419 23 513 216 517 576 558 244 559 645 
57 77 23 84 35 76 74 62 463 92 95 102 464 673 
362 149 104 239 59 479 319 255 571 339 485 400 286 645 
57 77 23 84 35 11 63 62 463 92 102 464 568 673 
458 77 23 84 35 11 63 62 463 92 102 464 572 673 
57 77 23 84 35 76 74 62 463 92 95 102 464 673 
202 400 104 239 59 479 319 255 571 339 621 198 402 645 
202 400 104 239 59 479 339 319 485 571 143 117 50 645 
202 400 104 239 59 419 513 216 517 576 558 479 571 645 
57 28 23 84 35 11 63 62 436 92 95 521 102 673 
202 400 621 318 419 59 571 319 339 306 485 421 150 645 
202 400 621 318 419 59 571 127 485 421 49 291 150 645 
57 77 23 84 35 11 63 62 463 92 102 464 568 673 
202 400 339 114 59 479 319 485 571 143 621 18 402 645 
202 400 339 306 59 571 479 421 319 419 99 49 106 645 
57 28 23 84 35 11 63 62 436 92 95 521 102 673 
202 400 104 239 59 479 339 319 485 571 143 49 50 645 
57 77 23 84 35 76 74 62 463 92 95 102 464 673 
202 400 339 239 59 621 571 479 536 419 319 198 402 645 
202 400 339 255 239 319 419 59 485 421 571 479 49 645 
202 400 339 239 59 571 479 255 319 419 421 485 245 645 
202 400 621 318 419 59 571 319 485 421 150 599 239 645 
362 149 104 239 59 479 571 319 255 485 400 339 286 645 
57 77 23 84 35 11 63 62 463 92 102 464 568 673 
202 400 255 239 419 479 571 59 319 485 143 421 339 645 
202 400 528 239 59 571 479 319 49 306 419 621 318 645 
202 400 621 239 59 479 571 319 18 222 419 421 49 645 
362 400 621 318 419 59 571 319 485 421 218 255 239 645 
141 400 104 239 339 59 479 286 255 571 49 419 558 645 
202 400 339 306 421 319 419 59 99 571 49 479 106 645 
57 77 23 84 35 76 74 62 463 92 95 102 464 673 
202 400 104 239 59 479 319 255 536 419 558 559 485 645 
202 400 104 239 59 479 319 255 571 419 558 559 485 645 
202 400 339 239 59 621 571 479 319 198 402 255 49 645 
202 400 104 239 59 479 571 319 485 255 339 245 558 645 
57 77 23 84 35 76 74 62 463 92 95 102 464 673 
582 400 339 239 208 513 249 104 598 576 419 558 559 645 
57 77 23 84 35 76 74 62 34 92 95 521 464 673 
57 77 23 84 35 76 74 62 463 92 95 102 464 673 
202 400 621 318 419 59 571 319 485 421 150 49 18 645 
57 77 23 84 35 11 63 62 463 92 102 464 568 673 
202 400 339 306 319 419 59 621 318 571 485 421 150 645 
57 77 23 84 35 11 63 62 463 92 102 464 568 673 
202 149 118 239 59 400 339 571 479 319 49 291 496 645 
202 400 621 318 59 571 319 485 421 419 496 150 49 645 
202 400 104 239 59 479 319 255 571 485 339 245 558 645 
57 77 23 84 35 11 63 62 463 92 102 464 568 673 
202 400 621 239 59 571 479 319 18 222 419 421 49 645 
202 400 621 318 419 59 571 319 485 421 339 239 479 645 
202 400 621 239 59 571 479 319 18 402 339 255 49 645 
57 77 23 84 35 76 74 62 463 92 95 102 464 673 
202 400 339 255 239 319 419 394 485 421 571 479 49 645 
57 77 23 84 35 11 63 62 463 92 102 464 568 673 
57 77 23 84 35 11 63 62 463 92 102 464 568 673 
202 400 339 306 319 419 59 621 318 571 485 421 150 645 
202 400 621 318 419 59 571 319 485 421 150 49 18 645 
202 400 621 239 59 571 479 319 18 222 149 339 49 645 
582 400 339 239 202 59 479 319 255 577 49 421 357 645 
202 400 136 239 59 571 425 255 319 419 485 421 479 645 
313 89 466 239 419 23 513 216 517 576 558 244 559 645 
202 149 621 318 319 419 59 485 421 571 150 339 239 645 
57 77 23 84 35 11 63 62 463 92 102 464 568 673 
57 77 23 84 35 11 63 62 463 92 102 464 568 673 
57 77 23 84 35 11 63 62 463 92 102 464 568 673 
313 402 519 239 419 23 513 216 517 576 558 244 559 645 
57 77 23 84 35 76 74 62 463 92 95 102 464 673 
57 77 23 84 35 76 74 62 463 92 95 102 464 673 
57 77 23 84 35 76 74 62 463 92 95 102 464 673 
202 400 339 255 239 319 419 59 485 421 571 479 49 645 
202 400 255 239 319 419 59 421 485 245 571 479 339 645 
202 400 255 239 419 59 319 485 571 143 421 479 339 645 
202 400 255 239 319 419 59 485 421 571 479 339 49 645 
202 400 621 318 419 59 571 319 49 485 421 150 18 645 
202 400 621 318 59 571 150 319 49 392 485 421 18 645 
202 400 621 318 319 419 59 485 421 571 150 49 18 645 
202 400 339 306 319 419 59 485 421 571 49 479 106 645 
202 400 339 239 59 571 479 319 49 419 496 299 407 645 
202 400 339 239 59 479 319 485 571 143 49 419 496 645 
202 400 621 239 59 571 479 319 18 222 419 421 49 645 
202 400 339 239 59 571 479 319 49 419 496 299 407 645 
