375 18 593 382 516 601 482 99 527 103 85 208 404 653 
13 545 24 67 77 360 250 82 101 524 488 7 550 644 
13 545 24 67 77 360 250 82 101 524 488 7 550 644 
375 18 593 382 516 601 482 99 527 103 85 208 404 653 
375 298 593 382 516 601 435 18 482 415 384 4 445 653 
13 214 24 67 77 6 643 278 250 312 101 524 548 644 
13 545 3 24 67 353 77 250 82 101 524 488 7 644 
13 545 3 24 7 57 12 373 67 353 77 250 82 644 
13 412 3 309 545 24 67 77 304 250 470 547 524 644 
13 420 3 7 57 82 69 309 545 371 527 586 150 668 
13 545 3 353 309 24 67 77 304 250 82 538 524 644 
13 353 3 309 545 24 67 77 304 250 82 101 524 644 
13 511 3 24 67 353 77 250 82 101 524 488 309 644 
13 444 3 7 293 85 67 544 77 250 82 161 140 644 
375 298 593 382 516 601 435 18 482 415 384 4 445 653 
594 264 435 18 7 382 593 638 121 153 633 527 586 668 
13 545 3 353 309 24 67 77 304 250 82 101 524 644 
13 545 24 67 77 360 250 431 172 524 488 7 550 644 
13 545 24 67 77 223 250 82 101 524 488 7 550 644 
13 545 3 7 157 6 12 24 67 252 77 250 82 644 
13 566 3 309 7 57 67 545 384 77 304 250 431 644 
13 459 3 309 7 57 12 69 205 62 67 77 545 644 
13 188 638 7 309 6 69 139 18 359 379 589 586 668 
13 545 3 7 157 6 12 494 67 360 77 194 250 644 
13 545 3 7 157 383 12 24 57 67 544 77 250 644 
13 142 3 7 309 6 69 10 82 633 527 586 150 668 
13 152 231 7 382 638 121 69 256 153 633 527 586 668 
375 593 7 516 533 6 139 18 359 379 589 586 482 668 
13 545 444 3 7 629 85 67 77 58 544 250 82 644 
13 307 638 533 482 264 435 7 130 359 18 633 586 668 
13 545 3 7 157 6 12 24 67 360 77 250 82 644 
119 18 231 7 157 148 435 638 121 153 633 589 586 668 
13 420 3 309 7 57 12 69 67 77 507 250 280 644 
13 545 24 67 77 360 250 431 172 524 488 7 550 644 
13 264 435 7 307 638 359 18 633 586 391 69 527 668 
594 375 329 382 7 485 599 18 359 379 633 586 139 668 
13 545 3 7 157 383 12 476 57 67 544 77 250 644 
13 420 3 7 57 82 69 309 48 371 527 586 150 668 
13 545 24 67 77 223 250 82 101 524 488 7 550 644 
13 545 24 67 77 194 250 431 172 524 488 7 550 644 
13 420 337 7 309 242 69 57 153 633 527 586 412 668 
13 328 3 7 309 6 69 10 82 633 589 586 527 668 
13 420 337 7 309 242 69 57 153 633 527 586 412 668 
13 420 3 309 7 57 545 232 62 12 262 67 77 644 
13 150 638 7 309 6 139 18 359 379 589 586 375 668 
13 511 3 309 7 57 12 545 384 67 77 304 250 644 
13 214 24 67 77 6 643 278 250 312 101 524 548 644 
119 18 231 7 148 435 638 121 153 633 589 586 527 668 
13 545 24 67 77 194 250 431 172 524 488 7 550 644 
375 593 7 516 533 6 139 18 359 379 589 586 482 668 
13 593 516 533 482 529 435 7 130 18 379 589 586 668 
13 459 3 309 7 57 12 69 205 62 67 77 545 644 
13 444 3 7 293 85 67 544 77 250 82 161 140 644 
13 593 435 7 130 638 359 18 633 586 509 69 516 668 
13 545 3 7 157 6 12 24 67 360 77 250 82 644 
13 545 3 412 309 24 67 77 304 250 122 547 524 644 
13 593 516 533 482 264 435 7 130 18 379 589 586 668 
13 545 3 7 157 383 12 24 57 67 353 77 250 644 
13 545 3 24 7 57 12 373 67 353 77 250 82 644 
13 545 150 638 7 309 6 143 18 359 379 589 586 668 
13 264 435 7 307 599 139 18 359 638 633 586 391 668 
13 383 147 7 309 49 218 99 150 57 638 586 69 668 
13 420 3 309 7 57 545 384 62 12 262 67 77 644 
13 545 3 7 142 309 6 69 10 82 633 527 586 668 
13 511 3 309 7 57 12 545 384 67 77 304 250 644 
13 383 147 7 267 49 218 99 150 57 638 586 69 668 
13 420 3 309 7 57 12 69 205 67 77 507 250 644 
13 545 3 24 67 353 77 250 82 101 524 488 7 644 
13 152 231 7 382 638 121 69 256 153 543 527 586 668 
13 254 3 24 67 353 77 250 82 101 524 488 256 644 
13 545 24 67 77 360 250 82 101 524 488 7 550 644 
375 593 598 359 633 529 516 533 201 264 435 18 382 653 
13 412 3 309 545 24 67 77 304 250 470 547 524 644 
13 353 3 309 484 24 67 77 304 250 82 101 524 644 
375 298 593 382 516 601 435 18 482 415 384 4 445 653 
13 545 24 67 77 360 250 431 172 524 488 7 550 644 
594 231 7 382 435 638 359 18 633 121 153 527 586 668 
13 420 3 7 57 82 69 309 545 371 527 586 150 668 
13 214 24 67 77 6 643 278 250 312 101 524 548 644 
375 593 382 7 485 599 139 18 359 379 589 586 482 668 
13 545 24 67 77 194 250 431 172 524 488 7 550 644 
375 593 7 516 533 6 139 18 359 379 589 586 482 668 
13 545 3 459 309 7 57 12 69 391 62 67 77 644 
13 444 3 7 293 85 67 544 77 250 82 228 140 644 
13 264 435 7 307 638 359 18 633 586 391 69 527 668 
13 545 3 7 157 6 12 24 67 360 77 250 82 644 
13 593 516 533 482 264 435 7 130 18 379 589 586 668 
13 150 638 7 309 6 139 18 359 379 589 586 375 668 
13 264 435 18 7 382 593 307 638 359 633 586 391 668 
13 511 3 309 7 57 12 545 384 67 77 304 250 644 
13 383 147 7 309 49 218 99 150 57 638 586 69 668 
13 420 3 309 7 57 12 69 67 77 507 250 280 644 
13 545 3 24 67 353 77 250 82 101 524 488 7 644 
13 152 231 7 382 638 121 69 256 153 633 527 586 668 
13 545 3 24 67 353 77 250 82 101 524 488 256 644 
140 298 598 359 633 529 593 382 516 601 435 18 482 653 
13 412 3 309 545 24 67 77 304 250 470 547 524 644 
13 473 3 353 309 24 67 77 304 250 82 101 524 644 
375 298 593 382 516 601 482 99 384 4 445 527 103 653 
13 545 24 67 77 360 250 431 172 524 488 7 550 644 
