371 359 424 453 156 621 165 287 364 226 565 545 19 660 
3 149 13 453 473 12 298 237 565 24 46 77 250 660 
3 13 12 508 318 473 149 24 178 82 77 472 250 660 
3 13 12 508 424 473 149 472 178 82 77 250 251 660 
99 508 621 565 424 453 239 473 302 545 19 452 310 660 
3 149 13 12 299 604 24 453 472 82 528 355 250 660 
3 13 12 508 424 473 149 472 178 82 251 302 250 660 
105 395 424 123 453 239 565 277 556 559 250 578 557 660 
99 508 424 123 453 239 565 277 473 302 545 19 452 660 
139 123 641 131 424 473 239 556 545 559 250 578 453 660 
139 123 641 453 473 302 565 609 239 559 250 578 131 660 
139 123 641 131 424 473 366 239 125 565 277 250 578 660 
105 416 424 123 453 473 565 239 277 556 559 250 578 660 
139 123 641 131 125 473 453 239 565 277 250 578 556 660 
139 123 641 453 239 473 302 565 609 131 125 277 250 660 
105 395 123 453 424 473 149 239 513 565 277 556 559 660 
105 395 424 123 453 239 565 277 556 317 250 578 557 660 
139 123 641 131 125 473 453 239 290 277 559 565 250 660 
139 123 641 453 473 12 302 565 609 239 559 250 578 660 
105 395 424 473 453 239 565 277 556 350 250 578 557 660 
105 395 424 123 453 239 565 277 293 559 250 578 473 660 
3 149 13 12 298 21 473 565 453 24 46 77 250 660 
3 149 13 12 298 21 24 453 640 565 46 77 250 660 
3 149 13 453 473 12 298 21 565 24 46 77 250 660 
3 149 13 453 473 12 267 21 565 24 46 77 250 660 
3 149 13 453 473 12 298 21 472 24 46 77 250 660 
3 149 13 12 298 21 24 453 640 565 46 77 250 660 
3 149 13 453 473 12 298 21 565 24 46 77 250 660 
3 149 13 12 298 21 24 453 640 565 46 77 250 660 
3 149 13 453 473 12 298 21 565 24 46 77 250 660 
3 149 13 12 453 298 21 24 640 565 46 77 250 660 
3 149 13 12 298 21 24 453 640 565 46 77 250 660 
3 149 13 453 473 12 267 21 391 24 46 77 250 660 
3 149 13 12 298 21 24 453 640 565 46 77 250 660 
3 149 13 12 61 21 24 453 473 565 46 77 250 660 
3 149 13 587 473 12 298 21 565 24 46 77 250 660 
3 149 13 12 298 21 24 453 640 565 46 77 250 660 
3 149 13 12 298 21 473 565 453 24 46 77 250 660 
3 149 13 12 298 21 24 453 640 122 46 77 250 660 
3 149 13 12 453 298 21 24 640 565 46 77 250 660 
3 13 12 298 149 453 473 21 565 24 46 77 250 660 
3 149 13 12 298 21 24 453 640 565 46 77 250 660 
3 639 13 12 453 298 21 640 565 24 46 77 250 660 
3 149 13 453 473 12 298 21 565 24 46 77 250 660 
3 149 13 12 61 21 24 453 473 565 46 77 250 660 
3 149 13 453 473 12 267 21 391 24 46 77 250 660 
3 149 13 453 473 12 298 21 565 24 46 77 250 660 
3 149 13 12 298 21 473 565 453 24 46 77 250 660 
3 149 13 453 473 12 298 21 565 24 46 77 250 660 
3 149 13 453 473 12 298 21 472 24 46 77 250 660 
3 149 13 453 473 12 298 21 565 24 46 77 250 660 
3 149 13 12 453 473 298 21 565 24 46 77 250 660 
3 149 13 453 473 12 298 21 565 24 46 77 250 660 
3 149 13 12 453 298 21 24 640 121 46 77 250 660 
3 149 13 587 473 12 298 21 565 24 46 77 250 660 
3 149 13 453 473 12 298 21 565 24 46 77 250 660 
3 149 13 453 473 12 298 21 565 24 46 77 250 660 
3 149 13 453 473 12 298 21 565 24 46 77 250 660 
3 149 13 453 473 12 298 21 565 24 46 77 250 660 
3 149 13 12 298 21 24 453 640 122 46 77 250 660 
3 149 13 453 473 12 267 21 565 24 46 77 250 660 
3 149 13 12 298 21 24 453 640 122 46 77 250 660 
3 149 13 12 298 21 24 453 640 122 46 77 250 660 
3 149 13 12 298 21 24 453 640 565 46 77 250 660 
3 149 13 12 453 473 565 298 21 24 46 77 250 660 
3 639 13 12 298 21 24 453 640 565 46 77 250 660 
3 149 13 12 298 21 473 565 453 24 46 77 250 660 
3 149 13 453 473 12 298 21 505 24 46 77 250 660 
3 149 13 453 473 12 267 21 565 24 46 77 250 660 
3 149 13 453 473 12 298 21 565 24 46 77 250 660 
3 149 13 12 298 21 24 453 640 565 46 77 250 660 
3 13 12 149 298 21 453 473 565 24 46 77 250 660 
3 149 13 12 298 21 24 453 640 122 46 77 250 660 
3 149 13 12 298 21 24 453 640 565 46 77 250 660 
3 149 13 12 267 21 473 565 453 24 46 77 250 660 
3 149 13 12 267 21 565 453 473 24 46 77 250 660 
3 13 12 149 298 21 453 473 505 24 46 77 250 660 
3 13 12 298 149 453 473 21 565 24 46 77 250 660 
3 149 13 587 473 12 298 21 565 24 46 77 250 660 
3 149 13 12 298 453 473 21 565 24 46 77 250 660 
3 149 13 12 453 298 21 640 565 24 46 77 250 660 
3 149 13 453 473 12 267 21 565 24 46 77 250 660 
3 149 13 453 473 12 267 21 565 24 46 77 250 660 
3 149 13 12 453 298 21 24 473 174 46 77 250 660 
3 639 13 12 453 298 21 24 640 565 46 77 250 660 
3 149 13 12 298 21 24 453 640 565 46 77 250 660 
3 149 13 453 473 12 298 21 565 24 46 77 250 660 
3 149 13 12 453 473 298 21 565 24 46 77 250 660 
3 149 13 453 12 298 21 24 640 122 46 77 250 660 
3 149 13 453 473 12 298 21 565 24 46 77 250 660 
3 149 13 12 298 453 21 24 640 122 46 77 250 660 
3 149 13 12 298 453 473 21 577 24 46 77 250 660 
3 149 13 12 453 473 264 298 21 24 46 77 250 660 
3 149 13 12 298 21 24 453 640 565 46 77 250 660 
3 149 13 12 298 453 473 21 577 24 46 77 250 660 
3 149 13 453 473 12 298 21 565 24 46 77 250 660 
3 149 13 12 298 21 24 453 640 565 46 77 250 660 
3 149 13 12 298 21 24 453 640 565 46 77 250 660 
3 149 13 453 380 12 298 21 505 24 46 77 250 660 
3 149 13 453 473 12 298 21 565 24 46 77 250 660 
