33 47 80 65 95 56 179 321 463 466 465 486 595 647 
314 637 202 165 227 266 484 471 81 195 582 213 538 468 669 
33 47 62 80 102 297 239 626 363 96 442 617 579 644 
33 47 80 35 102 63 179 321 463 466 465 486 595 647 
33 47 80 35 102 56 179 321 463 466 520 486 595 647 
33 47 62 80 102 234 239 266 363 96 442 617 579 644 
149 637 104 18 195 239 74 227 582 558 197 311 559 654 
62 527 80 102 197 276 101 363 234 624 442 432 239 644 
33 320 62 80 102 239 266 617 363 96 234 442 579 644 
80 637 202 165 227 266 484 471 81 195 625 385 197 18 669 
80 637 239 18 537 505 107 37 81 195 625 385 410 96 669 
33 101 80 35 102 56 363 321 463 466 559 284 595 647 
33 47 80 35 102 56 179 321 463 466 559 499 595 647 
33 47 80 35 102 56 179 321 463 466 465 526 595 647 
33 320 62 80 102 239 266 363 234 96 442 432 617 644 
33 47 80 35 102 56 179 321 463 466 465 227 595 647 
149 637 104 18 227 195 239 515 582 197 432 74 559 654 
62 527 80 102 197 234 239 576 559 266 363 567 442 654 
62 527 80 102 197 276 239 266 363 96 442 617 434 644 
80 637 239 385 197 18 419 505 107 37 96 484 416 414 669 
33 47 80 35 102 56 179 321 463 197 465 227 595 647 
62 527 80 102 197 276 101 363 234 121 442 432 239 644 
33 76 80 35 102 42 179 321 463 466 559 514 595 647 
33 47 342 35 102 56 179 321 463 466 465 117 595 647 
33 47 80 35 102 363 321 463 489 552 553 96 595 647 
62 527 67 80 102 239 205 227 576 559 18 363 197 654 
62 527 80 102 239 51 637 515 582 197 432 18 363 654 
33 47 62 80 102 234 239 266 363 302 442 617 579 644 
62 527 80 102 197 276 381 363 234 96 442 432 239 644 
498 637 102 104 239 51 432 18 227 195 582 74 559 654 
33 47 62 80 102 297 239 291 363 96 442 342 579 644 
80 173 37 102 239 51 637 227 582 558 197 432 363 654 
33 320 62 80 102 239 266 76 363 96 442 617 234 644 
471 637 104 51 380 239 205 227 576 432 559 631 582 654 
33 47 80 35 102 363 321 463 259 499 213 96 595 647 
62 67 80 527 102 197 276 381 363 234 96 442 432 654 
33 47 80 35 102 56 363 321 463 343 559 284 595 647 
62 527 80 102 197 276 101 363 234 96 442 432 239 644 
149 637 104 18 227 195 239 515 582 197 432 205 51 654 
33 320 62 80 102 239 266 617 363 96 234 161 579 644 
149 637 104 18 227 195 239 515 582 197 314 202 165 654 
33 47 80 35 102 56 179 321 463 466 465 146 595 647 
33 47 80 35 102 56 179 321 463 466 465 66 595 647 
62 67 80 102 239 205 227 197 234 266 363 96 442 654 
62 527 80 102 197 234 239 576 559 266 363 96 442 654 
62 527 80 102 197 234 239 266 363 96 442 16 617 644 
33 47 80 35 95 137 179 321 463 466 465 486 595 647 
33 47 80 35 102 56 179 321 463 466 559 514 595 647 
314 637 202 104 239 51 460 576 559 631 165 195 565 654 
33 47 76 35 102 56 179 321 463 403 465 486 595 647 
314 637 202 104 239 51 227 576 559 631 165 195 565 654 
33 47 62 80 102 297 239 266 363 96 442 617 579 644 
33 47 203 35 95 56 179 321 463 466 465 486 595 647 
314 637 202 165 227 195 582 136 239 197 432 425 576 654 
62 527 80 102 239 205 227 576 559 18 363 197 234 654 
33 47 62 80 102 297 239 266 363 50 442 617 579 644 
33 47 80 35 102 56 179 321 463 466 559 121 595 647 
62 527 80 102 255 234 239 266 363 96 442 16 617 644 
33 47 80 35 95 56 179 321 463 466 465 486 595 647 
33 47 80 35 95 56 179 321 463 466 465 486 595 647 
33 47 80 35 95 56 179 321 463 466 465 486 595 647 
33 47 80 35 95 56 179 321 463 466 465 486 595 647 
33 47 80 35 95 56 179 321 463 466 465 486 595 647 
33 47 80 35 95 56 179 321 463 466 465 486 595 647 
33 47 80 35 95 56 179 321 463 466 465 486 595 647 
33 47 80 35 95 56 179 321 463 466 465 486 595 647 
33 47 80 35 95 56 179 321 463 466 465 486 595 647 
33 47 80 35 95 56 179 321 463 466 465 486 595 647 
33 47 80 35 95 56 179 321 463 466 465 486 595 647 
33 47 80 35 95 56 179 321 463 466 465 486 595 647 
33 47 80 35 95 56 179 321 463 466 465 486 595 647 
33 47 80 35 95 56 179 321 463 466 465 486 595 647 
33 47 80 35 95 56 179 321 463 466 465 486 595 647 
33 47 80 35 95 56 179 321 463 466 465 486 595 647 
33 47 80 35 95 56 179 321 463 466 465 486 595 647 
33 47 80 35 95 56 179 321 463 466 465 486 595 647 
33 47 80 35 95 56 179 321 463 466 465 486 595 647 
33 47 80 35 95 56 179 321 463 466 465 486 595 647 
33 47 80 35 95 56 179 321 463 466 465 486 595 647 
33 47 80 35 95 56 179 321 463 466 465 486 595 647 
33 47 80 35 95 56 179 321 463 466 465 486 595 647 
33 47 80 35 95 56 179 321 463 466 465 486 595 647 
33 47 80 35 95 56 179 321 463 466 465 486 595 647 
33 47 80 35 95 56 179 321 463 466 465 486 595 647 
33 47 80 35 95 56 179 321 463 466 465 486 595 647 
33 47 80 35 95 56 179 321 463 466 465 486 595 647 
33 47 80 35 95 56 179 321 463 466 465 486 595 647 
33 47 80 35 95 56 179 321 463 466 465 486 595 647 
33 47 80 35 95 56 179 321 463 466 465 486 595 647 
33 47 80 35 95 56 179 321 463 466 465 486 595 647 
33 47 80 35 95 56 179 321 463 466 465 486 595 647 
33 47 80 35 95 56 179 321 463 466 465 486 595 647 
33 47 80 35 95 56 179 321 463 466 465 486 595 647 
33 47 80 35 95 56 179 321 463 466 465 486 595 647 
33 47 80 35 95 56 179 321 463 466 465 486 595 647 
33 47 80 35 95 56 179 321 463 466 465 486 595 647 
33 47 80 35 95 56 179 321 463 466 465 486 595 647 
33 47 80 35 95 56 179 321 463 466 465 486 595 647 
33 47 80 35 95 56 179 321 463 466 465 486 595 647 
33 47 80 35 95 56 179 321 463 466 465 486 595 647 
