1 21 2 24 25 69 76 12 45 78 77 86 92 647 
245 562 527 383 545 307 605 251 584 471 97 452 530 675 
1 21 2 24 25 69 76 12 45 78 77 86 92 647 
329 562 527 383 545 307 605 251 584 471 97 452 530 675 
354 569 259 163 562 307 605 251 313 383 545 446 586 675 
1 14 2 25 23 19 69 12 45 78 77 86 92 647 
1 21 417 24 25 12 76 69 45 78 77 86 92 647 
4 14 2 25 77 78 45 39 65 92 148 399 98 644 
4 14 72 25 76 69 2 39 45 65 77 78 92 644 
1 14 2 25 23 440 69 12 45 459 77 86 92 647 
194 14 2 24 25 12 76 69 45 65 77 86 92 647 
2 402 249 14 618 307 7 528 420 69 552 584 586 668 
4 569 259 163 14 422 45 639 438 470 76 77 526 644 
4 14 2 25 69 76 12 45 65 77 78 575 92 644 
4 14 72 25 76 69 2 114 45 65 77 78 92 644 
4 14 2 12 25 69 45 65 76 623 77 78 83 644 
4 14 72 25 37 384 76 623 45 65 77 78 526 644 
4 14 318 12 138 76 274 2 78 45 77 623 526 644 
4 14 72 25 76 69 379 39 45 65 77 78 92 644 
245 402 249 14 618 307 7 471 605 441 383 69 586 668 
4 14 72 25 69 76 274 2 45 91 77 623 78 644 
248 569 259 163 343 249 7 69 586 441 512 97 307 668 
1 14 2 25 23 440 69 12 45 78 77 606 92 647 
1 14 188 23 25 12 19 69 45 78 77 86 92 647 
354 569 259 163 562 307 605 251 313 383 545 446 586 675 
245 569 259 163 343 388 562 282 7 307 275 527 383 668 
4 14 2 25 77 78 45 39 65 92 148 399 98 644 
245 402 249 14 618 307 7 471 605 441 383 69 586 668 
1 14 2 25 23 440 69 12 45 78 77 606 92 647 
194 14 2 25 24 45 292 69 12 65 77 86 92 647 
140 14 2 169 25 45 76 69 305 65 77 86 92 647 
2 402 14 618 69 249 7 307 528 471 97 584 586 668 
2 402 14 618 69 249 7 307 528 471 97 584 586 668 
4 14 2 12 25 69 45 65 76 623 77 526 78 644 
4 14 318 12 138 45 76 313 2 77 78 623 526 644 
354 14 2 169 25 45 76 69 54 65 77 86 92 647 
245 569 259 163 343 307 7 249 388 562 282 275 527 668 
388 569 259 163 343 249 7 69 483 562 282 307 275 668 
4 14 72 163 221 45 76 65 12 77 78 148 92 644 
4 14 318 138 313 12 195 76 367 78 77 623 526 644 
354 569 259 163 343 249 7 307 528 471 586 251 584 668 
4 569 259 163 14 422 76 313 367 78 77 623 45 644 
354 569 282 249 7 307 163 343 586 251 594 471 458 668 
1 14 2 25 23 440 69 12 45 459 77 86 92 647 
245 562 259 163 343 249 7 69 586 527 383 545 174 668 
4 14 516 357 76 12 69 313 2 77 78 623 557 644 
4 14 318 12 138 76 274 2 78 45 77 623 526 644 
354 14 2 169 25 45 76 69 12 65 77 86 92 647 
1 21 2 24 25 69 76 5 45 78 77 86 92 647 
194 14 2 24 25 12 76 69 45 65 77 86 92 647 
4 14 72 25 2 12 171 65 76 623 45 77 526 644 
1 14 2 25 23 19 69 12 45 78 77 86 92 647 
354 569 259 163 343 249 7 307 586 251 584 471 458 668 
248 569 259 163 343 392 7 69 586 441 512 97 307 668 
194 14 2 25 24 45 292 69 12 65 77 86 92 647 
4 14 72 25 76 45 69 12 77 78 329 148 92 644 
4 14 72 25 37 384 76 65 77 78 148 41 92 644 
4 14 72 25 37 384 76 65 78 623 77 526 148 644 
388 569 259 163 343 249 7 69 483 562 282 307 275 668 
354 569 282 163 343 249 7 307 586 251 594 471 458 668 
1 21 417 24 25 12 76 69 45 78 77 86 92 647 
4 14 318 12 138 76 274 2 45 91 77 623 526 644 
4 14 318 357 76 440 621 45 77 2 78 504 623 644 
4 14 318 138 313 12 45 76 367 78 77 623 526 644 
575 14 2 25 23 71 69 12 45 285 77 86 92 647 
4 14 318 357 76 12 69 313 2 77 78 623 45 644 
4 14 72 163 69 45 76 65 12 77 78 148 92 644 
4 14 72 25 76 69 379 39 45 65 77 78 92 644 
4 14 72 25 76 69 2 39 45 65 77 78 92 644 
4 14 516 357 76 12 69 313 2 77 78 623 45 644 
4 14 318 12 138 45 76 313 187 78 77 623 526 644 
354 14 2 169 25 45 76 69 54 65 77 86 92 647 
4 14 318 12 138 422 45 76 313 534 77 78 623 644 
4 14 72 25 76 69 45 77 78 468 148 92 163 644 
4 14 2 12 25 69 45 65 76 623 77 526 78 644 
4 14 318 357 76 440 621 45 77 2 78 385 623 644 
4 14 72 25 76 69 45 77 78 65 148 92 558 644 
388 569 259 163 343 249 7 69 586 441 126 470 307 668 
575 14 2 25 23 71 69 12 45 285 77 86 92 647 
4 14 72 163 69 12 45 76 65 77 78 148 92 644 
354 14 2 169 25 45 76 69 12 65 77 86 92 647 
354 14 2 169 25 45 76 69 633 65 77 86 92 647 
4 14 72 25 76 69 45 77 78 65 148 92 558 644 
4 14 72 25 76 69 45 77 78 329 148 92 558 644 
4 14 72 25 75 76 12 45 65 77 78 148 92 644 
4 14 72 25 37 45 76 65 77 78 148 41 92 644 
4 14 318 12 138 422 45 76 313 534 77 78 623 644 
4 14 72 25 37 384 76 623 45 65 77 78 526 644 
4 14 72 25 37 384 76 65 77 78 148 41 92 644 
4 14 72 25 76 566 45 77 78 65 148 92 558 644 
4 14 72 25 76 69 45 413 77 41 78 148 92 644 
4 14 72 25 37 45 76 65 77 78 148 41 92 644 
4 14 318 12 138 45 76 313 367 78 77 623 526 644 
4 14 72 25 76 343 45 77 78 65 148 92 558 644 
4 569 259 163 14 422 45 639 438 470 76 77 526 644 
4 14 72 25 2 12 171 65 76 623 45 77 526 644 
4 14 72 25 75 76 12 45 65 77 78 148 92 644 
4 14 72 25 76 45 69 12 77 78 329 148 92 644 
1 21 2 24 25 69 76 12 45 78 77 86 92 647 
245 569 259 163 562 307 605 251 313 383 527 545 584 675 
