7 1 3 68 8 60 586 224 151 90 517 132 486 644 
23 57 54 104 504 143 643 323 626 454 62 474 66 676 
51 205 479 342 38 643 503 122 282 259 440 317 484 651 
42 52 61 62 60 490 197 264 125 104 595 553 559 676 
255 144 49 15 123 5 3 2 7 318 155 45 216 676 
643 615 588 159 538 106 280 258 52 401 372 8 491 662 
178 643 385 389 10 223 260 279 43 29 27 12 27 671 
346 577 415 558 442 361 504 366 4 400 125 66 114 7 146 654 
122 643 609 462 510 479 642 13 14 7 337 77 618 676 
340 643 442 506 325 22 8 73 6 3 217 74 496 654 
643 58 43 394 564 510 96 411 256 547 638 156 12 558 4 642 662 
45 390 66 60 205 166 82 48 4 2 127 526 422 676 
149 247 219 304 164 357 283 348 391 163 485 4 135 661 
643 70 197 121 123 239 431 75 315 347 147 511 594 676 
643 29 75 117 31 273 189 618 512 242 179 185 339 644 
218 642 268 125 176 167 566 356 586 383 507 193 173 587 118 2 500 540 435 670 
643 37 304 154 265 217 293 449 214 231 261 516 641 430 670 
4 6 36 303 211 475 513 20 643 524 483 5 135 644 
10 3 6 12 13 435 486 385 624 415 428 99 4 676 
343 220 200 547 429 115 643 161 519 156 387 9 45 10 182 662 
209 125 200 228 13 280 415 514 643 77 433 175 83 2 7 670 
