27 23 273 35 345 65 93 102 54 241 568 486 464 652 
59 127 4 55 35 236 66 294 339 65 417 240 246 676 
143 359 633 103 388 71 305 59 412 539 512 505 53 163 648 
143 359 633 103 388 71 505 53 163 50 452 437 305 539 512 648 
27 266 4 55 35 236 66 29 3 65 557 240 102 676 
59 359 4 55 129 236 66 107 29 3 65 431 240 676 
27 266 4 55 158 236 326 66 618 3 65 557 240 676 
27 266 4 55 35 236 66 618 3 65 158 557 240 676 
99 474 163 50 388 148 71 337 425 569 539 512 412 467 393 648 
3 23 18 21 69 70 298 65 93 11 466 246 549 652 
148 359 163 50 452 437 305 59 412 539 512 633 505 103 648 
27 266 4 55 158 236 326 66 618 3 65 557 240 676 
99 474 467 393 452 3 62 205 80 61 512 557 425 504 624 648 
59 127 393 388 52 607 50 452 437 337 305 539 512 648 
447 266 4 55 35 545 66 29 3 65 557 240 359 676 
99 474 467 393 452 3 62 205 80 61 512 557 425 504 624 648 
59 23 4 55 27 309 35 236 66 152 65 557 240 676 
143 359 633 442 53 163 50 452 437 505 305 539 512 648 
143 359 633 53 50 505 442 163 452 437 305 539 512 557 648 
59 359 4 55 35 114 66 29 3 65 557 240 390 676 
59 127 4 55 35 236 66 294 339 65 417 240 246 676 
143 359 50 452 388 53 442 163 437 305 59 412 539 512 648 
143 359 148 103 388 633 442 53 163 50 452 437 305 539 512 648 
143 359 103 373 388 53 442 163 452 437 305 539 512 71 648 
59 23 4 55 27 309 35 236 66 152 65 557 240 676 
59 359 4 55 129 236 66 80 3 259 65 557 240 676 
143 359 633 50 388 53 442 163 452 437 305 539 512 557 648 
59 127 393 388 52 607 50 452 437 337 305 539 512 648 
27 23 273 35 345 65 93 102 54 241 238 486 464 652 
59 127 393 388 52 452 28 633 607 337 437 305 539 512 648 
27 359 4 23 485 35 236 66 29 65 55 416 240 676 
27 266 4 55 158 236 326 66 618 3 65 557 240 676 
459 474 504 41 3 62 452 205 80 622 198 409 18 617 648 
27 266 4 55 35 236 66 618 3 65 431 557 240 676 
143 359 633 442 53 163 50 452 437 505 305 539 512 648 
59 188 4 55 35 114 66 259 3 65 557 240 102 676 
59 127 393 388 52 452 28 633 607 337 437 305 539 512 648 
27 266 4 55 35 236 66 618 3 65 431 557 240 676 
27 266 4 55 618 35 236 66 50 3 65 557 240 676 
143 359 633 442 53 163 50 452 437 305 539 512 557 648 
459 474 504 41 3 62 452 205 80 622 198 409 18 617 648 
59 359 4 55 35 114 66 259 3 65 557 240 102 676 
143 359 163 103 388 452 28 633 505 50 437 512 412 232 648 
59 359 4 55 129 236 66 80 3 259 65 557 240 676 
59 359 4 485 35 236 66 55 29 88 65 507 240 676 
59 359 4 55 158 236 66 29 3 65 431 240 557 676 
27 359 4 23 485 35 236 66 29 65 55 416 240 676 
143 359 163 103 388 71 28 205 452 437 305 539 512 633 648 
27 266 4 55 158 236 35 66 618 3 65 557 240 676 
27 266 4 55 35 236 66 618 3 65 557 240 102 676 
59 127 393 452 388 52 607 337 437 305 539 512 557 648 
59 359 4 55 158 236 66 29 3 65 431 240 557 676 
143 359 163 103 388 28 205 452 437 305 539 512 633 648 
27 266 4 55 35 236 66 618 3 65 557 240 102 676 
27 23 273 35 345 65 93 102 54 471 238 486 464 652 
27 266 4 55 35 236 66 29 3 65 557 240 102 676 
143 359 163 103 388 28 205 452 437 305 539 512 633 648 
59 359 4 485 35 236 66 55 29 88 65 507 240 676 
459 474 504 393 452 3 62 205 80 622 198 409 18 617 624 648 
27 23 273 35 345 65 93 102 54 241 238 486 464 652 
59 359 4 55 129 236 66 29 3 259 65 557 240 676 
99 474 467 393 452 3 62 205 80 61 512 557 425 77 624 648 
27 266 4 55 35 236 66 29 3 65 557 240 102 676 
27 23 273 35 345 65 93 102 54 560 238 486 464 652 
425 474 8 393 452 3 62 197 80 198 409 18 617 648 
27 302 4 55 35 582 66 29 3 65 557 250 240 676 
59 359 4 55 107 236 66 29 3 65 431 240 148 676 
59 359 4 55 508 236 66 29 3 65 431 240 148 676 
27 23 273 35 345 65 93 102 54 560 238 66 464 652 
59 359 4 55 158 236 66 29 3 65 557 240 148 676 
447 359 50 388 53 163 452 365 305 59 412 539 512 648 
143 414 633 505 53 163 452 425 569 539 512 412 50 648 
425 474 504 393 452 3 62 205 80 622 198 409 18 617 624 648 
425 474 504 393 452 3 62 197 80 198 409 18 617 648 
99 474 467 393 452 3 62 205 80 61 512 557 425 77 624 648 
27 23 273 35 345 65 93 102 54 560 238 66 464 652 
447 359 163 50 388 53 71 337 425 305 539 512 412 452 648 
59 359 148 505 53 163 50 452 437 305 539 512 103 648 
447 359 163 50 388 148 71 337 425 569 539 512 412 53 452 648 
143 359 633 103 388 71 505 53 163 50 452 437 305 539 512 648 
561 359 163 633 505 53 452 50 437 337 425 305 539 512 474 648 
447 359 163 50 388 148 71 337 425 569 539 512 412 53 452 648 
27 302 4 55 35 582 66 29 3 65 557 250 240 676 
447 359 163 50 388 53 452 275 305 59 412 539 512 633 648 
447 359 163 50 388 53 452 437 305 313 412 539 512 633 648 
27 23 273 35 345 65 93 102 54 560 238 486 464 652 
447 359 163 50 388 53 452 437 305 59 412 539 512 633 648 
3 23 273 21 69 566 630 65 605 93 11 466 549 652 
143 359 163 103 388 633 505 50 452 437 232 539 512 425 648 
143 359 163 50 452 437 305 59 412 539 512 633 505 232 648 
3 23 273 21 69 566 630 65 605 93 11 466 549 652 
59 359 148 103 388 373 337 633 505 50 511 425 412 544 569 648 
59 359 148 103 388 71 337 633 505 50 511 425 412 544 569 648 
143 359 163 103 388 71 59 108 377 337 425 305 539 512 139 648 
143 359 163 633 505 50 452 437 232 539 512 425 474 648 
59 359 148 103 388 71 511 425 412 544 337 569 539 512 648 
143 359 163 103 388 71 337 633 505 50 452 437 305 539 512 648 
143 359 163 633 505 50 452 437 305 539 512 425 474 648 
108 359 377 103 388 71 337 425 305 539 512 412 544 648 
143 359 163 103 388 71 337 633 505 50 452 437 305 539 512 648 
