7 18 509 260 278 85 146 643 483 189 235 378 251 363 582 670 
230 288 391 643 404 437 620 321 318 13 546 167 554 648 
277 76 81 601 117 258 614 502 514 307 513 77 325 676 
29 440 295 86 172 497 179 34 238 403 568 594 597 676 
643 175 41 156 461 607 476 134 189 220 340 562 139 670 
48 37 11 178 25 607 4 166 623 144 83 158 66 676 
60 260 424 643 305 112 546 518 542 7 149 576 435 670 
80 9 199 643 55 414 599 334 363 197 104 354 338 676 
23 124 238 15 29 27 173 486 94 525 577 143 274 676 
139 308 477 161 24 54 82 557 66 619 468 211 546 676 
643 212 3 480 82 209 53 109 155 9 253 48 385 644 
643 499 538 322 437 260 553 460 638 31 451 609 280 411 45 49 13 668 
17 462 275 447 643 622 582 586 615 162 397 88 7 40 109 415 116 437 662 
39 2 6 11 10 89 108 102 248 464 280 355 498 676 
80 546 210 567 110 172 219 104 286 384 643 344 182 556 450 11 370 646 
460 643 3 369 213 62 112 623 360 13 116 381 50 676 
149 249 309 422 604 335 157 288 8 208 365 164 151 88 113 672 
85 10 195 338 477 534 484 272 103 471 642 6 12 654 
101 172 244 141 261 20 271 185 29 2 75 40 493 676 
138 232 187 213 182 407 320 308 118 249 268 594 576 79 5 41 403 250 107 664 
341 643 197 8 141 358 66 152 326 396 73 113 151 7 69 671 
16 66 105 45 557 543 358 493 85 108 400 443 290 676 
