297 565 100 562 366 7 477 312 253 605 363 586 97 671 
23 24 66 94 61 36 96 92 39 101 328 517 464 548 673 
297 565 567 562 366 7 312 310 253 605 452 363 586 671 
23 24 66 94 61 36 96 92 39 101 328 517 464 548 673 
23 24 66 544 89 36 96 92 39 101 324 517 464 548 673 
565 382 7 567 312 452 519 174 97 253 605 117 170 671 
297 366 7 567 312 97 253 605 117 363 174 170 392 671 
297 366 7 567 312 310 253 605 452 363 586 642 174 671 
23 24 66 544 89 36 96 92 39 101 324 517 464 548 673 
297 366 7 477 312 253 605 363 586 97 642 117 565 671 
23 66 24 94 89 36 96 92 487 101 82 517 464 548 673 
297 366 7 567 382 452 253 605 117 363 312 97 586 671 
565 23 24 66 513 409 567 40 104 562 546 196 559 660 
297 565 567 562 13 452 97 67 81 363 170 586 642 671 
23 24 66 94 89 36 194 92 487 101 82 517 464 548 673 
474 372 567 491 37 30 13 227 586 363 458 442 642 671 
23 24 66 94 61 36 96 92 39 101 328 517 464 548 673 
399 565 567 562 13 452 97 67 81 363 170 586 642 671 
449 23 24 66 243 268 36 96 92 470 182 101 513 660 
297 366 7 477 312 253 363 605 117 392 174 586 304 671 
23 66 24 544 89 36 96 92 39 101 475 517 464 548 673 
297 366 7 567 312 97 253 605 117 363 174 170 392 671 
297 81 363 565 567 366 7 312 97 253 605 452 586 671 
297 366 7 477 312 253 605 363 586 97 642 117 392 671 
449 23 24 66 243 268 36 96 92 470 182 101 513 660 
449 23 24 66 89 268 36 96 92 470 182 101 513 660 
23 24 66 59 61 36 96 92 39 101 82 517 464 548 673 
565 23 24 66 513 409 567 40 104 562 546 196 559 660 
23 24 66 544 89 36 96 92 39 101 324 517 464 548 673 
582 61 24 66 517 298 567 40 104 562 546 196 559 660 
23 66 24 94 89 36 96 92 487 101 82 517 464 548 673 
297 565 567 562 13 97 67 81 452 363 205 586 642 671 
565 23 24 66 513 409 567 40 104 562 546 196 559 660 
297 366 7 567 312 97 253 605 452 363 586 642 174 671 
565 23 440 66 245 146 567 181 104 562 546 196 559 660 
297 565 567 562 13 452 97 197 81 363 170 586 642 671 
23 66 24 94 89 36 96 92 487 101 82 517 464 548 673 
297 359 567 312 452 97 298 253 218 117 636 605 280 326 666 
23 24 66 94 61 36 96 92 39 101 249 517 464 548 673 
23 24 66 544 89 36 96 92 39 101 324 517 464 548 673 
565 61 24 66 517 298 567 40 104 562 546 196 559 660 
297 366 7 567 312 97 253 605 117 392 363 586 642 671 
23 24 66 94 61 36 96 92 39 101 82 517 464 548 673 
23 24 66 175 89 36 96 92 39 101 82 517 464 548 673 
449 23 24 66 89 268 36 96 92 470 182 101 513 660 
23 66 24 94 89 36 96 92 305 101 82 517 464 548 673 
449 23 24 66 89 268 36 96 92 470 182 101 513 660 
297 81 565 567 562 13 452 363 586 97 642 196 170 671 
297 359 567 312 452 97 298 253 218 117 636 605 519 174 666 
23 66 24 544 89 36 96 92 39 101 475 517 464 548 673 
297 565 567 562 13 452 97 67 81 363 170 586 642 671 
23 24 66 94 61 36 96 92 39 101 59 517 464 548 673 
23 66 24 544 89 36 96 92 39 101 475 517 464 548 673 
565 382 567 312 452 519 174 97 253 605 117 170 226 671 
565 61 24 66 517 409 567 40 104 562 546 196 559 660 
565 23 24 66 513 409 567 40 104 562 546 196 559 660 
565 336 415 567 268 66 102 413 65 123 104 85 559 660 
565 23 24 66 245 409 567 533 104 562 546 196 559 660 
297 359 567 312 452 97 298 253 565 218 117 636 605 491 666 
565 61 24 66 517 409 567 40 104 562 546 196 559 660 
565 23 24 66 89 268 470 291 92 401 101 517 409 660 
565 23 24 66 513 409 567 40 104 562 546 196 559 660 
297 359 567 312 452 97 298 253 218 117 636 605 280 174 666 
23 24 66 94 89 36 194 92 487 101 82 517 464 548 673 
23 66 24 544 89 36 96 92 39 101 475 517 464 548 673 
23 66 24 544 89 36 96 92 39 101 475 517 464 548 673 
297 565 567 312 452 97 298 253 218 117 636 605 491 409 666 
23 24 66 544 89 36 96 92 39 101 324 517 464 548 673 
23 66 24 94 89 36 96 92 487 101 82 517 464 548 673 
297 359 567 312 452 97 298 253 218 117 636 605 519 174 666 
565 359 567 312 382 452 97 253 605 117 519 174 170 671 
565 61 24 66 517 409 567 40 104 562 546 196 559 660 
23 66 24 94 89 36 96 92 487 101 82 517 464 548 673 
565 382 567 312 452 97 253 605 117 519 174 170 226 671 
23 24 66 18 61 36 96 92 39 101 82 517 464 548 673 
309 372 567 491 37 30 13 227 586 363 458 442 642 671 
565 23 24 66 245 409 567 533 104 562 546 196 559 660 
23 24 66 478 61 36 96 92 39 101 82 517 464 548 673 
297 359 567 312 452 97 253 605 117 392 174 170 636 671 
565 23 24 66 245 409 567 533 104 562 546 196 559 660 
565 23 24 66 245 409 567 533 104 562 546 196 559 660 
297 81 363 565 567 562 13 452 97 259 170 586 642 671 
23 24 66 478 61 36 96 92 39 101 82 517 464 548 673 
297 81 363 565 567 562 13 452 97 259 170 586 642 671 
23 24 66 544 89 36 96 92 39 101 82 517 464 548 673 
297 359 567 312 452 97 253 605 117 519 174 170 636 671 
297 81 363 565 567 562 13 452 97 259 170 586 642 671 
23 24 66 544 89 36 96 92 39 101 82 517 464 548 673 
565 23 24 66 245 409 567 533 104 562 546 196 559 660 
23 24 66 94 61 36 96 92 39 101 82 517 464 548 673 
23 24 66 154 61 36 96 92 39 101 82 517 464 548 673 
297 81 363 565 567 562 259 13 170 586 97 642 382 671 
23 24 66 94 61 36 96 92 39 101 82 517 464 548 673 
23 24 66 544 89 36 96 92 39 101 82 517 464 548 673 
23 24 66 94 61 36 96 92 39 101 82 517 464 548 673 
23 66 24 94 89 36 96 92 79 101 82 517 464 548 673 
23 66 24 94 89 36 96 92 79 101 82 517 464 548 673 
23 66 24 94 89 36 96 92 79 101 82 517 464 548 673 
23 66 24 94 89 36 96 92 79 101 82 517 464 548 673 
23 24 66 94 61 36 96 92 39 101 82 517 464 548 673 
