65 150 333 31 256 361 295 643 216 9 425 105 301 646 
29 3 75 25 7 4 74 511 624 32 326 247 505 676 
643 357 132 8 264 160 153 316 343 7 4 449 329 665 
388 258 223 4 253 295 182 369 584 533 305 397 391 323 484 260 653 
30 62 475 27 6 255 2 3 642 546 65 257 254 676 
643 104 448 95 447 360 102 83 376 404 321 172 464 647 
61 56 403 385 596 2 150 251 157 12 131 67 207 97 8 4 124 104 662 
24 307 46 101 37 521 512 541 327 332 95 493 367 676 
251 62 68 4 3 2 629 558 550 615 640 11 13 676 
123 235 48 77 307 197 434 12 643 99 82 104 55 127 654 
114 28 279 643 52 261 55 470 424 182 139 138 115 13 116 668 
47 545 493 315 94 62 579 624 643 141 223 254 296 676 
11 132 304 599 292 272 643 129 268 569 7 16 87 668 
367 249 142 392 233 180 169 640 538 354 378 59 31 146 661 
277 200 474 482 402 148 214 118 529 163 124 395 189 656 
183 3 346 248 618 467 643 185 256 390 58 15 143 662 
139 77 396 81 557 149 80 263 237 6 153 11 136 676 
125 290 142 333 255 141 643 642 285 94 537 357 588 662 
310 29 3 2 36 30 277 58 13 86 482 535 525 676 
2 643 113 103 367 379 361 426 239 315 436 206 352 676 
174 27 44 347 65 232 591 588 416 537 643 623 147 663 
100 74 288 542 4 43 381 311 505 267 11 37 210 76 166 676 
643 529 177 181 556 250 348 427 545 546 478 243 283 162 74 255 8 663 
