104 101 575 629 187 123 513 194 558 496 556 559 517 644 
328 547 9 563 621 7 365 496 529 561 606 67 586 671 
101 104 575 171 187 123 629 513 194 558 496 556 559 644 
104 101 123 513 575 629 381 499 558 34 556 559 517 644 
24 36 35 65 82 369 90 57 93 101 332 465 524 644 
104 101 575 629 187 123 513 194 558 496 556 559 517 644 
37 36 101 104 575 123 513 499 558 34 556 559 483 644 
170 328 9 7 107 496 606 484 529 547 586 441 406 671 
24 36 101 104 561 575 41 187 123 513 153 314 558 644 
170 328 37 7 107 496 586 484 174 441 309 562 529 671 
343 36 101 104 575 123 513 373 558 34 556 559 483 644 
170 328 256 547 7 107 318 441 309 496 606 616 529 671 
24 36 446 3 395 57 82 90 93 101 162 465 524 644 
575 115 101 104 187 123 513 499 558 34 556 559 517 644 
561 104 575 41 187 123 513 153 392 558 556 530 559 644 
170 328 37 7 107 496 586 484 606 529 561 547 165 671 
561 328 9 104 575 123 513 499 558 34 556 559 7 644 
328 547 9 56 7 563 621 496 529 561 606 67 586 671 
170 328 547 9 7 107 496 406 484 529 586 441 309 671 
101 104 575 171 187 123 629 513 499 558 34 556 559 644 
170 328 561 529 7 107 496 441 309 150 606 484 547 671 
24 36 101 104 561 575 41 187 123 513 153 314 558 644 
24 36 35 65 82 261 90 8 93 101 360 465 524 644 
170 328 547 561 9 7 56 496 606 484 586 431 441 671 
170 328 256 7 107 496 606 484 529 561 547 165 563 671 
561 417 547 9 56 7 563 621 496 606 67 586 431 671 
561 328 547 9 56 7 563 621 496 606 67 484 586 671 
561 328 9 7 107 496 422 27 633 38 538 67 586 671 
24 36 101 104 561 575 41 187 123 513 153 314 558 644 
170 328 547 561 9 7 56 496 606 484 586 431 16 671 
561 328 9 104 575 123 513 499 558 34 556 559 7 644 
561 104 575 41 187 123 513 153 314 558 556 530 559 644 
24 36 101 104 575 123 513 499 558 34 556 559 483 644 
170 328 9 7 56 496 606 484 547 586 431 107 529 671 
561 328 9 104 575 123 513 499 558 34 556 559 7 644 
24 36 35 65 82 261 90 57 93 101 332 465 524 644 
561 417 547 9 56 7 563 621 496 606 67 586 431 671 
24 36 35 65 82 261 90 8 93 98 360 465 524 644 
170 328 256 7 107 496 606 484 529 547 586 441 309 671 
343 36 101 104 575 123 513 373 558 34 556 559 483 644 
101 104 575 171 187 123 629 513 194 558 496 556 559 644 
24 180 575 36 270 104 123 513 499 558 34 556 559 644 
561 328 547 9 56 7 563 621 496 606 67 586 484 671 
24 36 446 3 254 57 82 90 93 101 162 465 524 644 
561 328 547 9 56 7 563 621 496 606 67 586 431 671 
24 36 101 104 575 123 513 499 558 34 556 559 483 644 
561 104 575 41 187 123 513 153 150 558 556 530 559 644 
24 36 446 3 254 57 82 90 93 101 162 465 524 644 
104 101 575 629 187 123 513 499 558 48 556 559 517 644 
104 101 575 629 187 123 513 194 558 496 556 559 517 644 
24 36 101 104 210 123 513 373 558 34 556 559 483 644 
24 36 101 104 575 123 513 373 558 34 556 559 483 644 
24 36 35 65 82 261 90 57 93 101 332 465 524 644 
561 328 130 484 165 107 496 441 309 397 379 562 530 674 
170 328 547 9 7 178 496 606 484 529 586 441 309 671 
170 328 547 9 7 178 496 606 484 529 586 441 309 671 
24 36 101 104 575 123 513 294 558 483 556 629 187 644 
104 101 575 629 187 123 513 499 558 496 556 559 517 644 
104 101 123 513 575 629 381 499 558 34 556 559 517 644 
561 328 9 66 107 496 422 27 633 38 538 67 591 671 
170 328 9 7 107 496 606 484 529 547 586 441 309 671 
24 36 35 65 82 599 90 57 93 101 92 465 524 644 
561 328 9 7 107 496 422 27 633 38 538 67 586 671 
24 36 35 65 82 261 90 8 93 101 360 465 524 644 
24 36 35 65 82 261 90 57 93 101 92 465 524 644 
24 36 101 104 575 123 513 499 558 34 556 559 483 644 
24 36 375 68 101 575 115 187 123 513 547 153 558 644 
24 36 35 65 82 261 90 57 93 101 92 465 524 644 
24 36 375 68 101 575 115 187 123 513 547 153 558 644 
561 328 9 66 107 496 422 27 633 38 538 67 591 671 
24 36 375 68 101 575 115 187 123 513 547 153 558 644 
561 328 9 581 511 496 419 27 633 38 305 67 591 671 
24 36 35 3 254 57 82 90 93 101 360 465 524 644 
561 328 130 484 165 107 496 441 309 397 379 562 530 674 
561 328 547 484 165 107 496 441 309 397 379 562 530 674 
561 328 9 581 107 496 419 27 633 38 305 67 591 671 
561 328 9 581 107 496 422 27 633 38 305 67 591 671 
104 180 575 629 187 123 513 499 558 34 556 559 517 644 
104 180 575 629 187 123 513 499 558 34 556 559 517 644 
104 180 575 629 187 123 513 499 558 34 556 559 204 644 
104 180 575 629 187 123 513 499 153 558 556 34 559 644 
104 180 575 629 187 123 513 499 558 34 556 559 204 644 
104 180 575 629 187 123 513 499 558 34 556 559 517 644 
104 101 575 629 187 123 513 499 558 34 556 559 517 644 
561 104 575 41 187 123 513 153 487 558 362 530 559 644 
561 104 575 41 187 123 513 153 487 558 362 530 559 644 
561 328 9 7 107 496 606 484 529 547 586 337 441 671 
561 328 529 7 107 496 441 309 9 606 484 547 586 671 
204 328 9 547 7 107 318 441 309 496 586 606 484 671 
561 328 547 165 7 496 586 484 107 441 309 562 59 671 
561 104 575 41 187 123 513 153 487 558 362 530 559 644 
104 101 575 629 187 123 513 499 558 34 556 559 517 644 
561 328 547 165 7 496 586 484 107 441 309 562 59 671 
561 328 547 165 7 496 586 484 107 441 309 562 59 671 
561 104 575 41 187 123 513 153 487 558 556 530 559 644 
561 104 575 41 187 123 513 153 487 558 556 530 559 644 
561 104 575 41 187 123 513 153 487 558 556 530 559 644 
561 328 547 484 7 107 496 441 309 562 59 119 397 671 
561 328 547 484 7 107 496 441 309 562 530 119 397 671 
561 328 547 484 7 107 496 441 309 562 530 119 397 671 
