23 4 12 28 25 27 240 96 65 465 58 546 81 549 647 
174 278 245 571 97 442 512 489 518 536 553 390 122 648 
23 104 239 361 67 260 168 201 240 68 580 546 631 559 654 
117 239 361 265 260 168 607 240 68 580 546 631 559 558 654 
23 4 12 28 25 27 240 96 65 58 546 453 465 602 647 
23 4 12 28 25 27 240 96 65 465 58 450 56 549 647 
103 239 361 67 260 168 607 240 68 580 546 631 559 558 654 
392 278 571 245 28 512 484 122 52 97 53 536 553 648 
23 104 302 513 12 517 112 168 544 68 102 546 599 559 654 
23 4 12 28 25 27 240 96 65 465 58 546 56 549 647 
23 4 12 28 25 27 240 96 596 9 58 66 465 104 647 
23 4 12 28 25 27 240 96 639 465 58 513 56 549 647 
23 4 566 28 25 168 246 27 240 66 65 465 363 546 654 
496 4 187 278 382 97 107 362 59 49 564 605 571 51 653 
187 278 474 483 28 536 102 245 512 97 518 553 496 648 
23 4 566 28 25 168 246 27 240 66 102 546 65 465 654 
23 4 12 28 25 27 240 96 596 9 58 66 465 104 647 
23 4 12 28 25 184 246 27 240 66 58 72 65 465 647 
23 4 12 28 25 27 240 96 596 9 58 66 465 104 647 
23 4 12 28 25 27 240 96 596 463 58 66 465 56 647 
392 278 397 245 28 442 636 390 512 167 518 536 553 648 
23 4 12 219 25 27 240 96 65 465 58 546 81 549 647 
174 278 489 245 571 518 536 442 512 392 557 97 553 648 
23 104 239 361 394 260 168 607 240 68 580 546 631 559 654 
23 104 302 513 12 517 25 168 544 68 102 546 599 559 654 
23 4 12 28 25 27 240 96 176 596 9 58 66 465 647 
392 278 571 245 28 512 97 518 536 553 557 122 442 648 
23 104 302 49 239 361 584 536 168 158 384 310 546 558 654 
23 4 12 219 25 27 240 96 65 465 58 546 81 549 647 
23 104 302 513 12 517 25 168 544 68 102 546 599 559 654 
278 571 437 122 97 40 219 442 512 392 204 518 187 648 
23 4 566 28 25 168 246 27 240 66 102 546 65 465 654 
392 278 571 390 122 512 97 40 518 187 564 417 107 648 
278 571 219 390 122 512 97 40 518 187 564 442 392 648 
392 183 571 557 122 174 390 512 489 136 442 97 518 648 
23 104 302 513 12 517 25 168 544 68 102 546 599 559 654 
23 104 239 4 67 260 168 380 240 345 580 546 631 559 654 
23 4 12 28 25 27 240 96 639 465 58 546 56 549 647 
23 4 12 167 25 27 240 96 65 465 58 546 81 549 647 
23 4 566 28 25 168 246 27 240 66 65 465 363 546 654 
23 4 12 28 25 168 246 27 240 66 65 465 117 239 654 
23 4 12 28 25 27 240 96 65 465 58 546 81 549 647 
278 174 571 390 122 442 512 489 536 553 245 40 518 648 
392 278 571 245 28 512 97 518 536 553 557 122 442 648 
23 4 12 28 25 27 240 96 65 465 58 546 81 549 647 
23 4 12 28 25 27 240 96 65 465 58 546 81 549 647 
174 278 489 245 571 512 97 518 536 553 390 122 442 648 
117 239 361 265 260 168 607 240 68 580 546 631 559 558 654 
23 4 12 28 25 27 240 598 65 465 58 546 56 549 647 
117 239 361 265 260 168 607 240 68 580 546 631 559 558 654 
23 4 12 28 25 27 240 96 176 465 58 546 56 549 647 
23 4 12 28 25 27 240 96 596 9 58 66 465 104 647 
117 239 361 265 260 168 607 240 68 580 546 631 559 558 654 
23 4 12 28 25 27 240 598 65 465 58 546 56 549 647 
23 4 12 28 25 27 240 96 596 463 58 66 465 56 647 
23 4 12 28 25 27 240 96 65 58 546 453 465 602 647 
23 4 12 28 25 27 240 96 176 465 58 546 56 549 647 
278 174 571 390 122 442 512 489 536 553 245 40 518 648 
392 278 571 97 40 219 103 59 49 265 85 611 88 536 653 
88 4 187 278 382 97 232 103 59 49 564 605 40 8 653 
187 278 59 49 536 512 181 392 539 40 48 571 483 648 
23 104 302 513 384 398 56 168 544 68 102 546 599 559 654 
23 4 12 28 25 27 240 96 65 465 58 450 56 549 647 
23 4 12 305 239 28 25 388 27 66 65 465 246 240 654 
23 239 361 496 536 168 558 588 268 85 546 557 599 559 654 
23 4 12 28 25 27 240 96 65 465 58 450 56 549 647 
23 4 566 28 25 168 246 27 240 66 65 465 363 546 654 
392 278 397 245 28 442 183 390 512 97 518 536 553 648 
392 278 397 245 28 442 636 390 512 97 518 536 553 648 
23 4 12 28 25 27 240 96 65 465 58 450 56 549 647 
23 104 302 49 239 361 584 536 168 158 384 310 546 558 654 
392 278 397 245 28 442 636 390 512 97 518 536 553 648 
117 239 361 67 260 168 607 240 68 580 546 631 559 558 654 
187 278 571 483 28 536 102 245 512 97 518 553 128 648 
23 4 12 28 25 27 240 96 65 465 58 546 56 549 647 
278 571 442 598 122 512 97 40 219 204 392 518 187 648 
187 278 571 483 28 536 102 245 512 97 518 553 128 648 
278 571 442 390 122 512 97 40 219 204 392 518 187 648 
23 4 566 28 25 168 246 27 240 66 65 465 363 546 654 
23 4 12 28 25 27 240 96 65 465 58 546 56 549 647 
278 571 390 122 97 40 219 442 512 392 204 518 187 648 
117 239 361 67 260 168 607 240 68 580 546 631 559 558 654 
23 4 12 28 25 168 246 27 240 66 65 465 363 546 654 
117 239 361 67 260 168 607 240 68 580 546 631 559 558 654 
174 278 571 390 122 512 489 136 442 392 557 97 518 648 
174 278 489 245 571 390 122 442 512 392 557 97 518 648 
278 174 571 390 122 442 512 489 245 392 557 97 518 648 
23 104 302 49 239 361 584 536 168 158 384 310 546 558 654 
23 4 12 28 25 27 240 96 65 465 58 546 56 549 647 
305 278 571 483 28 536 102 122 512 97 40 518 553 648 
392 278 571 390 122 512 97 40 518 187 564 417 107 648 
392 278 425 390 122 512 97 40 219 103 59 265 518 648 
392 278 571 390 122 512 97 40 518 187 564 417 107 648 
392 278 571 97 40 219 103 59 49 265 85 611 88 536 653 
482 278 571 49 536 512 97 40 219 103 59 265 85 648 
571 219 187 278 382 97 107 103 59 49 564 605 40 8 653 
187 278 59 49 536 512 181 392 539 40 48 292 88 648 
88 4 187 278 382 97 107 103 59 49 564 605 40 8 653 
88 4 187 278 382 97 279 103 59 49 564 605 40 8 653 
187 278 571 97 40 219 103 59 49 8 85 618 536 266 653 
