289 438 545 99 458 307 509 428 638 564 217 37 268 665 
24 26 35 47 57 28 68 76 83 217 86 95 548 654 
24 26 35 47 57 28 68 76 83 217 86 95 548 654 
498 438 545 99 458 307 509 428 638 564 217 37 414 665 
498 414 458 509 438 606 7 529 243 289 149 307 348 665 
38 13 24 35 439 636 78 76 83 71 86 95 231 654 
38 13 24 47 57 35 439 76 636 78 83 95 231 654 
414 528 13 24 35 575 441 76 83 71 86 95 495 654 
24 479 35 47 57 275 68 76 83 310 86 95 548 654 
38 13 24 35 439 76 636 78 83 292 231 99 561 654 
24 414 153 13 575 35 50 76 83 95 231 38 590 654 
24 479 35 47 57 275 68 76 83 18 86 95 548 654 
24 26 35 47 57 275 68 76 83 310 86 95 548 654 
38 13 24 35 439 76 636 78 99 509 83 95 231 654 
231 38 13 24 35 439 76 636 78 99 83 438 606 654 
414 528 13 24 575 35 441 76 83 71 86 95 495 654 
498 243 414 289 438 606 99 509 7 458 307 348 586 665 
231 38 13 35 439 76 636 78 99 83 438 606 458 654 
498 243 414 289 438 606 99 509 151 7 458 307 348 665 
24 479 101 61 105 104 357 283 415 123 277 544 513 654 
289 438 323 13 606 99 509 7 458 226 448 125 586 665 
2 371 13 605 122 575 62 3 55 7 57 609 442 662 
24 414 153 13 575 35 50 76 83 95 231 38 590 654 
323 353 99 289 438 606 458 509 7 226 231 616 586 665 
24 479 101 61 105 104 357 283 449 123 277 544 513 654 
213 606 323 13 575 422 587 474 237 55 7 57 586 665 
323 13 99 289 438 606 458 10 7 226 231 412 586 665 
231 598 366 13 575 506 543 3 55 7 57 509 442 662 
213 606 323 13 575 422 587 474 237 55 7 57 586 665 
289 438 323 13 606 99 509 7 458 226 231 348 586 665 
323 13 99 289 438 606 458 10 7 426 231 348 586 665 
38 13 24 35 439 76 636 78 83 95 231 99 561 654 
24 26 35 47 57 275 68 76 83 310 86 95 548 654 
231 38 366 13 575 506 543 3 55 7 57 509 442 662 
2 371 13 605 122 575 62 3 55 7 57 362 442 662 
175 38 13 414 35 119 99 509 439 76 636 78 83 654 
231 121 13 605 477 575 62 3 19 7 57 509 442 662 
231 327 13 605 477 575 62 3 55 7 57 509 442 662 
24 26 35 47 57 28 68 76 83 217 86 95 548 654 
213 438 545 323 117 575 422 606 99 509 161 638 564 665 
231 38 13 24 35 439 76 636 78 83 438 606 99 654 
414 519 13 24 575 35 441 76 83 71 86 95 495 654 
498 243 414 289 438 606 99 539 421 7 509 458 307 665 
24 414 153 13 575 35 50 76 83 95 231 38 590 654 
498 243 414 289 438 606 375 509 7 458 307 348 586 665 
24 479 101 61 105 104 357 283 449 123 277 544 513 654 
213 606 323 13 575 422 587 474 237 55 7 57 586 665 
323 13 99 289 438 606 458 509 7 226 231 348 586 665 
323 13 99 289 438 606 458 10 7 426 231 348 586 665 
38 13 24 35 439 76 636 78 83 95 231 99 561 654 
24 26 35 47 57 275 68 76 83 310 86 95 548 654 
411 38 366 13 575 506 543 3 55 7 57 509 442 662 
231 38 13 35 439 76 636 78 99 83 438 606 458 654 
231 121 13 605 477 575 62 3 19 7 57 509 442 662 
24 26 35 47 57 28 68 76 83 310 86 95 548 654 
213 323 117 575 422 606 99 509 151 638 564 414 587 665 
289 38 13 24 35 439 76 636 78 83 438 606 323 654 
414 528 13 24 575 35 441 76 83 71 86 95 495 654 
498 99 289 438 606 458 414 509 638 564 217 243 7 665 
24 414 153 13 575 35 50 76 83 95 231 38 590 654 
323 353 99 289 438 606 458 509 7 226 231 348 586 665 
24 479 101 61 105 104 357 283 449 123 277 312 513 654 
289 438 323 13 606 99 509 7 458 226 231 125 586 665 
323 13 99 289 438 606 458 10 7 226 231 348 586 665 
38 13 24 35 439 76 636 78 83 95 231 99 561 654 
24 26 35 47 57 275 68 76 83 310 86 95 548 654 
231 38 366 13 575 506 543 3 55 7 57 509 442 662 
175 38 13 414 35 439 76 636 78 83 153 575 50 654 
231 121 13 605 477 575 62 3 19 7 57 472 442 662 
24 26 35 47 57 28 68 76 83 217 86 95 548 654 
498 414 545 289 438 137 458 307 509 428 638 564 217 665 
566 438 128 467 13 24 35 439 76 78 99 83 606 654 
414 528 13 24 575 35 441 76 83 71 86 95 495 654 
498 414 458 509 7 529 338 289 438 606 99 307 348 665 
24 13 38 414 153 575 35 103 76 83 95 231 590 654 
498 243 414 289 438 606 375 509 7 458 307 348 586 665 
24 479 101 61 105 104 357 283 449 123 277 312 513 654 
289 438 323 13 575 552 606 539 421 7 213 586 527 665 
323 13 99 289 438 606 458 10 7 226 231 348 586 665 
38 13 24 289 438 35 439 76 636 78 83 95 231 654 
231 38 366 13 575 506 543 3 55 7 57 509 442 662 
323 13 289 529 35 439 76 636 78 99 83 121 458 654 
231 121 13 605 477 575 62 3 19 7 57 509 442 662 
498 414 545 529 458 307 509 428 638 564 217 243 289 665 
566 438 128 467 13 24 35 237 76 78 99 83 606 654 
414 528 13 24 575 35 441 76 83 71 86 95 495 654 
498 438 545 99 458 307 7 529 243 289 149 509 428 665 
24 13 38 414 153 575 35 103 76 83 95 231 590 654 
498 243 414 289 438 606 99 458 509 7 307 638 586 665 
24 479 101 61 105 104 357 283 449 123 277 312 513 654 
289 438 323 13 606 99 509 7 458 226 231 348 586 665 
323 13 99 289 438 606 458 10 7 226 231 412 586 665 
38 13 24 289 438 35 439 76 636 78 83 95 231 654 
231 38 366 13 575 506 543 3 55 7 57 509 442 662 
231 38 13 35 439 76 636 78 99 83 438 606 458 654 
231 121 13 605 477 575 62 3 19 7 57 509 442 662 
545 458 307 289 438 606 99 509 151 638 564 217 37 665 
231 38 13 24 35 439 76 636 78 99 83 438 606 654 
414 528 13 24 575 35 441 76 83 71 86 95 495 654 
498 243 414 289 438 606 99 509 151 7 458 307 348 665 
