369 157 533 113 565 55 290 581 637 545 359 450 577 519 439 605 662 
71 25 198 48 23 3 26 211 57 67 607 464 627 644 
71 25 198 48 23 3 26 211 57 67 607 464 627 644 
369 533 113 55 581 637 545 359 450 605 157 565 290 577 140 552 662 
369 533 113 361 185 166 552 450 503 605 157 565 290 49 55 581 662 
369 157 533 10 577 2 12 13 231 67 66 7 442 662 
327 25 51 2 3 10 57 67 463 62 66 70 464 644 
71 25 34 3 23 10 121 211 57 67 607 464 627 644 
231 25 27 10 311 3 26 141 57 67 607 464 627 644 
419 25 362 3 57 496 67 463 436 182 464 607 627 644 
327 25 51 2 3 10 57 67 463 62 66 70 464 644 
140 25 169 3 23 10 57 250 42 67 607 464 627 644 
419 25 362 3 57 496 67 463 436 182 464 607 627 644 
369 157 533 10 577 2 377 13 231 67 66 7 442 662 
231 25 27 10 45 3 26 141 57 67 607 464 627 644 
369 55 2 503 10 577 565 338 12 165 301 67 442 591 662 
369 533 113 361 565 55 290 222 588 552 185 166 450 503 605 157 662 
369 157 533 113 361 166 185 49 565 55 290 581 637 545 662 
318 222 533 113 361 166 189 212 339 7 185 588 55 662 
231 25 27 10 45 3 26 141 57 67 607 464 627 644 
16 565 439 113 361 222 310 161 366 7 442 212 588 662 
369 533 581 113 503 166 189 212 185 588 442 591 55 662 
140 25 169 3 23 10 57 250 42 67 607 464 627 644 
16 565 439 113 361 222 260 161 212 588 55 121 140 401 288 185 662 
16 565 439 113 260 161 212 588 401 222 214 55 552 140 148 662 
185 157 254 113 565 222 55 588 552 450 503 288 616 214 581 662 
140 13 265 125 222 45 189 212 339 7 442 591 617 662 
71 25 34 3 23 10 121 211 57 67 607 464 627 644 
185 157 288 212 565 55 290 222 214 588 552 581 637 545 662 
140 13 265 125 222 350 12 212 339 7 442 591 52 662 
140 13 265 125 222 350 189 212 339 7 442 591 617 662 
140 13 265 439 222 350 12 637 339 7 442 591 617 662 
140 13 265 125 222 45 189 212 339 7 442 591 617 662 
226 254 533 113 361 166 189 212 185 588 55 552 450 662 
140 13 265 125 222 350 12 212 339 7 442 591 617 662 
586 13 265 125 222 350 161 212 339 7 637 442 591 662 
140 13 265 125 222 350 12 473 339 7 442 591 212 662 
586 206 265 125 222 350 161 212 339 7 637 442 591 662 
369 55 507 253 10 577 565 338 12 165 301 67 442 591 662 
140 13 265 125 222 350 12 637 339 7 442 591 617 662 
140 268 265 48 222 350 12 212 339 7 442 591 617 662 
586 206 265 125 222 350 161 212 339 7 637 442 591 662 
140 587 265 125 222 350 12 637 339 7 442 591 212 662 
140 268 265 48 222 150 12 212 339 7 442 591 617 662 
226 13 265 439 222 350 12 637 339 7 442 591 254 662 
16 565 439 113 260 161 212 588 246 222 214 55 552 140 148 662 
140 13 265 125 222 350 161 637 339 7 442 591 454 662 
275 157 533 10 577 2 12 13 231 67 66 7 442 662 
140 552 519 439 222 350 12 637 339 7 442 591 565 662 
140 552 519 439 222 350 12 630 339 7 442 591 617 662 
140 13 265 125 222 350 189 212 339 7 442 591 617 662 
586 13 265 125 506 350 161 212 339 7 442 591 637 662 
140 13 265 125 222 350 161 212 637 126 7 442 591 662 
140 563 265 125 222 350 12 637 339 7 442 591 617 662 
385 519 439 222 552 605 350 12 630 339 7 442 591 662 
369 533 581 113 503 166 189 212 185 588 55 637 545 662 
369 55 2 503 10 577 565 338 12 165 301 67 442 591 662 
140 587 265 125 222 350 12 637 422 7 442 591 212 662 
140 13 519 439 222 350 161 637 339 7 442 591 361 662 
140 13 265 125 222 350 161 212 637 126 7 442 591 662 
140 13 265 125 222 350 12 212 339 7 442 591 52 662 
369 55 507 253 10 577 40 338 12 165 301 67 442 591 662 
140 13 198 125 222 350 12 212 339 7 442 591 617 662 
140 13 265 125 222 356 350 12 320 339 7 442 591 662 
140 13 265 125 222 350 12 212 339 7 442 591 202 662 
140 13 265 125 222 45 189 212 339 165 301 7 442 591 662 
185 566 254 113 565 55 290 222 588 552 450 503 288 616 214 581 662 
185 157 254 113 565 290 55 588 552 450 503 288 616 214 581 662 
140 13 265 125 222 45 189 212 339 165 301 7 442 591 662 
185 157 254 113 565 55 290 222 119 552 450 503 288 616 214 581 662 
140 222 533 113 401 519 565 55 439 214 588 552 450 503 605 662 
16 565 439 113 588 55 552 140 401 222 214 450 503 605 148 662 
369 157 533 113 361 166 185 49 565 55 290 581 637 545 662 
369 533 113 55 581 637 545 359 450 605 157 565 290 577 140 552 662 
71 25 198 48 23 3 26 211 57 67 607 464 627 644 
327 25 51 2 3 10 57 67 463 62 66 70 464 644 
419 25 362 3 57 496 67 463 436 182 464 607 627 644 
231 25 27 10 45 3 26 141 57 67 607 464 627 644 
140 25 169 3 23 10 57 250 42 67 607 464 627 644 
140 13 265 125 222 45 189 212 339 7 442 591 617 662 
140 13 265 439 222 350 12 637 339 7 442 591 617 662 
140 561 265 48 222 350 12 212 339 7 442 591 617 662 
586 206 265 125 222 350 161 212 339 7 637 442 591 662 
586 13 265 125 222 350 161 212 339 7 637 442 591 662 
140 563 265 125 222 350 12 637 339 7 442 591 617 662 
55 565 439 113 222 350 12 630 339 7 442 591 260 662 
369 533 581 113 503 166 189 212 185 588 55 637 545 662 
369 55 2 503 10 577 565 338 12 165 301 67 442 591 662 
140 268 265 48 222 350 12 630 339 7 442 591 212 662 
140 13 519 439 222 350 161 637 339 7 442 591 361 662 
140 13 265 125 222 350 395 212 339 7 442 591 161 662 
140 13 265 125 222 350 12 212 366 7 442 591 52 662 
369 55 507 253 10 577 40 338 12 165 301 67 442 591 662 
140 13 265 48 222 350 12 212 339 7 442 591 617 662 
256 13 519 439 222 350 12 637 339 7 161 442 591 662 
140 13 265 125 222 350 12 630 212 339 7 442 591 662 
185 254 113 222 581 637 545 359 450 605 157 342 55 588 49 503 662 
185 157 254 113 565 222 55 588 49 450 503 552 288 616 214 662 
369 533 113 361 185 166 552 450 503 605 157 565 593 49 55 581 662 
369 157 533 113 361 166 185 49 565 55 290 581 637 545 662 
