23 24 65 324 123 239 180 623 513 105 505 104 517 676 
594 104 105 565 123 180 239 390 569 362 395 513 234 676 
394 104 105 427 123 180 239 353 513 517 399 557 545 390 676 
65 104 105 7 123 180 239 353 513 517 557 565 559 615 676 
594 104 105 565 123 180 239 390 569 362 395 513 234 676 
40 104 105 565 123 180 239 197 395 513 234 629 284 546 676 
594 104 105 7 123 435 565 239 353 513 517 557 197 676 
65 104 105 7 123 180 239 623 513 517 557 615 568 579 676 
594 104 105 7 123 435 565 239 353 513 517 616 197 676 
65 104 105 7 123 180 239 353 513 388 517 219 615 676 
594 104 105 7 123 435 565 239 353 513 571 557 197 676 
23 24 65 324 105 505 104 239 513 517 557 565 388 568 676 
394 104 105 427 123 180 239 353 513 517 557 375 435 565 676 
65 104 105 7 123 153 565 112 239 353 180 513 517 676 
594 104 105 7 123 180 239 390 197 362 395 513 234 676 
65 104 105 7 123 239 180 623 513 517 557 615 568 676 
594 104 105 565 239 197 180 395 513 234 629 284 546 579 676 
23 24 170 28 27 53 35 83 67 463 93 522 619 647 
65 104 105 7 123 435 565 180 239 353 513 517 557 676 
65 104 105 7 123 180 239 353 513 517 557 615 568 676 
505 104 105 7 123 297 565 239 353 513 517 180 390 676 
382 428 545 390 577 437 512 3 373 180 15 7 442 648 
65 104 105 7 123 180 239 353 513 517 557 615 568 676 
65 104 105 7 123 180 239 353 513 388 517 219 615 676 
65 104 105 7 123 435 565 239 353 180 513 517 557 676 
594 104 105 7 123 435 565 112 180 239 353 513 517 676 
23 24 65 28 27 53 226 83 67 463 93 522 619 647 
65 104 105 7 123 180 239 353 513 517 557 565 559 615 676 
23 24 317 27 282 605 53 178 310 606 93 522 619 648 
394 104 105 7 123 435 565 239 353 513 180 516 557 676 
23 24 65 113 27 28 53 35 83 67 463 211 522 647 
594 104 105 7 123 435 565 239 353 513 517 616 557 676 
394 399 557 545 390 437 53 3 180 623 136 7 642 648 
65 104 105 7 123 180 239 353 513 517 557 565 142 563 676 
394 399 557 545 390 437 53 3 180 623 136 7 642 648 
505 104 105 7 123 180 239 390 197 565 513 290 329 676 
394 104 105 7 123 435 565 239 353 513 516 557 545 676 
594 104 105 7 123 435 565 239 353 513 517 616 197 676 
594 104 105 565 239 197 180 395 513 234 629 284 546 579 676 
594 104 105 7 123 180 239 390 197 261 513 615 557 676 
594 104 105 7 123 435 565 239 353 513 180 197 261 676 
65 104 105 7 123 180 239 353 513 517 557 375 8 339 676 
65 8 339 193 565 437 53 3 428 512 178 623 7 648 
65 104 105 7 123 180 239 623 513 517 557 615 568 579 676 
65 104 105 7 123 180 239 353 513 517 557 565 142 563 676 
594 104 105 565 123 180 239 197 395 513 234 629 284 546 676 
565 505 563 145 390 437 512 528 266 53 283 7 430 648 
23 24 65 28 27 53 376 83 67 463 93 522 619 647 
505 428 545 390 565 437 53 3 373 180 15 7 512 648 
594 104 105 7 123 435 565 239 353 513 517 557 197 676 
565 505 563 145 390 437 512 528 266 53 283 7 430 648 
23 24 65 28 27 53 376 83 67 463 93 522 619 647 
565 505 563 145 390 437 512 528 266 53 283 7 430 648 
505 428 545 390 565 437 53 3 189 180 15 7 512 648 
23 24 170 28 27 53 45 83 67 463 93 522 619 647 
594 104 105 239 565 197 180 395 513 234 629 284 546 579 676 
65 8 339 193 565 437 53 3 428 512 178 623 7 648 
505 428 545 390 565 437 53 3 373 180 15 7 512 648 
23 24 170 28 27 53 45 83 67 463 93 522 619 647 
23 24 65 113 27 28 53 35 83 67 463 211 522 647 
23 24 170 28 27 53 35 83 67 463 93 522 619 647 
594 104 105 7 123 180 239 565 197 261 513 615 557 676 
23 24 65 324 105 505 104 239 513 388 557 568 565 676 
23 24 317 27 282 605 53 178 310 606 93 522 619 648 
565 505 128 545 601 248 209 3 178 623 283 7 642 648 
23 24 65 53 27 145 83 448 67 93 523 522 619 647 
23 24 65 28 27 53 35 83 67 606 93 463 522 647 
565 505 128 545 569 248 209 3 178 623 283 7 642 648 
23 24 65 566 53 27 544 83 606 93 119 522 619 647 
23 24 65 28 27 53 35 83 145 448 67 93 523 647 
382 428 545 390 577 437 512 3 373 180 15 7 528 648 
565 505 128 545 390 248 209 3 178 623 283 7 642 648 
382 428 545 390 577 437 512 3 373 180 15 7 565 648 
23 24 65 28 27 53 35 83 67 606 93 463 522 647 
23 24 65 28 27 53 35 83 67 463 93 522 619 647 
382 428 545 390 577 437 512 3 373 180 15 7 528 648 
23 24 65 28 27 53 35 83 67 463 93 522 619 647 
23 24 317 27 282 605 53 178 310 606 93 522 619 648 
329 505 563 145 390 388 528 419 512 266 53 430 564 648 
382 428 545 390 577 437 512 528 430 564 388 281 473 648 
565 505 563 545 390 388 512 528 281 41 409 53 581 648 
23 24 65 28 27 53 35 83 145 448 67 93 523 647 
505 428 545 390 577 437 512 528 430 564 388 281 473 648 
23 24 65 28 27 53 35 83 67 606 93 522 619 647 
505 428 545 390 565 437 512 528 430 564 388 281 473 648 
329 505 563 145 390 437 512 528 266 53 430 564 388 648 
565 505 563 145 390 437 512 528 266 53 430 564 545 648 
23 24 65 28 27 53 35 83 67 606 93 522 619 647 
23 24 65 53 27 145 83 448 67 93 523 522 619 647 
565 505 563 545 390 388 512 528 281 41 409 53 581 648 
329 505 563 145 390 437 512 528 266 53 430 564 388 648 
23 24 65 566 53 27 544 83 606 93 119 522 619 647 
565 505 428 545 390 512 528 430 564 388 281 473 409 648 
329 505 563 545 390 388 512 528 430 564 88 364 281 648 
565 505 428 545 390 512 528 430 564 388 281 473 127 648 
23 24 65 28 27 53 75 83 67 606 93 522 619 647 
329 430 266 565 564 388 88 528 281 473 409 364 390 648 
565 505 563 545 407 637 390 564 388 88 364 281 139 648 
23 24 65 28 27 53 75 83 67 606 93 522 619 647 
505 563 266 565 564 388 88 528 281 473 202 545 390 648 
