271 56 96 275 84 111 133 4 385 443 531 270 573 652 
545 56 96 84 270 285 133 532 538 443 531 573 453 652 
123 556 323 329 87 208 239 559 558 371 569 587 38 154 660 
123 556 323 329 87 208 239 559 618 154 469 611 558 587 660 
21 56 96 461 84 54 596 68 197 570 531 573 597 652 
123 556 323 329 87 208 239 559 618 154 469 611 558 587 660 
21 56 96 326 84 54 596 68 78 570 531 573 597 652 
123 546 218 577 308 239 559 558 587 471 361 136 578 253 660 
21 56 96 83 84 54 596 68 78 570 531 573 597 652 
21 56 96 461 84 54 596 68 197 570 531 573 597 652 
21 36 96 461 84 54 596 68 69 570 531 573 597 652 
271 56 96 275 84 429 133 286 67 270 531 573 532 652 
123 556 323 329 87 208 239 559 558 587 578 618 154 469 660 
123 382 87 323 308 239 208 546 218 577 559 578 569 41 660 
388 389 199 631 279 469 329 118 154 581 587 281 264 87 669 
56 461 96 271 84 24 64 502 596 443 531 573 595 652 
21 56 96 461 84 54 596 68 197 570 531 573 597 652 
123 556 239 87 323 354 578 569 154 469 329 181 307 253 660 
271 56 96 461 84 179 486 502 596 443 531 595 103 652 
56 461 96 271 84 521 486 502 596 443 531 573 595 652 
123 556 323 208 308 239 559 578 569 154 166 329 87 181 660 
388 323 279 631 469 239 559 578 569 329 118 154 581 587 660 
123 382 87 323 308 239 559 218 208 578 569 41 577 154 660 
21 56 96 461 84 54 596 68 197 570 531 573 597 652 
123 556 323 208 239 559 618 329 87 154 469 611 558 587 660 
271 56 96 275 84 111 133 4 385 443 531 270 573 652 
271 56 96 275 84 111 133 4 388 270 429 531 573 652 
123 556 323 329 87 208 239 559 618 154 469 611 558 587 660 
56 461 96 271 84 521 486 502 596 443 531 573 595 652 
56 461 96 271 84 521 486 502 596 443 531 573 595 652 
545 56 96 84 270 285 133 532 538 443 531 573 453 652 
388 208 577 323 329 239 559 578 618 154 469 611 87 118 660 
388 56 96 271 275 84 111 133 4 67 270 531 573 652 
388 208 87 323 308 239 559 578 577 154 329 118 587 38 660 
388 389 279 281 84 510 133 216 534 397 531 596 631 652 
271 56 96 275 84 111 133 4 388 270 429 531 573 652 
388 208 87 323 308 239 559 578 577 154 329 118 587 38 660 
21 56 96 461 84 54 596 68 69 570 531 573 597 652 
123 556 87 323 208 239 559 558 587 578 569 154 469 329 660 
545 56 96 84 270 285 133 532 538 443 604 531 573 652 
271 56 96 275 84 429 133 4 67 270 531 573 532 652 
123 556 323 329 87 208 239 559 558 587 578 569 154 412 660 
388 323 279 631 469 239 559 578 569 329 118 154 581 587 660 
271 56 96 275 84 111 133 4 67 270 429 531 573 652 
388 56 96 275 84 271 111 133 4 67 270 531 573 652 
123 556 87 323 208 239 559 558 587 578 569 154 469 329 660 
271 56 96 275 84 429 133 4 67 270 531 573 532 652 
123 556 87 323 208 239 559 558 587 578 569 154 469 329 660 
271 56 96 275 84 111 133 4 67 270 429 531 573 652 
123 3 13 12 308 239 323 546 218 577 559 578 569 228 660 
388 32 3 13 12 308 469 77 587 471 8 136 323 82 660 
415 323 279 631 469 329 118 154 581 278 281 264 87 545 669 
123 546 218 577 308 239 559 558 587 471 361 136 578 569 660 
271 56 545 96 84 270 285 133 404 234 443 531 573 652 
388 389 401 631 366 469 329 118 154 100 587 281 264 87 669 
123 556 87 323 308 239 559 578 569 154 348 253 469 208 660 
388 56 96 275 84 271 111 133 4 67 270 531 573 652 
123 556 239 87 323 208 578 569 154 469 329 181 307 253 660 
271 56 96 275 84 111 133 4 67 270 429 531 573 652 
388 56 96 271 275 84 111 133 4 67 270 531 573 652 
21 56 96 457 84 54 596 68 78 570 531 573 597 652 
271 56 96 545 84 270 285 133 404 538 443 531 573 652 
415 323 279 631 469 329 118 154 581 278 281 264 87 545 669 
388 389 401 631 279 469 366 329 616 154 581 587 281 264 669 
388 32 3 13 12 308 469 77 587 471 361 136 323 82 660 
271 56 96 461 84 179 133 411 443 270 531 596 595 652 
271 56 96 275 84 111 133 4 67 270 429 531 573 652 
388 239 208 578 577 154 323 329 87 118 587 38 37 123 660 
388 389 199 631 279 309 329 118 154 581 587 281 264 87 669 
545 56 96 84 270 285 133 532 538 443 531 573 453 652 
21 56 96 83 84 54 596 68 78 570 531 573 597 652 
271 56 96 275 84 429 133 4 67 270 531 573 532 652 
271 56 545 96 84 270 285 133 404 538 443 531 573 652 
21 56 96 83 84 54 596 68 78 570 531 573 597 652 
123 556 87 323 308 239 559 578 569 154 348 253 469 611 660 
21 56 96 83 84 54 596 68 78 570 531 573 597 652 
388 389 401 631 279 469 366 329 118 154 581 587 281 264 669 
123 556 87 323 308 239 559 578 569 154 469 611 181 307 660 
123 556 87 323 308 239 559 578 569 154 469 329 181 307 660 
388 389 279 631 469 199 329 118 154 581 587 281 264 226 669 
388 389 401 631 366 469 329 118 154 581 587 281 264 87 669 
388 389 279 631 469 329 118 154 448 587 278 199 581 281 669 
388 389 401 631 279 469 329 118 154 581 587 281 264 87 669 
21 56 96 83 84 54 596 68 78 570 531 573 597 652 
123 556 323 329 87 208 578 569 154 469 181 587 38 239 660 
388 389 199 631 279 469 329 118 154 581 587 281 264 87 669 
388 32 3 13 12 308 469 77 587 471 361 136 323 82 660 
123 556 239 87 323 208 578 569 154 469 329 181 307 253 660 
123 556 323 208 578 569 154 469 329 87 181 239 307 253 660 
388 32 3 13 12 308 469 77 587 471 361 136 323 82 660 
21 56 96 461 84 54 596 68 69 570 531 573 597 652 
388 32 3 13 12 308 469 77 587 471 361 136 323 82 660 
21 56 96 461 84 54 596 68 69 570 531 573 597 652 
388 323 279 631 469 329 118 154 581 587 281 264 87 224 669 
388 323 279 631 469 329 118 154 581 278 281 264 87 224 669 
388 239 208 578 577 154 323 329 87 118 587 38 37 123 660 
388 323 279 631 469 329 118 154 581 587 281 264 87 224 669 
21 56 96 461 84 54 596 68 69 570 531 573 597 652 
388 239 208 578 577 154 323 329 87 118 587 38 37 123 660 
388 239 208 578 577 154 323 329 87 118 587 38 37 123 660 
