565 643 71 20 216 103 34 4 6 347 352 642 65 676 
643 537 383 311 518 236 637 404 123 593 195 484 219 670 
291 165 9 8 11 403 632 72 481 567 6 25 396 676 
28 105 15 66 32 65 183 70 517 141 464 74 19 676 
288 4 160 82 431 339 11 13 204 643 42 55 489 660 
50 68 3 124 123 87 185 43 454 320 110 258 4 510 676 
167 231 67 120 262 16 161 87 419 287 515 586 245 671 
76 66 643 251 6 103 615 318 633 68 465 146 252 676 
14 384 102 643 299 548 522 626 190 614 216 274 205 676 
31 314 637 439 239 569 289 408 643 283 225 637 326 655 
513 334 19 126 349 517 361 556 572 270 541 624 248 676 
428 10 194 185 163 361 241 211 227 335 124 85 247 676 
202 9 28 11 376 184 85 488 373 554 83 202 523 676 
126 251 545 505 437 509 499 514 137 643 473 463 38 112 173 158 648 
5 203 55 159 197 167 334 643 489 105 81 117 134 663 
123 11 7 62 331 84 89 442 224 492 109 250 550 676 
57 83 21 257 148 95 492 93 145 600 346 102 162 676 
358 150 137 193 299 279 175 203 106 275 498 410 5 674 
289 94 62 433 623 31 499 103 58 30 48 3 11 52 646 
