140 303 630 637 213 118 169 237 267 280 225 18 281 660 
24 66 516 123 104 356 137 239 517 116 546 558 559 660 
527 66 516 19 104 101 239 517 213 116 546 558 559 660 
140 303 630 637 267 213 372 169 239 280 225 18 281 660 
348 237 516 104 213 123 239 517 116 546 558 559 187 660 
527 66 516 123 104 239 517 19 213 116 546 558 559 660 
24 118 46 104 123 213 239 517 219 116 546 558 559 660 
143 104 140 348 237 536 123 213 239 19 546 558 559 660 
365 348 123 237 536 213 169 104 140 239 558 559 308 660 
527 66 516 19 104 239 517 213 116 546 558 559 130 660 
108 250 516 19 104 169 204 214 123 213 239 140 280 660 
225 108 237 169 204 214 123 213 19 320 239 140 303 660 
621 237 516 104 225 536 123 213 169 239 559 140 578 660 
24 66 516 104 452 213 8 239 517 116 546 558 559 660 
365 256 348 19 104 239 517 213 116 546 558 559 536 660 
225 140 237 104 213 169 239 19 116 546 558 559 130 660 
140 303 630 637 267 280 225 18 281 104 213 169 239 660 
225 140 237 169 104 213 239 19 116 544 558 559 130 660 
225 140 630 637 237 169 104 213 239 19 116 544 558 660 
365 149 143 123 104 348 237 536 213 169 140 239 558 660 
225 214 237 204 19 104 123 140 213 169 239 445 267 660 
365 348 237 536 213 123 239 517 116 546 558 559 169 660 
365 348 237 536 123 239 508 213 116 546 558 559 169 660 
24 118 46 66 308 104 239 517 452 213 546 558 559 660 
24 342 46 66 104 239 517 452 308 213 546 558 559 660 
24 342 46 66 104 239 517 452 308 213 546 558 559 660 
24 342 46 66 104 452 239 517 116 546 558 559 308 660 
24 342 46 66 104 239 517 452 308 213 546 558 559 660 
24 342 46 66 104 239 517 452 308 213 546 558 559 660 
24 342 46 66 104 239 517 107 308 213 546 558 559 660 
24 342 46 66 104 452 239 517 308 213 546 558 559 660 
24 342 46 66 104 239 517 452 308 213 546 558 559 660 
24 342 46 66 104 452 239 19 517 116 546 558 559 660 
24 342 46 66 104 452 239 517 213 116 546 558 559 660 
24 342 46 66 104 452 239 517 138 546 558 559 308 660 
24 342 46 66 104 452 239 517 308 213 546 558 559 660 
24 342 46 66 104 452 239 19 517 116 546 558 559 660 
24 342 46 66 104 452 239 517 506 213 546 558 559 660 
24 639 46 66 104 239 517 452 308 213 546 558 559 660 
24 342 46 66 104 452 239 138 517 116 546 558 559 660 
24 342 46 66 104 239 517 452 213 116 546 558 559 660 
24 342 46 66 104 452 239 517 308 536 546 558 559 660 
24 342 46 66 104 452 239 517 308 536 546 558 559 660 
24 342 46 66 104 452 239 517 213 116 546 558 559 660 
24 639 46 66 104 239 517 359 116 546 558 559 452 660 
24 342 46 66 104 239 517 107 308 213 546 558 559 660 
24 342 46 66 104 239 517 107 308 213 546 558 559 660 
24 342 46 66 104 239 517 452 308 213 546 558 559 660 
24 342 46 66 104 452 239 19 517 116 546 558 559 660 
24 342 46 66 104 452 239 517 506 213 546 558 559 660 
24 342 46 66 104 239 452 517 116 213 546 558 559 660 
24 342 46 66 104 452 239 19 517 116 546 558 559 660 
24 118 46 66 483 104 239 517 452 213 546 558 559 660 
24 342 46 66 104 239 517 452 308 213 546 558 559 660 
24 342 46 66 104 239 517 452 308 546 558 559 213 660 
24 342 46 66 104 452 239 138 517 116 546 558 559 660 
24 342 46 66 104 239 517 452 138 508 546 558 559 660 
24 342 46 66 104 452 239 517 116 546 558 559 308 660 
24 342 46 66 104 452 239 19 517 116 546 558 559 660 
24 342 46 66 104 239 517 107 308 213 546 558 559 660 
24 302 46 66 104 452 239 19 517 116 546 558 559 660 
24 342 46 66 104 452 239 19 517 546 558 116 559 660 
24 342 46 66 104 452 239 517 308 536 546 558 559 660 
24 342 46 66 104 452 239 138 517 116 546 558 559 660 
24 342 46 66 104 452 239 517 116 546 558 559 308 660 
24 118 46 342 66 104 452 239 517 138 546 558 559 660 
24 342 46 66 104 452 239 19 517 546 558 116 559 660 
24 118 46 66 104 239 517 452 483 213 546 558 559 660 
24 342 46 66 104 239 517 452 116 546 558 308 559 660 
24 342 46 66 104 239 452 517 308 213 546 558 559 660 
24 137 46 66 104 452 239 517 138 546 558 559 308 660 
24 342 46 66 104 452 239 517 506 213 546 558 559 660 
24 342 46 66 104 452 239 19 517 546 558 116 559 660 
24 342 46 66 104 452 239 19 517 116 546 558 559 660 
24 342 46 66 104 428 239 19 517 116 546 558 559 660 
24 342 46 66 104 452 308 239 517 213 546 558 559 660 
24 639 46 66 104 239 517 452 308 213 546 558 559 660 
24 342 46 66 104 239 517 452 308 213 546 558 559 660 
24 342 46 66 104 239 517 452 308 213 546 558 559 660 
24 342 46 66 104 452 239 517 116 546 138 558 559 660 
24 342 46 66 104 239 517 452 308 213 546 558 559 660 
24 118 46 342 66 104 452 239 517 116 546 558 559 660 
24 118 46 66 308 104 239 517 452 213 546 558 559 660 
24 342 46 66 308 104 239 517 452 213 546 558 559 660 
24 342 46 66 104 452 239 517 116 213 546 558 559 660 
24 342 46 66 104 452 239 517 308 536 546 558 559 660 
24 342 46 66 104 239 517 452 19 546 558 116 559 660 
24 342 46 66 104 239 517 452 308 536 546 558 559 660 
24 342 46 66 104 452 239 517 308 533 546 558 559 660 
24 342 46 66 104 239 517 452 308 213 546 558 559 660 
24 342 46 66 104 239 517 452 308 213 546 558 559 660 
24 342 46 66 104 239 517 452 308 213 546 558 559 660 
24 342 46 66 104 239 452 19 517 546 558 116 559 660 
24 342 46 66 104 452 239 517 308 213 546 558 559 660 
24 342 46 66 104 239 517 359 116 546 558 559 452 660 
24 118 46 66 104 239 517 342 452 116 546 558 559 660 
24 137 46 66 104 452 239 517 138 546 558 559 308 660 
24 342 46 66 104 452 239 517 116 546 558 559 308 660 
24 342 46 66 104 452 239 517 308 213 546 558 559 660 
24 342 46 66 104 452 239 517 138 116 546 558 559 660 
