402 18 2 180 3 32 25 13 22 86 572 623 627 652 
402 18 2 180 3 32 25 13 22 86 572 623 627 652 
384 305 13 7 62 248 145 109 641 317 80 77 642 654 
545 384 260 2 13 85 7 571 586 88 593 130 642 364 665 
545 384 260 2 13 7 365 85 571 414 586 593 130 642 665 
402 18 2 180 3 32 25 13 22 86 572 623 627 652 
402 18 2 180 3 438 25 13 22 57 44 95 627 652 
384 305 13 7 62 470 145 109 641 317 80 77 642 654 
545 384 260 365 13 7 571 586 383 414 85 593 130 642 665 
402 18 2 180 3 32 25 13 22 86 572 623 627 652 
384 305 13 7 62 348 145 109 641 317 80 77 642 654 
26 410 2 180 205 44 25 536 22 86 572 623 627 652 
545 384 260 365 13 7 571 586 383 414 593 130 642 503 665 
402 18 2 180 3 438 25 13 22 57 44 95 627 652 
545 384 108 2 13 7 365 85 571 414 586 593 130 642 665 
545 384 260 2 13 7 365 85 571 414 586 593 130 642 665 
545 384 260 365 13 7 571 586 85 414 593 130 642 503 665 
384 503 13 7 62 248 145 584 641 317 80 97 642 654 
314 410 2 180 3 44 25 536 22 86 572 623 627 652 
314 410 2 180 3 44 25 536 22 86 572 623 627 652 
402 18 2 180 3 313 25 13 22 57 44 95 627 652 
314 410 2 180 3 44 25 536 22 86 572 623 627 652 
402 18 2 180 3 32 25 13 22 203 44 95 627 652 
545 384 260 365 13 7 571 586 85 414 593 130 642 364 665 
314 410 2 180 3 44 25 536 22 86 572 623 627 652 
545 384 260 2 13 85 7 571 586 414 593 130 642 364 413 665 
57 503 13 7 62 248 145 68 641 317 80 97 642 654 
545 384 260 2 13 85 7 571 586 414 593 130 642 364 413 665 
57 503 13 7 62 248 145 68 641 317 80 97 642 654 
384 305 13 7 62 248 145 599 641 317 80 97 642 654 
545 384 260 2 13 365 7 571 414 586 593 130 642 85 268 665 
402 18 2 180 3 438 25 13 22 57 44 95 627 652 
545 384 260 365 13 85 7 571 414 364 586 593 130 642 665 
384 305 13 7 62 248 145 109 641 317 80 77 642 654 
545 384 260 2 13 365 85 7 571 414 586 593 130 642 364 665 
545 384 260 2 13 85 7 571 586 414 593 130 642 364 413 665 
57 503 13 7 62 248 145 68 641 317 80 97 642 654 
402 329 2 180 3 80 25 13 22 57 44 86 627 652 
384 260 122 631 13 85 7 571 414 586 593 130 642 564 503 665 
545 384 260 365 13 85 7 571 414 586 593 130 642 249 413 665 
402 18 2 180 3 32 25 13 22 57 44 95 627 652 
545 384 260 365 13 85 7 571 414 586 593 130 642 364 413 665 
57 503 13 7 62 248 145 68 641 317 80 97 642 654 
402 329 2 180 3 80 25 13 22 57 44 86 627 652 
402 18 2 180 3 32 25 13 22 57 44 95 627 652 
402 18 2 180 3 32 25 13 22 57 44 95 627 652 
545 384 260 365 13 85 7 571 414 586 593 130 642 364 413 665 
402 329 2 180 3 80 25 13 22 57 44 86 627 652 
57 503 13 7 62 248 145 68 641 317 80 97 642 654 
545 384 260 365 13 85 7 571 414 586 593 130 642 364 413 665 
402 18 2 180 3 32 25 13 22 57 44 95 627 652 
314 410 2 180 3 44 25 536 22 86 572 623 627 652 
26 410 2 180 3 44 25 536 22 86 572 623 627 652 
26 410 2 180 3 44 25 536 22 86 572 623 627 652 
402 329 2 180 3 80 25 13 22 57 44 86 627 652 
26 410 2 180 3 44 25 536 22 86 572 623 627 652 
384 305 13 7 62 248 145 109 641 317 80 77 642 654 
26 410 2 180 3 44 25 536 22 86 572 623 627 652 
503 472 260 356 287 621 85 343 145 7 516 586 545 642 665 
503 384 260 7 145 586 621 339 194 631 343 336 158 642 665 
545 165 7 287 356 85 343 299 336 593 516 586 130 642 665 
503 472 260 85 287 356 343 621 145 7 516 586 545 642 665 
402 329 2 180 3 32 25 13 22 57 44 86 627 652 
384 503 13 7 62 248 145 68 641 317 80 97 642 654 
169 343 260 165 7 287 356 85 299 336 586 593 130 642 145 665 
545 165 7 287 356 85 343 299 422 586 593 130 642 145 516 665 
545 165 7 287 356 85 343 299 336 586 593 130 642 145 516 665 
402 18 2 180 3 32 25 13 22 57 44 86 627 652 
384 503 13 7 62 248 145 68 641 317 80 97 642 654 
503 384 260 7 145 85 343 586 621 593 194 631 336 158 642 665 
384 503 13 7 62 248 145 68 641 317 80 97 642 654 
384 503 13 7 62 248 145 68 641 317 80 97 642 654 
545 165 7 287 356 85 343 299 336 586 593 130 642 145 516 665 
402 18 2 180 3 32 25 13 22 57 44 86 627 652 
26 410 2 180 3 44 25 536 22 86 572 623 627 652 
402 18 2 180 3 32 25 13 22 57 44 86 627 652 
503 384 260 7 145 586 621 593 194 631 343 336 158 642 665 
506 343 260 503 384 7 145 516 586 616 287 621 85 194 631 665 
545 343 260 336 158 516 393 503 593 113 616 287 543 384 356 665 
545 343 260 336 158 516 393 503 593 359 616 287 305 621 18 665 
545 260 145 361 158 516 393 248 593 359 616 287 305 356 384 665 
545 343 260 336 158 516 393 503 593 359 616 287 305 621 18 665 
545 343 260 336 158 516 393 503 593 359 616 287 305 621 18 665 
503 384 260 7 145 621 593 85 194 631 564 404 319 562 471 665 
545 260 7 145 176 85 377 631 343 621 564 404 319 384 361 665 
545 260 7 287 356 165 343 621 145 37 361 593 122 631 564 665 
545 260 7 287 356 85 343 621 145 37 361 593 122 631 564 665 
503 384 260 287 356 85 343 621 145 7 516 586 545 616 194 665 
545 260 7 287 356 85 343 621 145 586 361 593 194 631 503 665 
503 384 260 287 336 158 305 621 18 404 319 7 145 516 665 
384 260 122 85 631 564 7 503 194 404 319 562 471 516 665 
545 343 260 7 145 176 621 85 377 631 564 404 319 384 665 
384 260 7 287 356 85 503 130 336 586 305 145 516 545 616 665 
503 384 260 7 145 85 194 631 564 404 319 562 471 516 665 
545 343 165 7 145 621 593 130 336 586 305 194 631 564 404 665 
384 503 13 7 62 248 145 68 641 317 80 97 642 654 
503 384 260 7 145 516 586 545 343 621 244 194 631 564 665 
503 384 260 7 145 516 586 545 616 287 621 85 194 631 665 
503 384 260 7 145 516 586 545 616 287 621 85 194 631 665 
545 343 260 7 145 586 621 593 194 631 564 404 319 562 665 
