66 76 12 3 18 37 10 25 59 548 274 241 151 644 
123 96 77 20 75 513 27 101 256 326 8 66 6 247 676 
66 513 559 394 294 298 411 76 67 263 264 107 67 676 
560 442 61 144 77 623 215 59 565 529 14 69 154 19 671 
10 199 426 255 372 2 9 153 202 45 211 306 278 676 
419 388 105 62 9 3 364 567 375 389 471 80 132 646 
25 22 43 643 69 487 526 240 38 493 124 76 282 676 
210 234 71 437 491 141 586 476 11 484 13 231 263 67 131 671 
235 562 483 643 199 298 426 215 37 313 561 106 634 200 252 508 113 670 
366 262 3 2 10 9 4 520 439 277 58 83 294 676 
116 463 191 184 409 377 554 406 110 164 147 12 58 139 144 662 
450 25 356 185 70 475 524 643 233 160 9 162 223 676 
102 574 390 170 134 622 125 3 565 416 4 536 513 660 
157 205 183 51 87 533 338 306 112 542 261 462 478 656 
643 386 207 137 313 427 458 136 42 7 611 84 131 670 
293 50 274 510 35 96 44 48 34 632 66 226 462 676 
127 448 215 191 11 242 439 32 101 6 137 16 14 9 168 668 
643 378 285 42 330 362 506 156 424 435 439 407 611 661 
643 236 81 80 144 398 631 559 6 157 96 428 578 676 
643 12 246 496 403 426 571 593 489 244 43 67 234 671 
53 39 46 540 106 4 3 442 76 104 101 617 493 676 
53 30 79 643 123 7 157 278 291 333 296 377 162 670 
