34 394 312 120 2 117 458 209 4 6 7 52 261 676 
428 84 473 643 109 543 364 104 3 256 250 31 155 660 
394 643 10 393 145 368 18 338 265 253 287 19 382 665 
643 175 31 604 185 74 120 15 144 389 487 426 17 676 
3 179 405 49 39 615 570 91 57 333 345 128 315 652 
643 119 586 310 247 543 364 136 262 5 30 460 418 670 
102 48 2 1 309 222 83 380 592 620 475 512 617 676 
267 643 355 454 393 28 10 527 215 134 414 536 563 670 
399 209 67 371 199 34 141 12 609 579 482 408 85 676 
187 621 469 281 85 236 643 411 412 253 163 129 37 164 103 672 
2 573 62 72 643 104 63 137 486 226 302 288 68 673 
537 643 99 442 336 367 325 391 120 334 20 9 13 676 
109 603 68 643 32 401 350 114 451 578 111 436 5 4 654 
6 429 167 269 371 244 637 356 508 217 165 11 20 136 668 
70 120 7 3 2 189 609 499 521 144 371 77 207 676 
104 239 43 119 2 413 585 512 11 588 161 175 316 676 
23 33 218 83 92 52 1 5 303 78 302 127 464 676 
180 605 544 584 214 615 187 157 116 388 237 639 425 667 
13 643 175 308 360 641 213 250 109 352 196 634 481 660 
149 16 10 174 25 78 144 60 4 629 191 137 76 676 
