472 1 13 12 25 54 95 70 72 427 464 489 522 647 
162 126 480 139 150 232 264 61 205 598 87 575 156 672 
472 1 13 12 25 54 95 70 72 427 464 489 522 647 
162 126 480 361 150 232 264 156 561 365 61 205 598 672 
162 126 480 139 598 87 264 61 389 297 365 156 561 669 
528 2 6 22 11 25 561 424 63 221 563 101 486 644 
87 2 6 176 11 22 25 425 63 72 95 101 486 647 
87 2 6 176 11 22 25 425 63 72 95 101 486 647 
472 1 13 12 25 54 95 70 72 427 464 157 522 647 
87 2 6 268 11 22 575 25 260 545 500 101 579 644 
528 2 6 22 11 25 561 424 63 221 563 101 486 644 
139 598 496 13 307 294 97 14 561 365 547 12 168 669 
87 2 6 268 11 22 575 25 260 545 500 101 579 644 
587 2 249 13 163 294 97 156 561 204 547 12 168 669 
162 480 139 277 185 126 598 87 389 117 61 365 156 669 
162 126 480 139 598 87 264 61 389 297 365 156 561 669 
87 2 6 128 11 22 310 526 118 123 113 168 579 644 
205 61 126 2 6 128 11 22 283 59 168 367 579 644 
87 126 59 2 6 128 11 61 22 283 168 45 367 644 
122 598 496 13 307 294 97 416 19 365 547 12 168 669 
87 2 6 128 11 22 575 25 556 123 113 168 579 644 
87 426 126 2 6 128 11 22 283 59 168 45 367 644 
87 2 6 128 11 385 126 22 283 59 168 314 579 644 
87 2 6 128 11 22 575 25 556 123 113 168 579 644 
616 123 139 277 185 126 480 156 327 59 168 237 389 669 
162 371 598 277 185 87 61 365 126 480 389 117 156 669 
342 123 139 277 185 126 480 156 327 59 168 237 389 669 
87 195 126 2 6 128 11 22 582 59 168 314 579 644 
205 126 59 2 6 128 11 428 283 168 61 45 367 644 
616 123 139 12 185 126 480 156 327 59 168 237 389 669 
277 2 6 373 515 61 4 381 11 640 367 432 126 654 
616 123 139 12 185 126 480 156 327 59 168 237 389 669 
277 2 6 181 373 515 61 11 293 381 367 432 126 654 
87 2 6 354 11 22 575 25 515 61 50 367 579 644 
277 2 6 181 373 515 11 61 205 636 381 367 45 654 
616 123 139 12 185 126 544 283 59 168 61 156 480 669 
616 123 139 12 185 126 544 283 59 168 61 156 327 669 
205 2 6 128 11 126 345 283 59 168 61 45 367 654 
205 2 6 128 11 126 345 283 340 168 61 45 367 654 
87 126 2 6 128 11 79 283 59 168 61 45 367 644 
122 598 496 13 307 294 97 416 561 365 547 12 168 669 
87 61 126 2 6 128 11 22 389 367 240 168 31 644 
87 2 6 128 11 22 575 526 556 123 113 168 579 644 
205 2 6 128 11 126 428 283 59 168 61 45 367 654 
87 126 2 6 128 11 283 22 389 367 59 168 61 644 
277 2 6 181 373 515 11 636 381 367 61 45 432 654 
87 2 6 354 11 22 575 25 515 61 50 367 579 644 
277 2 6 181 373 515 11 636 381 367 61 45 432 654 
87 2 6 11 128 22 575 25 140 123 113 168 579 644 
472 1 13 12 25 54 95 70 72 427 464 157 522 647 
205 126 59 2 6 128 11 61 428 283 168 45 367 654 
87 2 6 128 11 22 310 526 556 123 113 168 579 644 
277 2 6 181 373 515 11 593 293 381 367 432 61 654 
87 373 515 2 6 128 417 4 381 11 640 367 432 654 
527 2 249 13 163 294 97 156 561 204 547 12 168 669 
87 2 6 11 128 22 575 25 140 123 113 168 579 644 
277 2 6 181 373 515 11 61 205 636 381 367 45 654 
277 126 2 6 128 11 283 22 389 367 59 168 185 644 
87 2 6 128 11 22 389 367 240 168 219 319 176 644 
87 61 126 2 6 128 11 22 389 367 240 168 31 644 
205 61 126 2 6 128 11 22 283 59 168 367 579 644 
87 2 6 128 11 22 575 61 126 389 367 240 168 644 
162 126 87 61 2 6 128 11 22 389 168 320 367 644 
277 126 2 6 128 11 283 22 389 367 59 168 185 644 
162 126 480 139 150 232 264 156 567 365 87 575 61 672 
472 1 13 12 25 54 95 70 72 427 464 489 522 647 
87 2 6 11 176 22 25 425 63 72 95 101 486 647 
528 2 6 22 11 25 561 424 63 221 563 101 486 644 
268 2 87 6 11 22 575 25 260 343 500 101 579 644 
162 126 480 139 598 87 389 297 61 365 156 561 97 669 
87 126 2 6 128 11 22 283 59 168 61 45 367 644 
87 2 6 128 11 22 575 25 556 123 113 168 579 644 
162 480 139 277 185 126 478 416 561 87 389 117 61 669 
342 123 139 277 185 126 480 156 327 59 168 237 389 669 
87 195 126 2 6 128 11 22 283 59 168 314 579 644 
616 123 139 12 185 126 544 283 59 168 61 156 327 669 
205 2 6 128 11 126 428 283 59 168 422 45 367 644 
139 598 496 13 307 294 97 416 561 365 547 12 168 669 
87 2 6 354 11 22 575 25 515 61 50 367 579 644 
277 2 6 181 373 515 11 636 381 367 61 45 432 654 
472 1 13 12 25 54 95 70 72 427 464 157 522 647 
205 126 59 2 6 128 11 61 428 283 168 45 367 654 
87 2 310 6 128 11 22 526 556 123 113 168 579 644 
277 2 6 181 373 515 61 11 293 381 367 432 126 654 
277 2 6 373 515 61 4 381 11 640 367 432 126 654 
587 2 249 13 163 294 97 156 561 204 547 12 168 669 
87 2 6 11 128 22 575 25 140 123 113 168 579 644 
277 181 373 2 6 515 11 61 205 636 381 367 45 654 
87 61 126 2 6 128 11 22 389 367 240 168 31 644 
205 61 126 2 6 128 11 22 283 59 168 367 579 644 
87 61 126 2 6 128 11 22 389 168 320 367 240 644 
277 126 2 6 128 11 22 283 59 168 61 389 367 644 
162 126 480 139 150 232 264 156 567 365 61 205 598 672 
472 1 13 12 25 54 95 70 72 427 464 489 522 647 
87 2 6 176 11 22 25 425 63 72 95 101 486 647 
528 2 6 22 11 25 561 424 63 221 563 101 486 644 
87 2 6 268 11 22 575 25 260 545 500 101 579 644 
162 126 480 139 598 87 389 156 117 61 365 565 97 669 
87 126 2 6 128 11 22 283 59 168 61 45 367 644 
87 2 6 128 11 22 575 25 556 123 113 168 579 644 
