11 453 22 6 25 24 47 65 86 63 90 92 95 98 652 
361 167 175 5 137 100 365 275 187 588 214 212 210 244 421 662 
421 167 137 604 3 414 62 128 80 57 478 534 442 465 617 662 
11 453 22 6 25 24 47 78 77 63 90 27 95 98 652 
10 167 137 100 12 239 244 539 187 142 388 214 529 586 642 662 
586 150 365 3 62 310 32 137 403 57 478 317 261 617 642 662 
218 25 167 24 36 63 47 78 90 115 60 464 465 614 652 
586 150 5 414 137 100 365 3 62 310 32 317 261 617 642 662 
218 25 61 24 47 78 57 63 90 464 488 56 465 523 652 
218 25 61 24 35 47 78 57 63 90 456 60 583 614 652 
421 167 12 100 3 414 62 310 243 534 237 465 617 642 32 662 
421 167 137 100 12 239 244 539 187 142 388 214 529 586 642 662 
218 25 61 24 47 78 57 63 90 464 488 56 465 614 652 
11 453 22 6 25 62 57 63 78 90 456 406 465 488 652 
218 25 61 24 47 78 57 63 523 90 488 360 465 614 652 
218 25 61 24 47 78 57 63 15 59 60 465 583 614 652 
11 9 62 6 25 32 44 84 274 7 60 465 488 614 652 
218 25 61 24 529 78 57 63 90 199 60 465 488 614 652 
11 453 22 6 25 62 78 57 63 90 483 27 344 133 652 
218 25 61 24 47 78 57 63 15 59 118 465 583 614 652 
421 167 137 100 12 430 244 539 187 142 214 529 586 181 442 662 
11 453 22 6 25 60 47 78 57 63 90 191 95 98 652 
421 167 137 100 3 414 62 310 243 534 237 465 617 642 119 662 
11 453 22 6 25 30 47 78 57 63 90 191 95 98 652 
11 453 62 6 25 78 57 63 483 60 358 133 90 465 652 
11 453 22 6 25 24 47 78 86 63 90 191 95 98 652 
11 453 62 6 25 78 57 63 90 517 27 358 133 465 652 
11 453 22 6 25 24 47 34 57 63 90 191 95 98 652 
11 491 22 6 25 40 47 78 86 63 90 27 95 98 652 
11 9 506 6 25 32 44 84 274 7 60 465 488 614 652 
361 322 175 5 137 100 365 275 212 210 244 32 506 187 588 662 
11 453 22 6 25 24 47 78 57 63 90 191 95 98 652 
11 453 22 6 25 62 78 57 63 90 483 27 358 133 652 
421 167 137 100 3 414 62 128 80 57 478 465 617 310 243 662 
41 25 61 23 47 78 57 63 90 456 60 583 614 617 652 
11 453 22 6 25 24 47 65 86 63 90 191 95 98 652 
11 453 62 6 25 78 57 63 90 483 27 358 133 465 652 
218 25 61 24 529 78 57 63 90 199 243 465 488 614 652 
14 25 61 24 47 222 78 57 63 320 456 60 583 614 652 
11 453 22 6 25 24 47 116 86 63 90 27 95 98 652 
421 167 137 100 12 239 244 539 187 142 214 529 586 181 671 
11 453 2 6 25 24 47 78 86 63 90 191 95 98 652 
11 491 22 6 25 24 47 78 395 63 90 27 95 98 652 
421 167 483 100 12 239 244 539 187 637 442 18 617 142 671 
11 453 22 6 25 24 527 34 57 63 90 191 95 98 652 
117 167 12 239 137 100 244 539 187 142 214 529 586 181 588 662 
218 25 61 24 47 78 57 63 90 464 60 583 614 488 652 
218 25 61 24 47 78 57 63 90 575 284 464 465 614 652 
11 453 62 6 25 57 63 78 90 456 406 465 620 322 652 
218 25 61 24 35 47 78 57 504 63 90 60 583 614 652 
11 453 62 6 25 24 47 78 57 63 90 191 95 550 652 
14 25 222 24 47 78 61 57 63 90 456 60 583 614 652 
218 25 61 24 47 78 57 63 90 464 488 296 465 614 652 
11 453 22 6 25 65 47 78 57 63 90 191 95 98 652 
218 25 61 24 47 78 57 63 90 575 60 464 465 614 652 
11 453 22 6 25 24 373 78 57 63 90 191 95 98 652 
326 453 22 6 25 24 47 78 86 63 90 191 95 98 652 
41 25 61 24 47 267 60 78 470 63 90 465 583 614 652 
11 25 61 24 529 78 57 63 90 122 156 465 488 453 652 
41 25 61 24 47 78 57 63 90 456 60 583 614 617 652 
11 33 22 6 25 24 47 78 86 63 90 191 95 98 652 
11 33 22 6 25 24 47 78 86 63 90 191 95 98 652 
11 453 22 6 25 24 47 78 86 63 90 27 95 98 652 
11 491 22 6 25 24 47 78 86 63 90 27 95 98 652 
11 453 22 6 25 24 47 78 86 63 90 27 95 98 652 
11 453 22 6 25 24 47 78 86 63 90 27 95 98 652 
11 453 22 6 25 24 47 78 86 63 90 27 95 98 652 
11 453 22 6 25 24 47 78 86 63 90 27 95 98 652 
11 453 22 6 25 24 47 78 86 63 90 27 95 98 652 
11 453 22 6 25 24 47 78 86 63 90 27 95 98 652 
11 453 22 6 25 24 47 78 86 63 90 27 95 98 652 
11 453 22 6 25 24 47 78 86 63 90 27 95 98 652 
11 453 22 6 25 24 47 78 86 63 90 27 95 98 652 
11 491 22 6 25 24 47 78 86 63 90 27 95 98 652 
11 453 22 6 25 24 47 78 86 63 90 27 95 98 652 
11 453 22 6 25 24 47 78 86 63 90 27 95 98 652 
11 453 22 6 25 24 47 78 86 63 90 27 95 98 652 
11 453 22 6 25 24 47 78 86 63 90 27 95 98 652 
11 453 22 6 25 24 47 78 86 63 90 27 95 98 652 
11 491 22 6 25 24 47 78 86 63 90 27 95 98 652 
11 491 22 6 25 24 47 78 86 63 90 27 95 98 652 
11 453 22 6 25 24 47 78 86 63 90 27 95 98 652 
11 453 22 6 25 24 47 78 86 63 90 27 95 98 652 
11 453 22 6 25 24 47 78 86 63 90 27 95 98 652 
11 453 22 6 25 24 47 78 86 63 90 27 95 98 652 
11 453 22 6 25 24 47 78 86 63 90 27 95 98 652 
11 453 22 6 25 24 47 78 86 63 90 27 95 98 652 
11 453 22 6 25 24 47 78 86 63 90 27 95 98 652 
11 139 22 6 25 24 47 78 86 63 90 27 95 98 652 
11 139 22 6 25 24 47 78 86 63 90 27 95 98 652 
11 453 22 6 25 24 47 78 86 63 90 27 95 98 652 
11 453 22 6 25 24 47 78 86 63 90 27 95 98 652 
11 453 22 6 25 24 47 78 86 63 90 27 95 98 652 
11 491 22 6 25 24 47 78 86 63 90 27 95 98 652 
11 453 22 6 25 24 47 78 86 63 90 27 95 98 652 
11 453 22 6 25 24 47 78 86 63 90 27 95 98 652 
11 453 22 6 25 24 47 78 86 63 90 27 95 98 652 
11 491 22 6 25 24 47 78 86 63 90 27 95 98 652 
11 453 22 6 25 24 47 78 86 63 90 27 95 98 652 
11 453 22 6 25 24 47 78 86 63 90 27 95 98 652 
