220 606 601 105 99 104 239 337 517 82 546 581 558 660 
421 469 303 490 268 162 337 103 530 504 340 641 606 669 
268 606 601 104 237 239 99 625 517 581 558 166 556 660 
268 424 601 105 99 104 239 452 337 517 581 558 166 660 
268 606 601 237 99 104 239 598 112 581 558 421 556 660 
210 303 329 601 301 38 103 104 473 221 239 581 558 660 
24 210 616 482 66 104 239 323 105 99 546 517 558 660 
24 65 601 102 625 103 104 239 446 99 517 581 558 660 
268 606 601 102 99 105 104 337 446 239 517 97 558 660 
24 210 616 482 66 566 104 105 404 433 239 517 558 660 
268 606 601 102 99 105 104 337 201 239 517 97 558 660 
268 606 601 104 285 239 99 184 112 581 558 166 556 660 
459 606 601 102 99 105 104 337 446 239 517 97 558 660 
210 65 66 105 320 8 211 99 239 517 581 558 153 660 
210 65 211 105 104 239 40 99 508 517 407 558 166 660 
24 65 601 102 99 625 103 104 239 517 581 558 210 660 
268 606 601 237 104 239 99 184 112 581 558 166 556 660 
268 606 452 105 99 104 239 337 517 581 558 166 556 660 
268 606 601 104 237 239 99 625 517 581 558 166 556 660 
268 606 601 105 99 104 239 337 517 581 558 166 556 660 
24 65 66 105 320 67 104 517 302 82 546 526 548 660 
24 65 66 105 320 67 104 517 302 82 546 526 548 660 
210 65 211 105 40 99 508 104 239 517 504 558 166 660 
24 65 66 105 320 67 104 517 88 82 546 526 548 660 
210 297 228 490 268 127 185 337 103 240 530 303 19 669 
210 297 228 490 268 185 337 103 240 530 303 329 601 669 
210 65 211 105 104 239 40 99 508 517 504 558 166 660 
210 297 303 490 268 185 337 428 228 103 240 530 329 669 
210 65 211 105 99 104 337 446 239 517 97 558 40 660 
268 606 601 237 99 104 239 598 112 581 558 166 556 660 
210 65 211 105 104 239 40 99 508 517 504 558 166 660 
210 297 228 490 268 185 337 103 240 530 303 329 601 669 
268 606 601 104 237 239 99 625 517 581 558 59 556 660 
268 606 601 102 99 105 104 337 446 239 517 97 558 660 
24 65 66 105 320 67 104 517 88 82 546 526 548 660 
24 65 66 105 13 67 104 517 88 82 464 526 548 660 
268 606 601 102 104 303 99 625 103 239 517 581 558 660 
268 606 601 105 99 104 239 337 517 581 558 166 556 660 
268 606 601 105 99 104 239 337 517 581 558 166 556 660 
268 606 601 102 99 625 103 104 239 517 581 558 166 660 
268 606 601 102 104 303 99 625 103 239 517 581 558 660 
268 606 601 102 99 625 103 104 239 517 581 558 166 660 
24 65 66 105 320 67 104 517 88 82 546 526 548 660 
268 606 601 104 237 239 99 184 112 581 558 166 556 660 
268 606 601 104 237 239 99 82 112 581 558 166 556 660 
210 297 228 490 268 185 337 103 240 530 303 329 601 669 
268 606 601 104 237 239 99 625 517 581 558 166 556 660 
268 606 601 104 237 239 99 82 112 581 558 166 556 660 
268 606 601 105 99 104 239 337 517 581 558 166 556 660 
268 606 601 104 237 239 99 82 112 581 558 166 556 660 
268 606 601 104 237 239 99 625 517 581 558 166 556 660 
210 606 601 104 303 329 301 170 103 473 221 239 581 660 
210 606 601 303 329 301 170 104 473 221 239 103 581 660 
210 606 601 303 329 38 103 104 239 301 170 473 221 660 
210 606 601 104 303 329 301 170 103 473 221 239 581 660 
210 606 601 104 303 329 301 170 103 473 221 239 581 660 
268 606 601 104 237 239 99 82 112 581 558 166 556 660 
210 66 601 104 105 239 606 283 446 99 517 581 558 660 
210 66 105 606 601 283 104 446 239 581 99 517 558 660 
210 66 105 606 601 283 104 446 239 581 99 517 558 660 
210 297 303 490 268 185 337 428 421 530 504 340 329 669 
469 297 228 490 268 185 337 103 421 530 504 210 329 669 
210 66 105 606 601 283 104 239 446 99 517 581 558 660 
297 469 303 490 268 127 337 103 530 504 228 185 421 669 
210 606 105 601 104 504 38 99 156 581 239 517 558 660 
469 303 329 441 38 103 104 239 446 99 517 581 558 660 
469 297 228 490 268 185 337 103 421 530 504 210 329 669 
469 303 329 104 446 99 301 38 103 239 581 517 558 660 
210 606 105 601 104 504 38 99 536 581 239 517 558 660 
469 297 303 490 268 185 337 103 421 530 504 340 641 669 
210 303 231 601 301 38 103 104 473 221 239 581 558 660 
210 303 329 601 301 38 103 104 473 221 239 581 558 660 
210 303 329 601 301 38 103 104 473 221 239 581 558 660 
469 303 329 301 38 103 104 239 446 99 517 581 558 660 
210 303 329 601 301 38 103 104 473 221 239 581 558 660 
469 303 329 301 38 103 104 239 446 99 517 581 558 660 
210 606 105 601 104 504 38 99 536 581 239 517 558 660 
210 66 105 606 601 283 104 239 446 99 517 581 558 660 
424 469 303 601 477 38 103 104 239 581 558 490 268 660 
210 606 105 601 104 504 38 99 156 581 239 517 558 660 
421 641 504 38 290 606 103 104 239 323 473 221 562 660 
210 303 329 601 301 38 103 104 239 581 558 166 616 660 
469 303 329 601 301 38 103 104 239 581 558 166 323 660 
469 303 329 601 606 38 103 104 239 323 400 221 581 660 
469 303 329 601 301 38 103 104 239 581 558 166 323 660 
469 303 329 301 38 103 104 239 446 99 517 581 558 660 
469 303 55 601 606 38 103 104 239 323 400 221 581 660 
469 641 606 103 104 303 329 601 38 239 323 400 221 660 
469 303 329 601 301 38 103 104 239 581 558 166 323 660 
469 303 329 601 606 38 103 104 239 323 400 221 581 660 
424 469 303 490 268 127 337 103 530 504 340 641 283 669 
424 469 303 490 268 127 337 103 530 504 340 421 641 669 
424 469 303 490 268 127 337 103 530 504 340 641 283 669 
421 469 303 490 268 127 337 103 530 504 340 641 606 669 
424 469 303 490 268 127 337 103 530 504 340 641 283 669 
421 641 606 103 104 239 469 303 490 127 530 504 340 660 
421 641 606 103 104 504 38 99 508 283 239 210 419 660 
421 641 606 103 104 504 38 99 508 283 239 210 419 660 
421 641 606 103 104 504 38 99 508 283 239 210 140 660 
421 641 606 103 104 504 38 99 508 283 239 210 140 660 
