151 37 452 106 448 384 310 18 225 404 167 505 260 304 356 665 
491 448 562 106 384 310 167 18 225 404 293 338 7 505 260 665 
2 6 491 505 213 402 397 11 445 637 66 65 367 644 
2 6 308 23 35 350 11 25 435 126 66 65 98 644 
151 178 562 13 225 449 327 5 18 206 2 7 296 642 61 665 
2 6 425 23 35 27 11 25 435 126 66 65 350 644 
151 178 562 13 225 449 327 5 18 206 301 7 296 642 61 665 
2 6 309 22 544 11 25 263 240 45 65 615 66 644 
2 6 297 23 630 350 11 25 435 126 66 65 98 644 
2 6 210 336 491 402 303 11 445 637 66 45 367 644 
151 178 562 494 225 449 327 5 18 206 301 7 296 642 147 665 
2 6 194 23 447 350 11 25 435 35 126 66 65 644 
2 6 1 23 35 350 11 25 435 126 27 66 65 644 
2 6 180 108 491 402 366 365 637 11 303 45 367 644 
2 6 1 23 567 350 11 25 27 126 66 630 65 644 
2 6 491 108 23 630 208 11 25 435 126 66 65 644 
2 6 1 23 35 350 11 25 435 126 66 65 526 644 
2 6 53 81 619 276 50 11 240 45 74 615 367 644 
37 6 381 389 247 467 50 11 240 45 309 615 367 644 
37 6 53 81 240 625 367 108 381 213 245 452 615 644 
37 6 381 389 247 240 11 367 108 213 245 442 615 644 
37 6 53 410 240 625 367 108 381 213 245 452 615 644 
37 6 381 389 247 240 11 367 108 213 245 452 615 644 
2 6 53 389 619 240 402 50 11 45 309 615 367 644 
37 6 415 251 240 625 367 108 381 213 245 452 615 644 
37 6 491 449 50 240 205 367 108 213 245 452 615 644 
37 6 381 356 566 402 240 50 11 45 18 615 367 644 
2 6 53 81 619 402 276 11 240 45 342 615 367 644 
37 6 381 53 11 240 619 185 50 45 263 615 367 644 
37 6 491 449 213 108 50 240 11 367 245 452 615 644 
37 6 389 289 112 240 11 245 367 108 452 213 615 644 
2 6 53 389 557 240 402 50 11 45 309 615 367 644 
37 6 389 289 381 240 11 245 367 108 452 213 615 644 
37 6 381 97 247 467 50 11 240 45 309 615 367 644 
439 6 53 81 240 619 402 50 11 45 268 615 367 644 
37 6 381 389 247 467 50 11 240 45 309 459 367 644 
2 6 1 23 35 27 11 25 435 126 66 65 98 644 
2 6 1 23 35 27 11 25 435 126 66 65 98 644 
2 6 1 23 35 27 11 25 435 126 66 65 98 644 
2 6 1 23 35 350 11 25 435 126 66 65 98 644 
2 6 1 23 35 350 11 25 435 126 66 65 98 644 
2 6 1 23 35 350 11 25 435 126 66 65 98 644 
2 6 1 23 35 350 11 25 435 126 66 65 98 644 
2 6 1 23 35 350 11 25 435 126 66 65 98 644 
2 6 1 23 35 278 11 25 435 126 66 65 98 644 
2 6 1 23 35 350 11 25 435 126 66 65 98 644 
2 6 1 23 35 350 11 25 435 126 66 65 98 644 
2 6 1 23 35 350 11 25 435 126 66 65 98 644 
2 6 1 23 35 350 11 25 435 126 66 65 98 644 
2 6 1 23 35 350 11 25 435 126 66 65 98 644 
2 6 1 23 35 350 11 25 435 126 66 65 98 644 
2 6 1 23 35 350 11 25 435 126 66 65 98 644 
2 6 1 23 35 350 11 25 435 126 66 65 98 644 
2 6 1 23 35 350 11 25 435 126 66 65 98 644 
2 6 1 23 35 350 11 25 435 126 66 65 98 644 
2 6 1 23 35 350 11 25 435 126 66 65 98 644 
2 6 1 23 35 350 11 25 435 193 66 65 98 644 
2 6 1 23 35 350 11 25 435 126 66 65 98 644 
2 6 1 23 35 350 11 25 435 126 66 65 98 644 
2 6 1 23 35 350 11 25 435 126 66 65 98 644 
2 6 1 23 35 350 11 25 435 126 66 65 98 644 
2 6 1 23 35 350 11 25 435 126 66 65 98 644 
2 6 1 23 35 350 11 25 435 126 66 65 98 644 
2 6 1 23 35 350 11 25 435 126 66 65 98 644 
2 6 1 23 35 350 11 25 435 126 66 65 98 644 
2 6 1 23 35 350 11 25 435 126 66 65 98 644 
2 6 1 23 35 350 11 25 435 126 66 65 98 644 
2 6 1 23 35 350 11 25 435 126 66 65 98 644 
2 6 1 23 35 350 11 25 435 126 66 65 98 644 
2 6 1 23 35 350 11 25 435 126 66 65 98 644 
2 6 1 23 35 350 11 25 435 126 66 65 98 644 
2 6 1 23 35 350 11 25 435 126 66 65 98 644 
2 6 1 23 35 350 11 25 435 126 66 65 98 644 
2 6 1 23 35 278 11 25 435 126 66 65 98 644 
2 6 1 23 35 350 11 25 435 126 66 65 98 644 
2 6 1 23 35 254 11 25 435 126 66 65 98 644 
2 6 1 23 35 350 11 25 435 126 66 65 98 644 
2 6 1 23 35 350 11 25 435 126 66 65 98 644 
2 6 1 23 35 350 11 25 435 126 66 65 98 644 
2 6 1 23 35 350 11 25 435 126 66 65 98 644 
2 6 1 23 35 350 11 25 435 193 66 65 98 644 
2 6 1 23 35 350 11 25 435 126 66 65 98 644 
2 6 1 23 35 350 11 25 435 126 66 65 98 644 
2 6 1 23 35 350 11 25 435 126 66 65 98 644 
2 6 1 23 35 350 11 25 435 126 66 65 98 644 
2 6 1 23 35 350 11 25 435 126 66 65 98 644 
2 6 1 23 35 350 11 25 435 126 66 65 98 644 
2 6 1 23 35 350 11 25 87 126 66 65 98 644 
2 6 1 23 35 350 11 25 471 126 66 65 98 644 
2 6 1 23 35 350 11 25 435 126 66 65 98 644 
2 6 1 23 35 350 11 25 435 126 66 65 98 644 
2 6 1 23 35 350 11 25 435 126 66 65 98 644 
2 6 1 23 35 350 11 25 435 126 66 65 98 644 
2 6 1 23 35 350 11 25 435 126 66 65 98 644 
2 6 1 23 35 350 11 25 435 126 66 65 98 644 
2 6 1 23 35 350 11 25 435 126 66 65 98 644 
2 6 1 23 35 350 11 25 435 126 66 65 98 644 
2 6 1 23 35 350 11 25 435 126 66 65 98 644 
2 6 1 23 35 350 11 25 435 126 66 65 98 644 
2 6 1 23 35 350 11 25 435 126 66 65 98 644 
