136 454 401 208 637 126 145 148 308 298 474 400 528 195 672 
24 26 23 266 46 95 101 102 104 148 513 440 558 646 
136 454 401 208 119 126 145 148 308 298 474 400 528 195 672 
24 26 23 266 46 95 101 102 104 148 513 440 558 646 
136 454 401 208 637 40 638 212 328 126 145 148 308 298 663 
24 26 23 266 46 541 101 102 104 148 513 440 558 646 
122 26 23 266 46 95 101 102 104 148 513 440 558 646 
24 357 23 266 66 95 101 148 308 102 104 513 625 558 646 
329 348 23 582 46 95 101 102 104 637 148 513 559 646 
329 348 23 582 46 241 101 102 104 637 148 513 559 646 
24 190 23 637 356 101 102 105 104 202 513 440 558 644 
122 26 23 266 46 95 101 102 104 148 513 440 558 646 
24 26 23 266 591 541 101 102 104 148 513 440 558 646 
329 348 23 582 46 241 101 102 104 637 148 513 559 646 
50 328 283 637 23 101 102 105 104 148 427 513 546 646 
24 328 357 637 380 95 101 102 104 105 513 546 327 646 
24 193 23 637 308 454 101 102 104 599 513 148 559 646 
24 357 23 266 637 95 101 102 104 148 513 440 558 646 
329 348 23 582 46 95 101 102 104 637 148 513 559 646 
564 383 401 208 308 101 102 104 105 427 513 546 636 646 
24 328 357 266 637 95 101 87 102 104 105 513 546 646 
24 328 357 425 162 102 105 513 104 148 629 546 559 646 
50 328 357 637 283 23 217 102 104 105 427 513 546 646 
24 530 312 637 407 101 148 102 104 105 513 559 440 646 
85 71 50 129 588 126 145 148 308 298 638 212 208 260 663 
564 383 401 208 308 454 637 126 145 40 411 212 404 663 
24 180 23 637 132 101 102 105 104 148 513 440 558 646 
187 261 212 194 110 391 438 454 15 129 588 401 50 357 663 
391 71 50 129 588 638 212 208 260 637 126 145 308 663 
175 243 105 478 427 528 123 513 104 148 546 297 559 646 
24 190 23 637 356 101 102 105 104 148 513 440 558 644 
552 328 105 213 175 71 208 427 637 513 629 546 297 663 
24 581 23 266 637 95 101 102 104 148 513 440 558 646 
175 71 105 208 427 528 123 102 104 148 629 513 546 646 
391 71 65 105 104 357 587 637 208 427 513 629 546 646 
175 71 105 427 373 123 587 637 208 104 148 513 546 646 
40 638 208 637 148 105 427 513 67 107 546 212 110 663 
564 454 65 208 148 105 427 513 637 212 40 110 71 663 
50 71 105 208 427 637 629 40 104 599 513 148 546 646 
175 71 105 208 427 528 123 102 104 148 629 513 546 646 
40 638 208 637 631 105 427 513 67 107 546 212 110 663 
391 71 65 357 587 637 208 105 104 427 513 629 546 646 
50 454 16 71 105 208 427 637 40 340 474 513 629 546 663 
564 383 401 208 308 101 102 104 105 636 148 513 559 646 
136 454 401 208 637 511 101 102 104 105 513 546 145 646 
187 113 212 328 110 391 105 588 340 474 154 427 438 663 
564 454 400 208 637 212 105 588 340 474 154 427 638 663 
175 71 105 427 373 123 587 637 208 104 148 513 546 646 
175 298 638 637 328 148 105 212 71 208 427 587 513 663 
24 328 357 425 162 102 105 513 104 148 505 546 559 646 
50 328 357 637 283 23 217 102 104 105 427 513 546 646 
24 193 23 637 308 454 101 102 104 599 513 148 559 646 
40 454 366 638 212 328 110 18 208 637 427 129 588 663 
544 638 208 637 129 328 110 391 105 427 513 212 588 663 
50 454 16 71 105 208 427 637 40 340 474 513 629 546 663 
544 638 208 637 129 328 110 391 105 427 513 212 588 663 
24 190 312 637 132 101 102 105 104 16 513 440 558 646 
40 638 462 208 308 454 637 129 212 328 110 391 588 663 
24 530 312 637 407 101 148 102 104 105 513 559 440 646 
564 383 401 208 308 101 102 104 105 427 513 546 636 646 
564 454 400 208 637 212 105 588 340 474 154 427 638 663 
40 638 208 637 427 129 212 328 110 391 588 71 148 663 
564 383 401 208 308 23 101 102 104 105 427 513 546 646 
564 500 401 208 637 40 638 212 504 136 454 126 145 148 663 
187 113 212 328 110 391 105 588 340 474 154 427 438 663 
175 298 638 637 328 148 105 212 71 208 427 587 513 663 
564 383 401 208 308 101 102 104 105 636 148 513 559 646 
24 530 312 637 132 101 105 102 104 148 513 559 440 646 
564 454 105 213 212 110 391 402 40 71 587 427 513 663 
24 190 312 637 132 101 102 105 104 148 513 440 558 646 
175 71 105 208 427 528 123 513 104 148 546 297 559 646 
564 454 105 213 212 110 391 402 40 71 587 427 513 663 
187 261 212 328 110 391 438 454 15 129 588 401 50 283 663 
40 638 212 328 110 391 145 148 208 637 427 129 588 71 663 
175 454 401 208 637 511 101 102 104 105 513 546 298 646 
40 638 212 328 110 391 208 637 427 129 588 71 148 203 663 
564 454 65 208 637 212 105 40 110 71 427 518 513 663 
564 454 65 208 148 105 427 513 637 212 40 110 71 663 
564 454 65 208 637 212 105 40 110 71 427 518 513 663 
552 328 105 213 175 71 208 427 637 513 629 546 297 663 
50 71 105 208 427 637 629 40 104 599 513 148 546 646 
328 283 50 129 588 638 212 208 260 637 126 145 148 663 
391 71 50 129 588 126 145 148 308 298 638 212 208 260 663 
24 530 312 637 132 101 105 102 104 148 513 559 440 646 
136 454 401 208 637 126 145 588 340 474 154 148 308 663 
136 454 401 208 119 126 145 148 308 298 474 400 528 195 672 
24 26 23 266 46 95 101 102 104 148 513 440 558 646 
329 348 23 582 46 241 101 102 104 637 148 513 559 646 
329 348 23 582 46 95 101 102 104 637 148 513 559 646 
24 328 357 266 637 95 101 87 102 104 105 513 546 646 
24 581 23 266 637 95 101 102 104 148 513 440 558 646 
175 71 105 208 427 528 123 102 104 148 629 513 546 646 
40 638 208 637 148 105 427 513 67 107 546 212 110 663 
391 71 65 105 104 357 118 637 208 427 513 629 546 646 
175 71 105 427 373 123 587 637 208 104 148 513 546 646 
24 328 357 425 162 102 105 513 104 148 629 546 559 646 
50 328 357 637 283 23 217 102 104 105 427 513 546 646 
24 193 23 637 308 454 101 102 104 599 513 148 559 646 
50 454 16 71 105 208 427 637 40 340 474 513 629 546 663 
40 638 208 637 129 328 110 391 105 427 513 212 588 663 
