24 38 68 66 102 104 228 188 513 517 546 558 559 544 660 
130 310 97 51 324 204 140 411 388 350 50 205 100 380 307 421 539 660 
264 587 380 125 421 105 188 123 453 513 517 440 546 558 559 660 
130 102 51 380 350 421 104 105 246 513 517 18 546 558 559 660 
137 310 193 149 207 97 51 505 140 350 50 205 307 421 222 239 388 660 
24 38 68 151 102 205 104 105 246 513 517 440 546 558 559 660 
24 38 68 123 324 310 105 187 205 513 517 440 546 558 559 660 
130 380 310 421 105 188 123 453 517 440 546 558 559 246 660 
130 251 102 380 104 105 473 66 18 246 513 517 546 558 559 660 
581 310 380 421 104 123 149 188 246 513 517 18 298 558 559 660 
467 380 421 105 308 123 453 48 440 310 222 239 205 546 558 559 660 
264 380 298 350 421 105 104 188 388 50 123 100 558 18 559 660 
264 380 310 51 324 123 350 421 478 104 188 388 100 50 558 18 559 660 
264 380 298 105 50 123 350 453 517 440 271 558 559 421 660 
130 310 379 193 105 188 123 388 100 104 50 558 18 578 660 
130 310 380 421 105 188 104 471 388 415 222 239 123 50 299 558 660 
130 310 380 421 123 149 104 188 246 370 517 18 186 558 559 660 
130 380 310 421 105 123 188 388 350 453 517 440 546 558 559 660 
130 310 578 51 97 324 421 123 388 100 104 50 558 18 299 239 660 
235 193 149 123 307 421 310 222 239 205 100 529 97 51 505 140 388 660 
299 578 51 343 123 335 104 97 380 307 421 310 222 239 205 660 
264 380 298 105 50 123 350 421 478 104 188 388 100 558 18 559 660 
130 380 310 421 105 188 324 104 123 453 517 440 546 558 660 
137 310 578 51 100 343 529 202 193 123 149 505 140 307 222 239 388 660 
137 310 97 51 324 204 193 149 123 505 478 104 140 307 421 222 239 660 
299 578 51 343 123 97 380 307 421 310 222 239 205 558 18 100 660 
130 310 578 51 480 324 421 123 18 104 188 388 100 50 558 299 239 660 
130 415 310 421 105 188 123 453 239 440 546 388 350 558 660 
299 310 578 51 480 324 421 123 18 343 335 104 353 380 307 222 239 660 
137 310 193 149 505 140 104 578 123 388 415 50 307 421 222 239 660 
467 380 421 105 308 123 453 517 440 310 222 239 205 546 558 559 660 
137 310 193 149 123 97 51 505 478 104 140 307 421 222 239 388 660 
299 578 51 343 123 97 380 307 421 310 222 239 205 100 529 202 660 
137 310 193 149 123 97 51 505 140 307 421 222 239 388 350 380 660 
130 235 310 421 105 104 188 388 350 50 123 299 205 193 558 660 
130 310 97 51 324 421 123 388 100 104 50 558 18 299 660 
137 310 193 123 149 505 140 307 421 222 239 388 350 380 97 660 
130 310 205 343 123 97 51 324 204 140 411 388 350 50 100 380 660 
68 102 130 123 642 561 105 513 517 546 544 440 558 559 660 
68 102 130 123 642 561 105 513 517 546 544 440 558 559 660 
68 102 51 380 350 335 104 105 246 513 517 18 546 558 559 660 
68 102 51 380 350 335 104 105 280 513 517 18 546 558 559 660 
68 102 51 552 350 335 104 105 280 513 517 18 546 558 559 660 
68 102 51 380 350 335 104 105 246 513 517 18 546 558 559 660 
68 102 51 380 350 335 104 105 246 513 517 18 546 558 559 660 
68 102 51 380 350 335 104 105 280 513 517 485 546 558 559 660 
68 102 51 380 350 335 104 105 246 513 517 18 546 558 559 660 
68 102 51 380 350 335 104 105 246 513 18 517 546 558 559 660 
68 102 636 380 350 335 104 105 246 513 18 517 546 558 559 660 
68 102 51 380 350 335 104 105 246 513 517 18 546 558 559 660 
68 102 51 380 350 335 104 105 246 513 517 18 546 558 559 660 
68 102 51 380 350 335 104 105 246 513 18 517 546 558 559 660 
68 102 51 380 350 335 104 105 246 513 517 18 546 558 559 660 
68 102 51 380 350 335 104 105 246 513 517 18 546 558 559 660 
68 102 51 380 350 335 104 105 246 513 18 517 546 558 559 660 
68 102 51 380 350 335 104 105 246 513 517 18 546 558 559 660 
68 102 51 380 449 335 104 105 280 513 517 18 546 558 559 660 
68 102 51 380 350 335 104 105 246 513 517 18 546 558 559 660 
68 102 51 380 449 335 104 105 280 513 517 18 546 558 559 660 
68 102 51 380 350 335 104 105 246 513 18 517 546 558 559 660 
68 102 51 380 350 335 104 105 246 513 517 18 546 558 559 660 
68 102 636 380 350 335 104 105 246 513 517 18 546 558 559 660 
68 102 636 380 350 335 104 105 246 513 517 18 546 558 559 660 
68 102 51 380 449 335 104 105 280 513 517 18 546 558 559 660 
68 102 51 380 350 335 104 105 246 513 18 517 546 558 559 660 
68 102 51 380 350 335 104 105 246 513 517 425 546 558 559 660 
68 102 51 380 350 335 104 105 246 513 517 506 546 558 559 660 
68 102 51 380 127 335 104 105 246 513 517 18 546 558 559 660 
68 102 51 380 350 335 104 105 280 513 517 18 546 558 559 660 
68 102 51 380 350 335 104 105 246 513 517 18 546 558 559 660 
68 102 631 380 350 335 104 105 246 513 517 18 546 558 559 660 
68 102 51 145 350 335 104 105 246 513 517 18 546 558 559 660 
68 102 51 380 350 335 104 105 246 513 517 18 546 558 559 660 
68 380 102 51 350 335 104 105 246 513 517 18 546 558 559 660 
68 102 51 380 350 335 104 105 246 513 517 18 546 558 559 660 
68 102 51 582 350 335 104 105 246 513 18 517 546 558 559 660 
68 102 51 380 449 335 104 105 280 513 517 424 546 558 559 660 
68 102 51 380 350 335 104 105 246 513 517 18 546 558 559 660 
68 102 51 380 166 335 104 105 280 513 517 18 546 558 559 660 
68 102 51 380 350 335 104 105 246 513 517 18 546 558 559 660 
68 380 102 51 458 335 104 105 246 513 517 18 546 558 559 660 
68 102 51 380 350 335 104 105 246 513 517 18 546 558 559 660 
68 102 51 380 350 335 104 105 246 513 517 18 546 558 559 660 
68 102 51 380 350 335 104 105 246 513 18 517 546 558 559 660 
68 102 51 380 350 335 104 105 246 513 517 18 546 558 559 660 
68 102 51 380 350 335 104 105 246 513 517 425 546 558 559 660 
68 102 51 380 449 335 104 105 280 513 517 18 546 558 559 660 
68 102 51 380 350 335 104 105 246 513 517 18 546 558 559 660 
68 102 51 380 350 335 104 105 246 513 517 18 546 558 559 660 
68 102 51 582 350 335 104 105 581 513 18 517 546 558 559 660 
68 102 51 380 350 335 104 105 246 513 18 517 546 558 559 660 
68 102 51 380 350 562 104 105 246 513 517 18 546 558 559 660 
68 102 51 380 350 335 104 105 246 513 517 18 546 558 559 660 
68 102 51 380 350 335 104 105 246 513 517 228 546 558 559 660 
68 102 51 380 350 335 104 105 246 513 18 517 546 558 559 660 
68 102 51 380 350 335 104 105 246 513 517 18 546 558 559 660 
68 102 51 380 449 335 104 105 280 513 517 18 546 558 559 660 
68 102 51 380 350 335 104 105 246 513 517 18 546 558 559 660 
68 102 51 380 350 335 104 105 246 513 517 18 546 558 559 660 
68 102 51 380 350 335 104 105 246 513 517 18 546 558 559 660 
