544 87 189 470 50 38 631 107 106 411 129 16 412 37 655 
1 25 310 440 14 44 60 275 563 609 69 78 83 488 655 
501 25 310 440 14 44 60 275 563 609 69 78 83 488 655 
25 14 60 571 87 69 78 369 631 149 127 83 408 655 
1 606 310 440 14 44 60 275 563 609 69 78 83 488 655 
234 14 60 571 87 69 78 369 631 149 30 83 408 655 
483 127 636 13 14 60 182 453 248 310 106 69 78 408 655 
106 14 60 324 87 470 631 69 129 547 408 483 642 655 
60 106 324 87 470 631 69 129 547 408 483 642 127 655 
163 106 324 87 470 69 129 547 631 149 408 483 642 655 
483 127 189 453 37 280 631 470 87 310 41 106 408 509 655 
113 127 506 189 631 471 470 129 52 50 41 106 408 144 655 
106 14 364 87 470 60 324 631 69 129 547 408 483 642 655 
25 14 571 87 60 37 375 254 149 294 69 78 83 408 655 
252 106 154 87 470 631 69 13 248 129 277 408 483 642 655 
544 87 50 38 470 631 547 69 189 129 408 483 642 107 655 
60 106 364 87 470 471 69 136 369 129 342 154 408 642 655 
636 106 324 87 470 337 504 129 534 408 581 483 642 655 
113 127 506 189 631 471 470 129 52 50 41 106 408 310 655 
60 106 154 87 470 631 69 13 248 129 277 408 483 642 655 
292 106 544 127 324 87 470 631 370 129 194 408 483 642 655 
483 127 189 631 471 470 129 52 449 408 506 453 37 655 
218 14 87 69 60 571 78 369 631 149 125 83 408 655 
483 127 189 631 453 37 280 470 87 310 41 106 408 655 
1 25 310 440 14 44 60 544 13 36 69 78 83 488 655 
1 25 310 191 14 44 60 544 13 36 69 78 83 488 655 
1 25 288 14 539 44 60 544 563 36 69 78 83 488 655 
1 25 310 440 14 44 60 275 563 36 69 78 83 488 655 
1 25 310 14 440 44 60 544 563 36 69 78 83 488 655 
1 25 310 14 440 44 60 544 563 36 69 78 83 488 655 
1 25 310 440 14 44 60 544 563 36 69 78 83 488 655 
1 25 310 440 14 44 60 275 563 36 69 78 83 488 655 
1 25 310 440 14 44 60 544 563 36 69 78 83 488 655 
1 25 310 14 440 44 60 544 563 36 69 78 83 488 655 
1 25 310 440 14 44 60 275 563 36 69 78 83 488 655 
1 25 310 14 440 44 60 412 563 36 69 78 83 488 655 
1 25 310 440 14 44 60 275 563 36 69 78 83 488 655 
1 25 310 440 14 44 60 544 563 36 69 78 83 488 655 
1 25 310 440 14 44 60 544 563 36 69 78 83 488 655 
1 25 310 440 14 44 60 544 563 36 69 78 83 488 655 
1 25 310 14 440 44 60 562 563 36 69 78 83 488 655 
1 25 310 440 14 44 60 544 563 36 69 78 83 488 655 
1 25 310 440 14 44 60 275 563 36 69 78 83 488 655 
1 25 310 440 14 44 60 275 455 36 69 78 83 488 655 
1 25 310 440 14 44 60 544 563 36 69 78 83 488 655 
1 25 310 440 14 44 60 544 563 36 69 78 83 488 655 
1 25 310 440 14 44 60 544 563 36 69 78 83 488 655 
1 25 288 14 539 44 60 544 563 36 69 78 83 488 655 
1 25 310 440 14 44 60 544 563 36 69 78 83 488 655 
1 25 310 440 14 44 60 544 563 36 69 78 83 488 655 
1 25 310 440 14 44 60 544 563 36 69 78 83 488 655 
1 25 310 440 14 44 60 275 563 36 69 78 83 488 655 
1 25 310 440 14 44 60 544 563 36 69 78 83 488 655 
1 25 310 440 14 44 60 544 563 36 69 78 83 488 655 
1 25 310 14 440 44 60 544 563 36 69 78 83 488 655 
1 25 310 440 14 44 60 544 563 36 69 78 83 488 655 
1 25 310 440 14 44 60 275 563 36 69 78 83 488 655 
1 25 59 440 14 44 60 275 563 36 69 78 83 488 655 
1 25 310 440 14 44 60 275 563 36 69 78 83 488 655 
1 25 310 440 14 44 60 544 563 36 69 78 83 488 655 
1 25 310 14 440 44 60 544 563 36 69 78 83 488 655 
1 25 310 440 14 44 60 544 563 36 69 78 83 488 655 
1 25 59 440 14 44 60 275 563 36 69 78 83 488 655 
1 25 310 440 14 44 60 275 563 36 69 78 83 488 655 
1 25 310 14 440 44 60 562 563 36 69 78 83 488 655 
1 25 310 14 440 44 60 562 563 36 69 78 83 488 655 
1 25 310 440 14 44 60 544 563 36 69 78 83 488 655 
1 25 310 440 14 44 60 544 366 36 69 78 83 488 655 
1 25 310 440 14 44 60 544 417 36 69 78 83 488 655 
1 25 310 14 440 44 60 544 563 36 69 78 83 488 655 
1 25 310 440 14 44 60 275 563 36 69 78 83 488 655 
1 25 310 440 14 44 60 544 563 36 69 78 83 488 655 
1 25 310 440 14 44 60 275 563 36 69 78 83 488 655 
1 25 310 440 14 44 60 544 563 36 69 78 83 488 655 
1 25 310 440 14 44 60 119 563 36 69 78 83 488 655 
1 25 310 440 14 44 60 275 563 36 69 78 83 488 655 
1 25 310 440 14 44 60 544 563 36 69 78 83 488 655 
1 25 310 440 14 44 60 544 563 36 69 78 83 488 655 
1 25 59 440 14 44 60 275 563 36 69 78 83 488 655 
1 25 310 440 14 44 60 544 563 36 69 78 83 488 655 
1 25 310 440 14 44 60 275 563 36 69 78 83 488 655 
1 25 310 440 14 44 60 544 563 36 69 78 83 488 655 
1 25 310 440 14 44 60 275 563 36 69 78 83 488 655 
1 25 310 14 440 44 60 562 563 36 69 78 83 488 655 
1 25 310 440 14 44 60 544 563 36 69 78 83 488 655 
1 25 310 440 14 44 60 544 563 36 69 78 83 488 655 
1 25 310 440 14 44 60 544 563 36 69 78 83 488 655 
1 25 310 440 14 44 60 544 563 36 69 78 83 488 655 
1 25 310 440 14 44 60 544 563 36 69 78 83 488 655 
1 25 310 440 14 44 60 544 563 36 69 78 83 488 655 
1 25 310 14 440 44 60 544 563 36 69 78 83 488 655 
1 25 310 14 440 44 60 562 563 36 69 78 83 488 655 
1 25 310 440 14 44 60 275 563 36 69 78 83 488 655 
1 25 310 440 14 44 60 275 563 36 69 78 83 488 655 
1 25 310 440 14 44 60 275 563 36 69 78 83 488 655 
1 25 310 440 14 44 60 275 563 36 69 78 83 488 655 
1 25 310 440 14 44 60 275 563 36 69 78 83 488 655 
1 25 310 440 14 44 60 275 563 36 69 78 83 488 655 
1 25 310 440 14 44 60 544 563 36 69 78 83 488 655 
1 25 59 440 14 44 60 275 563 36 69 78 83 488 655 
