26 23 89 320 66 65 101 104 239 513 359 517 558 645 
213 59 126 631 143 8 40 150 88 533 162 208 277 129 265 669 
354 23 606 320 66 65 101 104 239 513 380 517 558 645 
208 244 631 143 66 65 101 104 239 40 513 517 558 645 
208 244 631 143 66 185 101 104 239 513 40 517 558 645 
563 66 244 631 143 40 575 104 239 513 320 517 558 645 
213 544 441 631 143 40 104 575 239 513 517 129 558 645 
441 515 343 631 129 143 99 104 239 513 40 558 575 645 
563 174 40 631 326 143 575 104 239 160 558 265 609 645 
213 511 426 208 8 413 533 150 88 639 185 59 375 631 430 669 
563 174 631 326 143 575 104 239 265 609 40 469 255 645 
563 174 40 631 326 143 575 104 239 265 609 517 255 645 
231 511 426 208 533 143 575 609 104 8 239 639 637 645 
81 511 426 150 88 208 8 40 533 639 185 143 430 669 
563 174 631 143 40 286 265 609 104 8 239 468 434 645 
81 511 426 143 430 208 8 40 533 639 185 388 375 631 150 669 
81 511 426 143 8 40 533 375 150 430 208 639 185 509 669 
213 511 426 208 8 40 533 639 185 59 375 631 430 669 
231 511 426 213 375 8 40 533 639 208 185 59 631 430 669 
26 23 606 320 66 65 101 104 239 513 359 517 558 645 
26 23 606 320 66 65 101 104 239 513 359 517 558 645 
26 23 606 320 66 65 101 104 239 513 359 517 558 645 
26 23 606 320 66 65 101 104 239 513 359 517 558 645 
26 23 606 320 66 65 101 104 239 513 359 517 558 645 
26 23 606 320 66 65 101 104 239 513 359 517 558 645 
26 23 606 576 66 65 101 104 239 513 359 517 558 645 
26 23 606 320 66 65 101 104 239 513 359 517 558 645 
26 23 606 320 66 65 101 104 239 513 359 517 558 645 
26 23 606 320 66 65 101 104 239 513 359 517 558 645 
26 23 606 320 66 65 101 104 239 513 359 517 558 645 
26 23 606 320 66 65 101 104 239 513 359 517 558 645 
26 23 606 320 66 65 101 104 239 513 359 517 558 645 
26 23 606 320 66 65 101 104 239 513 359 517 558 645 
26 23 606 320 66 65 101 104 239 513 359 517 558 645 
26 23 606 320 66 65 101 104 239 513 359 517 558 645 
26 23 606 320 66 65 101 104 239 513 359 517 558 645 
26 23 606 320 66 65 101 104 239 513 359 517 558 645 
26 23 606 320 66 65 101 104 239 513 359 517 558 645 
26 23 606 320 66 65 101 104 239 513 359 517 558 645 
26 23 606 320 66 65 101 104 239 513 359 517 558 645 
26 23 606 320 66 65 101 104 239 513 393 517 558 645 
26 23 606 320 66 65 101 104 239 513 359 517 558 645 
26 23 606 320 66 65 101 104 239 513 359 517 558 645 
26 23 606 320 66 65 101 104 239 513 359 517 558 645 
26 23 606 320 66 65 101 104 239 513 359 517 558 645 
26 23 606 320 66 65 101 104 239 513 359 517 558 645 
26 23 606 320 66 65 101 104 239 513 359 517 558 645 
26 23 606 320 66 65 101 104 239 513 359 517 558 645 
26 23 606 320 66 65 101 104 239 513 359 517 558 645 
26 23 606 320 66 65 101 104 239 513 359 517 558 645 
26 23 606 320 66 65 101 104 239 513 359 517 558 645 
26 23 606 320 66 65 101 104 239 513 359 517 558 645 
26 23 606 320 66 65 101 104 239 513 359 517 558 645 
26 23 606 320 66 65 101 104 239 513 359 517 558 645 
26 23 606 320 66 65 101 104 239 513 359 517 558 645 
26 23 606 320 66 65 101 104 239 513 359 517 558 645 
26 23 606 320 66 65 101 104 239 513 359 517 558 645 
26 23 606 320 66 65 101 104 239 513 359 517 558 645 
26 23 606 320 66 65 101 104 239 513 359 517 558 645 
26 23 606 320 66 65 101 104 239 513 359 517 558 645 
26 23 606 576 66 65 101 104 239 513 359 517 558 645 
26 23 561 320 66 65 101 104 239 513 359 517 558 645 
26 23 606 320 66 65 101 104 239 513 359 517 558 645 
26 23 606 320 66 65 101 104 239 513 359 517 558 645 
26 23 606 320 66 65 101 104 239 513 393 517 558 645 
26 23 606 320 66 65 101 104 239 513 359 517 558 645 
26 23 606 320 66 65 101 104 239 513 359 517 558 645 
26 23 606 320 66 65 101 104 239 513 359 517 558 645 
26 23 606 320 66 65 101 104 239 513 359 517 558 645 
26 23 606 320 66 65 101 104 239 513 359 517 558 645 
26 23 606 320 66 65 101 104 239 513 359 517 558 645 
26 23 606 320 66 65 101 104 239 513 359 517 558 645 
26 23 606 320 66 65 101 104 239 513 359 517 558 645 
26 23 606 320 66 65 101 104 239 513 359 517 558 645 
26 23 606 320 66 65 101 104 239 513 359 517 558 645 
26 23 606 320 66 65 101 104 239 513 359 517 558 645 
26 23 606 630 66 65 101 104 239 513 359 517 558 645 
26 23 606 320 66 65 101 104 239 513 359 517 558 645 
26 23 606 639 66 65 101 104 239 513 359 517 558 645 
26 23 606 320 66 65 101 104 239 513 359 517 558 645 
26 23 606 320 66 65 101 104 239 513 359 517 558 645 
26 23 606 320 66 65 101 104 239 513 359 517 558 645 
26 23 606 320 66 65 101 104 239 513 359 517 558 645 
26 23 606 320 66 65 101 104 239 513 359 517 558 645 
26 23 606 320 66 65 101 104 239 513 359 517 558 645 
26 23 606 320 66 65 101 104 239 513 359 517 558 645 
26 23 606 320 66 65 101 104 239 513 359 517 558 645 
26 23 606 320 66 65 101 104 239 513 359 517 558 645 
26 23 606 320 66 65 101 104 239 513 359 517 558 645 
26 23 606 320 66 65 101 104 239 513 359 517 558 645 
26 23 606 320 66 65 101 104 239 513 359 517 558 645 
26 23 606 320 66 65 101 104 239 513 359 517 558 645 
26 23 606 320 66 65 101 104 239 513 359 517 558 645 
26 23 606 320 66 65 101 104 239 513 359 517 558 645 
26 23 606 320 66 65 101 104 239 513 359 517 558 645 
26 23 606 320 66 65 101 104 239 513 359 517 558 645 
26 23 606 320 66 65 101 104 239 513 359 517 558 645 
26 23 606 459 66 65 101 104 239 513 359 517 558 645 
26 23 606 320 66 65 101 104 239 513 359 517 558 645 
26 23 402 320 66 65 101 104 239 513 359 517 558 645 
