97 516 435 59 305 267 561 100 181 366 149 483 49 114 645 
435 281 59 239 176 49 470 267 561 208 305 224 447 428 645 
516 435 149 483 104 239 59 176 203 558 205 559 49 645 
435 104 59 239 49 305 470 561 224 51 413 97 558 645 
516 435 104 267 100 482 561 305 483 49 59 239 484 566 645 
516 435 104 422 97 239 176 558 181 366 149 59 203 559 645 
435 104 59 239 305 176 49 470 561 224 51 413 97 645 
97 516 435 104 239 558 561 305 59 267 100 181 366 149 645 
435 104 149 239 516 176 49 561 470 558 483 422 434 645 
104 281 59 239 176 49 470 240 500 516 305 435 297 97 645 
176 104 240 239 500 516 305 470 435 297 97 203 267 645 
435 397 59 239 500 97 516 305 267 561 100 181 366 645 
21 24 39 97 52 62 424 68 93 416 548 568 624 644 
21 24 39 97 52 62 424 68 93 416 548 568 624 644 
21 24 39 97 52 62 424 68 93 416 548 568 624 644 
21 24 39 97 52 62 424 68 93 416 548 568 624 644 
166 101 102 105 104 239 203 176 513 59 435 558 559 660 
166 101 102 105 104 239 203 176 513 59 435 558 559 660 
166 101 102 105 104 239 203 176 513 59 558 435 559 660 
166 101 102 105 104 239 203 176 513 59 558 435 559 660 
166 101 102 105 104 239 203 176 513 59 558 559 435 660 
166 101 102 105 104 239 203 176 513 59 435 558 559 660 
166 101 102 105 104 239 203 176 513 59 435 558 559 660 
166 101 102 105 104 239 203 176 513 59 435 558 559 660 
166 101 102 105 104 239 203 176 513 59 435 558 559 660 
166 101 102 105 104 239 203 176 513 59 558 79 559 660 
435 102 581 104 239 367 513 176 517 146 558 559 561 645 
435 102 383 581 104 239 367 513 176 517 146 558 559 645 
435 102 581 104 516 176 239 367 513 517 146 558 559 645 
102 435 113 104 239 231 18 203 517 176 513 146 558 559 645 
435 102 304 104 239 59 203 517 176 513 146 558 559 561 645 
435 102 18 104 239 517 203 176 513 119 149 558 559 146 645 
102 435 113 104 239 231 18 203 517 176 513 146 558 559 645 
102 435 113 104 239 231 18 203 517 176 513 146 558 559 645 
435 102 18 104 239 517 203 176 513 119 149 558 559 146 645 
102 435 19 104 18 239 517 203 176 513 119 149 558 559 645 
102 435 113 104 239 231 18 203 517 176 513 146 558 559 645 
435 102 18 104 239 59 203 517 176 513 119 149 558 559 645 
102 435 113 104 239 231 18 203 517 176 513 146 558 559 645 
102 435 113 104 239 231 18 203 517 176 513 146 558 559 645 
102 435 113 104 239 231 18 203 517 176 513 146 558 559 645 
102 435 113 104 239 231 267 203 517 176 513 146 558 559 645 
516 435 149 104 239 59 203 176 546 483 513 558 205 559 645 
516 435 149 104 239 59 203 176 546 483 513 558 205 559 645 
516 435 149 104 239 59 203 176 546 483 513 558 205 559 645 
516 435 149 59 104 239 203 176 546 483 513 558 205 559 645 
516 435 483 104 239 149 59 203 176 546 513 558 205 559 645 
516 435 149 104 239 59 203 176 546 483 513 558 304 559 645 
435 335 305 470 404 59 203 176 104 239 513 558 559 645 
435 335 305 470 404 59 203 259 104 239 513 558 559 645 
435 104 59 335 305 470 404 203 176 239 513 558 559 645 
160 435 149 104 239 546 59 176 203 558 205 559 483 645 
435 335 305 470 404 59 203 259 104 239 513 558 559 645 
435 335 305 104 239 59 599 404 203 259 513 558 559 645 
435 335 305 104 239 470 404 59 203 176 513 558 559 645 
516 435 483 104 239 59 203 176 546 366 149 558 205 559 645 
516 435 483 104 239 59 203 176 546 366 149 558 205 559 645 
516 435 483 104 239 59 203 117 546 366 149 558 205 559 645 
516 435 483 104 239 231 203 176 546 366 149 558 205 559 645 
516 435 483 104 239 231 203 176 546 366 149 558 205 559 645 
516 435 483 104 239 59 203 176 546 366 149 558 205 559 645 
516 435 483 104 239 59 203 176 546 366 149 558 205 559 645 
516 338 483 104 239 231 203 176 546 366 149 558 205 559 645 
516 435 483 104 239 231 203 176 546 366 149 558 205 559 645 
504 435 483 104 239 231 203 176 546 366 149 558 205 559 645 
516 435 483 104 239 231 203 176 546 366 149 558 205 559 645 
516 435 483 104 239 231 203 176 546 59 149 558 205 559 645 
516 435 483 104 239 231 203 625 546 366 149 558 205 559 645 
435 49 340 104 239 231 203 176 546 470 59 558 205 559 645 
516 435 547 104 239 59 203 176 546 366 149 558 205 559 645 
516 435 483 104 239 231 203 176 546 366 149 558 205 559 645 
516 435 483 104 239 231 203 176 546 366 149 558 205 559 645 
516 435 149 483 104 239 203 176 546 59 558 205 559 49 645 
394 101 102 104 239 367 513 176 517 146 558 559 105 645 
435 102 304 104 239 59 203 517 176 513 146 558 559 561 645 
394 435 149 104 239 402 203 265 176 513 225 558 559 645 
435 281 59 239 176 49 470 267 561 516 305 208 224 447 645 
102 435 113 104 239 231 18 203 517 176 513 146 558 559 645 
394 435 149 483 104 239 203 176 402 513 517 97 558 559 645 
176 104 240 239 500 516 305 470 435 297 97 203 267 645 
435 102 304 104 239 581 367 513 176 517 116 558 559 561 645 
394 435 149 104 239 203 225 176 402 513 517 558 559 645 
516 435 149 104 239 59 203 176 546 483 513 558 304 559 645 
