244 21 57 465 24 28 65 437 488 570 512 568 592 647 
326 422 161 198 336 226 449 292 128 576 318 304 314 662 
57 639 25 360 2 3 60 62 80 358 465 327 522 646 
57 639 25 360 2 3 60 62 80 431 6 465 522 647 
598 575 161 198 336 226 185 292 128 576 449 318 304 662 
604 24 584 142 102 211 336 123 134 31 556 239 558 646 
244 21 25 465 345 28 65 437 488 62 512 78 592 647 
598 422 161 198 336 58 609 212 226 576 600 185 292 662 
57 639 616 360 2 3 60 62 80 216 483 465 522 646 
212 575 161 198 336 226 449 185 292 128 576 318 304 662 
244 21 57 289 24 28 65 437 488 96 512 568 592 647 
125 422 161 198 2 58 642 99 575 336 226 185 292 662 
57 639 616 360 2 3 60 62 80 431 465 83 522 647 
382 422 161 198 336 372 609 212 226 185 292 144 576 662 
326 252 169 142 102 218 88 211 134 31 556 239 558 646 
57 639 616 360 516 3 256 62 80 431 483 465 522 646 
598 142 473 457 564 58 609 370 144 576 600 481 212 662 
326 422 161 198 2 58 642 3 336 226 185 292 473 662 
57 639 616 360 2 3 60 62 80 431 83 465 522 646 
558 66 575 473 211 263 75 31 123 556 389 480 557 646 
598 576 142 473 211 263 31 75 634 239 558 556 557 646 
598 576 142 473 211 263 31 556 75 239 558 389 557 646 
558 473 31 389 336 123 575 411 556 75 263 557 155 646 
558 473 31 389 336 123 575 4 556 239 75 263 557 646 
558 473 336 123 575 31 389 428 556 112 155 158 557 646 
598 283 336 457 564 58 609 370 144 576 600 481 191 662 
57 224 25 360 2 3 60 62 80 431 598 465 522 647 
598 576 142 473 211 234 31 556 201 239 558 389 557 646 
558 473 401 389 336 123 575 31 424 158 556 112 557 646 
598 576 142 473 217 263 31 556 75 239 558 389 557 646 
598 24 584 142 336 123 102 211 134 31 556 239 558 646 
598 576 142 473 211 263 31 556 75 239 558 180 557 646 
57 639 25 360 2 269 60 62 80 431 6 465 522 647 
598 24 584 142 336 123 102 211 218 31 556 239 558 646 
57 639 25 163 2 3 60 62 80 431 6 465 522 647 
558 406 336 575 4 31 123 556 389 112 263 557 240 646 
244 21 57 465 24 28 65 526 488 96 512 568 592 647 
244 21 57 465 24 28 65 526 488 96 512 568 592 647 
244 21 57 465 24 28 65 526 488 96 512 568 592 647 
244 21 57 465 24 28 65 437 488 96 512 568 592 647 
244 21 57 465 24 28 65 437 488 96 512 568 592 647 
244 21 57 465 24 28 65 437 488 96 512 568 592 647 
244 21 57 465 24 28 65 437 488 96 512 568 592 647 
244 21 57 465 24 28 65 437 321 96 512 179 592 647 
244 21 57 465 24 28 65 437 321 96 512 179 592 647 
244 21 57 465 24 28 65 437 321 96 512 179 592 647 
57 639 25 360 2 3 60 62 80 431 465 626 522 647 
57 639 25 360 2 3 60 62 80 431 465 626 522 647 
57 639 25 360 2 3 60 62 80 431 465 626 522 647 
57 169 267 360 2 3 60 62 80 431 6 465 522 647 
57 169 267 360 2 3 60 62 80 431 6 465 522 647 
57 327 506 360 2 3 60 62 80 431 465 624 522 646 
57 327 290 360 2 3 60 62 80 431 465 624 522 646 
57 327 290 360 2 3 60 62 80 431 465 624 522 646 
57 327 290 360 2 3 60 62 80 431 465 624 522 646 
57 327 290 360 2 3 60 62 80 431 465 624 522 646 
57 327 290 360 2 3 60 62 80 431 465 624 522 646 
57 327 290 360 2 3 60 62 80 431 465 624 522 646 
57 327 290 360 2 3 60 62 80 431 465 624 522 646 
57 327 290 360 2 3 60 62 80 431 465 624 522 646 
57 639 616 360 2 3 576 62 80 431 483 465 522 646 
57 639 616 360 2 3 500 62 80 431 483 465 522 646 
57 639 404 360 2 3 500 62 80 431 483 465 522 646 
57 639 616 360 2 3 256 62 80 431 483 465 522 646 
57 639 616 360 2 3 256 62 80 431 483 465 522 646 
57 639 616 360 2 3 500 62 80 431 483 465 522 646 
57 639 616 360 2 3 500 62 80 431 483 465 522 646 
326 24 576 142 102 218 88 211 134 31 556 239 558 646 
326 24 576 142 102 218 88 211 134 31 556 239 558 646 
326 24 169 142 102 218 88 211 134 31 556 239 558 646 
326 24 169 142 102 211 218 88 134 31 556 239 558 646 
490 232 24 142 102 218 88 211 134 31 556 239 558 646 
598 24 576 142 102 211 218 31 556 239 558 16 389 646 
598 24 576 142 102 211 218 31 556 239 558 16 389 646 
598 24 576 142 102 211 218 31 556 239 558 16 389 646 
598 24 576 142 102 211 218 31 556 239 558 16 389 646 
598 576 142 24 102 211 218 31 556 239 558 16 389 646 
598 24 576 142 102 211 218 31 556 239 558 500 389 646 
598 24 576 142 102 211 218 31 556 239 558 16 389 646 
598 576 142 24 102 211 457 31 556 239 558 16 389 646 
598 24 576 142 102 211 218 31 556 239 558 16 389 646 
598 24 576 142 102 211 218 88 556 239 558 16 244 646 
326 24 576 142 102 211 218 88 556 239 558 16 422 646 
326 24 576 142 102 211 218 88 504 239 556 558 16 646 
598 576 142 24 102 211 218 88 556 239 558 16 244 646 
598 24 576 142 102 211 218 88 556 239 326 558 16 646 
598 393 142 24 102 211 218 88 504 556 239 558 16 646 
598 232 24 142 102 211 218 88 556 239 558 16 244 646 
598 232 24 142 102 211 218 88 556 239 558 16 244 646 
598 24 576 142 102 211 218 88 556 239 326 558 16 646 
598 576 142 232 24 102 211 218 88 556 239 558 16 646 
326 24 576 142 102 211 218 88 556 239 558 598 584 646 
598 393 399 24 102 218 211 88 504 556 239 558 16 646 
326 24 576 142 102 211 218 88 556 239 558 16 422 646 
326 24 576 142 102 211 218 88 504 239 556 428 558 646 
558 66 575 473 211 263 31 3 360 123 556 84 557 646 
558 66 575 473 211 263 31 3 360 123 556 84 557 646 
558 66 575 473 211 263 31 3 360 123 556 428 557 646 
558 66 575 473 211 263 31 3 360 123 556 428 557 646 
558 66 575 473 211 263 31 3 360 123 556 428 557 646 
