483 313 447 181 287 536 3 519 598 7 80 204 97 442 648 
483 313 447 181 3 287 536 519 598 7 80 204 97 442 648 
103 313 447 181 287 536 3 519 598 7 80 204 97 442 648 
103 313 447 181 287 536 3 519 598 7 80 204 97 442 648 
103 313 447 181 287 536 3 519 598 7 80 204 97 442 648 
483 313 447 181 287 536 3 519 598 7 80 204 97 442 648 
103 16 447 598 536 105 414 222 513 556 557 264 145 644 
103 313 447 181 287 536 3 598 7 80 519 204 97 648 
103 313 447 195 287 536 3 79 7 80 519 204 16 648 
483 313 447 181 287 536 3 598 7 80 519 204 97 648 
24 16 66 287 89 121 105 142 211 513 556 557 598 644 
103 313 447 195 287 536 3 79 7 80 519 204 97 648 
103 313 447 181 287 536 3 598 7 80 519 204 97 648 
112 125 636 633 509 105 280 211 289 556 202 557 607 644 
24 16 66 287 89 121 105 142 211 513 556 557 598 644 
112 125 636 633 509 105 218 211 289 556 202 557 607 644 
112 125 636 633 509 105 218 211 289 556 202 557 607 644 
24 16 66 287 89 121 105 142 211 513 556 557 598 644 
24 16 66 287 89 121 105 211 513 556 337 557 598 644 
24 16 66 287 89 121 105 142 211 513 556 557 598 644 
112 125 636 633 509 105 218 211 289 556 202 557 607 644 
24 16 66 287 89 121 105 142 211 513 556 557 598 644 
417 313 447 195 287 536 3 519 176 7 204 97 640 442 648 
196 313 447 181 598 287 3 519 536 7 204 97 640 442 648 
103 313 447 181 287 536 3 519 598 7 204 97 419 442 648 
103 313 447 195 287 536 3 519 176 7 204 97 640 442 648 
103 313 447 181 287 536 3 519 598 7 204 97 640 442 648 
112 125 636 633 509 105 218 211 289 556 202 557 607 644 
103 313 361 598 287 536 3 519 618 7 204 97 640 442 648 
24 16 66 287 536 105 142 211 513 556 557 112 198 644 
24 16 66 287 536 105 142 211 513 556 198 202 557 644 
24 16 66 287 536 105 142 211 198 513 556 202 557 644 
24 16 66 287 536 105 364 609 211 513 556 557 103 644 
103 313 447 181 598 287 536 519 7 204 97 640 442 648 
103 16 447 394 598 287 359 519 533 7 204 97 640 442 648 
103 313 447 598 530 287 536 519 533 7 204 97 318 442 648 
103 16 447 598 536 105 414 222 513 556 557 112 287 644 
103 16 447 394 598 129 536 519 533 7 204 97 640 442 648 
103 313 447 598 287 536 519 530 7 204 97 318 442 648 
103 16 447 598 536 105 142 222 513 556 557 112 287 644 
196 313 447 181 598 287 536 519 7 204 97 640 442 648 
103 313 447 16 598 287 536 519 530 7 204 97 640 442 648 
103 16 447 394 598 287 536 519 533 7 204 97 640 442 648 
103 313 447 195 287 536 3 519 276 7 204 97 457 442 648 
103 313 361 598 287 536 3 519 276 7 204 97 640 442 648 
103 313 447 598 287 536 519 530 7 204 97 318 442 648 
103 16 447 598 536 105 414 222 513 556 557 112 287 644 
103 313 447 181 598 287 536 519 7 204 97 640 442 648 
103 313 447 195 287 536 3 519 276 7 204 97 457 442 648 
103 16 447 598 536 105 142 222 513 556 557 112 287 644 
103 313 447 598 287 536 519 530 7 204 97 640 442 648 
103 16 447 598 536 105 142 222 513 556 557 112 287 644 
24 16 66 287 536 105 142 211 198 513 556 202 557 644 
24 16 66 287 536 105 469 609 211 513 556 557 598 644 
103 313 447 195 287 536 3 519 276 7 204 97 457 442 648 
103 313 447 195 287 536 3 519 276 7 204 97 640 442 648 
103 16 447 394 598 287 536 519 533 7 204 97 640 442 648 
103 16 447 598 536 105 142 211 513 556 557 287 97 644 
103 16 447 394 536 105 142 211 513 556 557 112 598 644 
103 16 447 598 536 105 142 211 513 556 388 557 112 644 
224 16 66 287 536 105 142 211 513 556 557 598 471 644 
103 430 447 598 536 105 142 211 513 556 557 287 441 644 
224 16 66 287 536 105 142 211 513 556 557 598 509 644 
103 16 66 287 193 105 142 211 513 556 557 447 598 644 
103 40 145 598 16 285 337 453 561 633 509 512 323 282 668 
103 16 447 598 536 105 142 211 513 556 557 112 19 644 
112 125 636 633 509 105 280 211 289 556 202 557 607 644 
103 264 145 598 16 285 337 453 561 633 509 512 323 282 668 
103 16 447 598 536 105 142 211 513 556 557 287 441 644 
103 40 145 598 16 285 337 453 561 633 509 512 323 282 668 
224 16 66 287 536 105 142 211 513 556 557 598 471 644 
224 16 66 287 536 105 142 211 513 556 557 598 471 644 
103 447 145 16 598 287 536 7 438 340 582 276 204 442 648 
103 447 145 16 468 598 536 582 276 7 204 287 428 442 648 
103 40 145 598 16 285 337 453 561 633 509 512 323 282 668 
103 16 447 394 598 287 536 519 276 7 204 97 640 442 648 
224 16 66 287 536 105 142 211 513 556 557 598 471 644 
103 447 145 16 598 287 536 7 438 340 582 276 204 442 648 
103 16 447 598 287 536 97 640 479 441 509 561 408 655 
103 16 447 598 287 441 97 640 479 438 561 408 265 655 
103 313 447 598 287 441 97 640 479 509 561 408 536 655 
103 16 447 598 287 441 97 640 479 438 561 408 195 655 
103 313 447 195 287 536 519 276 7 204 97 640 442 648 
103 313 447 598 287 536 519 276 7 204 97 640 442 648 
103 16 447 598 287 441 97 640 479 509 561 408 195 655 
103 40 145 598 16 285 439 453 561 633 509 512 323 282 668 
103 313 447 598 287 536 519 276 7 204 97 640 442 648 
103 16 447 598 287 441 97 640 479 509 561 408 195 655 
509 313 447 598 287 536 519 276 7 204 97 640 442 648 
103 447 145 16 598 287 536 7 438 340 582 276 204 442 648 
103 40 145 598 16 285 439 453 561 633 509 512 323 282 668 
103 16 447 394 598 287 536 519 276 7 204 97 640 442 648 
103 313 447 598 287 536 519 276 7 204 97 640 442 648 
103 313 447 598 287 536 519 276 7 204 97 640 442 648 
103 16 447 598 287 441 97 640 479 509 561 380 633 655 
103 16 447 598 287 441 97 640 479 380 561 633 581 655 
103 16 447 598 287 441 97 640 479 509 561 633 581 655 
103 16 447 598 287 441 97 640 479 509 561 633 581 655 
103 16 447 598 287 536 97 640 479 581 561 633 509 655 
103 16 447 598 287 536 97 640 479 581 561 633 509 655 
