53 246 106 354 562 16 567 458 230 306 441 118 634 648 
105 66 59 106 536 246 598 407 517 558 140 556 231 557 660 
24 459 66 505 105 196 640 558 292 272 556 350 557 660 
24 305 66 65 101 323 366 104 297 105 474 640 517 558 660 
24 305 66 505 105 196 640 558 292 272 556 350 557 660 
24 305 66 65 101 323 366 104 297 105 474 640 517 558 660 
24 606 66 323 101 366 104 297 105 474 640 517 558 660 
24 305 66 65 101 366 208 106 104 297 474 105 517 558 660 
24 305 66 505 105 196 640 558 292 272 556 350 557 660 
24 305 66 323 101 366 104 297 105 474 640 517 558 660 
16 123 552 59 151 145 208 250 567 324 104 558 221 239 660 
16 123 552 59 246 145 208 106 104 128 567 324 558 239 660 
24 305 66 65 101 366 104 297 105 474 640 517 558 660 
105 123 567 59 106 246 16 79 104 598 640 517 558 556 660 
24 305 66 65 101 366 104 297 474 105 517 558 640 660 
24 305 66 65 101 366 104 105 639 59 598 517 558 660 
24 106 105 587 266 246 598 65 517 558 163 536 556 557 660 
24 305 66 65 101 366 104 297 474 105 517 558 640 660 
123 221 567 106 59 246 16 297 474 104 640 362 558 239 660 
105 639 59 598 517 558 129 536 106 246 640 556 557 244 660 
16 106 105 59 246 320 640 558 244 145 107 633 556 557 660 
105 66 59 106 536 246 598 407 517 558 15 556 557 660 
105 66 59 106 246 598 640 517 558 15 536 556 557 660 
53 246 491 354 562 16 567 458 118 245 634 598 59 648 
105 16 59 106 246 598 640 283 558 15 536 556 557 660 
105 66 59 106 246 598 640 517 558 15 536 556 557 660 
16 123 552 59 246 145 208 106 104 128 567 324 558 239 660 
16 123 552 145 59 246 208 250 567 324 104 558 221 660 
105 123 567 59 106 246 16 79 104 598 640 517 558 556 660 
16 123 552 59 246 145 208 106 104 128 567 324 558 239 660 
16 123 552 59 151 145 208 250 567 324 104 558 221 239 660 
16 567 53 100 106 441 246 245 338 145 640 107 59 648 
105 123 59 598 106 562 320 16 567 104 79 640 517 558 660 
16 100 106 441 246 245 59 317 338 145 640 107 633 648 
53 246 106 354 562 16 567 458 230 245 441 59 338 648 
16 123 567 59 246 104 8 640 558 145 107 140 106 660 
123 221 567 59 246 104 640 16 297 558 140 556 8 660 
24 106 105 587 59 246 598 65 517 558 163 536 556 557 660 
105 123 16 567 59 246 104 79 106 598 640 517 558 660 
105 123 567 106 246 598 59 16 104 640 558 633 556 660 
105 16 59 598 517 558 129 536 106 246 640 556 557 244 660 
105 66 59 106 536 246 598 640 517 558 15 556 557 660 
16 123 552 59 151 145 208 250 567 324 104 558 221 239 660 
24 305 66 505 105 196 640 558 292 272 556 350 557 660 
105 123 567 59 106 246 16 79 104 598 640 517 558 556 660 
24 106 105 587 59 246 598 65 517 558 163 536 556 557 660 
16 123 221 567 59 246 104 640 297 558 140 556 8 239 660 
105 16 59 106 246 598 640 283 558 15 536 556 557 660 
53 246 606 354 562 16 567 458 230 306 441 118 634 648 
16 123 221 567 59 246 104 640 297 558 140 556 8 239 660 
53 246 106 354 562 16 567 458 230 306 441 118 634 648 
53 246 106 354 562 16 567 458 118 245 634 598 59 648 
53 246 106 354 562 16 567 458 230 306 441 118 634 648 
105 123 16 79 249 517 558 15 106 246 640 556 536 244 660 
53 246 106 354 562 16 567 458 118 245 634 149 59 648 
105 123 16 598 517 558 15 536 106 246 79 640 556 244 660 
105 123 16 79 106 246 598 640 517 558 15 536 556 660 
53 246 106 354 562 16 567 458 118 245 634 598 59 648 
123 552 145 59 246 104 16 373 250 567 324 558 221 660 
105 16 59 106 246 598 640 283 558 15 536 556 557 660 
105 123 16 79 106 246 598 640 517 558 15 536 556 660 
53 246 106 354 562 16 567 458 230 245 516 59 338 648 
16 123 221 567 59 246 104 640 297 558 140 556 8 239 660 
16 123 552 145 59 246 208 250 567 324 104 558 221 660 
105 123 59 598 106 246 16 79 640 517 558 15 536 556 660 
105 123 16 567 59 246 455 640 558 145 107 140 556 660 
53 246 106 354 562 16 567 458 230 245 441 59 338 648 
105 123 59 598 106 246 320 16 567 104 79 640 517 558 660 
105 123 16 567 59 246 104 640 244 79 100 598 517 558 660 
105 123 281 59 246 320 8 640 558 145 107 633 556 660 
16 123 221 639 106 246 59 297 474 104 640 362 558 239 660 
16 123 221 567 106 246 59 297 474 104 640 362 558 239 660 
105 123 16 567 59 246 104 79 106 598 640 517 558 660 
105 123 16 567 59 246 104 79 106 598 640 517 558 660 
105 123 281 59 246 320 8 640 558 145 107 633 556 660 
16 123 587 59 246 145 208 106 170 104 640 107 633 239 660 
123 221 567 59 16 297 104 246 640 558 140 556 8 660 
105 123 552 59 246 320 558 8 145 361 640 633 556 567 660 
105 123 552 59 246 320 640 558 8 145 107 633 556 361 660 
105 123 16 79 106 246 598 640 517 558 15 536 556 660 
16 123 552 59 246 145 208 106 170 104 640 107 633 239 660 
53 246 106 354 562 16 567 458 230 245 441 59 338 648 
105 123 552 59 246 320 640 558 8 145 361 633 556 567 660 
123 221 567 59 246 104 640 16 297 558 140 556 8 660 
105 123 16 567 59 246 104 640 558 145 107 140 556 660 
105 16 59 106 246 598 640 517 558 15 536 556 557 660 
16 123 552 59 246 145 208 106 170 104 640 107 633 239 660 
105 123 567 59 16 106 246 104 640 558 633 556 244 660 
105 16 59 106 246 598 640 517 558 15 536 556 557 660 
16 106 105 59 246 320 640 558 244 145 107 633 556 557 660 
16 106 105 59 246 320 640 558 244 145 107 633 556 557 660 
105 16 59 106 246 598 640 517 558 15 536 556 557 660 
567 16 106 246 598 245 59 317 338 145 640 53 85 648 
16 567 53 100 106 441 246 245 59 317 338 145 640 648 
458 567 106 246 598 245 59 317 338 145 640 107 53 648 
123 329 16 106 246 104 640 558 244 145 59 140 107 660 
16 123 567 59 246 104 640 558 145 107 140 106 528 660 
16 100 106 441 246 245 59 317 338 145 640 107 633 648 
16 100 106 441 246 245 59 317 338 145 640 107 633 648 
471 100 106 441 562 16 567 59 338 246 145 640 107 648 
