529 297 222 104 260 19 156 313 239 558 38 559 187 660 
66 65 105 260 102 123 104 313 156 239 513 452 558 660 
66 65 105 104 430 123 156 513 175 239 558 557 559 660 
100 142 146 38 151 545 71 529 431 188 297 8 563 663 
529 297 222 104 260 19 156 313 239 558 38 559 335 660 
149 204 105 104 546 123 513 211 239 558 618 164 559 660 
100 142 146 38 151 545 71 529 431 188 297 8 563 663 
66 65 105 260 102 123 104 313 156 239 513 452 558 660 
66 36 65 104 260 105 513 270 239 558 556 559 156 660 
167 104 38 123 342 375 297 222 365 250 151 260 261 221 313 239 660 
66 36 65 104 260 105 513 211 239 558 556 559 156 660 
149 204 105 104 546 123 513 211 239 558 156 557 559 660 
529 104 375 297 222 365 250 151 260 342 545 261 123 221 313 239 660 
149 204 105 104 546 123 513 211 239 558 156 164 559 660 
66 65 105 104 260 519 513 448 239 558 557 559 529 660 
100 563 105 104 260 123 156 513 375 239 630 558 303 559 660 
100 142 146 38 151 545 71 529 431 188 297 8 563 663 
149 204 105 104 546 123 513 211 239 558 156 557 559 660 
66 204 105 260 342 104 123 513 175 239 558 557 559 660 
66 8 105 260 123 156 104 313 239 513 582 558 556 660 
66 65 105 104 260 123 513 175 239 558 557 559 342 660 
66 65 105 104 260 123 513 175 239 558 557 559 342 660 
66 65 105 104 260 519 513 448 239 558 557 559 529 660 
149 204 105 104 260 123 513 211 239 156 558 557 559 660 
100 563 105 104 260 123 156 513 239 558 630 303 559 660 
66 204 105 104 260 123 513 175 239 558 557 559 326 660 
66 8 105 260 123 156 104 313 239 513 582 558 556 660 
66 36 65 581 98 338 155 92 105 239 513 398 558 660 
100 563 105 382 260 123 156 513 630 239 558 303 559 660 
529 104 375 297 222 342 365 250 151 260 261 123 221 313 239 660 
149 204 105 104 260 123 513 211 239 156 558 557 559 660 
66 204 105 104 260 123 513 211 239 558 557 156 559 660 
104 529 187 222 260 123 513 398 239 290 558 340 559 660 
66 204 105 104 260 123 513 211 239 156 558 557 559 660 
100 563 105 382 260 123 156 513 630 239 558 303 559 660 
66 65 254 545 104 313 260 123 239 156 513 99 558 559 660 
104 187 222 485 335 123 97 529 342 239 558 250 261 660 
104 529 187 222 260 123 513 398 239 558 290 559 485 660 
100 563 105 104 260 123 156 513 630 239 558 303 559 660 
66 65 254 545 104 313 260 123 239 156 513 99 558 559 660 
104 529 187 222 342 239 545 335 97 485 156 313 558 250 297 571 660 
104 529 187 222 342 239 545 335 97 485 156 313 558 250 297 571 660 
100 563 38 123 342 545 104 313 239 558 335 97 250 660 
100 563 38 342 506 545 104 313 222 375 151 239 558 660 
104 529 187 222 342 485 156 313 239 558 335 97 250 660 
100 187 222 485 342 239 545 335 97 123 529 149 260 51 297 571 660 
529 291 563 458 261 545 277 424 335 149 260 51 187 659 
529 104 375 297 222 342 365 250 151 260 261 123 221 313 239 660 
188 297 8 563 38 618 104 260 342 545 313 239 558 660 
163 563 105 104 260 123 156 313 239 8 558 556 559 660 
8 291 563 458 261 545 277 424 335 149 260 51 38 659 
104 529 187 222 342 485 156 313 239 558 335 97 250 660 
100 187 222 485 342 239 545 335 97 123 529 149 260 51 297 151 660 
100 187 222 485 335 123 239 97 529 342 149 260 51 297 151 660 
100 291 563 458 261 545 277 424 335 149 260 51 297 659 
529 118 260 375 297 222 151 342 365 250 261 123 156 313 239 660 
100 187 222 485 335 123 239 97 529 342 149 260 51 297 151 660 
529 118 260 375 297 222 151 342 365 250 261 123 156 313 239 660 
100 563 38 545 104 222 375 151 313 508 114 504 239 558 294 660 
100 563 38 123 342 545 104 313 239 558 557 559 556 660 
264 563 38 123 342 239 545 335 97 250 261 71 158 151 195 504 660 
163 563 105 104 260 123 156 313 239 8 558 556 559 660 
8 563 38 618 104 260 342 545 313 239 558 291 261 195 324 660 
100 563 38 545 104 222 375 151 313 508 114 504 239 558 660 
100 294 375 297 123 563 38 104 260 342 545 313 239 222 151 365 660 
100 545 375 297 123 563 38 104 222 151 313 508 504 239 558 261 660 
100 563 38 123 342 545 104 313 239 558 557 559 556 660 
100 563 38 545 104 222 375 151 313 508 114 504 239 558 660 
8 563 297 222 342 485 545 335 38 104 260 123 239 97 415 313 660 
529 297 222 104 485 335 260 123 156 313 239 558 303 559 660 
529 297 222 260 123 484 545 335 104 313 239 558 303 559 38 660 
529 187 222 104 260 123 342 485 239 335 424 250 261 660 
187 143 335 104 260 123 222 156 239 97 529 342 250 660 
100 563 38 123 342 239 545 335 97 250 261 71 158 151 195 504 660 
100 149 260 51 297 222 151 38 123 545 104 313 508 504 239 660 
8 104 260 123 563 38 342 261 484 545 313 239 558 291 660 
529 297 222 104 260 123 581 151 313 508 239 558 303 559 660 
100 563 297 222 151 294 38 545 104 375 449 508 123 504 239 660 
104 187 222 485 335 123 239 97 529 342 250 261 100 563 469 660 
529 297 105 104 260 123 222 156 313 239 558 38 559 660 
104 529 187 222 485 335 342 123 71 97 250 261 158 239 100 660 
8 563 38 104 222 123 545 375 151 260 342 313 239 558 291 660 
8 294 375 297 123 563 38 104 260 342 545 313 239 558 291 261 660 
104 529 187 222 485 335 342 123 239 97 250 261 100 563 660 
529 297 222 260 123 484 545 335 104 313 239 558 303 559 38 660 
529 97 342 104 222 123 545 375 151 313 508 504 156 239 558 660 
104 529 187 222 151 342 123 336 365 485 239 335 97 250 660 
100 563 38 104 222 123 545 375 151 313 508 504 239 558 559 660 
100 294 375 297 123 342 545 104 313 239 222 151 365 250 261 484 660 
104 529 97 222 151 342 123 156 313 239 558 38 504 660 
8 563 38 104 260 123 342 545 313 239 558 291 261 660 
529 297 222 104 260 123 156 313 239 558 38 559 335 660 
100 563 38 545 104 222 375 151 313 508 123 504 239 558 660 
529 297 105 104 260 307 123 156 313 239 558 38 559 660 
100 563 38 123 342 545 104 313 239 558 556 335 118 660 
529 297 222 104 260 123 156 313 239 558 38 559 335 660 
104 529 187 222 342 485 239 335 97 250 261 484 625 151 123 504 660 
529 297 222 104 260 123 156 313 239 558 556 559 151 660 
100 563 38 123 342 545 104 313 239 558 556 335 118 660 
529 297 222 104 260 123 156 313 239 558 556 559 151 660 
