618 9 515 88 87 332 12 313 357 142 371 586 591 662 
100 24 98 105 134 517 639 556 458 313 413 558 579 646 
100 24 98 105 134 517 639 556 458 313 533 558 579 646 
87 599 9 88 12 158 142 478 212 185 586 357 588 662 
100 24 235 105 134 517 639 556 458 313 533 558 579 646 
100 24 235 105 134 517 639 556 458 313 533 558 579 646 
618 9 515 88 87 332 12 313 357 142 371 586 591 662 
100 24 98 105 134 517 609 556 458 313 413 558 579 646 
87 509 9 10 357 12 490 208 13 478 371 586 310 662 
299 24 66 105 134 517 163 161 458 313 558 361 556 646 
299 24 66 105 134 517 163 113 458 313 558 361 556 646 
299 24 66 105 134 517 163 161 458 313 558 361 556 646 
299 24 66 105 134 517 163 161 458 313 558 361 556 646 
100 24 98 105 134 517 639 556 458 313 413 558 579 646 
100 24 98 105 134 517 639 556 458 313 533 558 579 646 
87 599 9 88 12 158 142 478 212 100 588 371 586 662 
299 24 66 105 134 517 261 161 458 313 558 361 556 646 
87 599 9 88 12 158 142 478 212 100 588 371 586 662 
87 599 9 88 12 158 142 478 212 357 588 371 586 662 
100 24 98 105 134 517 639 556 458 313 413 558 579 646 
87 158 9 323 357 12 490 212 100 588 478 371 586 662 
87 599 9 88 12 158 142 478 212 100 588 371 586 662 
158 87 336 38 185 142 164 599 212 588 586 100 598 662 
158 87 336 85 185 142 164 599 212 588 586 100 598 662 
299 24 66 105 134 517 261 161 558 313 361 556 214 646 
87 166 139 105 134 517 253 556 558 313 361 570 618 646 
87 166 139 105 134 517 253 556 558 313 361 570 618 646 
299 214 149 455 504 164 599 212 371 586 185 100 588 662 
87 599 9 88 12 158 142 478 212 100 588 371 586 662 
299 214 149 455 504 164 599 371 586 212 100 185 588 662 
87 166 139 105 134 517 253 556 558 313 361 570 618 646 
87 166 139 105 134 517 477 556 558 313 361 570 156 646 
299 214 149 455 504 164 599 212 371 586 185 100 588 662 
87 166 139 105 134 517 477 556 558 313 361 570 618 646 
299 214 149 455 504 164 599 212 371 586 185 100 588 662 
618 165 599 336 9 504 383 158 142 478 586 371 591 662 
87 158 9 10 357 12 490 478 371 586 13 310 591 662 
87 166 139 105 134 517 253 556 558 313 361 570 618 646 
618 87 599 336 9 504 383 158 142 478 586 371 591 662 
618 87 599 336 9 504 383 158 142 478 586 371 591 662 
618 87 599 336 9 504 383 158 142 478 371 586 591 662 
618 9 478 88 87 504 350 313 357 142 371 586 591 662 
87 599 301 371 504 185 164 161 142 212 100 588 85 662 
618 9 478 88 87 504 12 313 357 142 371 586 591 662 
87 599 301 371 357 504 161 587 212 100 588 85 377 662 
299 214 336 371 504 305 142 185 164 599 212 100 588 662 
307 214 336 371 504 185 164 599 212 100 588 169 87 662 
618 9 478 467 87 504 12 313 357 142 371 586 591 662 
158 87 336 85 185 142 164 599 212 100 588 116 297 662 
158 214 336 371 504 305 142 116 640 212 100 588 169 662 
87 599 301 371 504 161 142 212 100 588 85 377 298 662 
618 9 515 88 87 504 12 313 357 142 371 586 591 662 
299 214 336 371 504 185 164 599 212 100 588 169 87 662 
87 599 301 371 504 161 142 212 100 588 169 298 618 662 
87 599 301 371 504 515 142 212 100 588 169 298 116 662 
87 599 301 371 504 161 142 212 100 588 169 298 116 662 
618 9 478 307 87 504 12 313 357 142 371 586 591 662 
618 9 478 88 87 504 12 313 357 142 371 586 591 662 
87 618 9 504 12 313 142 478 371 586 185 158 212 662 
87 599 9 88 12 158 142 478 371 586 185 212 357 662 
87 599 154 371 504 185 142 212 100 588 169 157 116 662 
158 214 336 88 504 161 87 371 185 142 212 100 588 662 
87 618 9 371 504 12 313 142 158 478 586 185 212 662 
299 214 336 371 504 185 164 599 212 100 588 169 87 662 
158 87 336 371 504 185 142 212 100 588 169 599 85 662 
87 618 9 504 12 313 142 158 478 371 586 185 212 662 
158 214 336 397 87 371 504 185 142 212 100 588 379 662 
618 87 599 336 9 504 383 158 142 478 371 586 591 662 
158 214 336 88 87 371 504 185 142 212 100 588 379 662 
87 618 9 371 504 185 142 212 100 12 313 116 586 662 
87 158 9 88 357 12 490 478 371 586 13 310 591 662 
618 9 478 88 87 504 12 313 357 142 371 586 591 662 
87 618 9 504 12 158 142 478 371 586 185 212 100 662 
158 214 336 371 504 185 142 212 100 588 169 87 85 662 
87 9 599 336 185 371 504 12 313 142 116 586 100 662 
87 618 9 232 504 12 313 142 116 371 185 586 100 662 
87 599 9 426 88 504 12 313 142 116 371 185 586 662 
87 618 9 504 12 313 142 116 371 185 586 100 158 662 
87 599 9 504 12 313 142 116 371 185 586 100 158 662 
87 599 9 504 12 313 142 116 371 185 586 100 158 662 
158 87 214 336 85 40 142 297 594 116 100 313 261 667 
158 87 214 336 85 40 142 297 594 116 100 313 261 667 
158 87 214 371 504 185 142 116 212 100 336 411 40 662 
158 87 599 336 114 185 85 100 142 212 157 116 297 662 
158 87 599 336 85 185 142 212 157 323 214 40 297 662 
158 87 599 336 85 185 142 212 157 323 100 297 594 662 
158 87 214 371 504 185 142 116 212 336 411 40 297 662 
158 87 599 336 504 185 142 212 85 116 100 297 594 662 
158 87 214 336 85 40 142 297 594 116 130 313 261 667 
158 87 214 336 85 40 142 297 594 116 100 313 261 667 
87 599 154 371 504 157 142 116 100 158 336 85 185 662 
87 599 301 371 504 161 298 116 336 85 185 142 201 662 
158 87 214 336 85 40 142 297 594 116 100 313 261 667 
158 87 214 336 85 40 142 297 594 116 100 313 261 667 
158 87 214 336 85 40 142 297 594 116 100 313 261 667 
87 599 154 371 504 305 142 116 100 158 336 85 185 662 
158 87 599 336 85 185 142 116 100 297 594 313 320 662 
87 599 154 371 504 157 142 116 100 158 336 85 185 662 
158 87 599 336 85 185 142 116 100 297 594 313 261 662 
158 87 599 336 85 185 142 116 100 297 594 313 261 662 
