482 8 369 193 99 249 421 452 187 552 204 302 59 182 312 648 
621 24 62 68 87 80 83 90 76 101 102 491 595 644 
538 226 150 59 3 13 62 176 505 77 104 255 17 82 80 648 
18 226 604 59 3 13 552 99 618 320 49 458 7 445 80 648 
23 24 62 83 65 90 101 102 493 363 486 334 548 644 
538 3 303 176 204 298 505 77 13 104 120 82 250 644 
449 24 62 83 65 90 101 102 274 363 104 334 548 644 
621 24 62 68 80 101 133 102 493 363 104 334 87 644 
544 24 62 68 65 90 228 80 101 363 104 334 102 644 
308 24 62 68 80 101 250 102 87 82 518 363 104 644 
621 24 62 228 204 68 101 102 73 363 390 594 38 644 
308 24 62 68 80 90 101 250 102 87 82 518 363 644 
482 8 369 193 99 249 160 421 452 319 320 49 458 7 187 648 
621 24 62 68 87 80 83 90 303 101 250 102 363 644 
18 226 111 59 3 13 552 99 104 320 49 557 7 623 648 
18 226 111 59 3 13 552 99 104 320 49 557 7 623 80 648 
472 24 62 83 65 90 101 102 493 363 104 334 548 644 
473 24 62 235 176 204 80 68 87 90 101 102 173 644 
621 365 62 68 80 134 181 102 87 82 518 463 363 644 
18 226 163 552 59 99 3 153 618 320 49 458 7 445 648 
18 226 195 59 3 13 552 99 169 320 49 557 7 445 648 
538 3 62 176 505 77 13 104 255 17 82 80 204 644 
18 24 62 38 68 480 80 224 102 87 363 104 226 644 
621 38 62 68 228 80 101 102 79 372 493 363 104 644 
538 226 140 59 3 13 62 176 505 77 43 557 7 255 648 
621 471 62 68 80 101 250 102 87 363 104 491 228 644 
621 24 62 68 80 101 250 102 87 363 104 491 518 644 
23 24 62 83 65 90 101 102 79 316 104 489 548 644 
18 226 163 552 3 13 59 99 153 618 320 49 458 7 445 648 
23 24 62 11 65 90 101 102 493 363 104 334 548 644 
23 24 62 83 65 90 101 102 274 363 104 334 548 644 
482 8 369 59 3 193 99 249 421 452 187 552 204 557 7 648 
482 8 369 193 99 249 421 452 187 552 13 557 7 302 648 
357 484 62 68 228 80 101 102 87 82 31 463 363 644 
538 3 62 176 505 77 13 104 255 17 82 175 250 644 
23 24 62 83 65 44 101 102 493 363 104 334 548 644 
62 68 87 235 176 204 80 101 82 395 102 432 363 644 
204 62 176 68 101 102 87 252 282 31 489 432 363 644 
267 38 62 68 480 80 250 102 173 518 397 87 363 644 
621 24 62 68 87 80 83 90 76 101 386 491 595 644 
18 226 604 552 59 99 3 13 618 320 49 458 7 445 648 
482 8 369 193 99 249 421 452 187 552 204 557 7 302 648 
621 38 62 68 480 80 250 102 87 363 104 334 82 644 
23 24 62 490 65 90 101 102 493 525 104 334 548 644 
23 24 62 83 65 90 101 102 493 332 104 319 548 644 
621 38 62 68 480 80 250 102 87 363 104 334 587 644 
621 365 62 68 80 90 101 102 493 363 104 142 181 644 
482 8 369 193 99 249 421 452 187 552 528 302 59 557 7 648 
473 24 62 68 87 90 101 102 173 518 397 104 363 644 
23 24 62 83 44 90 101 102 493 363 486 334 548 644 
538 3 62 176 505 77 13 139 255 17 82 175 250 644 
621 38 62 68 228 80 250 102 87 82 467 463 363 644 
23 24 62 27 65 90 101 102 493 363 104 334 548 644 
23 24 11 83 65 90 101 102 493 363 104 334 548 644 
621 24 62 68 102 80 101 87 491 518 397 104 363 644 
23 24 62 83 65 90 101 102 79 372 104 489 548 644 
23 24 62 490 65 90 101 102 493 525 104 412 548 644 
621 38 62 68 228 80 101 102 87 82 467 463 363 644 
23 24 62 83 65 90 101 102 493 363 104 412 548 644 
23 24 62 83 65 90 101 102 493 234 104 334 548 644 
23 24 62 83 65 90 101 102 493 363 104 197 548 644 
482 8 369 193 160 249 421 452 618 320 49 458 7 187 648 
23 24 62 83 65 90 101 102 493 550 104 334 548 644 
23 24 62 83 65 90 101 102 493 550 104 334 548 644 
23 24 62 83 65 90 101 102 493 550 104 334 548 644 
23 24 62 83 65 90 101 102 493 550 104 334 548 644 
23 24 62 83 65 90 101 102 493 550 104 334 548 644 
1 24 62 83 65 90 101 102 493 363 104 334 548 644 
1 24 62 83 65 90 101 102 493 363 104 334 548 644 
1 24 62 83 65 90 101 102 493 363 104 334 548 644 
1 24 62 83 65 90 101 102 493 363 104 334 548 644 
1 24 62 83 65 90 101 102 493 363 104 334 548 644 
1 24 62 83 65 90 101 102 493 363 104 334 548 644 
1 24 62 83 65 90 101 102 493 363 104 334 548 644 
1 24 62 83 65 90 101 102 493 363 104 334 548 644 
23 24 62 83 65 90 101 102 493 525 104 334 548 644 
23 24 62 83 65 90 101 102 493 525 104 334 548 644 
23 24 62 83 65 90 101 102 493 525 104 334 548 644 
23 24 62 83 65 90 101 102 493 525 104 334 548 644 
23 24 62 83 65 90 101 102 493 525 104 334 548 644 
23 24 62 83 65 90 101 102 493 525 104 334 548 644 
23 24 62 83 65 90 101 102 493 332 104 334 548 644 
23 24 62 83 65 90 101 102 493 332 104 334 548 644 
23 24 62 83 65 90 101 102 493 332 104 334 548 644 
23 24 62 83 65 90 101 102 493 332 104 334 548 644 
23 24 62 83 65 90 101 102 493 332 104 334 548 644 
23 24 62 83 65 90 101 102 493 332 104 334 548 644 
23 24 62 83 65 90 101 102 493 363 104 334 548 644 
23 24 62 83 65 90 101 102 493 363 104 334 548 644 
23 24 62 83 65 90 101 102 493 363 104 334 548 644 
23 24 62 83 65 90 101 102 493 363 104 334 548 644 
23 24 62 83 65 90 101 102 493 363 104 334 548 644 
23 24 62 83 65 90 101 102 493 363 104 334 548 644 
23 24 62 83 65 90 101 102 493 363 104 334 548 644 
23 24 62 83 65 90 101 102 493 363 104 334 548 644 
23 24 62 83 65 90 101 102 493 363 104 334 548 644 
23 24 62 83 65 90 101 102 493 363 104 334 548 644 
23 24 62 83 65 90 101 102 493 363 104 334 548 644 
23 24 62 83 65 90 101 102 493 363 104 334 548 644 
23 24 62 83 65 90 101 102 493 363 104 334 548 644 
