393 88 18 87 71 637 496 38 188 616 629 19 244 665 
24 383 26 46 569 57 477 160 77 89 16 101 595 646 
24 383 26 46 569 57 477 160 77 89 417 101 595 646 
393 88 18 87 71 637 496 290 605 38 188 616 629 665 
393 88 18 469 71 637 496 38 188 265 438 586 616 665 
24 566 26 46 569 57 477 208 77 93 16 101 393 646 
25 201 87 26 12 46 57 290 285 449 70 183 77 654 
2 430 38 18 294 12 14 491 25 465 71 623 642 662 
24 566 26 46 569 57 477 160 77 506 93 16 101 646 
9 59 87 12 417 14 66 142 442 71 458 208 586 662 
25 201 151 12 449 46 57 290 605 70 459 77 92 654 
2 430 38 18 294 12 14 491 25 465 71 623 642 662 
9 59 87 12 417 14 307 142 71 442 458 208 586 662 
13 426 637 114 88 87 326 283 458 455 265 594 586 665 
149 18 637 114 88 87 326 283 458 265 594 586 407 665 
2 426 637 448 319 12 14 332 324 458 577 586 591 662 
25 201 151 12 449 46 57 290 605 70 459 77 92 654 
327 18 527 9 12 417 283 142 442 458 265 268 586 662 
327 18 527 9 12 417 283 142 442 458 265 268 586 662 
149 18 37 9 185 243 496 336 442 142 611 417 283 662 
149 18 37 9 185 243 496 336 458 265 594 442 586 662 
149 18 37 9 185 243 496 336 442 265 594 586 142 662 
25 201 87 26 12 46 57 290 285 449 70 183 77 654 
13 426 637 114 88 87 326 283 458 455 265 594 586 665 
9 59 87 12 417 14 66 142 442 71 458 208 586 662 
149 18 37 9 185 243 496 336 442 142 611 417 283 662 
2 426 637 448 319 12 14 332 324 458 577 586 591 662 
24 399 26 46 569 57 477 160 77 89 16 101 595 646 
393 426 637 114 88 87 636 18 71 38 188 326 283 665 
24 566 26 46 569 57 477 208 77 93 16 101 393 646 
2 430 38 18 294 12 14 491 25 465 71 623 642 662 
393 88 18 87 71 637 372 38 188 616 265 438 586 665 
25 201 151 12 449 46 57 290 454 70 459 77 92 654 
149 18 37 9 185 243 496 336 442 265 594 586 142 662 
25 201 151 26 12 449 46 57 290 605 70 459 77 654 
13 426 637 114 88 87 326 283 458 265 594 586 142 665 
9 59 87 12 417 14 66 142 442 71 458 208 586 662 
149 37 637 18 319 9 185 243 496 336 442 142 611 662 
2 426 637 208 319 12 14 332 324 458 577 586 591 662 
24 383 26 46 569 57 477 160 77 89 16 101 595 646 
393 636 18 71 637 38 188 87 88 326 283 496 208 665 
24 566 26 46 569 57 477 208 77 93 16 101 150 646 
2 430 38 18 294 12 14 491 25 465 71 623 642 662 
393 88 161 637 336 87 496 38 188 265 438 586 71 665 
25 201 151 12 449 46 57 290 605 70 459 77 92 654 
149 18 37 9 185 243 496 336 442 265 594 586 142 662 
25 201 87 26 12 46 57 290 285 552 70 183 77 654 
13 426 637 114 88 87 326 283 160 265 594 586 142 665 
9 59 87 12 417 14 66 142 442 71 458 208 586 662 
149 18 37 9 185 243 496 336 442 142 611 417 283 662 
2 426 637 208 319 12 14 332 324 458 577 586 591 662 
24 399 26 46 569 57 477 160 77 89 16 101 595 646 
149 18 637 114 88 87 326 283 496 38 248 616 458 665 
24 566 26 46 569 57 477 208 77 93 16 101 393 646 
2 430 38 18 294 12 14 491 25 465 71 623 642 662 
393 88 18 87 71 637 496 38 188 265 438 586 616 665 
25 201 151 12 449 46 57 290 454 70 459 77 92 654 
149 18 576 9 185 243 496 336 442 265 594 586 142 662 
25 201 87 26 12 46 57 290 285 449 70 183 77 654 
13 426 637 114 88 87 326 283 458 455 594 586 142 665 
9 59 87 12 417 14 66 142 442 71 458 208 586 662 
393 18 37 9 185 243 496 336 442 142 611 402 71 662 
2 426 637 18 319 12 14 332 324 458 577 586 591 662 
24 383 26 46 569 57 477 160 77 89 16 101 595 646 
393 88 18 87 71 637 496 290 605 38 188 616 629 665 
24 566 26 46 569 57 477 208 77 93 16 101 393 646 
2 430 38 18 294 12 14 491 25 465 71 623 642 662 
149 18 637 379 88 87 326 283 458 265 594 586 19 665 
25 201 151 449 12 46 57 290 605 70 459 77 92 654 
149 18 37 9 185 243 496 336 442 265 594 586 142 662 
25 201 87 26 12 46 57 290 285 449 70 183 77 654 
13 426 637 114 88 87 326 283 458 265 594 586 142 665 
9 59 87 12 417 14 66 71 142 442 458 208 586 662 
149 426 637 114 88 118 37 9 185 243 496 336 442 662 
2 426 637 18 319 12 14 332 324 458 577 586 591 662 
24 383 26 46 569 57 477 160 77 89 16 101 595 646 
393 88 18 71 637 87 326 283 496 38 248 616 629 665 
24 566 26 46 569 57 477 208 77 93 16 101 393 646 
2 430 38 18 294 12 14 491 25 465 71 623 642 662 
393 88 18 87 71 637 496 38 188 265 438 586 616 665 
149 18 37 9 185 243 496 336 442 265 594 586 142 662 
25 201 87 26 12 46 57 290 285 449 70 183 77 654 
13 426 637 114 88 87 326 283 458 265 594 586 142 665 
59 87 71 9 12 417 14 66 142 442 458 208 586 662 
149 18 37 9 185 243 496 38 188 616 336 442 606 662 
2 426 637 18 319 12 14 332 324 458 577 586 591 662 
149 18 637 114 88 87 326 283 458 19 594 496 336 665 
24 566 26 46 569 57 477 208 77 93 16 101 393 646 
2 430 38 18 294 12 14 491 25 465 71 623 642 662 
393 88 18 87 71 637 496 38 188 265 438 586 616 665 
25 201 87 26 12 46 57 290 285 449 70 183 77 654 
13 426 637 114 88 87 326 283 458 265 594 586 142 665 
9 59 87 12 417 14 66 142 442 71 458 208 586 662 
2 426 637 208 319 12 14 332 324 458 577 586 591 662 
393 636 18 71 637 188 496 38 87 88 326 283 208 665 
24 566 26 46 569 57 477 208 77 93 16 101 393 646 
2 430 38 18 294 12 14 491 25 465 71 623 642 662 
393 88 18 71 261 38 188 283 458 87 265 594 586 665 
13 426 637 114 88 87 326 283 458 19 594 586 142 665 
9 59 87 12 417 14 66 142 442 71 458 208 586 662 
