184 50 188 430 97 103 106 37 307 88 264 569 167 662 
2 107 457 9 10 12 184 468 13 14 442 106 591 662 
299 107 457 9 10 12 184 468 13 14 442 8 586 662 
184 50 97 37 106 212 188 430 103 307 88 264 569 662 
299 107 457 9 10 12 586 468 474 426 442 106 591 662 
9 424 264 167 169 184 12 468 13 145 448 442 586 662 
55 359 164 430 37 136 307 500 212 50 468 348 588 662 
299 107 457 9 10 12 184 468 13 426 442 348 586 662 
471 468 457 9 169 511 318 167 7 145 448 442 586 662 
9 471 468 169 264 12 167 145 448 442 586 184 426 662 
468 169 264 9 471 12 146 7 448 167 145 442 586 662 
164 468 231 373 413 567 106 50 88 426 103 37 212 662 
299 107 457 9 10 12 586 468 13 426 442 106 591 662 
471 468 457 9 167 382 169 145 448 442 586 181 511 662 
184 468 169 9 264 7 448 426 442 413 354 37 175 662 
169 9 471 264 167 12 184 468 13 7 448 426 442 662 
184 324 9 471 479 169 198 181 7 490 426 442 185 662 
2 107 457 9 10 12 184 468 13 14 442 572 591 662 
2 107 457 9 10 12 184 468 13 14 442 572 591 662 
2 107 457 9 10 12 184 468 13 14 442 572 591 662 
2 107 457 9 10 12 114 468 13 14 442 572 591 662 
2 107 457 9 10 12 184 468 13 14 442 572 591 662 
2 107 457 9 10 12 184 468 13 14 442 572 591 662 
2 107 457 9 10 12 184 468 13 14 442 572 591 662 
2 107 251 9 10 12 184 468 13 14 442 572 591 662 
2 107 457 9 10 12 482 468 13 14 442 572 591 662 
2 107 457 9 10 12 184 468 13 14 442 572 591 662 
2 107 457 9 10 12 184 468 13 14 442 572 591 662 
2 107 457 9 10 12 184 468 13 14 442 572 591 662 
2 107 251 9 10 12 184 468 13 14 442 572 591 662 
2 107 457 9 10 12 184 468 13 14 442 572 591 662 
2 107 457 9 10 12 184 468 13 14 442 572 591 662 
2 107 457 9 10 12 184 468 13 14 442 572 591 662 
2 107 457 9 10 12 184 468 13 14 442 572 591 662 
2 107 457 9 10 12 184 468 13 14 442 572 591 662 
2 107 457 9 10 12 184 468 13 14 442 572 591 662 
2 107 457 9 10 12 184 468 13 14 442 572 591 662 
2 107 457 9 10 12 114 468 13 14 442 572 591 662 
2 107 457 9 10 12 184 468 13 14 442 572 591 662 
2 107 563 9 10 12 184 468 13 14 442 572 591 662 
2 107 457 9 10 12 184 468 13 14 442 572 591 662 
2 107 457 9 10 12 184 468 13 14 442 572 591 662 
2 107 457 9 10 12 184 468 13 14 442 572 591 662 
2 107 457 9 10 12 184 468 13 14 442 572 591 662 
2 107 457 9 10 12 184 468 13 14 442 572 591 662 
2 107 457 9 10 12 184 468 13 14 442 572 591 662 
2 107 457 9 10 12 184 468 13 14 442 572 591 662 
2 107 457 9 10 12 482 468 13 14 442 572 591 662 
2 107 457 9 10 12 184 468 13 14 442 572 591 662 
2 107 457 9 10 12 184 468 13 14 442 572 591 662 
2 107 457 9 10 12 184 468 13 14 442 572 591 662 
2 107 457 9 10 12 184 468 13 14 442 572 591 662 
2 107 251 9 10 12 184 468 13 14 442 572 591 662 
2 107 457 9 10 12 184 468 13 14 442 572 591 662 
2 107 457 9 10 12 404 468 13 14 442 572 591 662 
2 107 457 9 10 184 12 468 13 14 442 572 591 662 
2 107 457 9 10 12 184 468 13 14 442 572 591 662 
2 107 457 9 10 12 184 297 13 14 442 572 591 662 
2 107 457 9 10 12 184 468 13 14 442 572 591 662 
2 107 251 9 10 12 184 468 13 14 442 572 591 662 
2 107 457 9 10 12 184 468 13 14 442 572 591 662 
2 107 457 9 10 12 404 468 13 14 442 572 591 662 
2 107 457 9 10 12 184 468 13 14 442 572 591 662 
2 107 457 9 10 12 184 468 13 14 442 572 591 662 
2 107 457 9 10 12 184 468 13 14 442 572 591 662 
2 107 457 9 10 12 184 468 13 14 442 572 591 662 
2 107 457 9 10 12 184 468 13 14 442 572 591 662 
2 107 457 9 10 12 184 468 13 14 442 572 591 662 
2 107 457 9 10 12 184 468 13 14 442 572 591 662 
2 107 457 9 10 12 184 468 13 14 442 572 591 662 
2 162 457 9 10 12 184 468 13 14 442 572 591 662 
2 107 457 9 10 12 184 468 13 14 442 572 591 662 
2 107 457 9 10 12 184 468 13 14 442 572 591 662 
2 107 251 9 10 12 184 468 13 14 442 572 591 662 
2 107 457 9 10 12 184 468 13 14 442 572 591 662 
2 107 457 9 10 12 184 468 13 14 442 572 591 662 
2 148 457 9 10 12 184 468 13 14 442 572 591 662 
2 107 457 9 10 12 184 468 13 14 442 572 591 662 
2 107 457 9 10 12 184 468 13 14 442 572 591 662 
2 107 457 9 10 12 184 468 13 14 442 572 591 662 
2 107 457 9 10 12 184 468 13 14 442 572 591 662 
2 107 457 9 10 12 184 468 13 14 442 572 591 662 
2 107 457 9 10 12 184 468 13 14 442 572 591 662 
2 254 457 9 10 12 184 468 13 14 442 572 591 662 
2 107 457 9 10 12 184 468 13 14 442 572 591 662 
2 107 457 9 10 12 184 468 13 14 442 572 591 662 
2 107 251 9 10 12 184 468 13 14 442 572 591 662 
2 107 457 9 10 12 184 468 13 14 442 572 591 662 
2 107 253 9 10 12 184 468 13 14 442 572 591 662 
2 107 533 9 10 12 184 468 13 14 442 572 591 662 
2 107 251 9 10 12 184 468 13 14 442 572 591 662 
2 107 457 9 10 12 184 468 13 14 442 572 591 662 
2 107 457 9 10 12 184 468 13 14 442 572 591 662 
2 107 457 9 10 12 184 468 13 14 442 572 591 662 
2 107 457 9 10 12 184 468 13 14 442 572 591 662 
2 107 457 9 10 12 184 468 13 14 442 572 591 662 
2 107 251 9 10 12 184 468 13 14 442 572 591 662 
2 107 457 9 10 12 184 468 13 14 442 572 591 662 
2 107 38 9 10 12 184 468 13 14 442 572 591 662 
2 107 457 9 10 12 184 468 13 14 442 572 591 662 
