2 13 65 643 11 361 247 220 126 57 7 3 62 676 
170 180 590 369 2 481 643 256 491 131 13 558 9 317 671 
67 39 55 162 140 59 1 507 273 70 495 51 602 676 
104 519 287 195 351 472 364 2 589 441 466 618 546 645 
71 452 148 506 482 425 326 231 37 415 226 342 480 672 
71 584 542 442 85 619 362 470 5 634 237 192 607 648 
241 45 3 57 526 559 171 282 254 264 178 311 388 676 
104 237 643 424 239 265 506 277 299 558 184 84 50 644 
643 611 576 586 199 413 604 541 126 313 49 375 191 670 
3 386 276 531 285 643 438 183 355 540 519 489 567 648 
34 430 286 14 343 60 352 77 448 363 466 140 524 676 
102 103 19 512 348 612 101 643 175 189 553 62 643 668 
100 643 625 417 459 367 217 309 552 600 50 501 426 675 
58 28 75 6 69 80 396 153 416 60 626 622 531 676 
9 227 24 27 238 25 497 62 52 128 12 68 174 676 
296 68 104 485 121 34 170 643 62 70 30 102 75 676 
643 35 58 237 78 187 89 211 304 57 111 224 521 676 
