320 4 23 27 44 65 477 518 240 368 465 306 615 652 
166 275 38 306 237 85 297 491 339 616 125 320 410 130 675 
320 4 23 27 44 65 477 518 240 368 465 306 615 652 
166 275 38 306 237 85 297 491 339 616 125 320 410 130 675 
166 383 38 306 353 491 237 85 294 275 151 232 313 591 675 
320 4 23 27 44 65 477 518 240 153 465 306 615 166 652 
320 4 275 38 430 23 27 44 65 477 289 240 615 644 
320 4 187 27 362 66 339 357 44 65 240 289 615 644 
320 4 275 38 306 23 27 44 65 477 289 240 615 644 
320 4 187 27 362 66 339 616 44 65 240 289 615 644 
320 4 187 27 362 433 339 154 44 65 240 289 615 644 
565 4 306 27 160 187 44 175 138 375 240 615 362 644 
320 4 309 27 191 65 231 367 91 240 615 276 166 644 
320 457 433 27 164 480 62 469 249 638 16 642 332 662 
166 231 38 383 353 491 237 306 339 85 151 332 313 591 675 
166 275 38 320 410 591 306 237 85 297 491 339 504 675 
166 27 4 511 306 235 85 358 339 151 332 277 591 662 
320 457 433 27 164 480 62 469 249 12 16 642 332 662 
320 4 23 27 44 65 477 518 240 153 465 306 615 166 652 
388 511 306 27 362 85 118 339 125 313 151 332 591 675 
320 4 539 482 306 367 477 636 91 276 518 240 615 644 
458 467 164 202 62 469 174 12 339 642 518 504 591 662 
166 164 38 320 410 616 477 518 125 51 12 256 615 479 662 
166 275 116 306 237 71 222 297 384 131 332 313 591 675 
320 4 187 362 433 339 27 44 65 616 289 240 615 644 
320 4 187 27 44 362 65 433 339 616 289 240 615 50 644 
320 4 306 27 367 482 477 94 91 240 615 276 518 644 
320 4 160 27 191 65 231 367 352 276 77 240 615 644 
320 4 306 27 367 482 477 636 91 276 518 240 615 644 
320 4 187 27 362 433 411 44 65 616 289 240 615 50 644 
320 4 306 27 367 482 477 240 155 247 85 518 615 644 
320 4 27 482 306 367 477 240 155 620 85 518 615 644 
320 4 187 27 44 175 142 306 375 240 615 577 629 166 644 
320 4 160 27 191 65 231 367 352 276 77 240 615 644 
320 457 433 27 164 480 62 469 249 12 16 642 332 662 
320 4 539 482 306 367 198 636 91 240 615 276 518 644 
483 511 306 320 4 27 38 85 114 329 100 240 615 644 
320 4 309 27 191 65 231 367 91 240 615 276 352 644 
166 511 27 306 237 85 362 182 339 151 332 125 313 591 675 
166 511 27 306 237 85 362 182 339 151 332 125 313 591 675 
166 164 38 320 410 616 125 51 12 256 615 479 591 662 
320 4 187 27 44 175 142 306 375 240 615 577 629 166 644 
166 164 38 320 410 616 125 51 12 256 615 479 591 662 
166 27 4 511 306 235 85 358 339 151 332 277 591 662 
458 511 397 306 237 85 297 251 340 339 151 332 313 591 675 
166 164 38 320 410 616 477 518 125 51 12 256 615 479 662 
166 275 38 306 237 71 222 297 384 131 332 313 591 675 
458 467 164 202 62 469 174 12 339 642 518 504 591 662 
388 511 306 27 362 85 118 339 151 332 125 313 591 675 
166 275 38 320 164 410 616 125 51 12 413 615 479 591 662 
320 4 27 482 306 367 477 240 155 620 85 518 615 644 
320 4 160 27 187 44 175 142 306 375 240 615 362 644 
336 4 306 27 556 85 321 432 482 557 518 240 615 644 
166 164 38 320 379 616 125 51 12 256 483 479 591 662 
483 4 306 27 511 320 38 85 114 329 100 240 615 644 
320 4 27 482 306 367 477 155 247 85 240 615 193 644 
166 275 38 320 164 410 616 224 51 12 413 615 479 591 662 
320 4 27 482 306 367 477 240 155 38 85 157 615 644 
320 4 27 482 306 367 477 240 155 247 85 518 615 644 
166 275 38 320 410 591 306 237 85 297 491 339 504 675 
166 383 38 306 353 491 237 85 294 275 151 232 313 591 675 
40 164 38 320 379 616 125 51 12 256 483 479 591 662 
320 4 309 27 191 65 231 367 91 240 615 276 166 644 
320 4 309 27 191 65 231 367 91 240 615 276 352 644 
320 4 539 482 306 27 367 240 155 38 85 157 615 644 
320 4 306 27 367 482 477 94 91 240 615 276 518 644 
320 4 27 482 306 367 477 240 155 247 85 395 615 644 
336 4 306 27 556 85 321 432 482 557 518 240 615 644 
320 4 306 27 367 482 477 636 91 276 518 240 615 644 
320 4 23 27 44 65 477 518 240 368 465 306 615 652 
166 275 38 306 237 85 297 491 339 616 125 320 410 130 675 
320 4 275 562 178 23 27 44 65 477 289 240 615 644 
320 4 187 27 362 66 339 616 44 65 240 289 615 644 
320 4 187 27 362 433 339 616 44 65 240 289 615 644 
320 4 187 27 362 433 339 44 65 616 184 240 615 50 644 
320 4 160 27 191 65 231 367 352 276 77 240 615 644 
320 4 539 482 306 367 477 636 91 276 518 240 615 644 
166 511 27 306 237 85 362 182 339 151 332 125 313 591 675 
320 4 187 27 44 175 142 306 375 240 615 160 362 433 644 
166 164 38 320 410 616 125 51 12 256 615 479 591 662 
166 27 4 511 306 235 85 358 40 131 332 277 591 662 
166 231 38 383 353 491 237 306 339 85 151 332 313 591 675 
166 164 38 320 410 616 477 518 125 51 12 256 615 479 662 
458 511 397 306 251 85 340 339 151 332 313 591 320 675 
458 467 164 202 62 469 174 12 339 642 518 504 591 662 
388 511 306 27 362 85 118 339 151 332 125 313 591 675 
320 4 27 482 306 367 477 240 155 620 85 518 615 644 
320 4 306 27 160 187 44 175 138 375 240 615 362 644 
483 511 306 320 4 27 567 85 114 329 100 240 615 644 
166 275 38 320 164 410 616 224 51 12 413 615 279 591 662 
320 4 27 482 306 367 477 240 155 247 85 518 615 644 
166 275 38 320 410 591 306 237 85 297 491 339 504 675 
166 383 38 306 353 491 237 85 294 275 151 232 313 591 675 
166 164 38 320 410 616 125 51 12 256 483 479 591 662 
320 4 306 27 309 191 65 231 367 91 240 615 276 644 
320 4 575 27 191 65 231 367 91 240 615 276 352 644 
320 4 27 482 306 367 477 240 155 38 85 157 615 644 
320 4 306 27 367 482 477 94 91 240 615 276 518 644 
320 4 306 27 482 367 477 155 247 85 240 615 193 644 
336 4 306 27 556 85 321 432 482 557 518 240 615 644 
