419 545 561 641 511 268 609 467 248 433 629 468 339 372 651 
140 24 405 23 66 589 89 336 101 102 239 517 570 644 
140 24 405 23 66 589 89 336 101 102 239 517 570 644 
210 205 561 419 545 641 511 268 609 467 248 433 629 468 651 
419 545 561 641 202 61 108 467 248 348 279 618 337 239 511 660 
140 24 405 66 90 278 336 101 102 239 517 570 627 644 
210 24 23 66 618 122 148 101 102 422 104 239 558 660 
140 24 405 66 90 278 336 101 102 239 517 570 627 644 
140 24 231 66 618 37 101 102 105 123 131 104 239 546 559 660 
598 101 193 278 104 564 105 629 123 546 558 517 559 660 
140 24 439 66 618 123 37 101 102 105 104 239 546 660 
210 205 561 24 23 66 279 122 148 101 102 422 104 239 558 660 
449 104 511 105 564 131 123 546 558 88 50 126 559 660 
598 101 193 145 104 239 105 123 576 546 558 114 278 131 660 
598 101 193 145 104 564 105 239 123 131 546 558 50 559 660 
210 205 24 23 66 618 122 148 101 102 422 104 239 558 660 
210 205 24 23 66 618 122 148 101 102 422 104 239 558 660 
419 545 561 383 202 248 395 528 123 467 459 239 365 108 348 660 
419 545 561 641 348 279 202 248 61 467 108 239 511 372 660 
210 136 474 105 104 224 239 123 576 546 558 114 564 285 660 
140 354 23 66 515 58 102 336 101 15 104 239 570 660 
419 545 561 641 202 61 108 467 248 348 279 618 337 239 511 660 
419 545 561 361 104 224 239 123 528 88 576 546 558 660 
598 101 193 641 104 145 564 105 239 123 131 546 558 50 559 660 
598 101 193 145 104 564 105 629 123 546 558 517 559 660 
419 545 561 383 202 641 104 224 239 382 576 546 558 511 268 660 
140 104 348 350 557 564 239 123 528 88 131 175 558 660 
210 136 474 104 224 239 105 131 145 123 576 546 558 660 
210 24 23 66 618 122 148 101 102 422 104 239 558 660 
598 101 193 641 104 145 564 105 571 123 131 546 558 50 559 660 
419 545 561 61 202 641 104 224 239 108 467 248 348 279 618 660 
419 545 561 641 248 433 289 629 468 123 268 312 528 239 660 
419 113 561 641 104 105 123 224 239 564 576 546 558 385 559 660 
364 101 193 145 104 239 105 131 123 546 558 576 114 660 
140 104 348 350 105 564 239 123 528 88 131 175 558 660 
419 545 561 361 104 224 239 123 576 546 558 248 99 354 660 
419 545 561 641 104 224 239 382 248 348 279 576 181 558 511 660 
419 113 561 641 104 105 123 224 239 564 576 546 558 385 559 660 
598 618 193 641 104 239 105 131 145 564 123 546 558 660 
210 545 561 289 202 104 224 239 348 123 528 285 558 660 
419 545 561 202 104 361 224 239 123 629 546 558 248 99 660 
140 104 348 350 105 564 239 123 528 88 131 175 558 660 
210 205 561 202 104 224 576 528 123 601 108 239 88 348 285 660 
419 545 338 361 104 641 348 248 61 467 108 279 303 239 660 
210 205 561 202 104 564 224 239 123 528 88 348 285 558 660 
140 24 474 66 618 123 37 101 102 105 104 239 546 660 
419 113 561 641 104 105 224 239 123 131 546 558 50 564 660 
419 545 561 361 104 224 239 123 528 88 576 546 558 660 
210 545 561 202 104 224 239 123 528 88 348 170 285 660 
598 101 193 145 104 105 123 224 564 239 131 546 558 50 559 660 
140 354 23 66 515 58 102 336 101 15 104 239 570 660 
419 545 561 641 104 224 239 382 248 348 558 114 279 576 660 
210 205 561 202 104 224 348 123 528 285 281 170 564 239 660 
210 205 561 202 224 123 148 88 348 285 104 239 558 660 
140 561 361 210 506 202 104 504 239 285 558 248 348 350 660 
598 101 193 145 104 564 105 239 123 131 546 558 50 210 660 
210 205 561 289 202 104 224 239 348 123 528 285 558 385 660 
210 205 561 202 104 224 239 123 248 433 528 122 348 170 660 
419 545 561 361 104 641 248 61 528 123 467 108 239 207 660 
598 101 193 145 104 564 105 239 123 131 546 558 50 559 660 
419 545 561 361 104 248 61 528 123 467 108 239 114 447 558 660 
210 205 561 202 104 224 419 361 545 504 239 285 558 660 
419 581 561 210 545 202 104 224 239 123 528 88 348 170 285 660 
449 104 511 105 564 131 123 546 558 88 50 126 559 660 
419 545 561 202 104 224 239 361 641 248 61 528 123 660 
598 101 193 145 104 564 105 239 123 131 546 558 50 660 
205 561 361 210 506 202 104 248 61 528 123 224 239 40 660 
419 545 561 61 202 641 104 210 205 224 239 123 528 88 348 660 
210 545 561 202 104 224 239 123 528 88 348 170 285 660 
598 101 397 641 104 145 564 105 571 123 131 546 558 50 559 660 
561 202 104 210 545 224 511 380 543 348 279 504 239 528 88 660 
419 545 338 361 104 641 348 248 61 467 108 279 303 239 660 
210 205 561 24 23 66 618 122 148 101 102 297 104 239 558 660 
419 545 561 383 202 641 104 224 239 382 576 546 558 511 268 660 
419 545 561 361 104 641 127 61 123 467 108 528 239 207 558 660 
419 545 561 202 104 136 224 239 382 248 348 558 114 660 
419 338 561 641 248 433 289 629 468 123 268 312 528 239 660 
419 545 561 383 202 248 395 528 123 467 459 239 365 108 348 660 
210 205 561 361 104 248 61 528 123 202 224 239 122 348 170 660 
419 545 338 361 104 641 239 123 348 248 61 467 108 660 
419 545 561 641 348 279 202 248 61 467 108 239 511 372 660 
419 545 561 641 511 268 609 467 248 433 629 468 339 372 651 
140 24 405 66 90 278 336 101 102 239 517 570 627 644 
140 24 439 66 618 123 37 101 102 105 104 239 546 660 
598 101 193 145 104 564 105 131 123 546 558 517 559 660 
419 545 561 641 202 61 108 467 248 348 279 618 337 239 511 660 
419 113 561 641 104 105 123 224 239 564 576 546 558 385 559 660 
598 618 193 641 104 239 105 131 145 564 123 546 558 660 
419 545 561 202 104 361 224 239 123 528 88 576 546 558 660 
210 136 474 105 104 224 239 123 576 546 558 114 564 285 660 
140 104 348 350 339 564 239 123 528 88 131 546 558 660 
364 101 193 641 104 145 239 105 131 123 546 558 576 114 559 660 
140 354 23 66 515 58 102 336 101 15 104 239 570 660 
210 205 561 202 104 224 239 123 528 88 348 285 558 660 
419 561 361 210 545 202 104 504 239 285 558 248 61 99 660 
598 101 193 145 104 564 105 239 123 131 546 558 50 210 660 
210 205 561 202 104 224 239 123 576 528 88 348 285 558 660 
210 205 561 202 104 618 122 148 224 239 123 528 348 170 660 
598 101 193 145 104 564 105 239 123 131 546 558 50 559 660 
449 104 511 105 564 131 123 546 558 88 50 126 559 660 
