11 26 21 84 20 63 98 311 120 143 39 522 572 647 
11 26 21 59 443 63 497 84 360 555 66 101 568 647 
11 26 21 59 443 63 497 84 345 555 141 101 568 647 
3 71 633 11 354 121 23 393 220 45 140 467 83 654 
37 140 563 182 356 383 323 112 225 104 401 336 239 559 660 
11 26 59 21 443 63 497 84 360 555 631 101 568 647 
102 428 105 447 501 104 639 556 473 239 559 61 633 660 
11 26 358 84 20 63 98 311 24 143 39 522 572 647 
310 633 639 356 323 105 383 104 556 354 239 559 578 557 660 
11 26 59 346 347 63 71 84 499 555 65 101 568 647 
310 633 639 356 323 105 383 104 556 354 239 559 578 557 660 
11 26 21 103 20 62 493 311 24 143 369 522 572 647 
11 26 21 91 20 63 98 590 363 143 369 522 572 647 
3 71 633 11 354 121 23 477 33 239 7 62 45 654 
3 71 633 11 354 121 23 393 33 45 140 467 83 654 
11 26 59 21 443 63 497 84 360 555 631 101 568 647 
11 26 196 84 20 63 98 311 24 143 39 522 572 647 
11 26 113 346 443 63 434 84 313 555 65 101 568 647 
11 26 21 91 20 63 98 311 363 143 369 522 572 647 
11 26 196 84 20 63 98 311 24 143 39 522 572 647 
3 71 633 11 354 121 23 99 33 239 7 62 45 654 
11 26 21 103 20 63 493 311 24 143 369 522 572 647 
11 26 21 103 20 63 493 311 24 143 369 522 572 647 
11 26 21 59 443 63 349 84 360 555 333 101 568 647 
310 633 105 639 356 104 401 383 323 287 611 239 559 578 660 
11 26 21 59 443 63 497 84 360 555 66 101 568 647 
11 26 21 91 20 63 98 590 363 143 369 522 572 647 
310 633 105 639 356 254 354 383 104 239 444 559 578 660 
37 38 630 3 13 104 452 315 29 239 7 62 559 654 
310 136 639 323 587 354 184 383 104 239 559 356 578 660 
310 633 639 356 323 383 104 556 354 239 559 578 491 557 660 
11 26 21 91 20 63 493 311 24 143 369 522 572 647 
11 26 59 346 443 236 71 84 96 555 133 101 568 647 
11 26 59 346 443 63 434 84 313 555 65 101 568 647 
11 26 71 91 20 63 98 311 294 143 369 522 572 647 
11 26 71 91 20 63 98 311 294 143 369 522 572 647 
11 26 59 346 347 63 71 84 499 555 65 101 568 647 
11 26 21 84 20 63 98 24 242 39 311 101 522 647 
310 633 639 356 323 196 225 300 354 383 104 239 184 578 660 
37 140 563 182 356 383 323 112 225 104 401 336 239 559 660 
310 633 105 639 356 323 354 383 104 239 444 559 578 660 
310 633 105 639 356 383 323 556 611 104 239 559 578 606 660 
11 26 21 84 20 63 98 24 242 39 311 101 522 647 
310 633 639 323 587 354 184 383 104 239 559 356 578 660 
310 633 578 356 323 399 354 491 383 104 511 140 239 606 660 
11 26 21 91 20 63 431 311 24 143 542 522 572 647 
310 633 639 356 323 587 354 383 104 239 184 578 491 660 
310 633 639 356 323 383 104 556 354 239 559 578 491 557 660 
11 26 59 346 443 236 71 84 345 555 133 101 568 647 
37 354 128 563 399 196 225 383 104 239 511 140 559 356 660 
11 26 21 59 443 63 349 84 360 555 333 101 568 647 
11 26 21 91 20 63 431 311 24 143 542 522 572 647 
310 633 105 639 328 556 354 491 383 104 356 239 559 578 660 
310 633 105 639 356 383 323 104 556 354 239 559 578 660 
37 140 563 182 366 225 104 401 336 239 559 248 383 660 
11 26 21 91 20 63 98 311 363 143 369 522 572 647 
11 26 21 91 20 63 493 311 24 143 369 522 572 647 
11 26 21 59 443 63 497 84 345 555 390 101 568 647 
310 633 639 356 323 587 354 383 104 239 184 578 491 660 
11 26 59 346 443 236 71 84 345 555 133 101 568 647 
37 38 630 3 13 104 452 315 29 239 7 62 559 654 
310 633 105 639 356 383 323 104 556 354 239 559 578 660 
310 633 356 383 516 104 639 556 473 354 239 559 578 660 
310 633 639 356 383 323 104 556 354 239 184 578 491 660 
310 633 639 356 383 323 104 556 354 239 559 578 491 660 
37 140 563 182 366 225 104 401 354 239 559 248 383 660 
310 633 639 356 383 323 104 556 354 239 184 578 491 660 
37 38 630 3 13 104 452 315 482 239 7 62 559 654 
3 71 633 11 354 121 23 13 33 239 7 62 45 654 
11 26 21 91 20 63 98 311 24 143 369 522 572 647 
11 26 21 59 443 63 497 84 360 555 333 101 568 647 
37 38 630 3 13 104 452 315 482 239 7 62 559 654 
11 26 21 59 443 63 497 84 345 555 390 101 568 647 
11 26 21 59 443 63 497 84 360 555 333 101 568 647 
11 26 21 91 20 63 98 311 24 143 369 522 572 647 
3 71 633 11 354 121 23 13 33 239 7 62 45 654 
11 26 21 59 443 63 497 84 414 555 390 101 568 647 
310 633 105 447 501 104 284 556 354 557 52 239 559 660 
11 26 21 59 443 63 497 84 414 555 469 101 568 647 
310 428 105 447 501 104 639 556 473 239 559 61 633 660 
310 633 578 356 383 323 104 556 354 491 511 140 239 606 660 
310 633 105 447 501 104 639 556 473 239 559 356 383 660 
310 633 578 356 383 323 104 556 354 491 511 140 239 606 660 
310 633 639 356 323 556 354 491 383 104 140 239 184 557 660 
310 633 335 447 501 356 383 323 104 556 354 239 184 557 660 
37 38 630 3 13 104 401 452 482 239 7 62 559 654 
310 633 105 447 501 104 284 556 354 557 52 239 559 660 
37 38 630 3 13 104 401 452 482 239 7 62 559 654 
11 26 21 84 20 63 98 311 24 143 39 522 572 647 
11 26 21 84 20 63 98 311 24 143 39 522 572 647 
37 354 639 356 633 529 71 563 383 491 104 140 239 660 
37 354 633 529 71 563 356 383 491 104 140 239 399 660 
37 354 140 563 206 366 225 356 383 97 329 3 149 661 
37 430 140 563 206 121 225 356 248 337 97 329 3 661 
37 354 128 563 399 196 225 356 383 104 140 239 97 38 660 
37 354 128 563 399 196 225 356 383 104 140 239 97 38 660 
37 354 140 563 399 366 225 248 383 97 329 371 483 661 
37 354 140 563 594 121 225 248 383 97 329 371 483 661 
37 354 140 563 206 366 225 356 383 97 38 630 306 661 
37 354 140 563 206 366 225 248 383 97 329 371 483 661 
