185 615 114 107 169 196 119 106 477 293 71 164 385 662 
185 9 114 107 169 196 119 117 106 586 71 477 164 662 
119 196 117 9 13 317 114 160 67 413 442 310 591 662 
117 114 119 106 107 417 477 416 169 285 210 71 196 657 
397 9 114 117 10 468 13 58 340 67 77 139 642 662 
185 615 107 169 196 317 114 119 106 477 293 71 164 662 
59 107 114 117 9 13 317 320 67 413 442 196 591 662 
185 477 196 9 114 107 225 117 106 586 71 442 591 662 
397 117 114 107 169 38 9 3 13 99 442 591 588 662 
196 114 169 387 119 106 417 477 562 425 414 107 416 657 
196 114 169 387 276 417 477 119 71 164 491 210 240 657 
117 411 169 387 276 119 417 114 107 477 285 210 71 657 
185 615 114 107 169 196 119 106 477 293 71 164 385 662 
119 117 196 9 264 3 13 114 99 332 442 16 591 662 
397 117 107 9 196 3 13 114 145 169 442 591 37 662 
185 615 114 107 169 196 119 106 477 293 71 164 385 662 
59 107 114 117 9 13 317 320 67 413 442 196 591 662 
119 107 117 9 13 317 114 320 67 413 442 196 591 662 
119 117 196 9 317 13 114 10 67 413 442 310 591 662 
119 117 107 9 13 317 114 320 67 413 442 196 591 662 
185 477 196 9 114 117 106 586 71 169 442 591 164 662 
119 107 117 9 13 317 114 320 67 413 442 196 591 662 
397 117 641 9 264 3 13 114 99 332 442 169 591 662 
397 9 114 117 10 3 13 58 340 67 77 139 642 662 
62 445 263 90 267 93 101 238 185 465 547 568 404 662 
196 114 169 387 276 417 477 119 71 164 491 210 240 657 
397 117 114 196 9 3 13 446 99 169 442 591 588 662 
196 114 169 387 276 417 164 477 119 71 491 210 240 657 
397 117 196 9 264 3 13 55 99 332 442 169 591 662 
397 117 114 9 169 196 107 99 3 13 442 591 588 662 
397 117 114 9 3 13 196 107 99 169 442 591 588 662 
119 117 196 9 13 317 114 10 67 413 442 310 591 662 
119 117 196 9 264 3 13 114 99 332 442 16 591 662 
397 117 196 9 264 3 13 114 99 332 442 169 591 662 
196 114 169 387 276 119 417 377 71 164 491 210 240 657 
119 117 196 9 13 317 114 160 67 413 442 310 591 662 
119 117 196 9 13 317 114 10 67 413 442 310 591 662 
196 114 169 387 119 106 417 477 562 425 414 107 416 657 
196 114 169 387 584 342 417 477 119 71 285 210 491 657 
196 114 169 387 562 417 425 414 106 107 477 416 285 657 
397 9 114 117 10 3 13 58 340 67 77 139 642 662 
119 117 114 107 169 196 9 106 38 332 442 417 586 662 
119 616 196 9 114 13 317 10 67 413 442 310 591 662 
397 114 169 387 584 342 417 477 119 71 285 117 107 657 
397 117 114 9 196 107 99 3 13 169 442 591 588 662 
196 114 169 387 584 342 417 477 119 71 285 210 491 657 
119 117 196 9 13 317 114 10 67 413 442 310 591 662 
196 114 169 387 562 417 425 414 106 107 477 416 285 657 
196 114 169 387 276 417 477 119 71 164 491 210 240 657 
397 117 114 9 3 13 196 107 99 169 442 591 588 662 
196 114 169 387 276 417 425 106 107 477 285 210 478 657 
196 119 106 114 107 417 477 169 387 276 425 251 285 657 
397 117 196 9 264 3 13 114 99 332 442 169 591 662 
196 114 169 387 276 342 417 477 119 71 285 210 491 657 
119 117 9 114 107 169 196 289 38 293 442 417 586 662 
196 114 169 387 276 342 417 477 119 71 285 210 491 657 
119 117 114 196 9 107 137 38 293 169 442 417 586 662 
196 114 169 387 276 417 477 119 71 164 491 210 240 657 
119 117 114 196 9 107 137 38 293 169 442 417 586 662 
119 9 114 107 117 196 289 38 293 169 442 417 586 662 
119 117 114 196 9 107 137 38 293 169 442 417 586 662 
119 9 114 107 117 196 289 38 293 169 442 417 586 662 
119 117 196 9 13 235 114 10 67 413 442 310 591 662 
119 117 114 107 169 196 9 106 38 332 442 417 586 662 
196 114 169 387 276 417 425 251 107 477 285 210 478 657 
119 9 633 117 107 169 196 106 38 332 442 417 586 662 
119 9 114 117 107 169 196 106 38 332 442 417 586 662 
196 114 169 387 276 342 417 477 119 71 285 210 491 657 
119 117 114 107 169 196 9 106 38 332 442 417 586 662 
196 114 169 387 276 417 477 119 71 164 491 210 240 657 
119 117 114 107 169 196 9 106 38 332 442 417 586 662 
397 9 114 275 169 196 117 3 13 107 99 442 591 662 
397 117 9 196 3 13 114 107 99 169 442 591 37 662 
397 117 114 107 169 196 9 13 37 38 291 442 591 662 
397 9 3 13 114 196 117 107 99 169 442 591 412 662 
397 117 114 107 169 196 9 13 37 38 291 442 591 662 
397 117 9 196 3 13 114 107 99 169 442 591 37 662 
185 9 114 107 169 196 119 106 477 71 164 394 586 662 
185 9 114 107 169 196 119 106 477 71 164 394 586 662 
397 117 196 9 114 107 169 13 37 38 291 442 591 662 
397 117 196 9 114 107 169 13 37 38 291 442 591 662 
397 117 9 114 107 169 196 13 37 38 291 442 591 662 
185 9 114 107 169 196 119 106 477 71 164 210 586 662 
185 477 196 9 114 169 117 106 586 71 164 491 275 662 
397 117 9 196 3 13 114 107 99 169 442 591 412 662 
397 117 196 9 114 107 169 633 183 439 442 417 586 662 
397 117 114 107 169 196 9 13 37 38 291 442 591 662 
397 117 114 107 169 196 9 633 210 439 442 417 586 662 
397 117 114 107 169 196 9 633 210 439 442 417 586 662 
185 9 114 107 169 196 119 106 477 71 164 394 586 662 
397 117 114 107 169 196 9 633 210 439 442 417 586 662 
397 117 114 107 169 196 9 633 210 439 442 417 586 662 
397 117 196 9 114 107 633 169 210 439 442 417 586 662 
185 9 114 107 169 196 119 106 477 71 164 210 586 662 
117 119 106 114 107 417 477 285 169 210 71 439 196 657 
196 114 119 106 107 417 477 416 169 285 210 71 314 657 
117 119 106 114 107 417 477 416 169 210 71 439 196 657 
196 114 107 169 119 106 417 477 285 210 71 314 38 657 
196 119 106 114 107 417 477 285 169 210 71 314 38 657 
117 119 106 114 107 417 477 285 169 210 71 439 196 657 
