303 377 12 497 294 67 52 40 4 454 77 523 385 676 
234 78 312 132 564 217 104 68 274 465 513 589 468 676 
535 643 109 237 462 148 355 389 278 362 223 81 141 85 669 
296 643 334 2 199 300 319 139 540 110 15 590 503 14 69 671 
2 200 152 118 540 188 14 518 9 10 3 510 374 671 
137 15 201 445 255 612 286 13 9 7 493 465 617 676 
234 24 96 77 12 29 281 525 451 273 285 159 185 676 
108 73 9 141 387 580 442 177 308 286 299 129 519 55 2 403 197 150 671 
36 56 103 55 45 27 91 589 335 240 626 566 27 676 
134 317 422 265 643 225 402 377 132 88 31 108 38 670 
181 643 62 200 4 214 12 46 25 66 70 527 11 676 
159 440 39 53 352 558 440 247 595 521 531 178 230 676 
643 46 25 389 47 65 557 61 154 60 6 4 502 676 
305 643 293 515 182 77 2 29 14 11 83 253 258 676 
47 155 90 28 72 102 219 144 80 400 393 583 626 673 
66 398 465 357 65 89 93 532 483 444 588 391 570 676 
50 260 187 226 392 106 117 132 385 43 362 108 263 19 252 659 
103 120 11 105 603 118 459 138 60 36 526 155 627 676 
296 72 94 124 412 610 541 110 179 13 254 274 7 676 
112 240 508 157 220 470 249 126 29 346 2 12 207 669 
