40 197 594 421 97 304 194 630 8 123 18 251 88 129 484 479 658 
2 10 25 57 65 214 66 77 482 98 120 83 464 644 
87 88 574 418 594 97 194 630 8 123 18 251 197 421 304 397 658 
2 10 25 57 244 474 66 288 77 459 83 120 606 644 
590 88 574 418 594 97 194 630 8 123 18 251 403 212 4 619 658 
2 10 25 57 401 416 576 77 197 66 83 120 464 644 
2 10 25 57 65 474 66 77 171 83 85 120 464 644 
2 10 25 576 57 4 130 66 65 77 561 83 120 644 
590 88 574 421 97 304 584 630 8 123 418 594 633 129 234 197 658 
2 10 576 606 57 474 66 77 171 83 187 130 120 644 
2 10 25 57 21 65 93 77 536 18 83 120 464 644 
2 10 25 57 21 65 93 567 482 98 120 363 464 644 
2 10 25 57 576 326 77 459 83 120 464 630 267 644 
40 421 515 123 104 88 251 18 82 356 252 536 551 239 646 
2 10 25 57 21 260 93 77 83 120 464 147 482 644 
2 567 10 4 76 57 77 576 66 83 120 240 197 644 
2 10 25 57 576 326 459 66 287 197 83 120 464 644 
40 123 240 630 576 4 363 197 615 120 104 88 252 644 
630 4 329 123 167 377 77 245 197 120 250 240 185 644 
2 10 279 57 65 4 77 197 66 83 120 240 576 644 
250 10 123 630 4 160 77 197 51 240 615 120 104 644 
40 615 120 123 104 88 197 252 536 18 251 327 239 644 
40 88 574 418 594 97 194 630 8 123 18 251 403 212 4 619 658 
2 4 10 76 77 99 240 615 120 81 37 123 250 644 
40 123 630 240 576 363 197 615 120 104 88 252 536 644 
40 421 120 123 104 88 251 18 82 356 342 536 327 239 646 
40 421 155 123 104 88 197 252 536 18 251 327 239 644 
2 10 4 77 123 630 240 81 619 120 576 197 252 644 
2 10 25 57 576 4 77 197 83 120 240 185 130 644 
2 300 10 4 76 141 77 197 250 335 576 83 120 644 
2 4 10 77 250 421 123 99 120 576 240 363 197 644 
2 300 10 299 57 4 77 197 250 83 120 576 240 644 
2 300 10 4 76 160 77 197 250 120 240 185 335 644 
2 10 4 123 308 416 576 77 240 81 83 197 120 644 
40 421 503 123 104 88 536 18 251 197 252 327 239 646 
2 300 10 299 57 4 77 197 250 81 37 283 120 644 
2 10 4 77 123 630 240 81 83 197 120 619 576 644 
2 10 25 57 21 65 93 77 482 98 120 184 464 644 
2 4 10 77 250 421 630 363 123 117 197 234 120 644 
2 10 4 76 416 57 214 77 197 250 83 120 160 644 
2 10 576 606 57 187 130 66 120 290 40 421 630 644 
2 10 25 529 606 57 187 130 66 120 290 40 421 644 
40 123 240 625 576 4 363 197 615 120 421 49 104 644 
250 10 123 630 4 160 77 245 197 51 240 615 120 644 
2 10 25 57 65 474 66 77 171 83 85 120 584 644 
40 123 630 576 363 377 77 245 197 120 250 240 615 644 
2 416 10 57 576 4 160 66 77 197 51 120 123 644 
2 4 10 99 76 57 576 77 197 83 120 240 81 644 
2 416 10 57 214 4 77 197 250 83 120 576 160 644 
40 4 10 77 250 421 123 99 120 576 630 240 81 644 
250 4 10 77 123 245 197 120 630 363 252 239 421 644 
2 300 10 4 76 160 77 197 250 335 576 83 120 644 
2 300 10 4 76 141 77 197 66 83 120 250 335 644 
2 416 10 57 576 4 77 214 100 66 381 120 240 644 
2 10 350 57 576 4 416 160 66 77 197 51 120 644 
2 300 10 4 100 335 77 197 66 83 120 576 240 644 
2 567 10 4 76 57 77 576 66 197 83 120 432 644 
77 630 363 123 117 197 234 120 576 438 43 252 250 431 644 
2 300 10 4 76 57 576 77 197 83 120 240 392 644 
2 10 279 57 65 77 197 576 66 83 120 464 87 644 
2 4 10 76 77 99 240 245 197 615 120 81 37 644 
77 630 363 123 117 197 234 120 389 438 43 252 250 431 644 
2 10 25 57 65 77 214 403 66 83 120 464 630 644 
40 421 49 123 104 88 197 252 536 18 251 327 239 644 
2 300 10 299 57 4 77 129 250 83 120 576 240 644 
40 421 120 123 290 104 88 197 252 536 18 251 327 239 644 
2 10 25 57 21 65 93 77 482 98 631 363 464 644 
2 4 10 76 77 99 240 615 120 81 37 123 421 644 
2 10 4 76 77 99 196 478 83 120 630 123 250 644 
2 10 350 57 576 4 77 197 83 120 240 185 130 644 
250 10 123 630 576 4 77 240 81 99 197 245 120 644 
2 4 10 77 123 167 240 421 104 117 197 234 120 644 
250 4 10 419 123 630 240 245 197 120 363 252 239 644 
2 416 10 57 576 4 160 77 197 83 120 123 219 644 
2 10 25 57 21 65 93 77 482 98 120 363 464 644 
2 10 25 57 21 65 93 77 482 98 120 363 464 644 
2 10 25 57 21 65 93 77 482 98 120 363 464 644 
2 10 25 57 21 65 93 77 482 98 120 363 464 644 
2 10 25 57 21 65 93 77 482 98 120 363 464 644 
2 10 25 57 21 65 93 77 482 98 120 363 464 644 
2 10 25 57 21 65 93 77 482 98 120 363 464 644 
2 10 25 57 21 65 93 77 482 98 120 363 464 644 
2 10 25 57 21 65 93 77 482 98 120 363 464 644 
2 10 25 57 21 65 93 77 482 98 120 363 464 644 
2 10 25 57 21 65 93 77 482 98 120 363 464 644 
2 10 25 57 21 65 93 77 482 98 120 363 464 644 
2 10 25 57 21 65 93 77 482 98 120 363 464 644 
2 10 25 57 21 65 93 77 482 98 120 363 464 644 
2 10 25 57 21 65 93 77 482 98 120 363 464 644 
2 10 25 57 21 65 93 77 482 98 120 363 464 644 
2 10 25 57 21 65 93 77 482 98 120 363 464 644 
2 10 25 57 21 65 93 77 482 98 120 363 464 644 
2 10 25 57 21 65 93 77 630 98 120 363 464 644 
2 10 25 57 21 65 93 77 482 98 120 363 464 644 
2 10 25 57 21 65 93 77 482 98 120 363 464 644 
2 10 25 57 21 65 93 77 449 98 120 363 464 644 
2 10 25 57 21 65 93 77 482 98 120 363 464 644 
2 10 25 57 21 65 93 77 482 98 120 363 464 644 
2 10 25 57 21 65 93 77 482 98 120 363 464 644 
2 10 25 57 21 65 93 77 482 98 120 363 464 644 
