306 519 338 149 37 343 528 350 567 453 136 483 300 670 
24 65 105 211 92 466 511 517 350 546 556 51 557 646 
24 65 105 211 92 466 511 517 350 546 556 318 557 646 
306 519 338 149 37 343 528 350 448 327 453 401 174 670 
306 338 7 519 149 37 343 528 350 567 453 136 483 670 
24 65 105 211 466 621 517 362 409 546 556 51 557 646 
401 148 105 211 519 517 505 546 558 299 556 51 557 646 
24 65 105 211 139 517 558 505 299 556 641 557 621 646 
24 65 105 211 466 621 517 350 546 409 556 51 557 646 
24 65 105 211 66 621 517 350 546 409 556 51 557 646 
24 65 105 211 139 517 558 505 299 556 641 557 621 646 
24 65 105 211 66 621 517 350 546 409 556 51 557 646 
401 148 105 211 519 517 505 546 558 225 556 51 557 646 
401 136 7 519 448 52 185 338 337 615 629 139 447 662 
337 463 356 52 265 136 49 615 629 253 567 333 4 662 
401 136 7 448 447 281 519 37 528 185 338 149 615 662 
401 148 105 211 519 517 558 299 100 556 505 51 557 646 
401 136 7 448 447 566 483 224 281 519 37 528 185 662 
401 136 7 448 447 281 483 224 519 37 528 185 338 662 
401 505 105 211 139 517 148 519 558 299 556 100 557 646 
356 629 338 37 281 105 136 134 380 556 297 558 505 646 
401 136 7 519 448 52 185 338 149 615 629 453 447 662 
401 629 105 123 281 117 149 134 558 299 556 353 557 646 
401 629 105 211 123 281 519 505 546 556 149 134 558 646 
401 448 566 105 472 180 519 134 218 546 556 51 558 646 
401 448 566 105 123 281 519 134 558 556 338 149 391 646 
337 463 356 52 265 136 49 615 629 253 567 333 4 662 
136 134 31 123 281 556 505 528 629 401 166 51 557 646 
401 629 105 123 281 117 517 350 546 149 134 558 556 646 
401 566 105 211 123 281 519 149 134 558 556 51 557 646 
401 448 392 123 281 357 519 134 558 556 149 327 301 646 
401 448 566 105 123 281 519 134 558 556 505 31 427 646 
401 448 566 105 472 180 519 134 218 546 556 51 558 646 
401 136 134 31 123 281 556 505 166 51 225 440 398 646 
401 629 105 123 281 117 149 134 558 556 438 557 343 646 
401 136 134 31 123 413 556 505 166 51 225 440 398 646 
235 448 566 105 123 281 126 134 218 546 556 51 558 646 
401 136 169 194 134 31 123 104 297 218 281 556 558 646 
356 136 134 31 123 281 556 297 558 505 401 448 566 646 
356 136 134 31 123 281 556 297 558 505 166 557 366 646 
401 136 134 31 123 281 556 356 297 558 505 166 557 646 
136 134 31 123 281 556 505 528 629 401 166 51 557 646 
401 629 105 430 123 281 517 350 546 218 556 264 558 646 
356 136 134 31 123 281 556 505 299 369 558 401 448 646 
401 566 105 211 123 281 519 149 134 558 556 51 557 646 
401 528 169 356 134 31 123 104 297 218 556 558 448 646 
401 448 566 105 123 281 519 134 558 556 505 528 169 646 
401 448 338 430 123 281 519 149 134 558 556 327 301 646 
401 148 105 211 474 279 558 505 546 166 556 51 557 646 
401 448 421 105 123 281 519 134 558 556 505 31 427 646 
401 629 105 123 281 117 517 350 546 149 593 558 556 646 
401 148 105 211 474 279 558 505 546 166 556 51 557 646 
401 629 105 123 281 117 517 350 546 149 134 558 556 646 
401 629 105 211 123 281 519 505 546 556 149 134 558 646 
401 629 105 149 123 281 519 134 218 546 556 51 558 646 
401 519 338 149 391 343 528 350 448 327 453 566 483 670 
24 65 105 211 92 466 511 517 435 546 556 51 557 646 
24 65 105 211 466 621 517 362 409 546 556 51 557 646 
24 65 105 430 211 139 517 558 505 299 556 641 557 646 
24 65 105 211 66 621 517 350 546 409 556 51 557 646 
401 148 105 211 519 517 505 546 558 299 556 51 557 646 
401 148 105 211 519 517 558 505 299 100 556 51 557 646 
401 136 7 519 448 52 185 338 149 615 629 139 447 662 
401 448 566 105 472 180 519 134 218 546 556 51 558 646 
401 629 105 123 281 117 149 134 558 556 353 557 343 646 
401 136 134 123 281 31 556 505 166 51 225 440 398 646 
401 136 134 31 123 281 556 356 297 558 505 166 557 646 
401 136 134 31 123 281 556 356 297 468 505 166 557 646 
356 136 134 31 123 281 483 300 569 556 297 558 505 646 
401 629 105 211 123 281 519 149 134 558 556 51 557 646 
401 528 169 356 134 566 483 31 123 104 556 297 558 646 
401 629 105 123 281 117 149 134 558 556 51 587 343 646 
401 448 392 123 281 357 338 430 519 149 134 558 556 646 
401 448 566 105 123 281 519 134 558 556 505 31 427 646 
401 629 105 430 123 287 517 350 546 218 556 264 558 646 
401 148 105 211 474 279 558 505 546 166 556 51 557 646 
401 448 566 105 123 281 517 350 546 519 134 558 556 646 
401 629 105 211 123 281 519 505 546 556 149 134 558 646 
401 448 566 105 123 281 519 134 350 546 558 556 505 646 
24 65 105 211 92 466 511 517 435 546 556 51 557 646 
306 519 338 149 37 343 528 350 401 448 174 184 453 670 
24 65 105 211 466 621 517 350 546 218 556 51 557 646 
24 65 105 211 391 517 558 505 299 556 641 557 621 646 
24 65 105 211 66 621 517 350 546 409 556 51 557 646 
401 505 105 211 139 517 148 519 558 299 556 100 557 646 
401 136 7 519 448 52 185 338 149 615 629 453 337 662 
401 448 566 105 472 180 519 134 218 546 556 51 558 646 
401 629 105 123 281 117 291 134 558 556 51 557 343 646 
401 136 134 31 123 281 556 505 166 51 225 440 398 646 
401 136 134 31 123 281 556 356 297 558 505 166 557 646 
136 134 31 123 281 556 505 528 629 401 166 51 557 646 
356 136 134 31 123 281 483 300 569 556 297 558 505 646 
401 629 105 211 123 281 519 149 134 558 556 51 557 646 
401 528 169 356 134 31 123 104 556 297 558 448 566 646 
401 448 105 123 281 117 291 134 558 556 51 392 357 646 
448 392 123 254 357 519 134 297 558 505 401 556 149 646 
401 448 566 105 123 281 519 134 558 556 505 31 427 646 
401 629 105 430 123 281 517 350 546 218 556 264 558 646 
401 366 174 184 453 566 483 300 224 193 450 409 629 670 
401 148 105 211 519 517 558 505 299 100 556 51 557 646 
