142 251 401 409 440 38 205 15 243 506 196 100 508 85 662 
2 12 25 28 208 52 87 57 66 83 90 333 486 644 
2 85 100 221 605 508 12 228 13 38 341 518 14 442 662 
2 85 561 3 12 489 38 294 518 14 442 13 100 624 662 
23 12 25 28 131 70 310 75 66 491 57 436 77 654 
142 251 401 409 440 38 205 442 243 506 196 9 508 85 662 
2 12 25 28 101 57 68 87 90 464 83 172 486 644 
2 12 25 28 36 57 68 87 464 51 83 333 486 644 
2 12 25 28 455 75 57 66 561 436 83 464 618 644 
219 401 417 226 440 289 12 424 13 38 205 442 243 506 662 
2 85 561 3 12 130 38 294 518 14 442 13 100 624 662 
142 251 401 226 12 409 440 38 205 442 243 506 129 9 662 
23 264 25 36 75 57 66 65 594 436 28 87 464 654 
2 264 25 13 194 403 57 75 66 561 436 12 28 654 
23 70 559 28 310 75 57 561 45 565 436 83 370 654 
23 70 209 28 310 45 565 57 66 8 436 83 370 654 
2 85 561 3 12 489 38 294 518 421 442 13 100 624 662 
142 251 401 409 337 182 12 424 440 38 205 442 243 506 662 
23 264 26 36 75 57 66 65 594 436 28 87 464 654 
5 417 401 3 12 228 13 185 561 289 424 38 205 442 662 
23 425 25 28 326 75 57 66 561 436 83 615 579 654 
2 12 25 28 36 57 464 87 305 83 90 172 486 644 
23 264 301 376 594 57 75 28 68 333 66 561 436 654 
455 417 401 561 3 289 12 424 13 38 205 442 226 440 662 
142 251 401 409 85 294 3 223 13 185 258 442 337 303 662 
23 12 25 28 264 70 234 57 75 66 436 77 297 644 
23 264 25 28 310 45 70 57 75 359 333 66 436 654 
339 310 294 508 12 228 13 185 618 561 489 38 258 442 662 
2 310 294 508 12 228 13 185 618 561 489 38 258 442 662 
2 12 25 28 36 57 464 87 66 83 333 90 492 644 
2 12 25 28 36 57 464 87 66 83 333 90 492 644 
2 12 25 28 36 57 464 87 66 83 333 90 492 644 
2 12 25 28 36 57 464 62 289 83 90 333 486 644 
2 12 25 28 36 57 464 62 289 83 90 333 486 644 
2 12 25 28 36 57 464 62 289 83 90 333 486 644 
2 12 25 28 36 57 464 87 305 83 90 333 486 644 
2 12 25 28 36 57 464 87 305 83 90 333 486 644 
2 12 25 28 36 57 464 87 305 83 90 333 486 644 
2 12 25 28 36 57 464 87 305 83 90 333 486 644 
2 12 25 28 36 57 464 87 305 83 90 333 486 644 
2 12 25 28 36 57 464 87 305 83 90 333 486 644 
2 12 25 28 36 57 464 289 305 83 90 333 486 644 
2 12 25 298 36 57 464 62 345 83 333 305 486 644 
2 12 25 298 36 57 464 62 345 83 333 305 486 644 
2 12 25 28 208 57 68 87 90 464 83 172 486 644 
2 12 25 28 208 57 68 87 90 464 83 172 486 644 
2 12 25 28 208 57 68 87 90 464 83 172 486 644 
2 12 25 28 208 57 68 87 90 464 83 172 486 644 
2 12 25 28 208 57 68 87 90 464 83 172 486 644 
2 12 25 28 208 57 68 87 90 464 83 172 486 644 
2 12 25 28 428 57 68 87 90 464 83 172 486 644 
2 12 25 28 208 57 68 87 90 464 83 172 486 644 
2 12 25 28 36 75 57 66 561 436 83 464 87 644 
2 12 25 28 36 75 57 66 561 436 83 464 87 644 
2 12 25 28 36 75 57 66 561 436 83 464 618 644 
2 12 25 28 36 75 57 66 561 436 83 464 87 644 
2 12 25 28 36 75 57 66 561 436 83 464 618 644 
2 12 25 28 36 75 57 66 561 436 83 464 87 644 
2 12 25 28 36 75 57 66 561 436 83 464 618 644 
2 12 25 28 36 75 57 66 561 309 83 464 87 644 
2 12 25 28 36 75 57 66 561 309 83 464 87 644 
2 12 25 28 36 75 57 66 561 309 83 464 87 644 
2 12 25 28 211 75 57 66 561 436 83 464 87 644 
2 12 25 28 211 75 57 66 561 436 83 464 87 644 
23 264 25 13 194 403 57 75 66 491 436 215 464 654 
23 264 25 13 194 403 57 75 66 491 436 215 464 654 
23 264 25 70 310 57 75 28 68 333 66 436 77 654 
23 511 25 70 310 57 75 28 68 333 66 436 77 654 
23 70 99 28 310 75 57 66 561 436 83 240 579 654 
23 70 99 28 310 75 57 66 561 436 83 240 579 654 
23 70 25 28 310 45 565 83 66 561 436 277 370 654 
23 70 25 28 310 45 565 83 66 561 436 277 370 654 
23 70 25 28 310 45 565 83 66 561 436 277 370 654 
23 70 25 28 310 45 565 83 66 561 436 277 370 654 
23 70 25 28 310 45 565 66 561 436 83 277 370 654 
23 70 25 28 310 45 565 83 66 561 436 277 370 654 
23 70 25 28 310 45 565 66 561 436 83 277 370 654 
23 70 25 28 310 45 565 83 66 561 436 277 370 654 
23 70 25 28 310 45 565 66 561 83 436 277 370 654 
23 70 25 28 310 45 565 66 561 436 83 277 370 654 
23 70 25 28 310 45 565 83 66 561 436 277 370 654 
23 70 25 28 310 45 565 83 66 561 436 277 370 654 
23 70 25 28 310 45 565 66 561 436 83 277 370 654 
23 70 25 28 310 45 565 66 561 436 83 277 370 654 
23 70 25 28 310 45 565 66 561 83 436 277 370 654 
23 70 25 28 310 45 565 83 66 561 436 277 370 654 
2 85 100 221 45 508 12 228 13 38 506 196 88 442 662 
2 85 100 221 45 508 12 228 13 38 506 196 88 442 662 
2 310 294 409 440 38 12 228 13 598 442 243 506 196 662 
2 310 294 409 440 38 12 228 13 162 442 243 506 196 662 
2 310 294 409 440 508 12 228 13 38 162 442 243 506 662 
2 310 294 409 440 508 12 228 13 38 162 442 243 506 662 
219 417 401 561 3 303 12 424 38 294 100 329 484 442 662 
219 417 401 561 3 303 12 424 38 294 100 329 484 442 662 
142 251 401 409 440 38 205 442 243 506 196 100 508 85 662 
2 12 25 28 208 57 68 87 289 83 90 333 464 644 
23 70 25 28 310 45 565 66 561 436 83 277 370 654 
2 310 294 409 440 508 12 228 13 38 162 442 243 506 662 
2 85 561 3 12 489 38 294 518 14 442 13 100 624 662 
