97 2 9 348 547 10 12 38 231 442 268 118 591 671 
21 36 60 120 77 24 525 82 155 300 521 61 548 673 
616 343 445 16 9 38 208 10 442 7 49 586 127 671 
97 2 543 9 307 10 12 27 319 16 45 183 77 671 
21 36 60 326 77 118 373 488 300 464 526 521 548 673 
21 36 60 120 77 24 525 82 155 300 521 61 548 673 
21 36 60 326 77 118 525 488 300 464 526 521 548 673 
97 343 445 16 9 38 231 10 442 7 49 586 118 671 
114 97 254 543 139 480 630 16 426 319 137 59 195 671 
21 36 60 326 77 118 525 488 300 464 526 521 548 673 
97 2 543 9 307 10 12 27 319 16 45 183 77 671 
21 36 60 565 77 24 525 488 300 464 526 521 548 673 
88 97 254 543 9 59 455 170 49 7 114 12 586 671 
97 2 547 9 348 10 12 27 319 21 36 633 77 671 
21 36 60 95 77 24 525 488 300 464 526 521 548 673 
21 36 60 95 77 118 525 488 300 464 526 521 548 673 
426 2 543 9 307 10 12 27 319 16 45 183 77 671 
97 343 445 16 9 38 231 10 442 7 49 586 118 671 
397 97 630 9 320 195 543 319 7 616 12 49 586 671 
21 36 60 95 77 24 525 488 300 464 526 521 548 673 
21 36 60 95 77 118 525 488 300 464 526 521 548 673 
616 127 97 630 16 9 38 409 49 7 12 425 586 671 
21 36 60 95 77 118 525 488 300 464 526 521 548 673 
97 343 445 16 9 38 231 10 442 7 118 49 586 671 
114 97 254 543 9 59 455 170 12 49 586 157 421 671 
114 97 157 421 9 59 455 12 225 38 409 7 586 671 
21 36 60 95 77 118 525 488 300 464 526 521 548 673 
88 97 533 543 9 59 455 170 125 7 118 49 586 671 
88 97 539 543 49 599 9 421 10 222 7 319 586 671 
616 127 97 448 16 9 38 409 425 12 49 586 224 671 
21 36 60 9 77 122 525 488 155 300 521 366 548 673 
97 2 543 16 9 38 231 10 442 7 118 49 586 671 
97 2 9 348 547 10 12 38 231 442 268 118 591 671 
114 97 157 421 9 59 455 12 225 38 409 7 586 671 
21 36 60 95 77 24 525 488 300 464 526 521 548 673 
21 36 60 95 77 24 525 488 300 464 526 521 548 673 
97 2 543 16 9 38 231 10 611 442 118 49 586 671 
97 2 543 9 307 10 12 27 319 16 45 183 77 671 
114 97 157 421 225 9 38 409 7 586 319 508 49 671 
97 2 547 9 348 10 12 27 319 21 36 633 77 671 
97 2 547 9 348 10 12 27 319 21 36 633 77 671 
97 2 543 16 9 38 231 10 611 442 118 49 586 671 
21 36 60 9 77 516 525 488 155 300 521 366 548 673 
97 2 445 16 9 38 231 10 442 7 118 49 586 671 
21 36 60 9 77 516 525 488 155 300 521 366 548 673 
97 2 543 16 9 38 231 10 611 442 118 49 586 671 
97 2 9 348 547 10 12 27 319 21 36 70 77 671 
97 2 543 16 9 38 231 10 611 442 118 49 586 671 
97 2 543 16 9 38 231 10 442 7 118 49 586 671 
97 2 547 9 348 10 12 27 319 21 36 633 77 671 
97 2 543 16 9 38 231 10 442 7 118 49 586 671 
97 2 9 348 547 10 12 27 319 21 36 70 77 671 
114 97 157 421 473 9 225 38 264 425 12 45 586 671 
21 36 60 9 77 516 525 488 155 300 521 61 548 673 
114 81 97 480 630 16 426 319 7 145 49 586 59 671 
114 97 157 421 416 9 225 38 264 425 12 45 586 671 
114 81 97 480 630 16 426 319 7 145 49 586 59 671 
114 97 157 413 225 373 38 409 7 586 319 515 508 671 
114 97 157 421 416 9 225 38 264 425 12 45 586 671 
114 97 157 421 225 373 38 409 7 508 49 425 586 671 
114 97 157 421 225 373 38 409 7 508 49 425 586 671 
114 81 97 480 630 40 49 426 319 16 7 118 586 671 
114 97 157 421 225 373 38 409 7 508 49 425 586 671 
97 2 348 9 547 10 12 27 319 21 36 70 77 671 
114 97 157 421 416 9 225 38 264 425 12 45 586 671 
114 81 97 480 630 16 426 319 7 118 49 586 59 671 
88 97 254 543 9 59 455 170 49 7 118 125 586 671 
88 97 533 543 9 59 455 170 49 7 118 125 586 671 
88 97 254 543 9 59 455 170 49 7 12 125 586 671 
88 97 254 543 9 59 455 170 204 7 12 125 586 671 
88 97 254 543 9 59 455 170 49 7 12 125 586 671 
88 97 254 543 9 59 455 170 49 7 118 125 586 671 
88 97 254 543 9 59 455 170 12 49 586 125 319 671 
397 97 630 9 320 195 319 543 616 12 49 586 170 671 
114 97 157 421 225 9 38 409 7 508 49 425 586 671 
88 180 631 97 609 543 9 59 424 12 49 586 170 671 
114 97 157 421 225 9 38 409 7 508 49 425 586 671 
114 97 157 421 225 9 38 409 7 508 49 425 586 671 
97 180 630 16 9 38 375 10 7 118 49 586 116 671 
114 97 416 480 630 16 426 319 49 59 170 125 7 671 
88 97 539 543 49 599 9 421 10 222 7 79 586 671 
114 416 97 480 630 16 426 319 49 59 170 125 7 671 
114 416 97 480 630 16 426 319 49 59 170 125 7 671 
97 2 543 16 9 38 231 10 7 118 49 586 232 671 
114 416 97 480 630 16 426 319 49 59 170 125 7 671 
16 97 2 543 9 38 231 10 7 118 49 586 319 671 
88 97 539 543 49 599 9 421 10 222 7 79 586 671 
97 2 543 16 9 38 231 10 7 118 49 586 426 671 
114 97 157 421 416 9 225 188 264 425 12 49 586 671 
114 97 157 421 416 9 225 38 264 425 12 49 586 671 
97 2 543 16 9 38 231 10 7 118 49 586 319 671 
616 127 97 630 16 9 38 409 425 12 49 586 224 671 
97 180 631 16 584 59 49 319 575 426 170 178 88 671 
97 180 630 16 116 319 575 426 49 59 170 114 631 671 
97 180 631 16 584 59 49 319 575 426 170 178 88 671 
114 139 97 480 630 16 426 319 49 59 195 563 170 671 
88 150 97 480 410 630 40 49 426 319 79 59 421 671 
88 150 97 114 630 16 426 319 49 59 421 397 153 671 
88 150 97 114 630 40 49 426 319 79 59 421 397 671 
88 150 97 114 630 16 426 319 49 59 421 397 153 671 
