218 576 637 516 562 456 643 428 262 586 412 55 38 129 675 
643 329 457 293 421 588 117 563 42 18 180 485 542 670 
69 70 408 77 294 257 406 234 181 385 283 195 101 591 676 
230 23 57 221 64 116 89 2 490 303 486 558 538 676 
439 61 473 139 588 339 142 334 53 476 265 143 462 154 161 648 
326 9 28 639 280 333 66 537 270 48 80 315 579 676 
310 496 100 55 238 13 585 3 5 88 18 135 34 43 661 
442 127 295 475 258 643 76 163 615 27 34 43 164 56 676 
201 279 113 564 42 51 529 157 533 187 208 357 149 153 165 122 664 
24 112 212 60 93 141 75 624 295 57 527 431 41 676 
190 186 418 623 244 292 118 5 3 2 642 333 415 662 
9 643 379 103 240 399 451 12 192 474 148 159 118 662 
24 73 210 7 80 575 510 179 150 35 172 211 185 676 
8 76 35 74 101 495 554 540 612 96 378 73 125 676 
643 417 171 370 148 506 541 514 538 151 172 609 110 663 
363 199 180 564 365 211 337 477 11 34 220 128 218 6 168 9 668 
221 322 47 195 54 40 574 531 274 78 338 69 82 676 
91 300 70 79 102 540 643 33 24 579 68 273 623 676 
143 110 12 431 442 14 368 135 541 270 283 106 85 662 
131 24 5 260 535 77 94 513 338 7 556 52 340 660 
6 27 28 105 11 523 592 491 102 604 369 415 23 676 
