88 375 421 284 594 154 452 581 291 563 121 18 348 668 
5 23 65 565 88 96 421 105 48 377 176 427 513 646 
5 23 65 565 88 92 96 105 377 176 427 533 626 646 
5 50 65 565 88 96 421 105 48 377 176 427 513 646 
207 375 154 248 421 284 594 453 512 121 18 452 528 668 
5 23 65 95 88 92 96 377 105 176 427 259 626 646 
245 154 88 284 121 594 450 13 528 7 69 145 586 668 
245 13 88 284 14 7 69 157 594 450 528 145 586 668 
245 13 88 284 14 7 69 57 594 450 528 145 586 668 
245 121 150 2 13 7 69 154 284 318 374 624 88 668 
88 375 307 498 437 7 594 453 154 528 145 226 512 668 
245 13 88 154 284 121 594 453 512 7 528 468 586 668 
88 375 307 498 437 450 594 453 154 528 145 226 512 668 
245 13 453 581 88 498 121 7 154 528 284 145 586 668 
88 375 154 248 421 284 594 453 512 121 18 145 7 668 
5 23 65 88 92 95 377 96 105 176 427 548 626 646 
5 23 65 88 92 95 377 96 105 176 427 548 626 646 
5 23 65 88 92 95 377 96 105 176 427 548 626 646 
5 23 65 88 92 95 377 96 105 176 427 548 626 646 
5 23 65 88 92 95 377 96 105 176 427 548 626 646 
5 23 65 88 92 95 377 96 105 176 427 548 626 646 
5 23 65 88 92 95 377 96 105 176 427 548 626 646 
5 23 65 88 92 95 96 105 377 176 427 548 626 646 
5 23 65 92 95 96 105 88 377 176 427 548 626 646 
5 23 65 88 92 95 96 105 377 176 427 548 626 646 
5 23 65 88 92 95 96 105 176 377 427 548 626 646 
5 23 65 530 92 95 377 96 105 176 427 548 626 646 
5 23 65 88 92 95 96 105 377 176 427 548 626 646 
5 23 65 88 92 95 377 96 105 176 427 548 626 646 
5 23 65 88 92 95 96 105 176 377 427 548 626 646 
5 23 65 565 88 92 96 105 377 176 427 548 626 646 
5 23 65 565 88 92 377 96 105 176 427 548 626 646 
5 23 65 565 88 92 96 105 176 377 427 548 626 646 
5 23 65 565 92 176 96 105 377 88 427 548 626 646 
5 23 65 565 92 96 105 176 377 88 427 548 626 646 
5 23 65 565 88 92 96 105 377 176 427 548 626 646 
5 23 65 565 88 92 377 96 105 176 427 548 626 646 
5 23 65 565 88 92 96 105 377 176 427 548 626 646 
5 23 65 565 88 92 96 105 207 176 427 548 626 646 
5 23 65 565 88 92 96 105 176 377 427 548 626 646 
5 23 65 565 88 92 96 105 377 176 427 548 626 646 
5 23 65 565 92 96 105 176 377 88 427 548 626 646 
5 23 65 565 88 92 96 105 207 176 427 548 626 646 
5 23 65 565 88 377 92 96 105 471 427 548 626 646 
5 23 65 565 92 96 105 298 377 88 427 548 626 646 
5 23 65 565 92 96 105 176 447 88 427 548 626 646 
5 23 65 565 92 96 105 88 176 377 427 548 626 646 
5 23 65 565 88 92 96 105 85 176 427 548 626 646 
5 23 65 565 88 92 96 105 207 176 427 548 626 646 
5 23 65 565 88 92 377 96 105 176 427 548 626 646 
5 23 65 565 88 92 96 105 377 176 427 548 626 646 
5 23 65 565 88 92 96 105 176 377 427 548 626 646 
5 23 65 565 581 92 96 105 176 377 427 548 626 646 
5 23 65 565 88 92 96 105 176 377 427 548 626 646 
5 23 65 565 88 92 96 105 377 176 427 548 626 646 
5 23 65 565 88 92 96 105 85 176 427 548 626 646 
5 23 65 565 88 92 96 105 298 377 427 548 626 646 
5 23 65 565 88 92 96 105 377 176 427 548 626 646 
5 23 65 565 175 92 96 105 176 377 427 548 626 646 
5 23 65 565 88 92 96 105 176 377 427 548 626 646 
5 23 65 565 88 92 214 96 105 176 427 548 626 646 
5 23 65 565 88 92 96 105 377 176 427 548 626 646 
5 23 65 565 88 92 96 105 176 377 427 548 626 646 
5 23 65 565 88 92 96 377 105 176 427 548 626 646 
5 23 65 565 88 92 377 96 105 176 427 548 626 646 
5 23 65 565 92 478 96 105 377 88 427 548 626 646 
5 23 65 565 88 92 96 105 176 377 427 548 626 646 
5 23 65 565 88 92 377 96 105 176 427 548 626 646 
5 23 65 565 88 92 377 96 105 176 427 548 626 646 
5 23 65 565 88 92 377 96 105 176 427 548 626 646 
5 23 65 565 88 92 96 105 377 176 427 548 626 646 
5 23 65 565 88 92 96 105 377 176 427 548 626 646 
5 23 65 565 88 92 96 105 377 176 427 548 626 646 
5 23 65 565 88 92 96 105 298 377 427 548 626 646 
5 23 65 565 92 96 105 176 377 88 427 548 626 646 
5 23 65 565 88 92 96 105 377 176 427 548 626 646 
5 23 65 565 88 92 96 105 176 377 427 548 626 646 
5 23 65 565 92 96 105 88 377 176 427 548 626 646 
5 23 65 565 88 92 377 96 105 176 427 548 626 646 
5 23 65 565 88 92 377 96 105 176 427 548 626 646 
5 23 65 565 92 96 105 471 377 88 427 548 626 646 
5 23 65 565 88 92 96 105 298 377 427 548 626 646 
5 23 65 565 88 377 92 96 105 471 427 548 626 646 
5 23 65 565 88 92 96 377 105 176 427 548 626 646 
5 23 65 565 88 92 96 105 377 176 427 548 626 646 
5 23 65 565 88 92 377 96 105 471 427 548 626 646 
5 23 65 565 88 92 377 96 105 176 427 548 626 646 
5 23 65 565 88 92 96 105 207 176 427 548 626 646 
5 23 65 565 92 88 96 377 105 176 427 548 626 646 
5 23 65 565 88 92 377 96 105 471 427 548 626 646 
5 23 65 565 88 92 377 96 105 471 427 548 626 646 
5 23 65 565 88 92 96 105 176 377 427 548 626 646 
5 23 65 565 92 96 105 88 377 176 427 548 626 646 
5 23 65 565 92 88 96 105 176 377 427 548 626 646 
5 23 65 565 88 92 377 96 105 176 427 548 626 646 
5 23 65 565 88 92 96 105 176 377 427 548 626 646 
5 23 65 565 88 92 377 96 105 176 427 548 626 646 
5 23 65 565 88 92 377 96 105 176 427 548 626 646 
5 23 65 565 88 92 377 96 105 176 427 548 626 646 
5 23 65 565 88 92 96 207 105 176 427 548 626 646 
