162 500 235 178 371 630 616 359 189 128 536 49 480 665 
25 7 3 26 57 12 97 62 70 68 65 77 86 644 
25 7 3 26 57 12 97 62 70 68 65 77 86 644 
162 304 491 201 231 630 616 359 189 128 536 49 480 665 
414 259 162 7 500 97 616 547 41 361 235 157 178 665 
490 46 3 7 57 371 433 480 384 62 77 623 642 648 
25 478 3 23 57 44 97 62 70 68 65 77 86 644 
490 283 3 7 57 371 433 480 384 62 77 623 642 648 
490 46 3 7 57 371 433 480 384 62 77 623 642 648 
590 7 3 26 57 12 97 62 70 68 65 77 86 644 
25 478 3 26 57 12 97 62 70 68 65 77 86 644 
162 478 3 515 7 303 616 480 384 62 77 623 642 648 
392 478 3 515 7 162 244 371 433 480 442 37 642 648 
162 478 3 328 7 303 616 480 384 62 77 623 642 648 
490 283 3 7 57 371 433 480 384 62 77 623 642 648 
25 478 3 23 57 44 97 62 70 68 65 77 86 644 
590 7 3 26 57 12 97 62 70 68 65 77 86 644 
162 630 3 7 364 235 297 442 384 62 624 642 515 648 
162 478 3 7 371 303 616 235 297 442 469 512 547 648 
414 259 162 7 500 97 616 547 41 326 235 384 515 665 
162 478 3 7 371 244 616 480 384 62 77 442 469 648 
38 478 480 7 235 297 191 469 512 371 18 395 283 648 
162 478 3 7 38 442 302 480 384 62 235 297 642 648 
162 478 3 7 38 442 302 480 384 62 235 297 642 648 
162 478 3 7 244 371 433 480 442 469 642 467 302 648 
162 157 178 547 235 297 191 469 512 422 237 7 41 648 
162 630 3 7 371 235 297 442 384 62 624 642 515 648 
162 478 3 7 371 244 616 480 384 62 77 442 469 648 
162 500 235 178 371 194 616 7 97 547 41 384 642 665 
162 478 557 7 371 244 616 235 297 442 469 512 547 648 
162 478 3 7 371 630 616 359 38 442 302 480 384 648 
87 478 162 7 433 297 281 203 283 442 469 512 480 648 
162 478 557 87 7 433 297 281 203 283 442 469 512 648 
153 157 235 178 371 547 237 7 267 138 642 366 630 665 
162 478 3 7 244 433 480 469 512 371 18 442 235 648 
162 478 480 7 235 191 297 442 469 512 536 18 395 648 
162 478 491 178 371 630 616 3 7 38 442 302 480 648 
25 478 3 26 57 12 97 62 70 68 65 77 86 644 
25 7 3 26 57 12 191 62 70 68 65 77 86 644 
162 304 491 201 371 630 616 359 189 128 536 49 480 665 
490 46 3 7 57 371 433 480 384 62 77 623 642 648 
162 478 3 515 7 303 616 480 384 62 77 623 642 648 
490 283 3 7 57 371 433 480 384 62 77 623 642 648 
25 478 3 23 57 44 97 62 70 68 65 77 86 644 
590 7 3 26 57 12 97 62 70 68 65 77 86 644 
414 259 162 7 371 384 244 500 407 636 235 547 41 665 
162 478 3 7 38 442 302 480 384 62 235 297 642 648 
162 478 3 7 244 371 433 480 442 469 642 467 302 648 
162 478 480 7 235 297 191 469 512 371 18 395 244 648 
162 630 3 7 364 235 297 442 384 62 624 642 515 648 
162 490 3 7 371 244 616 480 384 62 77 442 469 648 
162 478 557 7 371 235 297 442 384 244 354 469 512 648 
162 157 235 178 371 547 237 7 41 138 642 366 630 665 
162 478 3 515 7 480 616 235 244 297 442 469 512 648 
162 478 7 235 297 442 616 480 384 469 512 371 18 648 
162 478 3 7 244 371 630 616 359 38 442 302 611 648 
25 478 3 26 57 12 97 62 70 68 65 77 86 644 
25 7 3 26 57 12 97 62 70 68 65 77 86 644 
162 304 491 178 371 630 616 359 189 128 536 49 480 665 
490 46 3 7 57 371 339 480 384 62 77 623 642 648 
162 478 3 176 7 303 616 480 384 62 77 623 642 648 
490 283 3 7 57 371 433 480 384 62 77 623 642 648 
25 478 3 23 57 44 97 62 70 68 65 77 86 644 
590 7 3 26 57 12 97 62 70 68 65 77 86 644 
414 259 162 7 371 384 244 500 97 636 235 547 41 665 
162 478 3 7 38 442 302 480 384 62 235 297 642 648 
162 478 3 7 244 371 433 480 442 235 547 469 642 648 
162 478 480 7 235 297 191 469 512 371 18 395 244 648 
162 283 3 7 478 371 235 297 442 384 62 624 642 648 
162 478 3 7 38 371 244 616 480 384 62 77 442 648 
162 478 557 7 371 384 244 235 297 442 469 354 512 648 
162 157 235 178 371 547 237 7 41 245 642 366 630 665 
162 478 3 7 244 433 480 469 512 371 18 442 235 648 
162 478 7 235 297 442 616 480 384 469 512 371 18 648 
162 478 3 7 38 630 616 359 442 302 480 384 447 648 
25 478 3 26 57 12 97 62 70 68 65 77 86 644 
162 157 235 178 371 547 500 630 616 359 189 128 536 665 
25 7 3 26 57 12 97 62 70 68 65 77 86 644 
490 46 3 7 57 371 339 480 384 62 77 623 642 648 
162 478 3 515 7 303 616 480 384 62 77 623 642 648 
490 283 3 7 57 371 433 480 384 62 77 623 642 648 
25 478 3 23 57 44 97 62 70 68 65 77 86 644 
590 7 3 26 57 12 97 62 70 68 65 77 86 644 
414 259 162 7 500 97 616 235 547 41 515 297 195 665 
162 478 3 7 38 442 302 480 384 62 235 297 642 648 
162 478 3 7 38 442 302 480 384 447 235 297 642 648 
162 478 480 7 235 297 191 469 512 371 18 395 244 648 
162 478 3 7 371 235 297 442 384 62 624 642 244 648 
87 478 3 7 371 244 616 480 384 62 77 442 426 648 
162 478 557 7 371 244 616 235 297 442 469 512 547 648 
162 157 235 178 371 547 237 7 41 138 642 366 630 665 
162 577 3 7 371 303 235 228 616 297 442 469 512 648 
355 478 7 297 442 359 616 480 327 561 547 469 512 648 
162 478 3 7 371 630 616 359 38 442 302 611 384 648 
25 302 3 26 57 12 97 62 70 68 65 77 86 644 
25 7 3 26 57 12 97 62 70 68 65 77 86 644 
162 157 235 178 371 547 500 304 491 630 616 359 189 665 
490 46 3 7 57 371 339 480 384 62 77 623 642 648 
162 478 3 515 7 303 616 480 384 62 77 623 642 648 
490 283 3 7 57 371 433 480 384 62 77 623 642 648 
