422 175 159 643 51 147 20 166 484 478 601 276 165 146 670 
1 24 117 47 77 34 70 6 112 20 138 432 592 676 
76 83 25 168 78 594 396 602 632 495 457 462 303 676 
643 616 7 383 439 134 372 338 226 313 346 624 80 122 144 48 662 
175 155 194 197 174 75 643 336 62 80 142 580 567 654 
643 40 268 616 255 251 637 567 137 407 284 119 210 666 
404 365 57 2 241 77 471 595 463 617 120 402 495 676 
165 446 420 277 314 244 427 75 569 643 295 164 453 354 104 670 
490 298 247 456 561 507 320 287 4 79 246 118 55 160 88 131 146 653 
9 514 58 19 34 23 14 56 333 62 178 16 240 676 
45 13 380 457 248 308 10 37 55 61 573 623 14 669 
314 59 544 267 456 88 174 198 347 9 5 7 8 665 
59 170 306 115 420 4 422 294 85 47 70 78 84 676 
286 441 527 30 309 163 580 599 125 340 577 10 450 7 671 
1 122 102 107 50 24 39 44 311 517 592 86 344 676 
12 154 252 313 74 100 439 311 125 14 30 31 59 13 671 
9 252 28 29 69 450 539 75 547 155 104 48 81 676 
643 275 144 15 336 393 13 7 11 12 175 341 413 671 
245 148 4 6 135 112 172 66 24 114 106 104 117 676 
574 43 589 341 65 58 367 395 121 104 125 68 34 84 676 
196 11 133 125 252 367 87 116 13 7 3 4 306 676 
150 457 643 527 231 585 314 390 13 232 41 412 503 112 53 120 197 7 240 648 
346 188 3 431 143 348 60 80 10 4 6 62 525 676 
227 157 76 11 339 182 643 311 4 2 3 493 87 676 
