17 23 340 71 36 90 89 9 589 96 179 553 397 644 
43 85 561 99 193 19 567 31 275 38 506 633 16 650 
340 85 467 455 61 99 19 7 561 359 616 301 138 648 
437 85 467 455 61 442 19 7 561 359 48 301 499 648 
17 23 397 463 90 501 94 474 96 43 179 553 499 644 
340 85 467 455 61 99 19 7 561 437 582 193 567 648 
17 23 593 96 179 40 185 199 123 249 463 367 553 644 
17 23 325 146 36 90 170 239 96 43 179 553 499 644 
437 85 467 455 61 99 19 7 561 359 48 301 499 648 
17 453 385 283 96 179 123 363 43 463 367 556 553 644 
17 23 432 31 90 491 234 43 311 96 179 553 499 644 
17 23 66 463 273 501 94 474 96 43 179 553 499 644 
43 123 250 99 197 239 255 85 487 559 16 317 120 644 
17 23 66 463 516 498 94 474 96 43 179 553 499 644 
17 467 397 463 218 96 101 123 249 43 179 640 553 644 
17 23 66 29 90 381 94 152 43 96 179 553 568 644 
17 405 218 204 96 179 123 249 194 357 455 553 499 644 
205 123 250 99 197 491 234 43 239 255 487 561 16 644 
71 453 43 123 250 255 85 249 359 239 367 265 155 644 
17 218 23 96 101 123 249 53 367 179 553 297 43 644 
17 23 66 29 250 381 94 10 43 96 179 553 568 644 
17 23 218 204 96 179 123 249 43 172 455 553 499 644 
17 453 123 250 7 297 112 43 16 239 179 553 255 644 
123 250 255 85 99 618 239 487 561 16 43 367 559 644 
17 123 250 106 297 112 43 16 367 96 490 553 255 644 
17 23 218 204 96 179 123 249 194 357 455 553 499 644 
17 40 137 359 96 179 61 343 561 16 43 367 499 644 
71 453 43 123 264 255 85 249 359 239 367 265 155 644 
17 40 137 359 96 179 61 343 561 16 407 367 499 644 
17 405 218 204 96 179 357 455 123 463 249 194 553 644 
17 218 385 297 96 179 367 249 359 239 553 255 155 644 
17 23 218 204 96 179 357 455 123 463 367 249 553 644 
205 123 250 99 197 239 255 487 561 16 61 85 559 644 
17 23 432 31 90 491 234 43 470 96 179 553 499 644 
17 218 23 204 96 179 357 455 324 463 367 249 553 644 
17 453 385 283 96 179 123 249 43 463 367 556 553 644 
17 453 385 283 96 179 123 249 463 418 43 553 218 644 
17 218 23 180 96 357 455 179 123 249 553 43 499 644 
17 218 385 297 96 179 123 249 359 239 155 401 553 644 
17 453 385 283 96 179 123 249 43 155 367 556 553 644 
17 23 66 29 449 43 381 94 10 96 179 553 568 644 
17 453 385 283 96 179 123 249 30 463 367 556 553 644 
17 218 474 180 357 455 123 249 96 43 179 553 499 644 
17 453 385 283 96 123 249 463 88 43 179 553 218 644 
17 23 66 29 36 90 43 2 597 96 179 553 499 644 
17 23 66 29 36 90 43 2 597 96 179 553 499 644 
17 23 66 29 36 90 2 597 96 43 179 553 499 644 
17 23 66 29 36 90 43 2 597 96 179 553 499 644 
17 23 66 29 36 90 43 2 597 96 179 553 499 644 
17 23 66 29 36 90 43 2 597 96 179 553 499 644 
17 23 66 29 36 90 593 597 43 96 179 553 499 644 
17 23 66 29 36 90 593 597 43 96 179 553 499 644 
17 23 325 552 36 90 43 2 239 96 179 553 499 644 
17 23 325 146 36 90 2 239 96 43 179 553 499 644 
17 23 325 146 36 90 2 239 96 43 179 553 499 644 
17 23 325 146 36 90 2 239 96 43 179 553 499 644 
17 23 66 29 90 88 94 10 96 43 179 553 568 644 
17 23 66 29 90 88 94 10 96 43 179 553 568 644 
17 23 66 263 90 381 94 10 43 96 179 553 568 644 
17 23 66 263 90 381 94 10 43 96 179 553 568 644 
17 23 66 263 90 381 94 10 43 96 179 553 568 644 
17 23 66 463 90 501 94 10 96 43 179 553 499 644 
17 23 66 463 90 501 94 10 96 43 179 553 499 644 
17 23 66 463 90 501 94 10 96 43 179 553 499 644 
17 23 66 463 90 640 94 10 96 43 179 553 499 644 
17 23 66 463 90 501 94 474 96 43 179 553 499 644 
17 23 66 463 90 501 94 474 96 43 179 553 499 644 
17 23 66 463 90 498 94 474 96 43 179 553 499 644 
17 23 66 463 90 501 94 474 96 179 553 43 499 644 
17 23 66 463 90 498 94 474 96 43 179 553 499 644 
17 23 66 463 90 498 94 474 96 43 179 553 499 644 
17 23 66 463 90 498 94 474 96 43 179 553 499 644 
17 23 66 463 90 498 94 474 96 43 179 553 499 644 
17 23 66 463 90 498 94 474 96 43 179 553 499 644 
17 23 66 463 90 501 94 474 96 179 553 43 499 644 
17 23 66 463 90 498 94 474 96 43 179 553 499 644 
17 23 66 463 90 501 94 474 96 179 553 43 499 644 
17 23 66 463 90 498 94 474 96 43 179 553 499 644 
17 23 66 463 90 498 94 474 96 43 179 553 499 644 
17 23 66 463 90 498 94 474 96 43 179 553 499 644 
17 23 66 463 90 498 94 474 96 43 179 553 499 644 
17 23 66 463 90 498 94 474 96 43 179 553 499 644 
17 23 66 463 90 501 94 474 96 179 553 43 499 644 
17 23 66 463 90 498 94 474 96 43 179 553 499 644 
17 23 66 463 90 501 94 474 96 179 553 43 499 644 
17 23 66 463 90 501 94 474 96 43 179 553 499 644 
17 23 66 463 90 501 94 474 96 179 553 43 499 644 
17 23 66 463 90 501 94 474 96 179 553 43 499 644 
17 23 66 463 90 501 94 474 96 43 179 553 499 644 
17 23 66 463 90 501 94 474 96 43 179 553 499 644 
17 23 66 463 90 501 94 474 96 43 179 553 499 644 
17 23 66 463 90 501 94 474 96 43 179 553 499 644 
17 23 66 463 90 501 94 474 96 179 553 43 499 644 
17 23 66 463 90 498 94 474 96 43 179 553 499 644 
17 23 66 463 90 498 94 474 96 43 179 553 499 644 
17 23 66 463 90 582 94 474 96 179 553 43 499 644 
17 23 66 463 90 501 94 474 96 179 43 553 499 644 
17 23 66 463 90 501 94 474 96 43 179 553 499 644 
17 23 66 463 90 498 94 474 96 43 179 553 499 644 
17 23 66 463 90 498 94 474 43 96 179 553 499 644 
