20 91 96 83 62 10 12 318 30 105 579 239 594 676 
643 199 508 107 173 87 515 252 206 328 132 82 99 38 131 151 670 
53 189 209 392 517 62 211 623 400 608 589 293 579 676 
444 167 106 97 353 248 341 643 118 112 299 79 400 320 183 15 232 591 675 
82 2 149 127 167 406 467 126 643 100 56 7 73 165 670 
384 120 77 111 643 43 327 620 536 175 356 431 280 676 
271 117 105 20 56 643 75 230 183 52 189 116 6 11 654 
587 292 13 430 571 348 400 222 469 318 326 107 304 655 
222 317 8 30 44 14 24 70 489 526 16 282 488 676 
594 265 605 369 334 643 61 557 618 586 352 180 112 163 505 670 
643 617 123 79 150 234 240 453 16 513 564 96 49 654 
643 304 440 385 446 75 604 351 162 393 144 108 129 7 473 670 
148 326 12 219 2 190 32 82 228 140 168 513 455 669 
32 122 46 14 310 61 29 78 475 4 211 627 144 676 
249 118 376 56 135 3 7 446 42 557 420 77 281 676 
643 387 586 383 69 156 200 307 452 482 600 126 496 675 
77 557 643 509 60 34 3 43 110 442 113 141 312 676 
46 306 284 643 90 592 4 14 16 555 102 311 130 676 
313 47 5 173 101 8 126 321 66 149 546 427 526 676 
50 503 261 512 16 348 37 52 104 225 190 371 586 648 
18 142 198 147 297 113 290 327 291 81 165 182 40 251 298 674 
360 121 1 2 21 78 622 596 249 52 197 525 89 676 
11 315 112 136 1 2 25 607 5 436 627 332 591 676 
4 22 37 56 64 67 63 448 35 543 101 549 120 652 
59 41 3 7 564 62 46 203 223 607 249 65 583 676 
311 419 24 25 66 34 92 91 517 579 613 495 63 676 
