643 546 13 638 629 509 57 418 633 623 481 423 120 670 
319 24 125 18 14 4 5 21 3 13 83 594 548 676 
14 157 19 51 144 4 20 81 294 2 292 311 141 676 
232 3 28 416 38 625 641 643 322 510 127 174 242 82 61 660 
472 148 2 431 96 334 156 127 81 94 222 43 102 154 676 
453 214 462 643 107 212 276 435 375 456 243 166 34 663 
643 616 315 364 395 118 191 288 146 162 97 503 615 670 
18 14 24 29 5 12 159 523 212 473 29 364 289 676 
465 57 78 277 150 125 152 101 545 436 522 203 494 676 
324 226 207 15 382 266 428 569 319 138 272 112 8 674 
381 603 124 37 643 328 612 251 116 2 125 615 363 654 
141 24 304 155 43 2 138 302 486 594 61 522 90 676 
643 52 151 478 498 490 312 18 351 643 174 42 144 655 
244 157 299 377 312 458 210 229 435 600 141 183 42 75 31 147 107 71 657 
96 104 8 258 547 95 7 570 424 573 627 473 289 676 
434 178 405 558 624 217 623 245 125 239 643 400 9 55 382 103 81 660 
99 643 66 394 583 137 23 102 436 521 382 234 552 676 
103 104 643 155 327 485 105 471 235 546 11 9 40 3 676 
396 643 274 535 194 475 613 497 185 386 321 587 537 676 
132 3 169 96 182 124 25 268 269 211 20 434 194 676 
344 5 21 62 76 65 236 26 524 379 89 520 273 676 
66 608 42 372 262 141 77 217 422 478 367 312 493 676 
246 293 341 10 145 399 643 604 418 52 201 334 5 58 137 646 
161 21 87 272 66 420 34 229 141 632 464 63 629 676 
322 14 264 208 47 149 489 407 279 67 156 66 82 644 
581 518 342 79 574 561 9 349 223 214 169 13 54 157 12 154 671 
