478 394 491 631 16 388 244 37 307 320 219 97 313 150 653 
498 2 26 57 62 67 536 66 68 65 83 86 90 644 
498 2 26 57 62 67 536 66 68 65 83 86 90 644 
478 394 491 631 16 388 244 37 307 320 219 97 313 150 653 
4 491 307 219 388 244 37 394 631 16 320 97 313 653 
498 2 6 25 218 213 26 45 338 270 536 66 65 654 
440 2 25 26 57 62 65 83 394 498 207 66 90 644 
498 2 26 57 62 6 536 45 338 66 65 83 86 644 
25 2 26 57 62 106 175 66 68 65 83 207 90 644 
2 6 25 218 57 62 22 27 45 68 66 65 83 644 
636 2 6 454 25 423 365 45 338 66 65 214 284 654 
2 6 18 25 218 57 27 62 45 107 22 66 65 644 
498 2 26 57 62 67 536 66 40 65 83 86 90 644 
636 2 25 26 57 62 6 66 335 65 83 536 86 644 
2 6 498 26 57 62 536 45 203 66 65 83 86 644 
498 2 6 25 218 57 576 45 338 542 536 66 65 644 
636 2 25 26 57 62 426 66 335 65 83 536 86 644 
212 219 433 165 588 50 491 631 307 61 16 361 151 228 663 
212 142 165 588 171 285 631 557 307 5 508 16 260 427 663 
212 588 446 171 165 285 631 463 313 5 508 16 27 663 
440 2 25 26 57 62 394 498 54 65 83 66 90 644 
636 2 6 529 513 27 97 463 185 45 454 411 367 654 
454 2 529 636 6 225 27 103 566 185 45 66 367 654 
449 2 6 529 62 27 97 463 185 45 82 66 367 654 
636 2 6 529 62 27 78 463 185 45 454 66 367 654 
576 2 25 26 57 62 65 83 394 498 207 66 90 644 
636 2 6 529 322 27 97 11 185 45 82 66 498 654 
636 2 529 225 62 6 329 45 107 22 66 65 97 644 
498 2 26 57 62 67 536 66 40 65 83 86 90 644 
498 2 26 57 62 6 536 66 68 65 83 86 90 644 
2 6 25 218 57 62 22 27 45 68 66 65 83 644 
636 2 529 6 513 261 97 463 185 45 454 411 367 654 
212 588 446 171 165 225 27 97 222 631 463 313 5 663 
498 2 6 25 218 213 26 45 156 270 536 66 65 654 
636 454 2 6 529 388 244 342 307 45 338 66 212 142 654 
18 2 6 25 218 57 27 62 45 107 22 66 65 644 
18 2 6 25 218 57 27 62 45 203 336 66 65 644 
636 394 491 454 2 6 25 423 45 365 214 606 66 65 654 
2 6 18 25 218 57 27 304 45 203 336 66 65 644 
498 2 6 25 218 57 576 62 536 45 338 66 65 644 
636 2 6 529 62 27 78 463 185 45 454 66 367 654 
454 2 529 636 6 302 381 342 307 61 365 301 185 45 654 
498 2 6 25 218 57 576 45 338 542 536 66 65 644 
636 2 6 529 513 27 97 478 185 45 454 411 367 654 
25 2 26 57 62 106 175 66 68 65 83 207 90 644 
636 2 6 454 25 423 365 45 307 320 338 66 65 214 654 
18 2 6 25 218 57 27 62 45 203 336 66 65 644 
636 2 6 529 62 27 97 11 185 45 82 66 536 654 
454 2 529 636 6 246 13 381 45 609 413 185 312 654 
636 2 25 26 57 62 567 66 335 65 83 536 86 644 
498 2 26 57 62 6 536 66 68 65 83 86 90 644 
636 2 6 529 193 27 97 463 185 45 407 188 367 654 
454 636 2 6 529 388 244 246 13 381 45 203 413 185 654 
212 588 446 218 142 165 468 631 195 307 5 508 16 663 
212 142 165 588 171 285 631 557 307 5 508 16 260 427 663 
454 2 529 636 6 302 381 342 185 45 307 61 365 654 
498 2 6 25 218 57 576 62 536 45 338 66 65 644 
212 588 446 171 142 165 468 631 195 307 5 508 16 663 
2 6 18 25 218 57 27 304 45 203 336 66 65 644 
212 219 433 165 588 142 491 631 16 388 151 228 37 663 
212 588 446 171 142 165 468 158 195 307 5 508 16 663 
212 588 446 171 142 631 16 342 307 61 388 151 165 468 663 
454 2 529 636 6 361 13 381 185 312 45 338 620 654 
454 2 529 636 6 246 13 381 185 312 45 338 620 654 
212 394 491 631 16 388 244 37 307 320 440 433 165 588 663 
636 2 6 581 62 27 97 11 185 45 82 66 536 654 
636 2 6 454 25 423 365 45 338 66 65 214 529 654 
440 2 25 26 57 62 65 394 498 54 83 66 90 644 
636 2 6 399 62 27 97 463 185 45 454 66 367 654 
212 142 491 631 16 588 446 171 165 468 195 307 5 508 663 
636 2 6 529 193 27 97 463 185 45 454 188 367 654 
454 2 482 636 6 225 27 103 566 185 45 66 367 654 
636 2 25 26 57 62 6 66 335 65 83 536 86 644 
454 2 529 636 6 246 13 381 45 203 413 185 312 654 
212 219 415 165 588 446 171 142 359 631 195 307 5 508 663 
212 142 491 631 16 388 244 37 307 320 219 165 588 171 663 
454 2 529 636 6 302 381 342 307 61 365 301 185 45 654 
454 2 529 636 6 246 61 381 185 45 312 620 97 654 
636 2 6 529 513 27 97 463 185 45 454 411 367 654 
454 2 529 636 6 246 116 381 185 312 45 338 620 654 
636 2 529 225 62 6 329 45 107 22 66 65 97 644 
636 2 6 399 62 27 97 463 185 45 454 66 367 654 
449 2 6 529 62 27 97 463 185 45 82 66 367 654 
212 219 567 165 588 142 491 631 16 388 151 228 37 663 
450 454 509 419 2 6 529 61 97 290 185 45 636 654 
454 2 529 636 6 302 381 342 307 61 578 301 185 45 654 
454 2 529 636 6 302 381 342 307 61 578 301 185 45 654 
636 2 529 6 513 261 97 463 185 45 454 411 367 654 
636 2 536 6 529 388 97 533 185 45 454 188 244 654 
454 2 529 636 6 302 381 342 185 45 307 61 365 654 
454 2 529 636 6 388 244 246 13 381 45 359 413 185 654 
636 454 2 6 529 388 244 342 307 45 338 66 212 142 654 
478 394 491 631 16 388 244 37 307 320 219 97 313 150 653 
498 2 26 57 62 67 536 66 68 65 83 86 90 644 
498 2 26 57 62 6 536 45 338 66 65 83 86 644 
440 2 25 26 57 62 65 83 394 498 207 66 90 644 
498 2 26 57 62 67 536 66 40 65 83 86 90 644 
2 6 25 218 57 62 22 27 45 68 66 65 83 644 
212 588 446 171 165 225 27 97 222 631 463 313 5 663 
2 6 18 25 218 57 27 62 45 107 22 66 65 644 
