501 575 496 142 556 302 425 498 269 338 337 194 53 113 164 17 672 
351 178 431 191 370 385 240 143 643 517 400 212 254 309 663 
304 505 643 81 419 633 181 192 268 267 303 48 9 671 
13 147 122 643 12 353 107 496 488 7 5 121 67 646 
70 296 2 68 389 254 257 643 86 120 15 474 525 676 
37 246 198 1 570 90 595 614 624 354 623 521 429 676 
60 272 117 643 460 576 432 10 6 2 7 44 488 670 
119 178 556 397 202 213 251 201 125 135 8 113 639 659 
643 374 205 352 14 355 123 438 356 442 591 327 357 671 
611 643 510 590 323 31 433 497 317 594 275 641 305 658 
41 130 390 528 30 481 198 643 235 16 183 7 157 223 104 336 139 670 
70 42 466 102 515 291 517 2 570 24 152 587 520 676 
214 10 40 326 409 144 238 565 417 117 624 547 427 665 
105 163 303 633 104 398 350 78 49 381 559 595 351 676 
347 133 643 33 396 502 570 417 44 275 579 513 393 676 
44 3 643 443 258 87 406 24 69 35 228 90 68 644 
160 81 643 450 482 464 443 524 354 146 391 624 266 676 
147 643 418 70 400 2 3 219 7 347 52 64 624 676 
