470 175 183 515 189 577 219 414 504 340 130 317 509 571 672 
4 519 24 70 340 47 66 466 521 526 131 550 549 676 
412 175 183 515 189 577 219 414 504 340 130 317 509 571 672 
4 519 24 70 340 47 66 466 521 526 131 550 549 676 
23 194 24 66 104 65 577 239 126 558 559 340 289 660 
4 519 470 70 340 47 66 466 521 526 131 550 549 676 
470 183 515 189 577 151 175 504 219 414 498 239 340 130 660 
23 79 24 66 104 577 219 414 632 239 289 248 558 559 660 
24 244 140 66 340 126 104 245 455 239 87 558 559 660 
24 244 630 104 340 305 577 239 126 558 559 578 611 660 
4 519 24 158 340 47 66 466 521 526 131 550 549 676 
4 519 470 70 340 47 66 466 521 526 131 550 549 676 
407 175 183 66 104 470 189 577 515 239 126 558 559 660 
23 79 24 66 104 577 267 414 632 239 289 248 558 559 660 
24 244 611 175 140 66 104 245 151 239 87 126 558 559 660 
175 183 470 515 221 189 577 239 87 114 438 219 414 599 660 
470 175 183 515 219 189 577 239 87 414 391 340 130 660 
24 244 140 66 340 126 104 245 151 239 87 558 559 660 
407 297 611 175 66 104 340 577 239 189 87 616 558 559 660 
24 244 611 175 140 66 104 245 151 239 87 126 558 559 660 
407 175 330 104 221 189 577 239 87 114 438 590 558 660 
4 50 24 158 340 47 66 466 521 526 131 550 549 676 
407 175 183 104 470 361 577 237 491 297 239 126 558 559 660 
407 175 183 104 470 498 577 239 126 558 559 546 87 660 
175 183 515 219 457 104 189 577 126 470 239 87 414 391 660 
470 175 183 515 221 189 577 239 87 114 438 219 414 660 
470 175 183 104 340 305 577 239 126 558 559 578 515 660 
517 175 330 104 340 305 577 239 126 558 559 578 189 660 
470 175 183 515 189 577 414 151 219 301 504 340 239 87 660 
407 297 175 183 457 104 189 577 126 470 515 239 558 559 660 
407 175 183 457 104 470 189 577 515 239 126 558 559 660 
412 175 407 330 104 221 506 578 189 337 239 114 438 590 660 
407 175 183 104 154 515 577 239 87 616 517 558 578 559 660 
380 175 320 104 189 577 219 515 407 330 221 239 519 154 660 
407 175 183 104 470 515 340 189 577 239 219 87 414 660 
470 175 330 104 340 305 577 239 598 558 183 515 221 660 
407 175 369 104 470 361 577 237 491 297 239 126 558 660 
407 450 183 104 478 329 498 577 239 558 559 470 126 660 
407 175 183 330 104 470 515 219 414 151 577 239 126 558 660 
407 175 330 128 104 299 87 458 577 498 239 126 558 660 
407 175 330 104 221 189 577 239 87 114 438 590 558 660 
407 175 330 104 221 87 458 577 498 239 126 558 243 660 
407 175 330 104 221 87 578 189 337 239 114 438 590 660 
470 183 330 104 221 305 578 189 577 239 87 515 151 660 
407 175 330 104 189 577 219 414 504 340 305 578 239 221 660 
175 183 407 330 104 221 506 578 189 337 239 361 251 577 660 
407 175 330 104 221 87 458 243 577 239 616 114 438 660 
407 175 330 221 189 104 340 577 239 414 504 130 87 149 660 
412 175 183 104 470 498 577 239 126 407 330 221 506 660 
407 175 183 104 154 515 577 239 87 616 517 558 578 559 660 
407 175 183 66 104 470 189 577 515 239 126 558 559 660 
407 175 183 104 154 515 577 239 87 150 438 126 616 660 
380 189 577 298 104 470 515 219 414 151 175 504 371 239 660 
407 175 297 66 104 470 577 183 189 515 239 126 558 559 660 
407 450 183 104 478 329 498 577 239 126 558 559 546 660 
407 175 330 104 340 305 577 239 126 558 559 578 189 660 
517 175 330 104 340 305 577 239 126 558 559 578 189 660 
407 175 330 104 221 305 578 189 577 239 87 337 114 660 
380 515 189 175 504 371 470 577 239 221 245 355 219 414 660 
407 175 330 412 221 87 458 577 340 305 239 126 189 660 
407 175 183 515 189 450 104 470 88 498 577 239 126 558 660 
407 175 330 104 221 506 578 189 337 239 114 438 590 660 
175 183 414 151 470 515 340 189 577 239 219 301 504 660 
470 175 183 515 189 577 219 414 504 340 130 317 509 571 672 
4 519 24 70 340 47 66 466 521 526 131 550 549 676 
4 519 470 70 340 47 66 466 521 526 131 550 549 676 
23 79 24 66 104 577 267 414 632 239 289 248 558 559 660 
24 244 140 66 340 104 245 151 87 239 126 558 559 660 
24 244 611 175 140 66 104 245 151 239 87 126 558 559 660 
4 519 24 158 340 47 66 466 521 526 131 550 549 676 
470 515 189 577 414 151 219 301 504 340 175 183 239 87 660 
407 175 183 104 470 361 577 237 491 297 239 126 558 559 660 
407 175 183 457 104 189 577 126 470 515 239 558 559 660 
407 175 484 104 470 498 245 151 87 239 129 558 340 660 
407 175 330 104 221 189 577 239 87 114 438 590 558 660 
407 175 473 104 221 87 458 577 340 305 239 126 558 660 
407 175 330 104 340 305 219 414 578 189 577 239 221 438 660 
407 175 330 104 221 189 577 239 414 504 340 130 87 458 660 
407 175 330 104 221 189 577 87 114 207 470 515 239 660 
407 175 183 104 154 515 577 239 87 616 517 558 578 559 660 
407 175 183 66 104 470 189 577 515 239 126 558 559 660 
407 175 183 104 361 251 189 577 515 239 126 237 491 660 
407 175 183 104 470 361 577 237 491 297 239 330 515 219 660 
407 175 297 66 104 470 577 183 189 515 239 126 558 559 660 
407 175 183 104 470 498 577 239 126 558 559 546 87 660 
517 175 330 104 340 305 577 239 126 558 559 578 189 660 
407 175 330 104 340 305 578 189 577 239 219 221 438 660 
380 515 189 577 298 151 175 504 371 470 239 221 245 355 660 
470 175 183 515 221 149 577 239 87 114 438 219 407 660 
407 175 183 104 470 361 577 237 491 297 239 126 558 449 660 
407 175 330 104 221 87 578 189 337 239 114 438 590 660 
470 175 183 515 189 577 219 414 498 239 504 340 130 660 
4 519 24 70 340 47 66 466 521 526 131 550 549 676 
470 175 183 189 392 577 219 515 407 504 340 130 317 509 672 
23 79 24 66 104 577 219 414 632 239 289 248 558 559 660 
4 519 470 70 340 47 66 466 521 526 131 550 549 676 
24 244 611 175 140 66 104 245 151 239 87 126 558 559 660 
407 175 183 66 104 470 189 577 515 239 126 558 559 660 
4 519 24 158 340 47 66 466 521 526 131 550 549 676 
470 175 183 515 399 219 577 239 414 504 340 130 317 509 660 
