638 259 437 512 474 180 282 581 7 553 112 391 49 668 
140 547 112 437 421 496 7 567 391 512 586 501 452 19 668 
140 421 253 10 7 452 19 586 639 183 567 441 642 668 
2 49 167 25 45 268 66 65 154 77 505 240 549 676 
2 49 472 25 45 268 66 65 415 77 239 359 549 676 
2 25 45 66 65 143 530 85 41 294 451 98 493 676 
140 567 312 7 282 137 437 512 501 586 642 454 452 668 
2 25 45 66 65 636 77 85 41 268 451 98 493 676 
140 527 7 112 437 512 474 581 454 586 180 282 49 668 
140 437 512 474 638 421 501 112 191 454 611 18 426 668 
457 2 14 496 474 131 10 7 386 137 13 19 586 642 668 
638 421 501 112 391 380 437 512 474 496 454 611 359 392 668 
48 547 112 437 421 496 7 567 391 512 474 180 498 282 668 
140 288 10 7 282 137 452 437 112 586 642 454 512 668 
638 421 501 112 391 361 380 437 512 581 282 474 496 259 668 
638 421 501 437 131 512 474 180 7 553 112 391 380 668 
457 2 14 10 7 386 137 452 19 586 244 642 454 668 
638 421 501 112 391 282 183 452 19 361 380 437 512 668 
112 2 421 9 575 137 14 330 25 10 132 45 66 415 442 662 
638 183 112 437 131 512 474 180 7 553 581 140 421 668 
638 421 501 437 131 512 474 180 7 553 112 391 380 668 
638 183 112 437 131 512 474 180 7 553 581 140 421 668 
457 2 14 496 474 131 10 7 386 137 452 19 586 642 668 
48 421 496 391 380 584 298 18 121 140 392 547 490 454 668 
140 291 14 10 7 452 19 586 639 183 567 441 642 668 
638 183 112 437 131 512 474 180 7 553 581 49 586 668 
140 421 14 10 7 452 19 586 639 183 567 441 642 668 
457 2 14 496 474 131 10 7 386 137 452 19 586 642 668 
457 2 14 10 7 386 137 452 18 121 19 586 642 454 668 
140 421 14 10 7 452 19 586 639 183 567 441 642 668 
457 2 14 496 474 131 10 7 386 137 452 19 586 642 668 
310 547 421 391 380 584 539 512 474 496 454 611 359 18 668 
140 421 14 10 7 452 19 586 639 183 567 441 642 668 
48 547 421 496 391 512 474 380 584 539 18 121 490 668 
457 2 14 10 7 386 137 452 19 586 642 454 581 668 
112 2 421 9 575 137 14 330 25 10 132 45 66 415 442 662 
2 49 167 25 45 268 66 65 154 77 505 240 549 676 
140 421 501 112 391 527 7 437 452 19 567 512 586 474 668 
2 49 472 25 45 268 66 65 415 77 239 359 549 676 
140 7 567 437 131 512 474 581 454 586 244 452 19 668 
638 183 112 496 450 201 18 512 474 226 490 282 605 180 668 
48 547 421 496 7 567 437 391 512 474 180 581 282 668 
638 421 112 437 512 474 180 7 282 581 49 586 496 501 668 
140 2 433 112 10 7 501 282 437 512 474 148 586 668 
112 2 421 9 575 137 14 330 25 10 132 45 66 415 442 662 
457 2 14 10 7 386 137 452 19 586 642 454 581 668 
48 547 421 496 391 512 474 180 581 282 49 380 477 668 
2 25 45 66 65 143 530 85 41 268 451 98 493 676 
2 25 45 66 65 143 530 85 41 268 451 98 493 676 
379 501 112 437 512 131 581 454 611 140 392 474 180 282 668 
244 2 112 10 7 501 282 140 437 512 474 148 586 668 
2 25 45 66 65 636 530 85 41 268 451 98 493 676 
140 2 10 7 282 137 452 437 112 586 278 512 19 668 
638 421 501 112 391 361 259 437 512 581 282 474 496 454 668 
112 2 421 9 575 137 14 330 25 10 132 45 66 415 442 662 
638 421 501 112 391 361 380 437 512 581 282 474 496 454 668 
2 25 45 66 65 636 77 85 41 268 451 98 493 676 
140 7 567 437 512 131 581 454 586 244 452 19 474 547 668 
2 25 45 66 65 636 77 85 41 268 451 98 493 676 
638 421 501 112 391 527 7 437 452 19 586 639 183 512 668 
638 183 112 496 450 201 18 226 490 282 605 512 474 180 668 
48 547 496 391 638 421 512 474 380 584 539 18 121 668 
48 547 421 246 180 581 282 512 474 496 49 380 584 392 668 
48 547 421 496 391 512 474 380 584 539 18 121 490 668 
2 49 472 25 45 268 66 65 415 77 239 359 549 676 
48 547 421 496 391 512 474 180 581 282 49 380 584 668 
638 421 501 361 391 380 437 512 581 282 474 496 454 668 
48 547 421 496 391 380 477 137 339 282 49 437 512 668 
2 49 472 25 45 268 66 65 457 77 239 359 549 676 
2 25 45 66 65 636 77 85 41 268 451 98 493 676 
638 421 501 112 391 380 437 512 474 496 454 611 359 392 668 
48 501 112 437 512 131 581 454 611 140 392 547 421 496 668 
140 7 567 437 512 586 501 452 19 474 547 454 49 668 
48 547 421 496 391 380 477 282 137 339 437 512 584 668 
140 437 512 474 638 421 501 112 496 454 611 18 426 668 
48 547 421 437 512 474 584 7 180 581 282 496 391 380 668 
638 421 501 112 391 380 437 512 474 496 454 611 359 392 668 
638 421 501 112 437 512 474 496 454 611 140 18 426 668 
7 501 112 437 512 131 581 454 611 140 392 474 180 282 668 
48 547 421 496 391 512 474 180 581 282 49 380 584 668 
112 638 183 496 450 201 18 226 490 282 137 7 437 512 668 
112 638 421 496 474 131 581 454 611 140 392 391 380 512 668 
638 183 112 437 512 474 584 7 180 581 282 49 586 496 668 
638 421 501 112 437 512 474 496 454 611 140 392 391 668 
638 183 112 437 512 474 180 7 282 581 49 586 496 137 668 
638 183 112 180 639 7 490 282 137 339 437 512 474 668 
140 527 421 490 282 137 280 7 112 437 512 474 180 668 
638 527 7 112 437 452 19 586 639 183 512 474 180 668 
112 638 421 496 474 131 581 454 611 140 392 391 380 512 668 
638 183 7 112 437 512 474 180 581 282 49 586 496 668 
140 7 501 112 437 512 474 180 581 282 49 586 452 668 
140 527 7 112 437 512 474 180 581 282 49 586 501 668 
2 49 472 25 45 453 66 65 457 77 239 240 549 676 
2 49 472 25 45 268 66 65 154 77 505 240 549 676 
2 49 472 25 45 268 66 65 457 77 505 240 549 676 
2 25 45 49 472 268 66 65 457 77 239 240 549 676 
48 547 421 496 391 380 584 298 18 121 490 454 49 472 668 
48 547 421 496 391 380 584 298 18 121 490 454 49 472 668 
48 547 421 496 391 380 584 539 18 121 490 454 49 472 668 
2 49 472 25 45 268 66 65 457 77 239 240 549 676 
