283 438 79 567 342 424 515 292 402 501 130 480 359 670 
283 438 79 567 342 424 515 402 7 577 618 38 359 670 
207 174 3 279 529 7 77 382 62 13 80 442 617 662 
567 424 7 180 586 38 85 283 438 79 515 402 289 670 
484 174 359 3 7 175 413 442 629 468 103 586 642 662 
484 174 359 3 7 175 77 442 629 468 103 586 642 662 
382 174 181 3 7 448 79 438 533 13 80 442 175 662 
382 543 322 359 175 7 336 212 207 149 9 442 185 662 
484 174 359 3 7 175 413 442 629 468 103 194 642 662 
445 371 7 207 185 576 99 174 503 424 515 480 442 662 
484 174 359 367 7 175 413 442 629 468 103 586 642 662 
302 371 7 207 185 576 99 283 424 149 359 9 442 662 
484 174 359 3 7 175 413 19 468 103 9 442 586 662 
3 371 7 207 149 185 576 99 283 424 85 320 442 662 
283 438 567 342 424 7 79 448 175 292 9 442 515 662 
382 174 181 3 7 448 79 438 533 175 469 9 442 662 
62 174 113 175 3 7 565 77 80 442 465 601 624 662 
62 174 113 3 175 7 85 77 80 442 465 601 624 662 
382 174 359 181 3 7 480 175 77 80 130 438 442 662 
409 174 3 113 13 529 7 156 382 254 80 442 617 662 
382 174 359 175 3 7 77 80 442 400 181 480 130 662 
207 174 3 279 529 7 180 382 62 13 80 442 617 662 
99 174 359 175 3 7 77 80 442 400 181 113 529 662 
371 207 3 113 529 7 77 80 442 400 468 382 254 662 
484 174 359 3 7 175 413 442 629 468 103 194 642 662 
484 359 308 7 175 413 19 174 503 468 103 9 442 662 
371 207 3 113 529 7 77 80 442 400 407 382 254 662 
207 174 3 279 529 7 336 382 62 13 80 442 611 662 
283 174 3 113 529 7 218 382 254 13 611 80 442 662 
225 174 113 3 7 175 62 85 77 80 442 465 601 662 
409 174 113 529 3 7 616 382 254 13 80 283 442 662 
371 207 3 113 529 7 77 80 442 400 468 382 254 662 
409 174 3 113 529 7 218 382 254 13 77 80 442 662 
484 174 359 3 7 175 77 442 629 468 103 586 642 662 
484 174 359 3 7 175 77 629 468 254 80 442 103 662 
371 207 3 7 529 562 77 382 113 254 80 442 400 662 
484 174 359 3 7 175 413 442 629 468 103 586 642 662 
62 174 3 7 113 175 85 77 80 442 465 601 624 662 
371 207 3 289 529 7 77 80 442 400 468 382 254 662 
283 207 3 7 529 562 77 382 113 254 80 442 174 662 
283 174 113 3 529 7 77 80 442 400 565 382 254 662 
484 174 113 175 3 7 235 77 565 80 442 359 539 662 
371 207 3 7 359 77 539 113 414 80 442 400 407 662 
283 207 3 7 529 562 77 382 113 254 80 442 174 662 
62 174 113 3 7 297 85 77 80 442 465 601 624 662 
409 174 113 13 3 7 77 529 156 382 254 80 442 662 
174 438 3 7 529 562 77 382 113 254 80 442 181 662 
302 371 7 207 185 576 99 283 424 149 359 9 442 662 
371 207 3 113 529 7 77 80 442 400 407 382 254 662 
207 174 3 371 7 359 77 539 113 414 80 442 400 662 
567 424 7 180 586 38 85 283 438 79 318 382 174 670 
