400 277 156 468 490 509 307 480 167 539 18 253 149 669 
48 3 13 19 7 223 473 62 509 77 175 514 642 646 
13 25 161 57 323 466 62 415 168 14 486 583 624 642 647 
400 277 490 389 355 509 307 480 167 539 156 468 18 669 
472 14 245 509 251 80 77 373 593 629 240 13 620 669 
13 25 161 57 323 466 62 415 168 14 188 583 624 642 647 
14 195 25 57 140 70 27 511 77 283 36 466 486 627 647 
13 25 161 57 323 466 62 415 168 14 486 208 624 642 647 
13 23 25 57 216 67 28 70 27 480 62 466 486 627 647 
14 23 25 57 140 70 27 511 95 283 349 466 486 627 647 
400 141 490 389 539 167 18 355 149 88 480 240 629 669 
14 23 25 57 464 70 27 511 95 283 173 466 486 627 647 
3 217 514 19 7 223 473 62 509 77 175 642 385 646 
13 25 161 57 323 466 62 415 168 633 486 208 624 642 647 
400 141 353 509 251 389 539 167 624 373 593 629 240 669 
472 14 245 509 251 80 389 355 77 373 593 629 240 669 
400 141 490 509 251 389 539 167 18 355 149 88 480 669 
14 23 25 57 140 70 27 511 77 283 36 466 486 627 647 
400 141 490 509 251 80 389 539 167 18 355 580 88 669 
163 14 245 509 251 412 77 373 593 629 240 480 389 669 
14 23 25 57 140 70 27 170 303 504 36 466 486 627 647 
14 23 25 57 140 70 27 511 60 283 36 466 486 627 647 
106 141 490 509 251 80 389 355 77 373 593 629 240 669 
7 3 13 19 449 484 498 140 122 62 509 123 642 646 
3 13 616 19 7 223 367 62 556 16 279 425 123 646 
7 3 13 19 223 473 62 509 77 175 71 642 385 646 
7 3 13 62 556 19 346 509 425 123 263 480 642 646 
13 25 161 57 323 466 62 415 501 14 486 583 624 642 647 
163 14 156 468 245 509 251 412 77 373 309 629 240 669 
14 23 25 57 140 70 27 293 95 504 392 466 486 627 647 
7 3 13 616 556 16 62 279 425 123 145 480 642 646 
7 3 13 62 556 19 163 509 425 123 263 480 642 646 
14 23 25 57 464 70 27 511 95 283 207 466 486 627 647 
14 23 25 57 464 70 27 92 95 283 524 466 486 627 647 
14 23 25 57 464 70 27 92 95 283 524 466 486 627 647 
14 23 25 57 140 70 27 72 95 504 36 466 486 627 647 
14 23 25 57 232 70 27 72 95 504 36 466 486 627 647 
14 23 25 57 464 70 27 511 95 283 524 466 486 627 647 
14 23 25 57 464 70 27 511 95 283 524 466 486 627 647 
14 23 25 57 464 70 27 511 95 283 524 466 486 627 647 
14 23 25 57 464 70 27 511 95 283 524 466 486 627 647 
14 23 25 57 464 70 27 511 95 283 524 466 486 627 647 
14 23 25 57 464 70 27 511 95 283 524 466 486 627 647 
14 23 25 57 464 70 27 511 95 283 524 466 486 627 647 
14 23 25 57 464 70 27 511 95 283 524 466 486 627 647 
14 23 25 57 464 70 27 511 95 419 524 466 486 627 647 
14 23 25 57 464 70 27 511 95 283 524 466 486 627 647 
14 23 25 57 464 70 27 511 95 283 524 466 486 627 647 
14 23 25 57 464 70 27 511 95 283 524 466 486 627 647 
14 23 25 57 464 70 27 511 95 283 524 466 486 627 647 
14 23 25 57 464 70 27 511 95 283 524 466 486 627 647 
14 23 25 57 464 70 27 511 95 283 524 466 486 627 647 
14 23 25 57 464 70 27 511 95 283 524 466 486 627 647 
14 23 25 57 464 70 27 511 95 283 524 466 486 627 647 
14 23 25 57 464 70 27 511 95 419 524 466 486 627 647 
14 23 25 57 464 70 27 511 95 283 524 466 486 627 647 
14 23 25 57 464 70 27 511 95 267 524 466 486 627 647 
14 23 25 57 464 70 27 511 95 283 524 466 486 627 647 
14 23 25 57 464 70 27 511 95 283 524 466 486 627 647 
14 23 25 57 464 70 27 511 95 136 524 466 486 627 647 
14 23 25 57 464 70 27 511 95 283 524 466 486 627 647 
14 23 25 57 140 70 27 293 95 504 36 466 486 627 647 
14 23 25 57 140 70 27 293 95 504 36 466 486 627 647 
14 23 25 57 140 70 27 293 95 504 36 466 486 627 647 
14 23 25 57 140 70 27 511 95 504 36 466 486 627 647 
14 23 25 57 140 70 27 511 95 504 36 466 486 627 647 
14 23 25 57 140 70 27 511 95 283 36 466 486 627 647 
14 23 25 57 140 70 27 511 95 283 36 466 486 627 647 
14 23 25 57 140 70 27 511 95 504 36 466 486 627 647 
14 23 25 57 140 70 27 395 95 504 36 466 486 627 647 
14 23 25 57 140 70 27 511 95 283 36 466 486 627 647 
14 23 25 57 140 70 27 511 95 283 36 466 486 627 647 
14 23 25 57 140 70 27 511 95 504 36 466 486 627 647 
14 23 25 57 140 70 27 511 95 283 36 466 486 627 647 
14 23 25 57 284 70 27 511 95 283 36 466 486 627 647 
14 23 25 57 140 70 27 511 95 283 36 466 486 627 647 
14 23 25 57 140 70 27 511 95 283 36 466 486 627 647 
14 23 25 57 284 70 27 511 95 413 36 466 486 627 647 
14 23 25 57 140 70 27 511 95 283 36 466 486 627 647 
14 23 25 57 140 70 27 511 95 504 36 466 486 627 647 
14 23 25 57 140 70 27 511 95 504 36 466 486 627 647 
14 23 25 57 140 70 27 511 95 504 36 466 486 627 647 
14 23 25 57 317 70 27 511 95 283 36 466 486 627 647 
14 23 25 57 140 70 27 511 95 504 36 466 486 627 647 
14 23 25 57 140 70 27 511 95 283 36 466 486 627 647 
14 23 25 57 140 70 27 511 95 283 36 466 486 627 647 
14 23 25 57 140 70 27 511 95 283 36 466 486 627 647 
14 23 25 57 140 70 27 511 95 283 36 466 486 627 647 
14 23 25 57 140 70 27 511 95 504 36 466 486 627 647 
14 23 25 57 140 70 27 511 95 283 36 466 486 627 647 
14 23 25 57 140 70 27 511 95 504 36 466 486 627 647 
14 23 25 57 140 70 27 511 95 283 36 466 486 627 647 
14 23 25 57 140 70 27 511 95 283 36 466 486 627 647 
14 23 25 57 140 70 27 511 95 283 36 466 486 627 647 
14 23 25 57 140 70 27 511 95 283 36 466 486 627 647 
14 23 25 57 140 70 27 511 95 283 36 466 486 627 647 
14 23 25 57 140 70 27 511 95 504 36 466 486 627 647 
14 23 25 57 140 70 27 511 95 504 36 466 486 627 647 
14 23 25 57 140 70 27 511 95 504 36 466 486 627 647 
14 23 25 57 140 70 27 639 95 504 36 466 486 627 647 
