208 266 204 182 327 260 130 134 178 428 37 394 576 85 675 
4 6 27 44 66 85 65 576 533 606 583 37 615 646 
4 6 27 44 85 503 576 533 66 339 240 260 615 646 
586 137 533 182 327 260 130 134 178 428 37 394 239 323 675 
4 6 27 410 85 503 576 533 66 339 240 260 615 646 
137 533 182 260 130 134 178 428 37 394 332 586 327 239 675 
497 6 469 27 37 615 85 581 176 32 332 586 327 137 675 
4 6 27 44 85 136 65 576 533 66 339 240 615 646 
4 6 511 310 134 240 576 630 239 556 558 615 483 646 
4 6 27 310 237 292 240 576 630 372 480 615 533 646 
4 6 511 483 615 498 31 452 107 581 340 239 558 645 
4 6 178 66 339 134 240 576 630 239 556 558 615 646 
317 327 260 581 266 498 421 625 533 142 239 88 558 645 
123 327 260 545 134 31 178 556 305 239 483 558 285 646 
4 6 27 310 134 240 576 630 239 556 558 615 498 646 
4 346 317 327 134 240 576 630 239 556 558 615 260 646 
123 163 260 545 134 240 576 630 239 556 558 615 31 646 
123 163 260 545 134 240 576 630 239 556 558 615 256 646 
123 327 260 545 134 178 469 630 239 231 483 558 285 646 
208 266 134 204 576 85 533 630 556 239 483 558 285 646 
123 327 260 337 134 178 556 37 394 239 469 483 558 646 
123 327 260 545 134 178 469 239 483 558 285 155 107 646 
208 266 134 533 576 630 556 239 483 558 285 155 544 646 
4 6 27 44 85 66 163 533 65 95 583 180 615 646 
4 6 27 44 85 66 163 533 65 95 583 180 615 646 
4 6 27 44 85 66 163 533 65 95 583 180 615 646 
4 6 27 44 85 66 163 533 65 95 583 180 615 646 
4 6 27 44 66 85 65 576 533 95 583 37 615 646 
4 6 27 44 66 85 576 533 65 95 583 37 615 646 
4 6 27 44 66 85 65 576 533 95 583 37 615 646 
4 6 27 44 66 474 576 533 65 95 583 37 615 646 
4 6 27 44 85 66 163 533 65 95 583 180 615 646 
4 6 27 44 85 66 163 533 65 95 583 180 615 646 
4 6 27 44 85 66 163 533 65 95 583 180 615 646 
4 6 27 44 66 85 576 65 533 95 583 37 615 646 
4 6 27 44 66 85 163 533 65 95 583 180 615 646 
4 6 27 44 85 66 251 533 65 95 583 180 615 646 
4 6 27 44 85 66 163 533 65 95 583 180 615 646 
4 6 27 44 66 85 65 576 533 95 583 37 615 646 
4 6 27 44 85 66 163 533 65 95 583 180 615 646 
4 6 27 44 85 66 163 533 65 95 583 180 615 646 
4 6 27 44 85 66 459 533 65 95 583 180 615 646 
4 6 27 44 85 66 163 533 65 95 583 180 615 646 
4 6 27 44 66 85 65 576 533 95 583 37 615 646 
4 6 27 44 85 66 163 533 65 95 583 180 615 646 
4 6 27 44 85 66 163 533 65 95 583 180 615 646 
4 6 27 44 66 85 65 576 533 95 583 37 615 646 
4 6 27 44 85 66 163 533 65 95 583 180 615 646 
4 6 27 44 85 66 163 533 65 95 583 180 615 646 
4 6 27 44 85 66 163 533 65 95 583 180 615 646 
4 6 27 44 85 66 163 533 65 95 583 180 615 646 
4 6 27 44 66 85 65 576 533 95 583 37 615 646 
4 6 27 44 85 66 163 533 65 95 583 180 615 646 
4 6 27 44 85 66 251 533 65 95 583 180 615 646 
4 6 27 44 85 66 459 533 65 95 583 180 615 646 
4 6 27 44 66 85 576 65 533 95 583 37 615 646 
4 6 27 44 85 66 163 533 65 95 583 180 615 646 
4 6 27 44 85 66 163 533 65 95 583 180 615 646 
4 6 27 44 85 66 163 533 65 95 583 180 615 646 
4 6 27 44 66 85 65 576 533 95 583 37 615 646 
4 6 27 44 66 85 65 576 533 95 583 37 615 646 
4 6 27 44 66 85 65 576 533 95 583 37 615 646 
4 6 27 44 66 85 65 576 533 95 583 37 615 646 
4 6 27 44 85 66 163 533 65 95 583 593 615 646 
4 6 27 44 66 85 65 576 533 95 583 37 615 646 
4 6 27 44 66 85 65 576 533 95 583 37 615 646 
4 6 27 44 66 85 65 576 533 95 583 37 615 646 
4 6 27 44 85 66 163 533 65 95 583 180 615 646 
4 6 27 44 66 85 65 576 533 95 583 37 615 646 
4 6 27 44 66 85 65 576 533 95 583 37 615 646 
4 6 27 44 85 66 163 533 65 95 583 180 615 646 
4 6 27 44 85 66 163 533 65 95 583 180 615 646 
4 6 27 44 66 85 65 163 533 95 583 180 615 646 
4 6 27 44 66 85 65 163 533 95 583 180 615 646 
4 6 27 44 641 66 576 65 533 95 583 37 615 646 
4 6 27 44 85 66 163 533 65 95 583 180 615 646 
4 6 27 44 66 85 65 543 533 95 583 180 615 646 
4 6 27 44 85 66 251 533 65 95 583 180 615 646 
4 6 27 44 85 66 163 533 65 95 583 180 615 646 
4 6 27 44 66 85 251 533 65 95 583 180 615 646 
4 6 27 44 85 66 163 533 65 95 583 180 615 646 
4 6 27 44 66 85 65 576 533 95 583 37 615 646 
4 6 27 44 85 66 459 533 65 95 583 180 615 646 
4 6 27 44 66 85 65 576 533 95 583 317 615 646 
4 6 27 44 85 66 65 576 533 95 583 37 615 646 
4 6 27 44 66 85 65 576 533 95 583 37 615 646 
4 6 27 44 85 66 163 584 65 95 583 180 615 646 
4 6 27 44 66 85 65 576 533 95 583 37 615 646 
4 6 27 44 85 66 65 576 533 95 583 37 615 646 
4 6 27 44 66 474 576 533 65 95 583 37 615 646 
4 6 27 44 66 85 65 576 533 95 583 37 615 646 
4 6 27 44 66 85 251 533 65 95 583 180 615 646 
4 6 27 44 66 85 65 576 533 95 583 37 615 646 
4 6 27 44 85 66 459 533 65 95 583 180 615 646 
4 6 27 44 66 85 163 533 65 95 583 180 615 646 
4 6 27 44 85 66 163 533 65 95 583 180 615 646 
4 6 27 44 85 66 163 533 65 95 583 180 615 646 
4 6 27 44 66 85 65 576 533 95 583 317 615 646 
4 6 27 44 66 621 65 163 533 95 583 180 615 646 
4 6 27 44 85 66 65 182 533 95 583 37 615 646 
