340 277 469 639 388 393 337 156 231 243 483 239 143 660 
2 13 163 12 70 25 57 83 67 66 77 90 488 644 
385 13 3 12 82 25 410 393 67 275 77 90 488 644 
212 13 4 30 12 259 393 166 67 367 77 498 250 660 
2 13 11 12 25 57 70 83 67 45 77 126 488 548 673 
2 13 11 12 25 57 70 207 67 66 77 83 90 488 673 
2 13 11 12 253 188 393 67 367 498 7 77 488 644 
385 13 3 12 2 11 70 267 393 166 67 367 77 644 
212 13 370 214 12 303 534 405 259 393 67 402 250 660 
212 13 4 214 259 12 70 83 67 239 559 7 77 660 
2 13 3 12 82 11 25 57 70 83 67 7 77 644 
2 13 11 12 25 57 70 83 67 45 77 90 488 548 673 
2 13 11 12 25 57 70 207 83 67 77 90 488 644 
2 13 11 12 70 188 393 67 367 498 7 77 488 644 
2 13 11 12 25 57 70 83 67 66 77 90 488 521 673 
212 277 469 222 483 105 337 386 211 239 198 558 578 660 
108 639 388 393 337 347 156 445 483 239 198 558 143 660 
2 13 3 12 82 11 25 57 70 496 67 7 77 644 
2 13 11 12 25 57 37 83 67 66 77 90 488 521 673 
2 13 11 12 25 57 70 367 67 7 77 90 488 548 673 
2 13 11 12 153 410 393 25 67 367 77 498 488 644 
212 13 4 214 259 12 70 83 67 239 601 519 77 660 
385 13 3 12 483 105 337 386 158 239 198 558 82 660 
2 13 62 12 25 57 70 267 83 67 66 77 90 644 
2 13 3 12 82 11 25 105 70 207 67 367 77 644 
108 284 388 393 337 359 483 9 161 105 559 239 143 578 660 
2 13 11 12 25 57 70 83 67 7 45 77 90 488 673 
385 13 3 12 483 105 337 386 211 239 198 558 82 660 
2 13 3 12 25 57 70 207 83 67 77 498 82 644 
2 13 11 12 25 57 333 83 67 7 77 90 488 548 673 
2 13 3 12 25 57 70 207 424 67 77 82 11 644 
108 639 388 393 337 359 156 231 369 483 239 143 382 578 660 
108 639 388 393 337 156 231 347 483 239 143 382 578 660 
108 639 388 393 12 359 347 105 519 143 558 239 578 660 
2 13 3 278 11 12 70 57 67 367 207 83 77 644 
2 13 11 12 70 313 393 83 67 367 77 498 488 644 
2 13 11 12 19 25 57 207 83 67 77 90 488 644 
2 13 163 12 70 25 57 83 67 66 77 19 488 644 
2 13 11 12 25 57 60 70 207 83 67 77 90 488 673 
2 13 11 12 25 57 34 83 67 7 77 90 488 548 673 
108 639 388 393 337 359 156 231 347 483 239 143 382 578 660 
2 13 3 278 11 12 70 57 207 83 67 77 90 644 
108 284 388 393 337 359 483 9 161 105 559 433 143 578 660 
108 639 388 393 337 359 156 231 483 239 143 382 578 660 
18 302 38 222 483 105 337 386 211 239 198 558 404 660 
18 302 38 222 483 105 337 386 400 239 198 558 404 660 
18 302 38 222 105 337 604 400 369 483 239 198 558 404 660 
2 13 11 12 25 57 70 367 67 83 7 77 90 488 673 
2 13 3 12 25 57 70 83 67 7 77 82 11 548 673 
2 15 3 25 12 11 153 393 67 367 77 498 488 644 
108 639 388 393 120 359 347 105 519 143 558 239 578 660 
2 13 3 12 25 57 70 207 83 67 77 82 11 644 
2 13 11 12 70 267 393 166 67 367 77 498 488 644 
2 13 11 12 25 57 70 207 67 367 77 83 90 488 673 
2 13 424 12 25 57 70 207 67 66 77 90 83 488 673 
2 13 11 12 25 57 70 562 67 7 77 90 488 548 673 
108 639 388 393 12 534 480 519 143 105 559 558 239 578 660 
206 13 3 25 12 410 393 67 275 77 90 488 18 644 
2 13 11 12 25 57 70 207 83 67 77 90 488 548 673 
2 13 11 12 25 57 70 83 67 66 77 90 488 548 673 
2 13 11 12 25 57 70 83 67 66 77 90 488 548 673 
2 13 11 12 25 57 70 83 67 7 77 90 488 548 673 
2 13 11 12 25 57 70 83 67 7 77 90 488 548 673 
2 13 11 12 25 57 70 83 67 7 77 90 488 548 673 
2 13 11 12 25 57 70 83 67 7 77 90 488 548 673 
2 13 11 12 25 57 70 83 67 7 77 90 488 548 673 
2 13 11 12 25 57 70 83 67 7 77 90 488 548 673 
2 13 11 12 25 57 70 83 67 7 77 90 488 548 673 
2 13 11 12 25 57 70 83 67 7 77 90 488 548 673 
2 13 11 12 25 57 70 83 67 7 77 90 488 548 673 
2 13 11 12 25 57 70 83 67 7 77 90 488 548 673 
2 13 11 12 25 57 70 83 67 7 77 90 488 548 673 
2 13 11 12 25 57 70 83 67 7 77 90 488 548 673 
2 13 11 12 25 57 70 83 67 7 77 90 488 548 673 
2 13 11 12 25 57 70 83 67 7 77 90 488 548 673 
2 13 11 12 25 57 70 83 67 7 77 90 488 548 673 
2 13 11 12 25 57 70 83 67 7 77 90 488 548 673 
2 13 11 12 25 57 70 83 67 7 77 90 488 548 673 
2 13 11 12 25 57 70 83 67 7 77 90 488 548 673 
2 13 11 12 25 57 70 83 67 7 77 90 488 548 673 
2 13 11 12 25 57 70 83 67 7 77 90 488 548 673 
2 13 11 12 25 57 70 83 67 7 77 90 488 548 673 
2 13 11 12 25 57 70 83 67 7 77 90 488 548 673 
2 13 11 12 25 57 70 83 67 7 77 90 488 548 673 
2 13 11 12 25 57 70 83 67 7 77 90 488 548 673 
2 13 11 12 25 57 70 83 67 7 77 90 488 548 673 
2 13 11 12 25 57 70 83 67 7 77 90 488 548 673 
2 13 11 12 25 57 70 83 67 7 77 90 488 548 673 
2 13 11 12 25 57 70 83 67 7 77 90 488 548 673 
2 13 11 12 25 57 70 83 67 7 77 90 488 548 673 
2 13 11 12 25 57 70 83 67 7 77 90 488 548 673 
2 13 11 12 25 57 70 83 67 7 77 90 488 548 673 
2 13 11 12 25 57 70 83 67 7 77 90 488 548 673 
2 13 11 12 25 57 70 83 67 7 77 90 488 548 673 
2 13 11 12 25 57 70 83 67 7 77 90 488 548 673 
2 13 11 12 25 57 70 83 67 7 77 90 488 548 673 
2 13 11 12 25 57 70 83 67 7 77 90 488 548 673 
2 13 11 12 25 57 70 83 67 7 77 90 488 548 673 
2 13 11 12 25 57 70 83 67 7 77 90 488 548 673 
2 13 11 12 25 57 70 83 67 7 77 90 488 548 673 
