637 545 313 106 508 361 59 639 611 575 504 279 330 675 
24 23 25 29 3 39 68 89 413 47 92 168 464 676 
637 545 313 106 508 361 59 639 611 575 504 279 330 675 
299 50 599 508 41 637 169 361 7 106 485 313 16 648 
7 3 77 16 383 459 545 636 617 59 198 80 624 648 
24 23 25 29 3 39 28 54 68 89 354 137 92 676 
24 23 25 29 65 508 39 54 34 69 68 464 465 647 
392 398 25 29 3 510 563 54 34 347 68 185 74 676 
392 23 25 29 65 594 39 54 34 69 68 464 549 676 
24 23 25 29 65 401 39 54 34 69 68 464 465 676 
392 23 25 29 185 39 28 54 34 68 508 240 464 676 
24 23 25 29 65 401 39 54 185 34 581 68 464 676 
24 23 54 29 143 39 68 89 296 137 92 168 464 676 
637 545 25 29 508 28 54 68 185 34 277 464 465 676 
637 254 25 29 185 508 364 54 68 516 464 465 370 676 
392 23 25 29 185 508 28 54 34 68 240 464 465 676 
24 23 25 29 3 39 68 89 296 375 92 168 464 676 
24 23 25 29 571 39 68 89 296 47 92 168 464 676 
24 23 25 29 65 508 39 54 34 69 68 185 464 676 
24 23 25 29 65 401 39 54 34 581 68 464 465 676 
24 23 25 29 3 39 28 54 68 89 354 137 92 676 
392 23 25 29 65 594 39 54 34 69 68 464 549 676 
361 616 458 326 383 7 3 16 153 545 498 557 442 648 
50 599 508 41 637 59 230 545 498 361 557 639 291 648 
24 23 25 29 65 508 39 54 34 69 68 464 465 647 
184 50 599 41 508 361 59 637 169 7 106 485 313 648 
392 23 25 29 12 34 28 54 185 68 199 240 77 676 
392 494 25 29 473 28 54 34 199 240 68 185 464 676 
308 50 230 18 226 508 445 637 313 7 361 611 59 648 
7 3 77 383 16 230 545 498 59 126 28 80 624 648 
392 23 25 29 185 508 28 54 34 68 240 464 465 676 
392 23 25 29 185 39 28 54 508 34 68 240 464 676 
7 3 399 16 616 383 230 426 498 59 13 348 80 648 
7 3 77 16 383 230 71 498 59 126 457 80 624 648 
616 3 230 18 41 637 313 50 508 59 7 326 545 648 
7 3 616 458 326 383 16 230 545 498 361 557 442 648 
24 23 25 29 143 39 68 89 296 137 92 168 464 676 
392 494 25 29 473 75 54 34 199 587 68 185 464 676 
7 3 196 16 383 230 545 498 59 126 457 80 624 648 
308 50 230 18 226 508 445 637 313 7 361 611 59 648 
7 3 616 458 276 383 16 230 545 498 361 557 442 648 
7 3 616 77 383 16 230 426 498 59 13 348 80 648 
637 545 25 29 508 28 54 68 185 34 277 464 465 676 
392 577 25 29 34 344 58 563 54 571 68 185 74 676 
7 3 25 29 185 508 28 54 34 68 240 77 383 676 
616 3 230 18 41 637 313 50 508 59 7 326 545 648 
7 3 25 29 185 508 28 54 34 68 240 77 487 676 
392 399 25 29 65 508 28 54 34 188 68 185 240 676 
392 23 25 29 185 74 28 54 68 34 75 199 240 676 
3 230 545 498 413 326 7 77 383 59 126 457 80 648 
392 494 484 29 34 508 28 54 185 68 199 240 464 676 
24 23 25 29 65 401 39 54 34 69 68 464 465 676 
24 23 25 29 3 39 65 401 54 34 581 68 464 676 
392 494 25 29 473 28 54 199 34 240 68 185 464 676 
24 23 25 29 143 39 68 89 296 137 92 168 464 676 
24 23 25 29 65 401 39 54 185 34 581 68 464 676 
637 254 25 29 185 508 370 54 34 68 277 384 465 676 
637 545 25 29 185 508 370 54 34 68 277 384 465 676 
392 23 25 29 185 508 28 54 34 68 199 240 519 676 
24 23 25 29 3 39 68 89 296 375 92 168 464 676 
392 494 484 29 34 508 28 54 185 68 199 240 464 676 
24 23 25 29 50 39 68 89 296 47 92 168 464 676 
392 494 25 29 473 75 54 34 199 240 68 185 464 676 
24 23 25 29 65 401 39 54 34 581 68 464 465 676 
7 340 77 16 383 230 545 498 59 126 457 80 624 648 
392 399 25 29 65 508 28 54 34 188 68 185 240 676 
7 3 77 383 16 230 545 498 59 126 28 80 624 648 
7 3 616 77 383 16 230 426 498 59 13 348 80 648 
392 494 25 29 473 616 199 54 34 240 68 185 464 676 
7 340 77 16 383 230 545 498 59 126 457 80 624 648 
7 3 77 16 383 459 545 636 617 59 198 80 624 648 
7 3 77 16 383 230 545 498 59 277 457 80 624 648 
392 494 25 29 473 75 54 34 199 240 68 185 464 676 
3 230 545 498 413 326 7 77 383 59 126 457 80 648 
392 23 25 29 185 74 28 54 68 34 75 199 240 676 
392 23 25 29 185 508 28 54 68 34 75 199 240 676 
392 23 25 29 185 417 28 54 68 240 34 75 199 676 
24 23 25 29 65 508 39 54 34 69 68 185 464 676 
7 3 25 29 508 185 28 54 34 68 240 77 383 676 
392 398 25 29 3 510 563 54 34 347 68 185 74 676 
392 435 25 29 34 344 58 563 54 571 68 185 74 676 
392 23 25 29 185 508 28 124 54 34 68 199 240 676 
392 23 25 29 185 508 28 54 34 68 199 240 519 676 
392 23 25 29 185 124 28 54 34 68 199 240 519 676 
545 50 599 508 41 637 59 639 291 575 504 279 169 675 
24 23 25 29 3 39 28 54 68 89 354 137 92 676 
392 23 25 29 65 594 39 54 34 69 68 464 549 676 
24 23 25 29 65 508 39 54 34 69 68 464 465 647 
299 50 599 508 41 637 169 361 7 390 485 313 16 648 
392 23 25 29 185 508 28 54 34 68 240 464 465 676 
392 23 25 29 185 39 28 54 508 34 68 240 464 676 
616 400 230 18 41 637 313 50 508 59 7 326 545 648 
3 616 458 326 383 16 230 361 7 390 485 313 545 648 
24 23 25 29 65 401 39 54 34 69 68 464 465 676 
392 494 25 29 473 28 199 54 34 240 68 185 464 676 
24 23 25 29 143 39 68 89 296 137 92 168 464 676 
24 23 25 29 65 401 39 54 185 34 581 68 464 676 
637 254 25 29 185 508 370 54 34 68 277 384 465 676 
392 494 484 29 34 508 28 54 185 68 199 240 464 676 
24 23 25 29 65 401 39 54 34 581 68 464 465 676 
