163 97 446 515 237 631 85 55 508 621 103 410 545 279 670 
24 33 35 52 58 57 67 56 98 37 465 294 525 647 
163 97 446 515 237 631 85 55 508 621 103 410 438 279 670 
24 33 35 52 58 57 67 56 98 37 465 294 525 647 
163 97 446 515 143 207 167 342 85 55 435 427 237 138 670 
24 33 35 52 58 57 67 56 93 247 465 294 525 647 
24 33 35 58 368 52 74 247 102 211 274 559 626 676 
24 33 35 52 58 461 571 56 9 247 465 470 525 647 
24 33 35 52 58 28 67 56 47 76 597 102 211 676 
24 33 35 52 58 57 67 56 47 247 465 327 525 676 
364 33 35 52 58 57 67 56 93 247 465 294 525 647 
24 33 35 52 58 461 67 56 9 247 465 470 525 647 
290 102 105 97 123 413 306 578 516 326 559 141 556 660 
353 113 35 52 58 413 9 74 247 102 274 96 211 676 
24 33 35 52 58 526 76 74 102 211 274 559 623 676 
353 113 35 52 58 367 9 74 102 211 247 12 465 676 
634 33 35 52 58 168 76 74 102 211 274 559 608 676 
289 33 35 58 52 633 76 74 102 161 211 247 274 676 
163 97 509 358 143 103 410 468 117 326 251 435 427 518 670 
24 33 35 52 58 168 76 74 102 211 274 559 623 676 
24 33 35 52 58 57 103 56 47 247 465 327 525 647 
163 97 446 515 196 342 85 55 435 427 237 508 621 670 
304 101 97 123 238 306 108 424 516 104 105 326 559 660 
24 33 35 52 58 526 76 74 102 211 274 559 623 676 
24 33 35 52 58 57 67 56 93 509 465 294 525 647 
24 33 35 52 58 402 67 56 93 247 465 18 525 647 
364 33 35 52 58 57 67 56 93 247 465 294 525 647 
304 101 105 97 123 238 306 440 557 516 326 559 82 660 
24 33 35 57 52 58 67 56 47 76 597 102 211 676 
24 33 35 52 58 57 67 56 47 247 465 327 525 676 
24 33 35 58 52 119 67 56 47 247 465 327 525 676 
225 304 326 101 73 601 557 52 102 104 105 580 559 660 
356 33 35 52 58 108 467 74 367 76 102 211 247 676 
57 509 97 326 101 73 601 104 105 102 557 527 559 660 
163 509 97 358 143 638 435 427 279 199 586 410 518 308 670 
163 587 446 509 358 143 638 435 427 279 199 308 410 518 670 
163 97 446 515 196 631 85 55 435 427 279 199 508 670 
24 33 35 58 52 274 9 74 102 247 559 626 521 676 
290 576 105 97 123 413 306 557 516 326 559 141 556 660 
556 85 71 97 123 413 306 225 557 388 468 205 326 660 
24 33 35 52 58 28 67 56 47 76 597 102 211 676 
225 304 326 101 73 601 557 52 102 104 105 527 559 660 
24 33 35 52 58 290 423 56 93 247 465 294 525 647 
353 113 35 413 52 58 430 74 102 211 247 640 367 676 
24 33 35 461 52 58 67 56 256 247 465 294 525 647 
97 304 326 101 593 601 557 328 102 104 105 527 559 660 
290 576 105 358 143 103 97 123 413 306 557 516 326 559 660 
304 528 105 290 218 97 123 413 306 557 516 326 559 660 
97 57 326 101 154 601 557 52 102 104 105 527 559 660 
24 33 35 52 58 57 67 56 47 247 465 294 525 647 
163 509 97 358 143 103 410 621 435 427 279 199 518 670 
289 33 35 58 52 633 161 74 102 211 247 274 465 676 
24 33 35 52 58 168 76 74 102 211 274 559 247 676 
439 631 35 52 58 168 76 74 102 211 37 559 247 676 
353 113 35 52 58 367 9 74 102 211 247 12 465 676 
353 156 35 58 52 633 9 74 102 211 113 367 247 676 
353 113 35 52 58 367 9 74 102 211 247 274 465 676 
97 556 275 71 123 413 516 388 468 117 326 559 141 660 
24 33 35 52 58 168 76 74 102 211 37 559 247 676 
357 33 35 58 52 633 9 74 102 211 557 559 247 676 
24 33 35 52 58 168 76 74 102 211 274 559 623 676 
353 113 35 58 52 119 413 9 74 247 102 315 367 676 
439 33 35 52 58 624 76 74 102 211 37 559 247 676 
97 556 275 71 123 413 306 388 468 117 326 559 141 660 
290 576 105 97 123 413 516 388 306 557 326 559 141 660 
353 33 35 58 440 413 52 430 74 102 211 247 640 676 
353 113 35 52 58 367 9 74 102 211 247 274 465 676 
163 57 101 105 106 556 85 326 468 70 141 102 559 660 
357 156 35 58 52 633 9 74 102 211 557 559 247 676 
97 382 105 515 237 631 359 509 103 556 326 413 428 557 660 
304 528 105 97 123 413 306 225 557 516 326 559 556 660 
289 33 35 58 52 633 9 74 102 211 247 274 465 676 
24 33 35 52 58 168 76 74 102 211 37 559 247 676 
163 57 101 105 106 556 261 326 468 70 141 102 559 660 
24 33 35 52 58 259 76 74 102 368 247 211 274 676 
97 304 326 101 593 601 557 328 102 104 105 527 559 660 
353 113 35 58 52 119 413 9 74 247 102 315 367 676 
353 113 35 52 58 413 76 74 102 211 9 247 120 676 
353 113 35 52 58 413 9 74 247 102 120 559 211 676 
24 33 35 58 52 119 67 56 47 247 465 327 525 676 
439 33 35 52 58 168 76 74 102 211 37 559 247 676 
290 576 105 97 123 413 306 557 516 326 559 141 556 660 
97 382 105 515 237 631 359 509 103 556 326 413 428 557 660 
289 33 35 58 52 633 9 74 102 211 247 513 465 676 
556 366 105 290 576 97 123 413 306 557 516 275 71 660 
289 33 35 52 58 9 633 74 102 211 247 513 465 676 
439 631 35 52 58 168 76 74 102 211 37 559 247 676 
439 33 35 52 58 168 76 74 102 211 37 559 247 676 
353 113 35 52 58 413 76 74 102 211 9 247 120 676 
24 33 35 52 58 57 67 56 93 247 465 294 525 647 
24 33 35 58 368 52 76 74 102 211 247 274 559 676 
24 33 35 52 58 168 76 74 102 211 274 559 247 676 
305 33 35 58 544 9 52 74 102 113 367 211 247 676 
24 33 35 52 58 143 76 74 102 368 247 211 274 676 
556 85 71 97 123 413 306 225 557 388 468 205 326 660 
24 33 35 58 368 52 76 74 102 211 247 274 559 676 
353 33 35 52 58 367 9 74 102 211 247 12 440 676 
24 33 35 52 58 57 103 56 47 247 465 327 525 647 
353 113 35 52 58 413 9 74 247 102 274 96 211 676 
353 33 35 52 58 108 113 169 9 74 102 211 247 676 
