37 19 9 442 552 586 498 470 217 397 107 591 421 202 662 
37 19 9 421 498 442 586 419 472 552 164 470 202 588 662 
581 19 9 373 586 421 498 591 164 552 491 202 588 185 662 
37 426 19 412 107 397 609 586 261 215 591 421 339 600 675 
9 12 411 13 148 14 245 19 254 25 548 586 414 591 662 
9 12 411 13 131 442 586 419 591 552 470 202 148 37 662 
9 12 411 13 442 552 148 37 19 131 586 419 591 470 662 
37 19 9 442 552 373 586 421 528 591 164 113 588 185 662 
9 12 411 13 148 14 245 19 254 25 548 586 414 591 662 
37 19 9 421 442 586 498 591 164 552 470 202 588 185 662 
37 19 9 421 442 586 174 591 164 552 470 202 588 185 662 
528 19 9 421 442 552 586 498 591 470 202 539 139 49 662 
37 9 468 12 19 131 442 586 419 591 552 470 202 183 662 
37 9 12 19 131 442 586 419 591 552 470 202 411 148 662 
180 426 9 442 552 586 19 412 217 397 107 591 421 609 662 
9 12 411 13 148 14 245 19 254 25 548 586 414 591 662 
37 19 9 421 442 586 498 591 164 552 470 202 588 185 662 
9 12 411 13 148 37 19 131 442 586 419 591 552 470 662 
9 12 107 13 148 14 245 19 421 442 552 586 419 591 662 
343 19 9 442 586 498 591 470 37 552 421 600 339 468 662 
37 19 9 421 343 442 586 498 591 470 552 600 118 468 662 
37 19 9 421 442 586 498 591 164 552 470 202 588 185 662 
37 19 9 442 552 412 586 426 160 498 591 137 55 180 662 
37 9 12 19 131 442 586 419 591 552 470 202 183 498 662 
343 19 9 442 586 498 591 470 37 357 421 600 339 468 662 
9 12 107 13 37 19 442 552 586 498 421 591 470 366 662 
343 19 9 442 586 498 591 470 37 552 421 600 339 468 662 
9 12 107 13 148 14 245 19 421 442 552 586 419 591 662 
343 19 9 442 586 498 591 470 37 552 421 600 339 468 662 
37 19 9 442 552 412 586 426 160 498 591 261 55 528 662 
9 12 107 13 37 19 442 552 586 498 421 591 470 366 662 
180 19 9 498 421 442 586 419 591 552 470 426 116 217 662 
37 426 19 412 107 397 609 586 591 421 339 261 215 600 675 
37 19 9 373 586 421 498 591 164 113 588 185 107 552 662 
37 9 12 19 421 442 586 419 591 552 470 202 183 498 662 
180 426 19 49 217 397 586 261 591 421 609 339 600 215 675 
37 9 12 19 421 442 586 419 591 552 180 426 49 217 662 
37 19 9 586 421 498 591 552 373 164 491 202 588 185 662 
37 19 9 442 552 586 498 470 202 591 421 588 185 107 662 
37 9 12 19 421 442 586 419 591 552 470 202 183 498 662 
9 12 107 13 148 14 245 19 421 442 552 586 419 591 662 
9 12 107 13 37 19 442 552 586 498 470 202 591 421 662 
37 426 19 412 107 397 609 586 591 421 339 261 215 600 675 
37 19 9 442 552 586 498 470 202 591 421 588 185 107 662 
37 9 468 19 586 498 591 552 470 202 588 185 421 164 662 
180 426 19 49 217 397 571 339 261 176 609 586 215 106 675 
37 426 19 412 107 397 609 586 261 215 591 421 339 600 675 
37 19 9 373 586 421 498 591 164 552 491 202 588 185 662 
180 426 19 412 217 397 586 107 591 421 609 339 600 156 675 
180 426 19 412 586 107 49 217 397 591 421 609 261 215 675 
180 426 19 412 586 107 49 217 397 609 261 591 421 339 675 
9 12 411 13 148 14 245 19 36 25 548 586 414 591 662 
9 12 411 13 148 14 245 19 36 25 548 586 414 591 662 
37 426 19 412 107 397 609 586 261 215 591 421 339 600 675 
9 12 411 13 148 14 245 19 36 25 548 586 414 591 662 
37 19 9 442 552 586 498 470 202 591 421 588 185 107 662 
9 411 148 12 13 245 14 19 36 25 548 586 414 591 662 
37 19 9 421 442 552 586 498 591 470 202 588 185 107 662 
37 9 468 19 586 421 498 552 591 164 491 202 588 185 662 
180 426 19 49 217 421 571 339 261 176 287 142 397 107 675 
9 12 582 13 148 14 245 19 37 36 25 586 511 591 662 
180 426 19 49 217 397 609 283 261 215 107 339 176 113 675 
37 19 9 421 442 552 586 498 591 470 202 588 185 107 662 
9 12 411 13 148 14 245 19 36 25 548 586 414 591 662 
9 12 411 13 148 14 245 19 36 25 548 586 414 591 662 
490 9 12 13 148 14 36 25 511 586 245 19 419 591 662 
37 9 12 13 148 14 245 19 36 25 586 511 591 552 662 
37 9 12 13 148 14 245 19 36 25 586 511 591 552 662 
9 12 411 13 148 14 245 19 36 25 414 586 591 569 662 
180 426 19 49 217 397 609 586 261 215 107 591 421 339 675 
37 426 19 49 217 397 412 586 261 215 107 339 571 591 675 
180 426 19 283 107 176 49 217 397 609 261 215 231 113 675 
37 19 256 203 217 397 609 586 261 215 107 498 591 191 675 
9 12 411 13 148 14 245 19 36 25 414 586 591 569 662 
180 426 19 283 107 176 49 217 397 609 261 215 231 113 675 
180 426 19 412 217 397 49 609 283 261 215 107 339 176 675 
180 426 19 49 217 397 609 283 261 215 107 339 176 113 675 
180 426 19 412 586 107 49 217 397 609 261 215 339 176 675 
180 426 19 49 217 397 609 586 261 215 107 339 571 528 675 
180 426 19 49 217 397 586 107 591 421 609 261 215 339 675 
37 19 49 217 587 412 426 201 261 176 586 215 107 591 675 
37 426 139 49 217 397 571 339 19 412 586 261 215 107 675 
180 426 19 49 217 397 609 283 261 215 107 339 176 113 675 
180 426 19 49 217 397 412 586 299 215 609 107 339 176 675 
180 426 19 49 217 397 609 586 261 215 107 339 176 113 675 
180 426 19 412 217 397 586 107 591 421 609 339 600 569 675 
180 426 19 412 217 397 586 107 591 421 609 339 600 569 675 
180 426 19 412 586 107 591 421 609 339 600 569 202 49 675 
37 426 19 49 217 397 412 586 107 591 421 609 339 600 675 
37 426 19 412 586 107 591 421 609 339 600 569 202 201 675 
37 19 503 586 426 201 571 339 261 176 113 498 591 55 675 
528 539 139 49 217 397 571 339 261 176 287 142 107 569 675 
528 37 19 586 107 421 571 339 261 176 287 142 591 569 675 
180 426 19 49 217 397 571 528 37 569 586 107 421 591 675 
180 426 19 49 217 397 609 339 261 176 113 142 107 584 675 
37 19 412 586 426 201 498 591 261 55 528 59 569 202 675 
180 426 19 49 217 397 571 339 261 176 113 142 107 584 675 
37 19 503 586 426 201 498 591 261 55 528 59 569 202 675 
180 426 19 49 217 397 571 339 261 176 287 142 107 584 675 
180 426 19 49 217 397 571 339 261 176 287 142 107 584 675 
