473 246 383 616 411 193 9 363 593 12 45 170 168 671 
102 138 5 544 174 131 104 307 57 517 105 558 559 137 654 
473 298 2 10 40 193 402 71 251 9 593 12 45 671 
24 174 137 191 266 362 104 68 290 517 105 558 559 71 654 
473 246 601 616 193 9 40 170 71 260 431 363 266 671 
473 246 383 616 193 9 40 411 593 12 45 363 170 671 
24 479 26 46 175 131 104 307 57 517 105 558 559 631 654 
473 246 383 616 411 193 9 363 593 12 45 170 168 671 
473 19 458 246 616 266 9 363 593 12 193 170 605 671 
473 246 383 616 193 9 40 411 593 12 45 363 170 671 
24 397 26 46 175 104 631 292 491 193 105 558 559 570 654 
24 174 137 123 266 362 104 68 290 517 105 558 559 71 654 
24 174 137 123 266 131 104 68 57 517 362 105 558 559 654 
102 174 137 123 266 362 104 68 290 517 105 558 559 138 654 
473 246 383 616 411 587 361 266 170 280 193 363 71 671 
473 246 383 587 616 361 266 471 170 411 280 193 71 671 
473 246 184 616 266 193 71 363 411 9 170 280 593 671 
473 246 383 616 411 193 9 363 593 12 45 170 280 671 
2 10 40 193 402 71 251 9 593 12 45 473 246 671 
473 246 383 616 193 9 40 411 593 12 45 363 170 671 
102 138 5 544 516 131 104 307 57 517 504 558 559 137 654 
2 10 40 193 402 71 251 9 593 12 45 425 279 671 
24 397 26 46 175 104 631 292 491 193 105 558 559 570 654 
292 10 40 71 9 193 170 411 593 12 45 266 616 671 
24 174 137 123 266 362 104 68 57 517 105 466 558 559 654 
473 246 383 616 411 193 9 363 170 280 593 40 12 671 
24 397 26 46 175 104 631 292 491 193 105 558 559 570 654 
2 10 402 71 251 193 9 40 593 12 45 425 279 671 
473 246 193 150 71 9 40 363 170 280 593 12 383 671 
24 397 26 46 175 104 631 292 491 193 105 558 559 570 654 
16 10 193 150 71 9 40 363 170 280 593 12 45 671 
102 138 5 245 516 131 104 307 57 517 105 558 559 137 654 
16 10 193 150 71 9 40 363 170 280 593 12 45 671 
292 10 40 71 9 193 170 411 593 12 45 266 616 671 
16 10 40 71 9 193 150 280 411 593 337 12 45 671 
16 10 193 150 71 9 40 363 170 280 593 12 45 671 
24 397 26 46 175 104 631 71 491 193 105 558 559 570 654 
102 138 5 544 174 131 104 307 57 517 105 558 559 137 654 
473 246 383 616 266 193 37 71 411 593 337 99 203 361 657 
473 246 383 616 411 193 9 363 170 280 593 40 12 671 
24 174 137 123 266 362 104 68 290 517 105 558 559 71 654 
473 246 383 616 266 193 37 71 411 593 337 99 203 361 657 
24 174 137 123 266 362 104 68 290 517 105 558 559 71 654 
2 104 383 616 411 193 9 40 593 12 45 181 287 671 
16 10 193 150 9 40 280 71 411 593 337 12 45 671 
16 10 193 150 71 9 40 363 170 280 593 12 45 671 
16 10 193 150 71 9 40 280 593 12 45 302 468 671 
473 246 383 616 193 9 40 170 71 260 431 363 411 671 
473 246 601 616 193 9 40 170 71 260 431 363 266 671 
24 397 137 123 266 362 104 68 57 517 466 558 559 189 654 
473 246 383 616 193 9 40 170 71 260 431 363 411 671 
24 174 137 123 266 362 104 68 57 517 466 558 559 71 654 
16 302 150 71 9 40 593 170 280 193 363 411 12 671 
24 174 137 123 266 362 104 68 318 517 105 558 559 71 654 
473 246 383 616 193 9 40 170 71 260 431 363 411 671 
16 10 193 150 71 9 40 280 593 12 45 302 156 671 
2 104 383 616 411 193 9 40 181 287 593 12 45 671 
473 246 383 616 266 208 71 363 170 411 9 45 431 671 
473 246 383 616 9 45 170 71 411 431 363 283 40 671 
473 246 40 193 383 616 170 71 9 45 431 363 411 671 
2 104 383 616 181 287 193 9 40 411 593 12 45 671 
102 138 5 544 516 131 104 307 57 517 105 558 559 137 654 
24 174 137 123 266 362 104 68 57 517 466 558 559 71 654 
24 174 137 123 266 362 104 68 57 517 466 558 559 71 654 
473 246 383 616 170 71 9 45 431 363 193 40 411 671 
2 104 383 616 181 287 193 9 40 411 593 12 45 671 
21 1 536 23 67 62 27 496 269 294 74 86 89 92 654 
16 10 40 71 9 193 170 411 593 12 45 266 616 671 
102 138 5 544 516 131 104 307 57 517 105 558 559 137 654 
21 1 536 23 67 62 27 496 269 294 74 86 89 92 654 
21 1 536 23 67 62 27 496 269 294 74 86 89 92 654 
473 246 383 616 287 193 9 40 411 593 12 45 266 671 
24 174 137 123 266 131 104 68 57 517 362 105 558 559 654 
473 246 383 616 193 9 40 411 593 12 45 266 631 671 
473 246 383 616 193 9 40 411 593 266 12 45 170 671 
24 174 137 123 266 362 104 68 57 517 105 558 559 71 654 
16 10 40 71 266 9 193 170 411 593 12 616 45 671 
473 246 383 616 361 193 9 40 411 593 12 45 266 671 
24 174 137 123 266 362 104 68 57 517 105 558 559 71 654 
473 246 383 616 193 9 40 411 593 12 45 401 170 671 
21 1 536 23 67 62 27 496 269 294 74 86 89 92 654 
473 246 383 616 411 193 9 40 593 12 45 266 355 671 
473 246 383 616 193 9 40 411 593 12 45 266 170 671 
473 246 383 616 411 193 9 40 593 12 45 266 170 671 
511 246 383 616 266 193 71 363 170 433 587 320 9 671 
511 246 383 616 266 193 71 363 170 411 587 320 9 671 
511 246 383 616 266 193 170 71 411 587 320 363 9 671 
21 1 536 23 67 62 27 496 10 294 74 86 89 92 654 
473 246 584 616 266 193 170 71 9 633 363 411 383 671 
473 246 587 616 361 266 170 280 193 363 411 383 71 671 
21 1 536 23 67 62 27 496 10 294 74 86 89 92 654 
473 246 616 361 266 363 170 411 383 280 193 71 593 671 
21 1 536 23 67 62 27 496 10 294 74 86 89 92 654 
473 19 458 246 616 266 193 170 605 71 337 593 99 671 
473 19 383 616 266 193 170 71 411 593 337 99 203 671 
473 246 383 587 616 361 266 363 170 411 280 193 71 671 
21 1 536 23 67 62 27 365 10 294 74 86 89 92 654 
473 246 616 361 266 363 170 411 383 280 193 71 593 671 
473 246 383 616 266 193 170 71 411 593 337 99 203 671 
473 246 383 616 266 193 170 71 411 593 337 99 203 671 
