23 24 329 39 388 93 102 523 534 559 568 104 570 673 
23 24 36 39 388 93 102 523 534 618 568 104 570 673 
23 24 46 305 66 388 65 102 68 534 559 568 244 654 
153 3 479 162 483 13 7 77 428 561 103 80 88 442 648 
23 24 329 39 388 93 102 523 534 559 568 104 570 673 
23 24 36 39 509 93 102 523 534 559 568 104 570 673 
153 3 177 162 437 7 576 479 187 88 442 178 512 648 
23 24 305 99 66 68 65 102 534 559 113 505 314 654 
23 24 305 99 66 68 65 102 534 559 577 505 314 654 
23 24 46 305 66 388 65 102 68 534 559 568 244 654 
23 24 47 56 388 93 102 553 534 559 568 104 570 673 
23 24 36 39 388 93 102 523 534 559 568 104 570 673 
23 24 47 39 388 93 102 553 534 559 568 104 570 673 
23 24 36 39 388 93 102 523 534 559 568 104 570 673 
23 24 329 39 388 93 102 523 534 559 568 104 570 673 
23 24 46 305 66 388 65 102 68 534 559 568 244 654 
153 103 3 291 354 13 7 77 314 99 68 547 80 442 648 
153 3 7 479 576 100 53 187 478 512 561 88 442 648 
23 24 133 349 388 93 102 523 534 559 568 104 570 673 
153 3 479 576 13 7 77 478 100 187 88 442 162 648 
153 3 7 479 576 100 53 187 478 512 561 88 442 648 
153 103 3 291 354 13 7 77 314 99 68 547 80 442 648 
153 3 7 479 576 100 53 187 478 512 561 88 442 648 
18 3 177 162 437 7 576 187 88 442 468 478 512 648 
153 3 479 576 13 7 77 478 100 187 88 442 162 648 
153 3 479 576 13 7 77 478 100 187 88 442 162 648 
153 174 3 479 13 7 100 187 561 103 88 442 162 642 648 
153 174 3 479 13 7 100 187 561 103 88 442 162 642 648 
153 103 3 174 354 13 7 77 314 99 68 547 80 442 648 
153 437 7 390 97 479 53 478 561 88 442 162 512 648 
23 24 305 66 99 65 102 459 388 534 559 568 244 654 
153 437 7 390 97 479 53 478 561 88 442 162 512 648 
153 437 7 390 97 479 53 478 561 88 442 162 512 648 
153 3 479 162 483 7 77 53 561 103 80 88 442 648 
153 3 7 576 100 561 478 512 479 187 88 442 162 648 
23 24 305 99 66 68 65 102 534 559 577 505 314 654 
153 3 479 162 483 7 77 53 561 103 80 88 442 648 
505 314 165 97 479 187 88 491 561 478 512 468 100 648 
23 24 133 349 388 93 102 523 534 559 568 104 570 673 
153 3 7 479 576 187 88 442 162 478 512 100 561 648 
18 437 7 479 576 187 88 442 468 478 512 100 390 648 
564 187 165 106 97 561 478 512 479 314 468 100 127 648 
198 437 106 97 478 7 100 187 561 88 442 162 512 648 
505 314 165 479 49 478 100 53 390 97 561 512 265 648 
505 314 165 390 97 561 478 512 479 53 265 571 587 648 
198 437 100 106 97 561 478 512 479 314 491 390 103 648 
153 3 479 162 483 7 77 53 561 103 80 88 442 648 
505 314 471 390 97 479 53 187 478 512 561 103 153 648 
198 437 100 106 97 479 314 187 478 512 561 491 390 648 
153 437 116 390 97 479 336 187 478 512 561 103 88 648 
153 3 7 479 576 478 88 187 100 561 442 162 642 648 
153 3 7 479 576 187 88 442 162 478 512 100 561 648 
153 174 3 479 13 7 100 187 561 103 88 442 162 642 648 
198 437 100 106 97 479 561 314 491 390 478 512 103 496 648 
505 314 471 390 153 437 116 97 479 53 187 478 512 561 648 
153 3 7 479 576 478 100 187 88 442 162 561 642 648 
153 437 116 390 97 479 53 478 512 582 545 561 103 88 648 
153 437 116 390 97 479 53 187 478 512 561 103 88 648 
505 437 100 97 106 314 491 165 265 571 587 478 512 187 648 
153 3 7 479 576 478 88 187 100 561 442 162 642 648 
153 437 7 390 97 479 561 478 512 582 103 187 88 442 648 
198 437 100 97 106 314 491 390 478 561 512 103 496 88 648 
153 437 116 479 576 478 390 97 53 187 512 561 103 88 648 
153 437 7 390 97 479 561 478 512 582 103 187 88 442 648 
153 437 116 390 97 479 53 545 478 512 561 103 88 648 
153 119 7 479 576 478 100 53 561 437 390 97 512 648 
153 437 7 390 97 561 478 512 314 479 53 100 218 648 
23 24 305 66 388 65 102 68 534 559 568 244 570 654 
528 437 7 390 97 479 53 187 561 478 512 100 218 648 
23 24 584 39 388 93 102 553 534 559 568 305 570 673 
505 314 165 390 97 479 561 478 512 53 265 571 364 100 648 
153 437 7 390 97 479 561 478 512 582 103 187 88 442 648 
153 437 116 390 97 479 53 187 478 512 561 103 88 648 
153 103 566 235 97 479 561 478 512 53 100 165 314 187 648 
23 24 305 66 99 65 102 68 534 559 568 244 570 654 
505 314 165 390 97 479 53 478 561 265 571 587 512 100 648 
505 314 97 165 265 571 587 478 512 100 187 561 103 491 648 
153 100 97 106 314 491 390 478 561 512 103 496 88 571 648 
23 24 584 39 388 93 102 553 534 559 568 305 570 673 
153 437 390 97 478 7 479 53 561 103 106 571 587 512 648 
153 3 7 479 576 478 100 187 88 442 162 561 642 18 648 
23 24 47 39 388 93 102 523 534 559 568 104 570 673 
18 437 7 390 97 479 53 478 561 512 372 609 103 88 648 
153 437 7 390 97 479 561 478 512 53 100 218 103 88 648 
153 437 7 390 97 479 478 512 53 187 561 103 88 442 648 
23 24 305 66 388 65 102 68 534 559 568 244 570 654 
153 3 7 479 576 561 103 88 478 100 187 442 162 642 648 
153 3 7 479 576 478 100 187 88 442 162 561 642 18 648 
23 24 47 39 388 93 102 523 534 559 568 104 570 673 
153 437 7 390 97 479 561 478 512 53 103 187 88 442 648 
23 24 584 39 388 93 102 553 534 559 568 104 570 673 
23 24 47 39 388 93 102 523 534 559 568 104 570 673 
23 24 584 39 388 93 102 553 534 559 568 104 570 673 
23 24 47 56 388 93 102 553 534 559 568 104 570 673 
23 24 47 56 388 93 102 553 534 559 568 104 570 673 
23 24 47 39 388 93 102 553 534 559 568 104 570 673 
23 24 47 39 388 93 102 553 534 559 568 104 570 673 
505 372 609 235 165 314 97 187 561 103 106 571 587 232 648 
18 372 609 235 165 561 103 491 153 478 100 97 174 390 648 
505 314 97 187 165 561 103 106 571 587 491 100 393 131 648 
