19 146 582 336 219 18 428 468 300 207 130 356 79 249 648 
9 10 14 336 27 529 67 66 425 411 587 442 624 642 671 
9 10 14 336 27 529 67 66 425 411 587 442 624 642 671 
19 146 231 336 219 18 428 468 300 207 130 356 79 249 648 
37 519 582 428 469 512 18 400 490 146 336 219 292 593 648 
9 10 228 27 309 67 425 127 357 411 587 442 586 624 671 
9 10 414 336 27 529 67 66 425 411 587 442 624 671 
9 10 14 336 27 529 67 66 425 411 587 442 624 671 
9 10 228 27 309 67 425 409 357 411 587 442 586 624 671 
9 10 228 27 309 67 425 409 357 411 587 442 586 671 
9 10 228 27 309 67 425 409 357 411 587 442 586 671 
9 10 356 599 309 67 425 160 442 146 591 137 586 642 671 
9 10 414 336 27 529 67 66 425 411 587 442 624 642 671 
9 10 356 599 309 67 425 409 442 294 586 357 146 591 671 
9 10 414 336 27 529 67 66 425 411 587 442 624 642 671 
9 10 356 599 309 67 425 409 442 146 591 137 586 642 671 
9 10 414 336 27 195 67 66 425 411 587 442 624 671 
9 10 356 599 178 203 409 442 591 12 146 137 586 671 
9 10 356 599 309 67 425 361 392 357 442 294 586 671 
9 10 310 599 309 447 425 256 357 356 442 591 586 671 
7 79 169 18 9 231 146 292 357 586 207 445 300 582 671 
7 582 599 442 309 512 207 237 469 307 226 392 169 648 
392 169 18 9 100 300 292 409 442 146 591 137 586 671 
9 10 562 599 309 178 425 256 357 506 442 591 414 642 671 
9 582 356 599 309 18 357 425 586 153 294 256 591 642 671 
37 519 582 336 428 469 219 512 18 468 490 146 292 53 648 
37 336 219 18 292 428 468 188 512 300 582 79 249 648 
9 10 356 599 309 67 425 409 442 294 586 357 146 591 671 
9 10 356 599 309 203 425 409 442 146 591 137 586 294 671 
9 10 310 599 309 178 447 425 256 357 356 442 591 671 
7 356 9 599 309 151 267 182 586 357 256 591 100 642 671 
9 10 356 599 348 67 425 361 392 357 442 294 586 671 
9 10 562 599 309 178 425 256 357 506 442 591 414 642 671 
7 146 599 309 292 428 468 395 512 300 582 79 294 648 
392 169 18 9 100 300 292 409 442 146 591 137 586 108 671 
9 582 356 599 309 18 357 425 586 153 294 256 591 642 671 
9 10 310 599 605 178 447 425 256 357 356 442 591 671 
7 79 169 18 9 441 409 146 292 442 357 425 586 671 
7 79 169 18 9 231 425 409 442 146 292 357 586 207 671 
7 599 606 428 468 178 425 256 417 409 442 298 146 292 648 
7 356 9 599 309 151 267 425 586 357 256 591 100 642 671 
392 169 18 9 100 146 424 158 265 79 292 442 586 671 
7 606 356 599 309 203 428 468 417 409 442 357 425 146 648 
9 10 310 599 309 447 425 256 357 356 442 591 586 671 
9 582 356 599 309 18 357 409 442 146 292 425 586 153 671 
7 356 18 9 100 146 599 309 294 586 357 425 292 671 
7 146 599 309 292 450 468 395 512 300 428 582 79 648 
9 10 356 599 178 203 425 409 442 146 591 137 586 294 671 
7 146 599 442 309 512 425 256 207 237 469 307 226 392 648 
7 599 606 428 468 417 409 442 357 425 146 292 37 648 
9 356 582 599 309 178 425 256 203 636 442 18 357 586 671 
7 442 599 336 428 178 425 256 357 469 219 512 18 468 648 
392 169 631 9 536 300 292 409 442 146 591 137 586 671 
7 79 169 18 9 441 356 599 309 151 267 425 586 671 
7 599 336 428 178 256 425 409 357 411 587 442 469 648 
37 519 582 336 428 469 219 512 18 468 490 146 292 53 648 
7 356 18 599 309 203 9 100 146 294 586 357 425 292 671 
7 79 169 18 9 231 425 409 442 146 292 357 586 207 671 
392 169 18 9 100 146 424 582 265 79 292 442 586 671 
7 146 599 442 309 512 207 237 469 307 226 392 169 648 
37 519 582 336 428 469 219 512 18 468 490 146 292 593 648 
37 519 582 336 178 203 428 469 219 512 18 468 490 648 
392 169 18 9 100 300 292 409 442 146 591 137 586 108 671 
7 79 169 18 9 289 409 442 357 425 146 292 586 671 
19 146 582 599 309 178 425 256 357 506 336 219 18 428 648 
9 10 228 27 565 67 425 409 357 259 587 442 586 624 671 
9 10 228 27 208 67 425 409 357 411 587 442 586 671 
9 10 414 336 27 529 67 66 425 411 587 442 624 642 671 
9 10 356 599 309 67 425 160 442 146 591 137 586 642 671 
9 10 414 336 27 195 67 66 425 275 587 442 624 671 
9 10 356 599 309 67 425 361 442 294 586 357 146 591 671 
9 10 310 599 309 178 425 256 357 506 442 591 414 642 671 
9 582 151 599 309 18 357 425 586 153 294 256 591 642 671 
9 10 310 599 309 178 447 425 256 357 356 442 591 671 
7 356 9 599 309 151 267 425 586 357 256 591 100 642 671 
37 219 584 336 428 469 18 292 468 188 7 146 599 442 648 
9 10 356 599 178 203 409 442 591 425 146 137 586 671 
7 146 599 308 292 450 468 395 512 300 582 79 294 648 
9 10 356 599 178 203 425 409 442 146 591 137 586 294 671 
392 169 100 18 9 231 146 300 582 265 79 292 442 586 671 
7 442 599 336 428 469 219 512 18 468 490 146 292 309 648 
392 169 631 9 100 300 292 409 442 146 591 137 586 671 
7 356 18 9 100 146 599 309 151 267 182 586 357 671 
7 606 428 599 178 203 409 468 292 417 442 618 425 648 
37 519 582 336 428 469 219 512 18 468 490 146 292 53 648 
7 79 169 18 9 231 146 292 357 586 207 445 300 582 671 
7 79 169 18 9 581 292 409 442 146 357 231 586 207 671 
9 582 356 599 309 203 636 442 18 357 425 586 153 671 
7 146 599 442 309 512 207 237 469 307 226 392 169 648 
37 519 582 428 469 512 18 400 490 146 336 219 292 593 648 
37 519 582 336 178 203 428 469 219 512 18 468 490 648 
392 169 18 9 100 300 292 409 442 146 591 137 586 108 671 
7 79 169 18 9 441 409 442 357 425 146 292 586 671 
19 356 163 599 146 582 336 219 18 428 468 300 207 130 648 
9 10 228 27 565 67 425 409 357 411 587 442 586 624 671 
9 10 228 27 309 356 599 67 425 409 442 294 586 671 
9 10 414 336 27 529 67 66 425 411 587 442 624 642 671 
9 10 356 599 309 67 425 409 442 146 591 137 586 642 671 
9 10 414 336 27 529 67 66 425 411 587 442 624 671 
9 10 356 599 309 67 425 409 442 294 586 357 146 591 671 
