3 10 431 104 34 304 392 185 397 12 4 70 527 211 644 
397 3 10 23 25 70 65 45 12 104 550 211 627 566 644 
3 10 12 397 23 25 28 202 517 531 36 70 60 627 644 
594 227 431 104 34 304 328 185 154 382 556 557 363 352 644 
3 10 397 12 4 25 70 65 211 120 517 556 18 512 644 
594 227 431 327 104 281 304 328 185 154 517 556 557 363 644 
3 10 397 12 335 70 65 211 120 517 340 61 556 557 644 
51 178 366 231 506 71 218 629 304 154 50 594 40 648 
397 3 10 25 45 70 65 104 12 50 556 552 211 579 644 
594 255 431 104 34 625 435 185 205 155 40 629 183 352 644 
397 3 10 25 12 28 446 465 36 70 60 73 493 627 673 
594 10 397 12 4 70 104 527 211 641 34 122 556 255 644 
3 10 12 397 25 45 70 4 427 211 341 104 61 627 644 
594 10 397 12 4 70 104 527 211 517 34 122 556 255 644 
594 255 431 104 34 625 435 185 205 155 40 629 128 352 644 
3 10 12 397 25 45 70 4 427 211 341 104 61 627 644 
594 255 431 104 304 435 185 34 205 141 629 128 352 31 644 
26 21 46 36 637 584 464 72 475 274 466 27 493 524 673 
3 10 397 12 4 70 23 25 45 65 104 61 211 627 644 
594 381 431 104 34 304 328 185 154 517 556 557 363 327 644 
26 21 2 36 637 187 464 72 89 274 466 538 493 524 673 
3 10 397 12 4 25 70 65 211 120 517 556 18 512 644 
3 10 397 12 527 4 25 70 65 211 120 594 255 431 644 
12 3 10 397 25 45 70 65 104 50 556 552 211 627 644 
3 10 397 12 4 137 65 211 154 314 556 120 517 557 644 
3 10 397 12 4 70 104 527 211 517 34 122 556 237 644 
3 10 397 12 4 353 65 211 34 363 120 517 556 557 644 
3 10 397 12 4 25 70 65 211 341 45 104 61 627 644 
3 10 397 12 4 25 70 65 211 120 594 255 431 104 644 
3 10 397 12 4 70 65 211 120 594 255 431 104 304 644 
3 10 397 12 4 70 104 527 211 517 34 122 556 237 644 
594 227 431 327 104 281 304 328 185 154 517 556 557 363 644 
3 10 397 12 4 137 65 211 556 120 517 557 363 61 644 
3 10 397 12 4 25 70 65 211 120 517 556 557 61 644 
24 2 11 36 32 385 464 72 431 84 466 443 493 521 673 
3 10 397 12 4 70 65 211 120 517 556 557 61 60 644 
211 128 422 50 137 266 517 34 363 17 352 61 556 557 644 
26 21 2 36 637 187 464 72 89 274 466 538 493 524 673 
3 10 397 12 4 70 65 211 120 517 556 557 363 61 644 
3 10 397 12 4 25 70 65 211 341 45 104 61 627 644 
3 10 397 12 4 25 70 65 211 120 517 556 557 61 644 
397 3 10 25 12 28 446 2 36 70 60 73 493 627 673 
12 3 10 397 25 45 70 65 104 50 556 552 211 627 644 
594 255 431 104 304 435 185 625 205 40 629 128 352 31 644 
211 128 422 50 137 61 419 517 34 363 154 348 556 557 644 
24 2 39 36 231 385 464 72 66 566 466 73 493 521 673 
594 255 431 104 304 435 185 625 205 40 629 128 352 31 644 
24 2 39 36 231 385 464 72 66 566 466 73 493 521 673 
594 227 431 104 34 304 328 185 154 517 556 557 363 352 644 
397 3 10 25 45 70 65 104 12 50 556 552 211 579 644 
397 3 23 10 25 28 202 12 517 2 36 70 60 627 644 
51 178 366 231 506 71 218 629 304 154 50 594 40 648 
594 327 431 104 34 304 328 185 154 517 556 557 363 352 644 
24 2 11 36 32 429 464 72 89 566 466 443 493 521 673 
24 39 2 36 32 385 464 72 66 29 466 86 493 521 673 
397 3 10 25 12 28 446 2 36 70 60 73 493 627 673 
594 327 431 104 34 304 328 185 154 517 556 557 363 352 644 
296 10 397 12 4 70 65 211 120 517 340 61 556 557 644 
397 3 10 25 12 28 446 2 36 70 60 73 493 627 644 
3 10 397 12 4 70 65 211 120 517 340 61 556 557 644 
26 21 46 36 637 32 101 72 89 274 466 27 493 524 673 
24 39 2 36 32 385 464 72 66 29 466 86 493 521 673 
211 128 422 50 137 61 266 517 34 363 154 348 556 557 644 
594 227 431 104 34 304 328 185 154 517 556 557 363 352 644 
594 255 431 104 625 435 185 205 34 122 40 629 128 352 644 
594 255 431 104 304 435 185 34 205 141 629 128 352 31 644 
3 10 397 12 4 70 65 211 120 517 556 557 61 60 644 
397 3 10 23 25 45 70 65 12 104 61 211 627 566 644 
26 21 46 36 637 32 101 72 89 274 466 27 493 524 673 
397 3 10 23 25 45 70 65 12 104 61 211 627 566 644 
594 255 431 104 625 435 185 205 34 122 40 629 128 352 644 
51 178 366 231 506 71 218 629 304 154 50 594 40 648 
397 3 23 10 25 28 202 12 517 2 36 70 60 627 644 
24 39 2 36 32 385 464 72 66 29 466 73 493 521 673 
26 21 46 36 637 584 464 72 475 274 466 27 493 524 673 
18 594 557 231 226 71 218 629 304 154 50 183 512 648 
594 227 431 104 34 304 328 185 154 363 352 151 31 557 644 
18 512 557 231 594 91 637 183 34 304 629 132 102 648 
51 512 557 231 226 71 218 629 304 489 50 183 366 648 
24 2 11 36 32 385 464 72 89 84 466 443 493 521 673 
24 39 2 36 32 385 464 72 66 29 466 73 493 521 673 
397 3 10 25 12 28 202 2 36 70 60 73 493 627 644 
51 594 557 231 226 71 218 629 304 489 50 183 512 648 
227 594 431 104 34 304 435 185 154 363 352 151 31 557 644 
51 512 366 231 506 71 218 629 304 154 50 594 40 648 
18 512 557 231 594 91 637 183 34 304 629 132 102 648 
51 512 366 231 506 71 218 629 304 154 50 594 40 648 
211 128 422 50 137 61 266 517 34 363 154 352 556 557 644 
211 128 422 50 137 61 266 517 34 363 154 352 556 557 644 
18 594 557 231 226 71 218 629 304 154 50 183 512 648 
24 2 11 36 32 385 464 72 89 566 466 443 493 521 673 
26 21 2 36 637 187 464 72 89 274 466 27 493 524 673 
227 512 557 231 226 71 218 629 304 154 50 183 607 648 
227 512 557 231 226 71 218 629 304 154 50 183 607 648 
24 39 2 36 32 385 464 72 66 566 466 73 493 521 673 
24 2 39 36 32 385 464 72 66 566 466 73 493 521 673 
26 21 46 36 637 32 464 72 89 274 466 27 493 524 673 
24 2 39 52 385 32 464 72 89 64 466 73 493 521 673 
26 21 2 36 637 187 464 72 89 274 466 27 493 524 673 
26 21 46 36 637 32 464 72 89 274 466 27 493 524 673 
