23 66 24 3 27 625 90 255 98 606 466 525 627 644 
317 575 319 97 259 395 484 37 189 390 491 161 306 668 
23 66 24 3 27 625 90 255 98 606 466 525 627 644 
317 575 319 97 259 395 484 37 189 482 491 161 306 668 
317 575 312 97 280 395 484 37 282 390 491 637 161 668 
16 6 340 307 435 226 4 23 27 66 251 65 240 644 
23 24 102 3 62 27 180 66 65 240 90 434 464 644 
23 66 24 85 27 625 90 255 98 606 466 525 627 644 
23 66 24 3 62 27 90 129 464 327 466 525 627 644 
23 24 62 102 27 464 66 65 240 90 434 493 525 644 
23 66 24 3 62 27 90 129 464 337 466 525 627 644 
298 575 319 435 4 27 35 6 65 240 16 615 97 644 
23 24 102 25 62 27 66 65 240 90 434 464 405 644 
23 24 102 25 62 27 66 65 240 90 434 464 493 644 
23 24 62 102 27 464 66 65 240 90 434 493 525 644 
23 24 62 102 591 27 66 65 240 90 434 493 525 644 
23 24 102 3 62 27 66 65 240 90 434 464 337 644 
23 24 102 25 62 27 66 65 240 90 434 464 493 644 
298 575 319 226 4 27 6 65 240 16 615 97 395 644 
105 395 112 149 104 369 239 340 114 559 307 558 557 660 
142 430 319 97 259 395 484 260 282 390 512 313 312 668 
317 575 312 97 280 395 484 37 282 390 491 637 161 668 
105 395 340 307 104 558 557 481 4 239 14 76 559 660 
317 575 319 512 259 395 313 198 409 7 484 37 282 668 
105 558 340 557 3 27 185 239 114 559 240 168 579 660 
23 66 286 433 104 323 196 105 369 207 253 239 558 660 
243 66 340 307 435 226 4 27 6 65 240 611 615 644 
142 430 312 97 104 369 239 484 37 307 340 558 259 660 
105 395 340 307 578 599 104 37 369 239 149 390 558 660 
142 419 319 97 259 395 484 37 189 260 282 390 512 668 
340 575 104 472 358 112 38 369 239 484 37 307 250 660 
105 516 112 116 104 307 340 369 239 484 37 558 557 660 
418 6 231 435 4 27 66 65 535 226 240 239 615 644 
340 575 112 307 259 37 104 369 239 484 431 250 149 660 
105 395 112 38 104 369 239 484 37 641 340 558 557 660 
105 340 630 204 104 558 557 3 4 239 31 114 559 660 
105 395 340 307 104 558 557 481 4 239 14 76 559 660 
340 575 104 472 358 112 38 369 239 484 37 307 250 660 
317 575 319 512 259 395 313 433 409 7 484 37 282 668 
298 265 319 435 4 27 226 6 65 240 16 615 97 644 
105 395 340 307 264 599 104 37 369 239 149 390 558 660 
142 430 312 97 104 369 239 484 37 307 340 558 259 660 
243 66 340 307 435 226 4 27 6 65 240 496 615 644 
418 6 231 435 4 27 66 65 535 226 240 239 615 644 
105 395 340 307 104 558 557 3 4 239 411 76 559 660 
298 575 319 307 259 37 104 369 239 484 431 250 435 660 
105 340 630 204 104 558 557 3 4 239 31 114 559 660 
105 165 312 97 104 369 239 484 37 307 395 340 558 660 
105 395 340 307 104 558 557 481 4 239 411 76 559 660 
23 66 286 114 104 369 239 484 37 307 340 558 323 660 
23 66 286 116 104 114 369 239 484 459 307 340 558 660 
105 558 340 557 3 27 185 239 114 559 240 168 579 660 
23 66 286 433 104 323 196 105 369 207 253 239 558 660 
23 66 24 85 27 625 90 255 98 606 466 525 627 644 
105 558 340 557 3 27 4 239 114 559 240 168 579 660 
105 558 340 557 3 27 4 239 114 559 240 168 579 660 
105 395 340 307 104 558 557 3 4 239 411 76 559 660 
105 395 340 307 104 558 557 481 4 239 411 76 559 660 
23 66 24 3 27 625 90 255 98 606 466 525 627 644 
317 575 319 97 259 395 484 37 189 390 491 161 306 668 
23 66 24 3 62 27 90 129 464 205 466 525 627 644 
23 24 62 102 27 464 66 65 240 90 434 493 525 644 
23 24 102 3 62 27 180 66 65 240 90 434 464 644 
23 24 102 25 62 27 66 65 240 90 434 464 493 644 
317 575 312 97 259 395 484 37 282 390 491 637 306 668 
142 291 319 97 259 395 484 260 282 390 512 313 312 668 
105 516 402 116 104 307 340 369 239 484 37 558 557 660 
340 575 104 472 358 112 38 369 239 484 37 307 250 660 
317 575 319 512 259 395 313 433 409 7 484 37 282 668 
298 265 319 435 4 27 6 65 240 16 226 615 97 644 
577 202 340 307 259 484 104 189 369 239 149 390 558 660 
243 66 340 307 435 226 4 27 6 65 240 496 615 644 
418 6 231 435 4 27 66 65 240 535 226 239 615 644 
340 575 112 307 259 37 104 369 239 484 431 250 149 660 
105 340 630 204 104 558 557 3 4 239 31 114 559 660 
105 395 340 388 259 599 104 37 369 239 149 390 558 660 
23 66 286 433 104 323 196 131 369 207 253 239 558 660 
105 558 340 557 3 27 185 239 114 559 240 168 579 660 
23 66 286 433 104 323 196 105 369 207 160 239 558 660 
23 66 24 85 27 625 90 255 98 606 466 525 627 644 
105 558 340 557 3 27 4 239 114 559 240 168 579 660 
105 395 340 307 104 558 557 3 4 239 411 76 559 660 
23 66 24 3 27 625 90 255 98 606 466 525 627 644 
317 575 319 97 259 395 484 37 189 390 491 167 306 668 
23 66 24 3 62 27 90 129 464 337 466 525 627 644 
23 24 62 102 27 464 66 65 240 90 434 493 525 644 
23 24 102 3 62 27 66 65 240 90 434 464 457 644 
317 575 319 97 259 395 484 260 282 37 189 390 491 668 
142 291 319 97 259 395 484 260 282 390 512 313 312 668 
105 395 112 38 104 369 239 484 37 641 340 558 557 660 
340 575 104 472 358 112 38 369 239 484 37 307 250 660 
317 575 319 512 259 395 313 433 409 7 484 37 282 668 
142 430 312 97 104 369 239 484 37 307 340 558 259 660 
298 575 319 307 259 37 104 369 239 484 431 250 435 660 
105 340 630 204 104 558 557 3 4 239 31 114 559 660 
105 395 340 307 259 599 104 37 369 239 149 390 558 660 
23 66 286 433 104 323 196 131 369 207 253 239 558 660 
105 558 340 557 3 27 185 239 114 559 240 168 579 660 
23 66 24 85 27 625 90 255 98 606 466 525 627 644 
105 558 340 557 3 27 4 239 114 559 240 168 579 660 
