582 467 636 184 217 100 178 640 633 329 474 275 441 675 
194 297 66 65 101 637 102 104 239 243 517 546 559 646 
204 382 85 544 217 100 178 104 545 591 210 228 392 675 
194 297 66 101 637 102 104 239 517 546 559 383 178 646 
204 382 139 62 217 100 178 104 545 591 239 228 470 675 
575 467 66 319 637 102 104 239 178 517 383 546 559 646 
194 297 204 261 123 439 104 239 517 546 559 97 259 646 
194 297 204 261 637 102 123 439 104 239 517 546 559 646 
204 382 104 178 85 239 587 447 202 545 558 534 559 646 
204 261 123 587 309 515 104 239 517 147 559 383 558 646 
204 382 178 545 637 102 104 239 517 193 546 559 439 646 
194 297 66 65 101 637 513 104 239 243 517 546 559 646 
194 297 204 261 123 439 97 104 239 5 134 546 559 646 
204 382 178 104 545 85 239 544 392 389 134 556 558 646 
474 633 587 104 545 97 239 259 640 139 470 155 467 646 
204 261 123 587 309 515 139 254 467 104 178 155 239 646 
204 261 123 439 97 104 178 155 587 389 467 239 474 646 
204 382 178 104 155 467 239 85 587 389 134 261 123 646 
582 261 178 104 593 587 264 239 517 383 546 515 559 646 
194 297 204 261 123 439 97 104 239 259 134 546 559 646 
204 261 178 104 155 467 239 85 587 389 134 556 324 646 
204 178 104 261 123 155 467 239 85 587 389 134 556 646 
204 261 123 439 97 104 239 259 134 195 559 155 178 646 
194 297 204 261 123 439 97 104 239 259 134 496 559 646 
204 178 587 104 545 97 530 383 239 259 134 546 559 646 
194 297 204 261 101 637 123 439 104 239 517 546 559 646 
204 261 123 439 97 104 239 259 134 546 559 155 178 646 
640 139 470 104 545 97 239 259 134 546 559 155 467 646 
36 46 66 65 101 637 102 104 239 178 517 546 559 646 
36 46 66 65 101 637 102 104 239 178 517 546 559 646 
36 46 66 65 101 637 102 104 239 178 517 546 559 646 
36 46 66 65 101 637 102 104 239 178 517 546 559 646 
36 46 66 65 101 637 102 104 239 178 517 546 559 646 
36 46 66 65 101 637 102 104 239 178 517 546 559 646 
36 46 66 65 101 637 102 104 239 543 517 546 559 646 
36 46 66 65 101 637 102 104 239 178 517 546 559 646 
36 46 66 65 101 637 102 104 239 178 517 546 559 646 
36 46 66 65 101 637 102 104 239 178 517 546 559 646 
36 46 66 65 101 637 102 104 239 178 517 546 559 646 
36 46 66 65 101 637 102 104 239 187 517 546 559 646 
36 46 66 65 101 637 102 104 239 178 517 546 559 646 
36 46 66 65 101 637 102 104 239 178 517 546 559 646 
36 46 66 65 101 637 102 104 239 178 517 546 559 646 
36 46 66 65 101 637 102 104 239 178 517 546 559 646 
36 46 66 65 101 637 102 104 239 178 517 546 559 646 
36 46 66 65 101 419 102 104 239 543 517 546 559 646 
36 46 66 65 101 637 102 104 239 178 517 546 559 646 
36 46 66 65 101 637 102 104 239 178 517 546 559 646 
36 46 66 65 101 637 102 104 239 178 517 546 559 646 
194 46 66 65 101 637 102 104 239 178 517 546 559 646 
194 46 66 65 101 637 102 104 239 178 517 546 559 646 
194 46 66 65 101 637 102 104 239 178 517 546 559 646 
194 46 66 65 101 308 102 104 239 178 517 546 559 646 
194 46 66 65 101 637 102 104 239 517 178 546 559 646 
194 46 66 65 101 637 102 104 239 178 517 546 559 646 
194 46 66 65 101 637 102 104 239 178 517 546 559 646 
194 46 66 65 101 637 102 104 239 178 517 546 559 646 
194 46 66 65 101 637 102 104 239 178 517 546 559 646 
194 46 66 65 101 637 102 104 239 178 517 546 559 646 
194 46 66 65 101 637 102 104 239 178 517 546 559 646 
194 46 66 65 101 637 102 104 239 178 517 546 559 646 
194 46 66 65 101 637 102 104 239 178 517 546 559 646 
194 46 66 65 101 637 102 104 239 517 178 546 559 646 
194 46 66 65 101 637 102 104 239 178 517 546 559 646 
194 46 66 65 101 308 102 104 239 178 517 546 559 646 
194 46 66 65 101 637 102 104 239 178 517 546 559 646 
301 46 66 65 101 637 102 104 239 178 517 546 559 646 
301 46 66 65 101 637 102 104 239 178 517 546 559 646 
194 46 66 65 101 637 102 104 239 178 517 546 559 646 
194 46 66 65 101 637 102 104 239 178 517 546 559 646 
194 46 66 65 101 637 102 104 239 178 517 546 559 646 
194 46 66 65 101 637 102 104 239 178 517 546 559 646 
301 46 66 65 101 637 102 104 239 517 178 546 559 646 
194 46 66 65 101 637 102 104 239 178 517 546 559 646 
194 46 66 65 101 637 102 104 239 178 517 546 559 646 
194 46 66 65 101 308 102 104 239 178 517 546 559 646 
301 46 66 65 101 637 102 104 239 178 517 546 559 646 
194 46 66 65 101 637 102 104 239 563 517 546 559 646 
194 46 66 65 101 637 102 104 239 178 517 546 559 646 
194 46 66 65 101 637 102 104 239 178 517 546 559 646 
194 46 66 65 101 102 104 239 517 546 178 559 637 646 
301 46 66 65 101 637 102 104 239 178 517 546 559 646 
194 46 66 65 101 637 102 104 239 178 517 546 559 646 
194 46 66 65 101 637 102 104 239 563 517 546 559 646 
194 46 66 65 101 637 102 104 239 178 517 546 559 646 
194 46 66 65 101 637 102 104 239 178 517 546 559 646 
194 46 66 65 101 637 102 104 239 178 517 546 559 646 
194 46 66 65 101 637 102 104 239 178 517 546 559 646 
194 46 66 65 101 637 102 104 239 517 178 546 559 646 
301 46 66 65 101 637 102 104 239 178 517 546 559 646 
194 46 66 65 101 637 102 104 239 563 517 546 559 646 
301 46 66 65 101 102 637 104 239 178 517 546 559 646 
194 46 66 65 101 637 102 104 239 425 517 546 559 646 
301 46 66 65 101 102 637 104 239 517 178 546 559 646 
301 46 66 65 101 637 102 104 239 178 517 546 559 646 
194 46 66 65 101 637 102 104 239 178 517 546 559 646 
194 46 66 65 101 637 102 104 239 178 517 546 559 646 
194 46 66 65 101 637 102 104 239 178 517 546 559 646 
194 46 66 65 101 637 102 104 239 178 517 546 559 646 
194 46 66 65 101 637 102 104 239 178 517 546 559 646 
