324 444 448 636 554 643 283 10 9 18 7 123 545 665 
643 73 315 480 385 231 375 640 404 401 409 131 262 670 
35 10 247 28 57 45 630 242 451 199 145 570 625 676 
187 207 303 49 88 28 7 5 12 213 404 418 334 654 
643 41 439 448 450 127 291 150 566 161 119 485 145 130 674 
20 253 149 32 638 134 100 376 55 447 273 487 302 44 645 
643 252 400 192 431 295 414 389 309 246 149 75 3 4 7 676 
290 77 194 82 12 9 8 199 511 198 124 580 257 676 
85 474 283 112 489 59 146 154 643 310 9 81 117 670 
193 138 165 185 485 245 205 590 571 144 420 512 3 2 662 
643 157 342 119 99 616 241 480 439 598 543 398 489 138 383 569 670 
273 46 39 44 258 2 90 315 379 98 450 147 550 676 
161 141 177 4 58 363 239 556 625 136 189 321 401 676 
174 80 603 4 5 102 624 370 350 14 273 331 602 676 
192 33 58 396 210 579 626 228 284 643 2 3 642 676 
35 72 101 133 487 28 143 550 136 47 494 520 57 676 
34 56 457 516 232 68 141 442 4 9 5 542 138 676 
639 103 643 367 81 559 304 279 358 147 367 251 141 676 
7 364 624 20 271 299 504 313 607 6 643 2 444 648 
39 74 26 19 21 25 455 1 493 517 360 597 568 676 
230 23 66 172 76 244 362 101 259 404 632 557 382 676 
6 196 11 42 125 66 71 182 567 35 521 344 629 676 
