314 129 565 528 401 18 71 38 41 51 425 304 113 213 251 669 
127 57 37 543 528 69 237 487 188 473 70 325 81 211 624 669 
57 70 76 622 83 639 69 78 211 599 102 303 84 396 617 676 
314 129 565 528 401 18 631 38 41 51 425 304 150 81 113 97 251 669 
23 25 44 60 16 45 340 69 18 244 70 505 623 647 
23 25 44 518 27 45 84 437 283 613 102 583 610 647 
314 129 565 85 18 487 543 69 163 259 70 280 81 41 528 669 
23 25 44 469 33 45 84 437 408 72 102 583 610 647 
23 25 44 469 61 39 84 437 86 342 274 583 610 647 
23 25 44 469 33 39 84 437 41 330 145 583 610 647 
314 129 565 528 401 18 71 31 180 259 425 69 244 150 81 669 
127 69 2 27 564 45 84 37 624 187 70 83 642 647 
23 25 44 469 33 39 84 437 248 342 274 583 610 647 
57 70 76 288 85 639 69 487 58 244 78 102 83 53 211 676 
127 348 37 543 528 69 237 487 188 244 425 304 70 325 81 211 624 669 
23 25 44 33 469 58 84 69 642 72 102 583 437 647 
127 2 27 564 45 37 84 69 624 187 70 453 642 647 
57 70 76 617 85 639 69 487 58 244 78 102 83 53 211 676 
57 70 76 590 622 639 580 105 642 69 83 53 325 81 211 676 
127 57 37 528 18 244 543 69 163 259 70 325 81 348 237 669 
127 57 611 543 528 237 487 188 70 425 69 244 325 81 169 624 669 
23 25 14 44 3 62 45 501 69 57 244 70 83 647 
23 25 44 469 27 45 84 437 196 16 102 583 610 647 
14 395 44 3 103 45 419 69 57 533 70 83 120 647 
314 129 565 411 226 82 37 487 328 543 69 244 150 81 41 580 371 669 
314 129 565 528 13 18 71 38 41 51 425 304 150 81 113 32 251 669 
14 25 44 3 103 45 419 69 57 533 70 83 120 647 
127 105 37 528 18 244 543 69 498 58 70 81 41 325 580 669 
14 25 44 3 103 266 45 501 69 427 293 70 83 647 
127 57 37 528 18 244 543 69 163 259 70 325 81 41 580 669 
23 25 44 3 152 45 84 69 488 244 70 502 623 647 
57 70 76 288 85 639 69 78 211 487 423 233 264 83 81 676 
14 308 103 44 3 62 45 501 69 57 244 70 83 647 
23 25 44 3 152 45 84 69 488 244 70 487 623 647 
127 57 37 543 528 69 237 487 188 244 425 304 70 325 81 211 624 669 
23 25 44 469 27 338 84 437 196 16 102 583 610 647 
14 25 320 3 103 45 266 501 69 57 293 70 83 647 
314 129 565 528 401 18 31 180 259 425 69 244 150 81 304 70 325 669 
57 70 76 85 639 580 642 232 122 78 537 83 53 102 396 676 
14 25 103 44 3 62 45 501 69 57 244 70 83 647 
14 25 44 3 103 45 501 69 57 244 70 83 469 647 
23 25 44 3 152 45 84 69 488 244 70 113 623 647 
23 25 44 469 27 45 84 437 196 613 102 583 610 647 
14 25 320 3 103 266 45 501 69 57 256 70 83 647 
23 25 180 469 33 39 84 437 86 342 274 583 610 647 
14 136 44 3 103 45 501 69 57 244 70 83 127 647 
57 70 76 288 85 639 580 642 69 78 122 83 53 102 433 676 
57 70 76 288 85 69 18 487 58 244 78 102 83 53 396 676 
14 25 44 3 103 266 45 501 69 57 293 70 83 647 
314 162 565 528 401 18 71 31 38 41 51 425 304 150 81 669 
23 25 44 469 33 39 84 437 86 342 274 583 610 647 
23 25 44 469 33 39 84 437 86 342 274 583 610 647 
23 25 44 598 33 39 84 437 86 342 274 583 610 647 
23 25 44 469 33 39 84 437 86 342 274 583 610 647 
23 25 44 630 33 39 84 437 86 274 166 583 610 647 
23 25 44 469 33 39 84 437 86 342 274 583 610 647 
23 25 44 630 33 39 84 437 86 274 166 583 610 647 
23 25 44 469 33 39 84 437 86 342 274 583 610 647 
23 25 44 469 33 39 84 437 86 342 274 583 610 647 
23 25 44 630 33 39 84 437 86 594 166 583 610 647 
23 25 44 630 33 39 84 437 86 594 166 583 610 647 
23 25 44 630 33 39 84 437 86 594 166 583 610 647 
23 25 44 392 33 39 84 437 86 594 166 583 610 647 
23 25 44 469 33 39 84 437 86 342 410 583 610 647 
23 25 44 630 33 39 84 437 86 594 166 583 610 647 
23 25 44 469 33 39 84 437 86 342 410 583 610 647 
23 25 44 630 33 39 84 437 86 114 166 583 610 647 
23 25 44 392 33 39 84 437 86 594 166 583 610 647 
23 25 44 469 33 39 84 437 86 342 410 583 610 647 
23 25 44 469 33 39 84 437 86 342 410 583 610 647 
23 25 44 469 33 39 84 437 86 342 410 583 610 647 
23 25 44 630 33 39 84 437 86 594 166 583 610 647 
23 25 44 630 33 39 84 437 86 594 166 583 610 647 
23 25 44 630 33 39 84 437 86 594 166 583 610 647 
23 25 44 469 33 39 84 437 86 342 410 583 610 647 
23 25 44 630 33 39 84 437 86 594 166 583 610 647 
23 25 44 630 33 39 84 437 86 594 166 583 610 647 
23 25 44 469 33 39 84 437 86 342 410 583 610 647 
23 25 44 469 33 39 84 437 86 342 410 583 610 647 
23 25 44 194 33 39 84 437 86 342 410 583 610 647 
23 25 44 469 33 39 84 437 86 342 410 583 610 647 
23 25 44 630 33 39 84 437 86 594 166 583 610 647 
23 25 44 630 33 39 84 437 86 594 166 583 610 647 
23 25 44 469 33 39 84 437 86 342 410 583 610 647 
23 25 44 630 33 39 84 437 86 594 166 583 610 647 
23 25 44 630 33 39 84 437 86 594 166 583 610 647 
23 25 44 469 33 39 84 437 86 342 410 583 610 647 
23 25 44 630 33 39 84 437 86 594 166 583 610 647 
23 25 44 630 33 39 84 437 86 594 166 583 610 647 
23 25 44 469 33 39 84 437 86 342 410 583 610 647 
23 25 44 469 33 39 84 437 86 342 410 583 610 647 
23 25 44 630 33 39 84 437 86 594 166 583 610 647 
23 25 44 469 33 39 84 437 86 342 410 583 610 647 
23 25 44 630 33 39 84 437 86 594 166 583 610 647 
23 25 44 469 33 39 84 437 86 342 529 583 610 647 
23 25 44 630 33 39 84 437 86 594 166 583 610 647 
23 25 44 630 33 39 84 437 86 594 166 583 610 647 
23 25 44 630 33 39 84 437 86 594 166 583 610 647 
23 25 44 630 33 39 84 437 86 594 166 583 610 647 
23 25 44 469 33 39 84 437 86 419 410 583 610 647 
