524 46 85 487 14 60 64 570 95 96 466 627 104 440 673 
383 10 12 57 343 77 560 75 342 15 18 277 121 676 
107 643 589 182 168 11 62 45 410 208 598 55 141 676 
70 179 80 6 10 11 60 106 187 521 138 67 89 676 
643 357 143 328 588 380 400 416 122 496 586 480 131 665 
14 177 104 159 5 91 168 131 10 133 240 399 354 2 586 254 671 
226 323 319 346 31 581 643 255 27 7 62 317 193 646 
248 326 50 302 478 529 41 131 226 638 156 413 148 665 
65 577 336 198 413 643 102 624 599 62 77 546 524 644 
21 276 67 480 508 82 36 11 250 308 182 521 549 676 
152 13 367 208 590 214 123 643 102 420 131 104 15 168 130 660 
1 35 92 40 557 181 192 542 633 257 461 163 597 676 
164 160 424 404 328 578 248 168 119 490 229 239 69 343 75 81 660 
624 476 643 395 375 129 251 440 561 530 161 292 32 140 670 
459 198 396 54 72 461 68 199 430 464 53 530 592 676 
333 422 398 54 567 63 378 610 198 381 91 2 627 676 
239 124 172 48 253 413 245 240 199 62 11 6 7 105 676 
174 377 15 643 483 16 17 476 184 42 390 71 501 670 
