297 397 166 303 636 8 496 99 290 394 85 491 292 674 
23 44 64 25 26 594 65 91 413 367 21 101 526 644 
23 44 64 25 26 594 65 91 413 367 21 101 526 644 
516 397 166 303 630 235 491 292 16 99 103 485 636 674 
16 99 280 235 81 292 491 457 277 290 483 547 85 671 
23 44 2 25 636 62 65 91 367 58 141 101 579 644 
23 44 64 25 26 594 65 91 413 367 195 101 526 644 
246 513 65 104 517 284 253 473 23 546 558 30 559 660 
23 44 2 25 33 62 65 91 141 367 58 101 526 644 
246 513 65 104 517 284 249 473 599 546 558 112 559 660 
23 44 2 25 33 62 65 91 367 58 101 141 526 644 
23 44 2 25 26 594 65 91 413 367 308 101 526 644 
23 44 64 251 26 594 65 91 413 367 195 101 526 644 
246 513 65 104 517 284 552 473 23 546 558 30 559 660 
598 99 280 235 81 292 120 298 303 309 457 141 552 671 
16 99 306 235 81 292 249 473 599 491 457 277 290 671 
23 44 64 25 26 594 65 91 413 367 195 101 526 644 
246 104 284 473 178 513 517 546 253 16 558 485 559 660 
516 397 636 123 104 517 491 457 204 546 558 284 559 660 
246 513 65 104 517 284 249 473 599 546 558 112 559 660 
598 490 158 123 473 235 491 138 317 546 558 559 457 660 
16 104 158 99 123 184 473 195 317 546 558 559 298 660 
16 99 104 253 284 473 235 513 204 546 558 317 559 660 
16 128 158 99 123 558 184 317 559 235 81 292 491 660 
246 104 284 473 178 513 517 546 253 16 558 485 559 660 
590 280 516 103 636 123 104 126 558 485 18 413 292 660 
16 99 104 253 636 123 558 317 559 158 184 298 265 660 
590 99 280 235 81 292 491 457 516 397 636 123 104 660 
590 99 280 457 636 399 81 633 491 516 397 123 104 660 
16 104 158 99 123 558 576 317 81 292 559 298 303 660 
16 99 516 103 485 303 636 123 104 594 235 148 558 660 
23 44 2 25 26 594 65 91 413 367 195 101 526 644 
516 397 491 457 636 123 104 517 446 546 558 284 556 660 
16 104 158 99 123 558 576 317 81 292 559 298 166 660 
99 516 103 303 636 123 104 594 253 16 558 485 235 660 
16 99 104 253 284 473 235 513 204 546 558 317 559 660 
440 490 158 99 123 558 184 317 559 298 303 484 246 660 
516 397 491 457 636 123 104 517 558 410 559 141 557 660 
598 490 158 99 123 558 184 317 559 298 303 484 280 660 
516 397 491 457 169 123 104 517 558 410 559 141 557 660 
16 104 158 99 123 184 473 195 317 546 558 559 298 660 
516 397 491 457 636 123 104 517 446 546 558 284 556 660 
16 104 326 303 158 8 496 99 123 558 184 317 559 660 
297 397 166 303 446 8 16 38 491 235 253 292 393 674 
23 44 64 25 26 594 65 91 413 367 21 101 526 644 
23 44 2 25 33 62 65 91 141 367 58 101 526 644 
246 513 65 104 517 284 253 473 23 546 558 30 559 660 
16 99 306 235 81 292 491 457 277 290 483 547 85 671 
23 44 64 25 26 594 65 91 413 367 195 101 526 644 
246 104 284 473 178 513 517 546 253 16 558 485 559 660 
590 99 280 399 81 633 491 457 516 397 636 123 104 660 
23 44 2 25 26 594 65 91 413 367 195 101 526 644 
16 38 491 235 253 292 303 393 636 123 104 126 558 660 
16 99 104 253 235 513 284 151 204 546 558 317 559 660 
516 397 158 99 123 558 184 317 559 298 491 457 636 660 
516 55 491 457 636 123 104 517 558 284 559 141 557 660 
16 99 104 253 636 123 558 317 559 158 184 298 265 660 
23 44 64 25 26 594 65 91 413 367 21 101 526 644 
297 397 166 303 636 8 496 38 491 99 290 394 85 674 
23 44 2 25 33 62 65 91 367 58 141 101 526 644 
246 513 65 104 517 284 552 473 23 546 558 30 559 660 
16 99 306 235 81 292 491 457 277 290 483 547 85 671 
23 44 64 25 26 594 65 91 413 367 195 101 526 644 
246 104 284 473 178 513 517 546 253 16 558 485 559 660 
590 99 280 458 81 633 491 457 516 397 636 123 104 660 
23 44 2 25 26 594 65 91 413 367 308 101 526 644 
598 490 158 123 473 235 491 457 99 104 253 558 184 660 
99 104 253 235 513 121 473 204 546 16 558 317 559 660 
16 38 491 457 636 123 558 571 559 158 184 516 397 660 
516 397 491 457 636 123 104 517 558 284 559 141 557 660 
16 104 166 303 158 99 123 558 184 317 559 298 484 660 
23 44 64 25 26 202 65 91 413 367 21 101 526 644 
516 397 166 303 446 235 491 292 16 99 103 485 636 674 
23 44 2 25 33 62 65 91 141 367 58 101 526 644 
246 513 65 104 517 284 253 473 23 546 558 30 559 660 
16 99 280 235 277 290 81 292 491 457 516 397 483 671 
23 44 64 25 26 594 65 91 413 367 195 101 526 644 
246 104 284 473 178 513 517 546 253 16 558 485 559 660 
590 99 636 123 280 235 81 292 491 457 516 397 104 660 
23 44 2 25 26 594 65 91 413 367 308 101 526 644 
598 256 158 123 473 235 491 457 99 104 253 558 184 660 
16 99 104 235 513 284 253 473 204 546 558 317 559 660 
598 218 158 99 123 292 131 547 85 558 184 317 559 660 
516 397 491 457 636 123 104 517 558 284 559 141 557 660 
246 38 491 457 636 123 104 126 558 284 559 473 178 660 
516 397 166 303 446 235 491 292 256 277 415 16 38 674 
23 44 2 25 33 62 65 91 141 367 58 101 526 644 
246 513 65 104 517 284 253 473 23 546 558 30 559 660 
16 99 280 235 81 292 491 457 277 290 483 547 85 671 
23 44 64 25 26 594 65 91 413 367 195 101 526 644 
246 104 284 473 178 513 517 546 253 16 558 485 559 660 
590 280 81 123 473 235 99 104 253 292 491 457 516 660 
23 44 2 25 26 594 65 91 413 367 195 101 526 644 
598 256 158 123 473 235 99 104 253 558 184 16 248 660 
16 99 104 253 235 513 284 473 204 546 558 317 559 660 
598 490 158 99 123 558 184 317 559 298 303 246 562 660 
516 397 354 457 636 123 104 517 558 284 559 141 557 660 
16 38 491 457 636 123 104 126 558 284 559 253 301 660 
516 397 166 303 446 415 16 38 491 473 178 457 402 674 
23 44 2 25 33 62 65 91 141 367 58 101 526 644 
