121 95 102 77 10 155 6 443 27 307 567 65 524 676 
20 164 68 347 2 367 283 102 41 617 6 610 565 676 
11 28 328 32 523 19 46 595 635 439 600 50 551 676 
449 643 204 590 453 4 9 586 11 481 260 639 256 662 
337 418 31 611 427 105 225 260 643 469 122 69 42 167 108 15 670 
230 433 643 221 193 325 284 354 123 390 588 5 87 51 61 131 663 
138 41 190 154 205 123 519 496 379 528 621 341 631 649 
23 54 44 110 257 398 62 548 491 338 267 495 638 676 
153 6 107 66 34 11 104 133 165 184 173 12 25 676 
77 62 165 504 643 463 273 539 455 642 461 378 510 676 
65 101 140 191 114 444 57 592 638 626 582 643 627 8 676 
197 501 643 152 141 286 485 14 250 208 431 606 158 173 9 82 103 671 
39 36 86 301 13 46 378 10 102 597 274 386 66 676 
56 52 40 182 479 513 454 624 510 643 2 3 179 676 
24 204 257 126 462 517 583 138 629 124 156 184 627 676 
162 320 215 149 122 297 335 512 129 447 18 469 564 675 
14 380 300 482 643 142 66 364 436 184 10 87 110 671 
309 401 199 307 109 245 643 124 191 110 94 152 194 148 189 670 
7 10 574 135 643 599 504 165 11 13 28 196 491 670 
421 261 507 504 438 165 575 643 229 518 418 443 48 439 594 4 406 663 
603 313 33 93 273 118 532 426 68 58 66 65 6 114 676 
