226 390 175 304 567 528 19 441 394 380 49 324 154 471 204 645 
121 2 127 638 6 49 416 11 38 25 45 66 65 526 654 
121 2 127 49 6 416 11 38 45 66 19 136 65 526 654 
121 2 127 638 6 25 11 38 45 66 65 526 163 522 654 
104 175 513 380 304 567 204 226 324 154 471 342 391 558 559 645 
189 104 175 380 567 157 304 19 441 394 371 49 599 469 324 645 
11 2 127 638 6 25 38 45 66 65 526 163 446 626 654 
121 2 127 638 49 6 416 11 38 45 66 19 136 65 654 
66 104 175 503 304 567 324 394 380 154 471 204 102 558 559 645 
226 104 175 49 380 304 567 324 154 471 204 391 558 559 371 645 
226 104 175 196 304 154 324 459 257 19 441 394 371 49 255 645 
121 2 127 49 6 38 416 11 45 66 455 342 538 615 654 
121 2 6 45 66 455 104 538 49 615 163 566 490 367 654 
121 437 395 49 6 2 45 66 65 500 163 566 140 367 654 
121 455 395 49 6 2 45 66 191 500 163 566 140 367 654 
226 104 332 49 567 175 380 304 324 154 441 204 391 558 559 645 
121 6 2 45 66 71 65 484 49 31 125 577 566 606 367 654 
189 104 332 49 567 469 304 324 154 441 399 391 558 157 19 645 
66 104 175 49 304 567 324 394 380 257 426 213 475 558 559 645 
11 2 127 638 6 25 38 45 66 65 526 163 522 626 654 
11 2 127 638 6 25 38 45 66 65 526 163 522 626 654 
11 2 127 638 6 25 38 45 66 65 526 163 522 626 654 
11 2 127 638 6 25 38 45 66 65 526 163 522 626 654 
11 2 127 638 6 25 38 45 66 65 526 163 522 626 654 
11 2 127 638 6 25 38 45 66 65 526 163 522 626 654 
11 2 127 638 6 25 38 45 66 65 526 163 522 626 654 
11 2 127 638 6 25 38 45 66 65 526 163 522 626 654 
11 2 127 638 6 25 500 45 66 65 526 163 522 626 654 
11 2 127 638 6 25 38 45 66 65 526 163 522 626 654 
11 2 127 638 6 25 38 45 66 65 526 163 522 626 654 
11 2 127 638 6 25 38 45 66 65 526 163 522 626 654 
11 2 127 638 6 25 38 45 66 65 526 163 522 626 654 
11 2 127 638 6 25 38 45 66 65 526 163 522 626 654 
11 2 127 638 6 25 38 45 66 65 526 79 522 626 654 
11 2 127 638 6 25 38 45 66 65 526 79 522 626 654 
11 2 127 281 6 25 38 45 66 65 526 163 522 626 654 
11 2 127 638 6 25 38 45 66 65 526 163 522 626 654 
11 2 127 638 6 25 38 45 66 65 526 163 522 626 654 
11 2 127 638 6 25 38 45 66 65 526 163 522 626 654 
11 2 127 638 6 25 38 45 66 65 526 163 522 626 654 
11 2 127 638 6 25 38 45 66 65 526 163 522 626 654 
121 2 127 638 6 25 38 45 66 65 526 163 522 626 654 
121 2 127 638 6 25 38 45 66 65 526 163 522 626 654 
121 2 127 638 6 25 38 45 66 65 526 163 522 626 654 
121 2 127 638 6 25 38 45 66 65 526 163 522 626 654 
121 2 127 638 6 25 38 45 66 65 526 163 522 626 654 
121 2 127 638 6 25 38 45 66 65 526 470 522 626 654 
121 2 127 638 6 25 38 45 66 65 526 163 522 626 654 
121 2 127 638 6 25 38 45 66 65 526 163 522 626 654 
121 2 127 638 6 25 38 45 66 65 526 163 522 626 654 
121 2 127 638 6 25 38 45 66 65 526 163 522 626 654 
121 2 127 638 6 25 38 45 66 65 526 163 522 626 654 
121 2 127 448 6 25 38 45 66 65 526 163 522 626 654 
121 2 127 638 6 25 38 45 66 65 526 163 522 626 654 
121 2 127 638 6 25 38 45 66 65 526 163 522 626 654 
121 2 127 638 6 25 38 45 66 65 526 163 522 626 654 
121 2 127 638 6 25 38 45 66 65 526 163 522 626 654 
121 2 127 638 6 25 38 45 66 65 526 163 522 626 654 
121 2 127 638 6 25 38 45 66 65 526 163 522 626 654 
121 2 127 638 6 25 38 45 66 65 526 163 522 626 654 
121 2 127 638 6 25 38 45 66 65 526 163 522 626 654 
121 2 127 151 6 25 38 45 66 65 526 163 522 626 654 
121 2 127 638 6 25 38 45 66 65 526 163 522 626 654 
121 2 127 638 6 25 38 45 66 65 526 163 522 626 654 
121 2 127 638 6 25 195 45 66 65 526 163 522 626 654 
121 2 127 638 6 25 38 45 66 65 526 163 522 626 654 
121 2 127 638 6 25 38 45 66 65 526 163 522 626 654 
121 2 562 638 6 25 38 45 66 65 526 163 522 626 654 
121 2 127 638 6 25 38 45 66 65 526 163 522 626 654 
121 2 127 638 6 25 38 45 66 65 526 163 522 626 654 
121 2 127 638 6 25 38 45 66 65 526 163 522 626 654 
121 2 127 638 6 25 38 45 66 65 526 163 522 626 654 
324 2 127 638 6 25 38 45 66 65 526 163 522 626 654 
121 2 127 638 6 25 285 45 66 65 526 163 522 626 654 
121 2 127 638 6 25 38 45 66 65 526 163 522 626 654 
121 2 127 638 6 25 195 45 66 65 526 163 522 626 654 
121 2 127 638 6 25 38 45 66 65 526 163 522 626 654 
121 2 127 638 6 25 38 45 66 65 526 163 522 626 654 
121 2 127 638 6 25 38 45 66 65 526 163 522 626 654 
121 2 287 638 6 25 38 45 66 65 526 163 522 626 654 
121 2 562 638 6 25 38 45 66 65 526 163 522 626 654 
260 2 127 638 6 25 38 45 66 65 526 163 522 626 654 
473 2 127 638 6 25 38 45 66 65 526 163 522 626 654 
121 2 127 638 6 25 38 45 66 65 526 163 522 626 654 
121 2 127 638 6 25 38 45 66 65 526 163 522 626 654 
121 2 127 638 6 25 38 45 66 65 526 163 522 626 654 
121 2 127 638 6 25 38 45 66 65 526 163 522 626 654 
121 2 127 638 6 25 449 45 66 65 526 163 522 626 654 
121 2 127 638 6 25 38 45 66 65 526 163 522 626 654 
121 2 127 611 6 25 38 45 66 65 526 163 522 626 654 
121 2 127 638 6 25 38 45 66 65 526 163 522 626 654 
121 2 127 638 6 25 38 45 66 65 526 163 522 626 654 
121 2 127 638 6 25 38 45 66 65 526 163 522 626 654 
121 2 127 638 6 25 38 45 66 163 65 526 522 626 654 
121 2 127 638 6 25 38 45 66 65 526 163 522 626 654 
121 2 103 638 6 25 38 45 66 65 526 163 522 626 654 
121 2 127 638 6 25 38 45 66 65 526 163 522 626 654 
337 2 127 638 6 25 38 45 66 65 526 163 522 626 654 
121 2 539 638 6 25 449 45 66 65 526 163 522 626 654 
226 104 175 304 567 528 19 441 394 380 324 154 204 371 558 645 
