473 566 108 363 413 412 305 491 162 243 9 611 145 16 671 
4 6 40 25 305 27 566 35 114 449 281 66 583 646 
4 468 630 6 259 566 25 35 305 27 66 394 615 646 
4 468 19 6 25 305 27 66 630 259 394 615 566 646 
4 468 402 6 428 249 566 35 305 27 66 394 615 646 
4 468 630 6 259 305 27 66 394 615 402 566 490 646 
473 468 642 412 295 162 9 305 243 611 600 129 442 671 
21 1 24 6 25 27 66 42 82 65 413 196 92 492 673 
21 1 24 6 25 27 66 62 449 75 82 65 464 492 673 
21 468 566 1 24 46 25 27 66 62 516 65 464 646 
473 226 566 363 468 420 148 162 9 305 412 611 129 442 671 
473 468 420 363 339 162 9 305 412 611 129 442 75 671 
21 1 35 6 25 27 66 62 82 65 466 196 92 492 673 
4 468 630 6 259 27 82 66 62 75 5 9 615 646 
4 566 430 402 6 305 27 557 589 75 5 9 615 646 
4 566 305 430 402 6 557 589 75 5 9 615 82 646 
226 468 346 305 162 527 557 290 449 75 5 156 427 646 
4 468 402 6 428 490 305 27 323 394 615 226 449 646 
4 566 305 430 402 6 557 290 286 5 589 9 615 646 
4 566 305 430 402 6 557 290 286 5 266 9 615 646 
4 468 402 566 6 490 158 226 5 449 305 307 615 646 
4 566 6 40 251 148 226 125 5 225 305 9 615 646 
4 468 402 6 294 27 62 82 75 5 110 615 40 646 
4 566 6 40 251 148 226 75 5 225 305 9 615 646 
4 468 566 305 6 490 27 226 449 75 5 156 615 646 
21 1 24 6 25 27 66 62 65 278 82 464 196 492 673 
4 468 402 6 259 428 490 305 318 323 394 615 226 646 
4 566 430 402 6 305 27 75 5 557 589 483 615 646 
4 468 566 305 6 490 27 226 449 75 5 9 615 646 
473 566 108 363 413 162 9 305 412 611 145 243 16 671 
4 468 402 6 259 27 18 82 286 5 75 287 615 646 
4 468 402 6 259 27 62 82 75 5 287 615 226 646 
4 468 402 6 348 428 490 305 318 323 394 615 226 646 
473 468 642 412 295 162 9 305 243 611 600 129 442 671 
4 566 430 402 6 305 27 557 589 75 5 9 615 646 
21 1 24 57 25 27 66 82 75 62 65 464 627 646 
4 468 402 6 294 27 62 82 75 5 110 615 40 646 
21 1 24 46 25 27 66 67 82 65 464 629 119 492 673 
4 336 630 6 259 566 25 35 305 27 66 394 615 646 
4 468 19 6 25 305 27 66 630 259 394 615 566 646 
4 566 305 430 402 6 557 290 286 5 266 9 615 646 
4 566 305 430 402 6 557 290 286 5 589 9 615 646 
4 566 305 430 402 6 557 589 75 5 9 615 82 646 
4 468 19 6 25 305 27 66 630 259 61 615 566 646 
4 468 630 6 259 305 27 66 394 615 402 336 566 646 
4 468 402 6 259 27 62 82 75 5 287 615 566 646 
4 468 616 6 259 305 27 66 394 615 402 566 490 646 
4 468 630 6 259 305 27 66 394 615 402 566 490 646 
4 566 305 183 402 6 557 589 75 5 9 615 82 646 
4 468 19 6 25 305 27 66 319 259 394 615 566 646 
4 566 305 430 491 6 557 589 75 5 9 615 82 646 
4 468 402 6 348 428 490 305 318 5 9 615 323 646 
4 468 566 305 6 19 25 27 66 630 259 394 615 646 
21 1 24 46 25 27 66 62 82 65 629 92 464 492 673 
21 1 24 468 566 46 25 27 66 62 516 65 464 646 
21 1 35 6 25 27 66 62 82 65 466 196 92 492 673 
4 468 616 6 259 305 27 66 181 615 402 566 490 646 
4 468 19 6 25 305 27 66 630 259 61 615 566 646 
473 226 566 363 468 567 148 305 412 162 9 611 129 671 
226 468 346 305 162 527 557 290 449 75 5 156 427 646 
4 468 402 6 294 27 62 82 75 5 110 615 40 646 
4 468 630 6 259 566 19 25 305 27 66 394 615 646 
4 566 6 40 251 148 226 75 5 225 305 9 615 646 
4 468 428 490 402 6 305 27 323 394 615 226 449 646 
21 1 24 46 25 27 66 67 82 65 464 629 119 492 673 
4 566 305 430 402 6 557 589 75 5 9 615 82 646 
4 468 19 6 25 305 27 66 630 259 61 615 566 646 
4 468 402 6 259 428 490 305 318 323 394 615 226 646 
4 468 630 6 259 305 27 66 394 615 402 566 183 646 
4 566 305 430 402 6 557 290 286 5 589 9 615 646 
4 468 428 490 402 6 305 27 323 394 615 226 449 646 
4 468 428 490 402 6 305 27 323 394 615 226 449 646 
21 1 24 6 25 27 66 42 82 65 413 196 92 492 673 
4 468 428 305 6 490 27 402 323 394 615 226 449 646 
621 1 24 6 25 46 27 66 62 75 82 65 464 492 673 
21 1 24 46 25 27 66 67 82 65 464 629 119 492 673 
4 566 430 402 6 305 27 75 5 557 589 483 615 646 
473 566 108 534 413 162 9 305 412 611 129 442 145 671 
4 468 630 6 259 27 82 66 62 75 5 9 615 646 
4 566 305 430 491 6 557 589 75 5 9 615 82 646 
4 468 19 6 25 305 27 66 630 259 61 615 566 646 
4 468 616 6 259 305 25 27 66 181 615 402 566 646 
