39 273 99 466 56 79 11 149 26 595 76 105 507 676 
121 199 11 132 8 12 80 16 308 522 521 189 548 676 
3 394 361 336 437 283 148 216 322 578 13 271 85 660 
144 134 13 37 397 150 467 643 456 631 164 641 131 655 
14 66 477 5 13 7 45 340 61 359 566 640 57 670 
17 340 93 62 39 185 590 78 13 405 3 69 6 652 
369 131 351 353 191 77 19 13 60 69 17 59 218 655 
39 152 561 631 74 521 502 455 621 642 198 568 286 676 
643 407 263 239 198 18 146 461 459 105 152 49 3 558 660 
278 643 454 324 68 50 131 464 495 624 268 338 570 676 
643 189 586 336 292 380 612 141 103 28 424 322 567 670 
119 222 563 615 410 472 357 183 329 132 231 536 621 664 
584 394 206 160 419 100 270 184 507 276 571 388 390 146 50 45 237 489 629 302 648 
21 79 112 25 531 118 1 12 90 549 617 251 399 654 
218 142 162 139 586 202 419 541 268 5 8 454 428 665 
1 199 47 457 78 20 373 463 68 258 328 356 75 676 
127 57 69 371 81 359 3 141 610 469 156 136 32 676 
