12 127 124 160 191 5 145 171 2 194 7 16 6 110 668 
4 109 305 292 6 12 5 6 165 49 425 356 100 646 
507 216 455 263 127 427 156 118 246 183 459 247 120 428 18 15 670 
53 643 437 313 499 236 122 630 15 351 518 197 412 668 
59 43 131 210 142 153 563 477 37 393 631 162 251 659 
204 124 461 12 18 186 185 518 155 149 43 339 396 676 
110 313 352 29 252 446 218 370 527 71 367 185 9 148 676 
643 575 110 547 479 158 630 421 499 239 511 278 41 668 
254 308 101 104 65 105 316 28 284 163 67 579 386 676 
265 384 75 141 643 2 45 97 159 406 208 191 395 671 
211 155 43 363 149 42 243 2 556 480 20 197 256 676 
1 124 7 39 10 60 240 189 177 602 413 532 123 676 
643 476 279 385 557 415 328 88 286 447 482 628 432 670 
141 255 91 435 77 448 351 364 442 537 9 642 475 676 
209 348 643 68 92 4 3 252 337 381 247 155 572 676 
40 238 231 178 643 298 301 362 256 71 261 371 364 4 670 
456 185 83 527 321 311 595 117 373 500 87 77 3 676 
