571 1 34 30 13 25 46 86 60 63 9 95 98 652 
536 40 18 48 453 254 138 399 637 283 126 125 103 648 
34 30 66 77 57 358 55 295 90 179 169 129 488 652 
361 103 629 44 65 91 383 563 246 308 276 518 48 648 
571 1 34 30 13 9 46 95 60 63 98 410 488 652 
34 30 57 66 358 265 77 390 295 179 447 488 294 652 
399 536 40 48 453 254 637 318 512 125 103 402 37 648 
571 1 34 30 435 9 46 11 485 63 98 410 488 652 
536 40 91 53 122 373 52 130 276 318 512 518 553 648 
53 536 122 399 409 563 357 318 512 125 103 402 254 648 
34 30 66 77 358 9 295 230 418 179 169 447 488 652 
361 103 629 44 122 563 246 91 308 276 518 48 453 648 
53 536 122 399 409 563 357 318 512 518 125 103 402 648 
34 30 66 77 420 358 9 295 90 179 332 447 488 652 
53 536 284 399 409 563 357 512 276 518 318 125 103 648 
53 536 40 281 122 442 276 518 48 557 357 598 512 648 
53 161 122 399 442 130 276 518 404 563 357 318 512 648 
61 529 125 91 53 130 276 318 512 518 442 103 563 648 
536 40 91 53 122 130 276 373 512 553 518 399 442 648 
34 30 66 77 230 9 295 179 169 643 358 604 81 652 
61 217 91 53 130 563 308 276 318 512 470 518 357 648 
399 536 40 453 254 130 276 518 48 637 318 512 125 648 
34 30 57 66 358 265 508 295 569 77 154 179 447 652 
61 217 91 53 130 563 276 318 512 553 518 308 470 648 
53 536 40 281 122 442 130 276 373 512 553 518 48 648 
34 30 536 77 9 230 295 179 358 418 169 447 488 652 
361 103 65 91 53 130 276 318 512 518 442 563 631 648 
361 103 65 91 53 130 276 122 563 357 318 512 518 648 
34 30 569 66 358 265 77 230 295 179 447 488 536 652 
536 40 91 629 122 52 130 276 373 512 553 318 518 648 
34 30 421 66 77 358 604 295 179 45 168 230 542 652 
34 30 57 66 358 294 9 265 77 421 295 179 169 652 
571 1 34 30 13 25 46 86 60 63 98 410 488 652 
571 1 34 30 13 25 46 86 60 63 98 410 488 652 
571 1 34 30 13 9 77 86 60 63 98 410 488 652 
571 1 34 30 13 9 77 86 60 63 98 410 488 652 
571 1 34 30 13 9 77 86 60 63 98 410 488 652 
571 1 34 30 13 9 46 441 60 63 98 410 488 652 
571 1 34 30 13 9 46 348 60 63 98 410 488 652 
571 1 34 30 13 9 46 441 60 63 98 410 488 652 
571 1 34 30 13 9 46 348 60 63 98 410 488 652 
34 30 66 77 146 358 9 295 90 179 332 447 488 652 
34 30 66 77 146 358 9 295 90 179 332 447 488 652 
34 30 66 77 230 358 9 295 90 179 169 447 488 652 
34 30 66 77 230 358 9 295 90 179 169 447 488 652 
34 30 66 77 230 358 425 295 90 179 169 447 488 652 
34 30 66 77 230 358 425 295 90 179 364 447 488 652 
34 30 66 77 230 358 425 295 90 179 169 447 488 652 
34 30 66 77 57 354 175 358 403 179 169 129 488 652 
34 30 66 77 57 354 175 358 403 179 169 129 488 652 
34 30 66 77 57 354 175 358 403 179 169 129 488 652 
34 30 66 77 57 358 354 175 403 179 169 129 488 652 
34 30 66 77 57 232 175 358 403 179 169 129 488 652 
34 30 66 77 230 358 9 295 179 169 447 488 471 652 
34 30 66 77 230 358 295 179 447 9 169 488 471 652 
34 30 66 358 9 169 77 230 295 179 447 488 471 652 
34 30 66 77 230 358 9 295 179 447 169 488 471 652 
34 30 66 77 230 358 9 169 295 179 447 488 471 652 
34 30 421 66 77 230 358 9 169 295 179 447 488 652 
34 30 66 77 230 358 9 169 295 179 162 488 471 652 
34 30 66 77 230 358 9 169 295 179 162 488 471 652 
34 30 569 66 358 265 77 390 295 179 447 488 536 652 
34 30 569 66 265 358 55 295 77 390 179 447 488 652 
34 30 55 66 358 265 77 390 295 179 447 488 294 652 
34 30 569 66 265 358 55 295 77 390 179 447 488 652 
34 30 569 66 265 358 55 295 77 390 179 447 488 652 
34 30 55 66 358 265 77 390 295 179 447 488 294 652 
34 30 57 66 358 230 9 265 77 210 295 179 169 652 
34 30 57 66 358 230 9 265 77 210 295 179 169 652 
34 30 57 66 358 230 9 265 77 210 295 179 169 652 
34 30 470 77 230 358 9 295 179 447 488 536 169 652 
34 30 470 77 230 358 9 295 179 447 488 536 169 652 
34 30 470 77 230 358 9 295 179 447 488 536 169 652 
34 30 470 77 230 358 9 295 179 447 488 536 169 652 
34 30 470 358 9 169 77 230 295 179 447 488 536 652 
34 30 470 77 230 358 9 295 179 306 488 536 169 652 
34 30 470 77 230 358 9 295 179 447 488 536 169 652 
34 30 470 358 9 169 77 230 295 179 447 488 536 652 
34 30 470 77 230 358 9 295 179 447 488 536 55 652 
34 30 569 187 358 265 77 230 295 179 447 488 536 652 
34 30 569 187 358 265 77 230 295 179 169 447 488 652 
34 30 569 187 358 265 77 230 295 179 169 447 488 652 
34 30 569 187 358 265 77 230 295 179 447 488 536 652 
34 30 569 187 358 265 77 230 295 179 447 488 536 652 
34 30 305 187 358 265 77 230 295 179 169 447 488 652 
34 30 569 187 358 265 77 230 295 179 447 488 536 652 
34 30 421 66 358 230 9 295 3 45 77 363 179 652 
34 30 421 66 358 230 9 295 3 45 77 363 179 652 
361 103 65 246 91 308 276 318 512 553 518 53 130 648 
361 103 65 246 91 308 276 318 512 553 518 53 536 648 
361 103 65 246 91 308 276 318 512 553 518 53 536 648 
361 103 65 246 91 308 276 318 512 553 518 53 130 648 
361 103 65 246 91 308 276 318 512 553 518 53 61 648 
361 103 65 246 91 308 276 318 512 553 518 399 470 648 
361 103 65 246 91 130 276 122 308 318 512 553 518 648 
361 103 65 246 91 130 276 122 308 318 512 553 518 648 
361 103 65 246 91 308 276 318 512 553 518 536 470 648 
361 103 65 246 91 130 276 122 308 318 512 553 518 648 
361 103 65 246 91 308 276 318 512 553 518 536 470 648 
361 103 65 246 91 308 276 318 512 470 518 48 453 648 
