75 641 69 338 272 491 643 31 13 469 624 585 423 665 
6 27 234 161 495 639 13 615 417 378 260 237 33 676 
347 413 266 306 164 497 257 177 193 38 377 643 145 298 433 110 672 
23 2 111 6 29 389 110 28 85 35 97 11 89 676 
7 228 116 417 404 150 191 395 451 581 12 430 420 325 220 166 671 
262 353 502 155 463 382 35 115 240 375 53 315 620 676 
10 68 57 204 144 444 99 110 347 18 599 211 260 676 
32 318 157 190 287 200 370 298 276 8 18 306 454 657 
188 124 334 56 71 352 10 248 565 45 66 16 5 676 
18 4 2 560 634 422 307 544 273 171 327 77 349 662 
197 643 96 315 211 144 268 394 352 605 426 60 315 676 
382 413 265 643 316 198 552 625 423 223 165 364 322 144 313 7 306 670 
643 340 229 222 370 484 366 497 251 405 640 535 228 663 
272 437 66 400 390 44 371 183 57 60 376 488 70 676 
66 152 78 168 29 427 39 294 292 52 331 403 573 676 
319 21 198 25 208 117 169 43 244 7 3 77 465 676 
6 467 575 240 198 316 81 118 170 268 431 546 43 676 
37 145 175 220 108 103 412 158 16 162 375 587 38 667 
2 21 132 83 14 45 541 588 211 558 326 248 490 676 
