533 37 446 85 584 480 356 41 567 369 563 254 519 665 
533 37 446 237 51 85 584 480 356 41 567 369 175 665 
20 3 157 237 51 24 36 44 60 470 86 93 464 644 
533 37 446 377 584 480 485 88 562 49 163 356 7 665 
20 3 157 237 51 24 36 44 60 335 86 18 93 644 
20 3 25 237 51 24 36 314 60 39 310 93 464 644 
20 3 264 245 480 24 36 616 60 70 188 93 464 644 
469 3 57 266 24 104 62 60 211 556 70 558 579 644 
469 3 57 20 24 45 62 60 211 76 302 93 579 644 
20 3 264 51 453 24 36 314 60 587 86 93 464 644 
533 433 85 2 609 509 196 508 14 7 13 623 567 665 
469 3 57 303 309 104 62 60 211 556 70 558 579 644 
20 448 3 57 51 24 60 44 338 431 351 93 464 644 
469 3 57 266 24 104 62 60 211 556 70 140 579 644 
20 284 3 57 51 24 60 44 542 431 334 93 464 644 
480 12 37 228 141 60 104 318 211 178 139 558 579 644 
20 448 3 57 51 24 60 44 542 64 351 93 464 644 
469 3 57 20 24 45 62 60 211 76 4 93 579 644 
20 3 25 237 51 24 36 83 60 39 208 93 464 644 
20 3 157 237 51 24 36 83 60 335 86 93 464 644 
20 3 516 284 453 24 36 314 60 587 86 93 464 644 
20 3 25 237 51 24 36 83 60 39 208 93 464 644 
59 3 57 20 410 24 60 39 542 65 316 93 464 644 
480 12 37 57 141 60 104 318 211 178 139 558 579 644 
533 37 446 377 584 480 485 88 562 49 163 356 7 665 
20 3 264 441 42 24 36 616 60 113 188 93 464 644 
469 3 57 303 309 104 62 60 141 556 70 558 579 644 
480 12 37 57 141 60 250 318 211 556 70 558 432 644 
533 37 446 377 584 480 485 88 2 280 14 7 642 665 
533 37 446 482 584 480 485 509 642 49 163 113 7 665 
20 3 25 237 51 24 36 314 60 39 310 93 464 644 
20 59 3 57 139 24 60 39 639 65 633 93 464 644 
533 37 446 85 584 401 485 88 562 586 265 642 382 665 
533 37 446 377 584 480 485 88 2 280 14 7 642 665 
533 37 446 382 584 480 13 88 14 7 642 407 85 665 
533 407 85 381 125 509 196 13 604 511 399 642 586 665 
533 407 85 381 125 509 196 13 604 182 399 642 586 665 
20 448 3 57 51 24 60 44 542 64 351 93 464 644 
243 37 446 85 584 401 485 88 562 586 265 642 480 665 
496 37 446 382 584 480 485 88 14 7 369 563 642 665 
533 37 446 85 584 480 485 509 642 49 163 113 7 665 
533 37 446 382 584 480 13 88 14 7 642 407 85 665 
188 37 446 382 584 480 485 88 14 7 642 407 85 665 
533 433 85 2 609 509 196 508 14 7 13 623 567 665 
480 12 37 57 141 60 104 318 211 178 139 558 579 644 
469 3 57 20 24 104 62 60 211 76 4 93 548 644 
469 3 57 303 309 104 62 60 211 556 70 558 579 644 
20 3 264 245 480 24 36 616 60 70 188 93 464 644 
480 12 37 228 141 60 104 318 211 178 139 558 579 644 
12 37 57 141 60 480 485 509 250 318 211 556 70 644 
469 3 57 20 24 104 62 60 211 76 4 93 548 644 
469 3 57 266 24 104 62 60 211 556 70 140 579 644 
469 3 57 303 309 104 62 60 141 556 70 558 579 644 
20 3 57 448 51 24 60 44 338 431 351 93 464 644 
480 12 37 57 141 60 250 318 211 556 70 188 446 644 
480 12 37 57 141 60 250 318 211 556 70 558 188 644 
20 284 3 57 51 24 60 44 542 431 334 93 464 644 
20 3 264 441 42 24 36 616 60 394 188 93 464 644 
469 3 57 20 24 45 62 60 211 76 4 93 579 644 
480 12 37 57 141 60 250 318 211 556 70 558 533 644 
59 3 57 20 410 24 60 39 542 65 316 93 464 644 
20 59 3 57 139 24 60 39 639 65 633 93 464 644 
533 37 446 237 51 377 584 480 485 88 562 49 163 665 
20 3 25 237 51 24 36 83 60 39 208 93 464 644 
533 37 446 377 584 480 485 88 562 49 163 356 7 665 
20 3 25 237 51 24 36 314 60 39 310 93 464 644 
533 37 446 377 584 480 485 88 2 280 14 7 642 665 
533 407 85 381 125 509 127 13 604 182 399 642 586 665 
533 37 446 85 584 480 485 88 562 586 265 642 382 665 
533 37 446 85 584 480 485 509 642 49 163 356 7 665 
533 421 446 85 584 480 485 88 14 7 369 509 642 665 
533 37 446 382 584 480 13 88 14 7 642 407 85 665 
20 448 3 57 503 24 60 44 542 64 351 93 464 644 
533 433 85 2 609 509 196 508 14 7 13 623 567 665 
20 3 516 51 453 24 36 314 60 587 86 93 464 644 
480 12 37 57 141 60 104 318 211 178 139 558 579 644 
480 12 37 228 141 60 104 318 211 178 139 558 579 644 
20 3 264 245 480 24 36 616 60 70 188 93 464 644 
469 3 57 20 24 104 62 60 211 76 4 93 548 644 
12 37 57 141 60 480 485 509 250 318 211 556 70 644 
20 284 3 57 51 24 60 44 542 431 334 93 464 644 
20 3 264 441 42 24 36 616 60 113 188 93 464 644 
480 12 37 57 141 60 250 318 211 556 70 558 50 644 
59 3 57 20 410 24 60 39 542 65 316 93 464 644 
20 59 3 57 139 24 60 39 639 65 633 93 464 644 
533 37 446 85 584 480 485 356 41 567 369 563 254 665 
20 3 25 237 51 24 36 83 60 39 208 93 464 644 
533 37 446 377 584 480 485 88 562 49 163 356 7 665 
20 3 25 237 51 24 36 314 60 39 310 93 464 644 
533 37 446 377 584 480 485 88 2 280 14 7 642 665 
533 407 85 381 125 509 196 13 604 182 399 642 586 665 
533 37 446 85 584 401 485 88 562 586 265 642 480 665 
533 37 446 85 584 480 485 509 642 49 163 356 7 665 
496 37 446 382 584 480 485 88 14 7 369 563 642 665 
533 37 446 261 382 584 480 13 88 14 7 642 407 665 
533 433 85 2 609 509 196 508 14 7 13 623 567 665 
20 3 264 51 453 24 36 314 60 587 86 93 464 644 
480 12 37 228 141 60 104 318 211 178 139 558 579 644 
188 37 446 382 399 196 356 41 567 369 563 254 485 665 
533 37 348 377 584 480 485 88 562 49 163 356 7 665 
