34 229 359 62 474 128 102 18 9 97 2 11 3 676 
9 643 140 152 566 290 268 114 12 23 14 31 88 662 
11 119 57 165 4 2 3 455 70 624 525 357 336 676 
290 322 21 1 10 28 29 77 460 200 572 347 248 676 
643 479 369 150 227 137 194 390 334 427 447 235 284 670 
234 95 301 331 643 591 102 2 4 257 208 521 597 676 
238 182 586 285 515 358 254 298 296 208 384 516 100 675 
1 512 382 101 434 44 558 58 44 28 635 65 227 676 
46 33 115 522 621 89 597 592 517 109 17 12 486 676 
643 112 463 225 512 57 576 73 414 600 97 608 330 668 
427 643 300 576 634 287 290 454 239 546 575 344 404 646 
297 303 283 298 240 316 371 256 135 7 2 4 8 9 671 
82 285 275 499 2 421 348 293 423 303 566 214 168 668 
14 210 89 81 184 11 234 229 175 418 435 592 607 676 
171 266 438 243 357 489 22 369 434 106 45 159 87 168 173 645 
373 42 522 23 68 230 54 620 309 358 436 643 626 676 
236 103 220 81 80 201 356 439 528 11 7 607 642 676 
77 467 101 237 308 13 617 426 83 211 120 459 306 676 
157 254 419 231 339 458 235 367 447 528 547 161 165 650 
322 628 530 452 442 370 643 479 105 120 56 49 184 37 654 
