643 164 309 452 137 393 235 215 99 441 136 395 51 675 
343 204 109 643 110 194 427 545 584 306 322 277 351 670 
438 643 624 11 81 2 220 367 169 615 273 45 535 676 
22 643 360 97 105 541 472 435 421 311 195 6 10 168 668 
643 430 189 333 400 642 84 81 68 420 393 434 212 662 
164 302 132 643 421 24 67 537 199 76 543 572 374 676 
75 400 13 126 507 120 188 529 313 643 274 250 223 634 442 654 
15 50 7 6 39 12 25 297 610 391 68 506 102 676 
643 152 42 37 195 155 276 514 255 335 148 217 31 657 
500 70 234 172 136 53 294 476 315 154 185 157 396 676 
325 126 87 196 13 141 376 391 211 120 43 452 164 7 244 676 
643 300 13 503 51 640 622 118 7 91 576 79 152 670 
281 168 293 384 643 556 631 82 11 517 441 433 559 676 
462 308 252 643 322 23 230 80 28 92 495 607 643 676 
643 517 179 531 595 632 535 81 74 15 12 61 11 676 
23 47 6 1 25 521 401 526 417 124 370 320 394 676 
20 60 17 240 401 643 345 493 416 266 622 297 365 645 
265 469 527 303 294 338 214 167 310 383 405 249 107 193 139 649 
25 76 45 234 43 617 643 20 402 110 327 172 158 676 
