546 479 578 70 106 556 539 457 637 81 557 182 104 660 
616 375 2 6 97 45 367 479 239 489 11 219 66 654 
616 530 2 6 621 45 479 121 197 11 367 191 298 579 654 
616 530 2 6 621 156 479 197 11 375 97 45 367 654 
546 106 479 578 556 182 82 557 81 189 18 616 530 660 
97 530 2 6 621 45 479 121 197 11 367 191 569 106 654 
479 578 127 106 621 391 50 556 97 457 221 104 288 239 660 
479 578 127 50 106 556 97 457 621 221 104 288 239 660 
546 479 578 530 50 106 457 621 556 182 82 557 81 660 
19 530 479 97 106 621 375 413 103 104 424 288 239 480 221 660 
616 375 2 6 97 45 367 479 239 430 11 487 66 654 
598 530 2 6 97 45 367 220 169 11 239 526 479 579 654 
593 530 2 6 97 45 367 417 505 479 526 189 549 579 654 
598 530 2 6 390 357 439 197 11 505 45 367 479 654 
546 479 578 530 637 556 81 189 18 82 557 182 104 660 
616 530 2 6 621 45 479 121 197 11 367 191 298 579 654 
546 189 106 479 578 82 182 104 598 556 557 50 97 239 660 
97 106 228 201 530 50 413 621 221 424 288 239 103 479 660 
616 106 2 6 621 55 479 197 11 367 239 375 97 654 
616 530 2 6 375 97 45 479 239 13 489 11 367 654 
546 479 578 70 637 556 81 557 182 104 539 288 97 660 
97 479 569 530 106 50 413 621 221 424 288 239 366 660 
616 530 2 6 375 97 45 479 239 13 489 11 367 654 
546 479 578 70 637 556 81 347 18 82 557 182 104 660 
97 479 530 106 621 193 413 103 104 424 288 313 239 480 660 
593 530 2 6 100 489 160 439 197 11 97 45 367 654 
593 530 2 6 97 45 367 70 505 479 526 524 549 579 654 
479 578 530 50 106 556 97 457 621 221 104 288 239 660 
19 530 479 106 621 313 413 301 221 122 41 581 103 40 239 660 
546 479 578 70 637 556 81 557 182 104 539 288 189 660 
97 479 578 530 50 106 457 621 221 104 288 239 205 660 
616 530 2 6 621 156 479 197 11 367 239 100 357 654 
598 530 2 6 97 45 367 220 169 11 239 526 479 579 654 
97 106 228 547 235 530 621 389 201 324 413 582 189 669 
97 106 228 547 235 530 621 389 201 50 413 582 189 669 
97 106 228 201 530 50 413 621 221 182 104 288 205 239 424 660 
621 530 2 6 100 489 357 439 197 11 367 191 370 654 
621 530 2 6 100 489 160 439 197 11 367 191 370 654 
97 106 2 6 621 55 479 197 11 367 239 100 228 654 
598 530 2 6 97 45 367 70 169 11 239 526 479 579 654 
598 530 2 6 489 357 439 197 11 505 45 367 479 654 
621 530 2 6 100 489 357 439 197 11 367 191 370 654 
546 106 479 578 556 182 82 557 81 189 18 104 598 660 
598 530 2 6 489 357 439 197 11 97 45 367 479 654 
616 375 2 6 97 45 367 479 239 606 11 487 66 654 
97 106 228 547 235 530 621 389 201 50 413 582 189 669 
616 530 2 6 375 97 45 479 239 13 489 11 367 654 
598 530 2 6 97 45 367 70 169 11 239 526 479 579 654 
546 479 578 70 637 556 82 557 81 189 18 182 104 660 
546 479 578 70 637 556 81 189 18 82 557 182 104 660 
97 479 530 50 621 578 106 457 221 122 424 335 104 176 239 660 
97 479 530 106 621 313 413 578 103 104 424 288 239 480 221 660 
598 530 2 6 97 45 367 479 412 70 169 11 526 654 
97 479 530 106 621 391 413 103 221 424 288 104 239 480 660 
598 530 2 6 97 45 367 479 412 70 169 11 526 654 
97 479 578 530 50 106 457 621 221 122 424 335 104 176 239 660 
598 530 2 6 97 45 367 479 324 70 169 11 526 654 
97 106 228 201 530 50 413 621 103 104 365 288 221 239 660 
546 479 578 70 637 556 81 189 18 82 557 182 104 660 
97 479 578 530 50 106 457 621 221 104 288 239 205 660 
616 530 2 6 621 100 357 480 197 489 11 367 639 654 
491 6 275 367 62 66 4 70 505 524 579 526 632 644 
616 530 2 6 621 100 357 480 197 489 11 367 639 654 
598 530 2 6 97 45 367 70 169 11 239 526 479 579 654 
97 106 228 201 530 50 413 621 103 104 424 288 221 239 660 
97 479 578 530 50 106 457 621 221 104 288 239 205 660 
616 530 2 6 621 100 489 357 480 197 11 367 19 654 
616 375 2 6 97 45 367 479 239 430 11 487 66 654 
97 479 530 106 621 578 413 103 104 424 288 239 480 221 660 
97 479 106 530 578 50 413 621 221 122 424 335 357 288 239 660 
97 479 569 530 106 50 413 621 221 424 288 239 366 660 
97 106 228 201 530 50 413 621 221 205 288 239 424 660 
546 106 189 479 578 556 97 413 631 539 170 557 313 660 
97 479 530 106 621 578 413 103 104 424 288 239 480 221 660 
97 106 228 201 530 50 413 621 221 424 288 239 103 639 660 
546 479 578 530 50 106 599 103 104 556 288 239 621 557 660 
97 106 228 201 530 50 413 621 221 424 288 239 103 639 660 
97 106 189 479 578 556 41 539 557 182 104 288 239 660 
19 530 479 106 621 578 413 103 104 301 221 122 288 239 660 
546 479 578 189 106 97 413 621 539 170 556 557 313 660 
19 530 479 106 621 313 413 301 221 122 41 581 103 40 239 660 
19 530 479 106 621 313 413 301 221 122 41 581 103 40 239 660 
546 479 578 530 50 106 599 103 104 556 288 239 621 557 660 
97 479 530 106 621 578 413 103 104 556 288 239 221 122 660 
97 106 189 479 578 41 539 103 104 556 557 182 288 239 660 
503 189 479 106 621 578 413 103 104 556 288 239 301 221 660 
106 189 556 479 578 97 41 557 182 104 539 288 239 660 
97 106 189 479 578 41 539 103 104 556 557 182 288 239 660 
106 189 556 479 578 97 41 539 557 182 104 288 239 660 
546 479 578 530 50 556 106 599 621 103 557 165 639 660 
97 106 189 479 578 556 413 82 557 182 104 288 239 660 
546 479 578 530 50 97 106 189 18 556 41 539 557 660 
582 189 106 479 578 556 82 557 182 104 288 239 41 660 
97 106 189 479 578 556 413 82 557 182 104 288 239 660 
19 530 479 106 621 578 413 301 221 122 41 581 103 40 239 660 
97 106 50 228 201 530 621 103 639 435 210 328 309 669 
97 479 106 530 578 50 413 621 221 122 424 335 569 288 239 660 
97 106 50 228 201 530 621 103 639 435 210 616 309 669 
97 106 50 372 201 530 621 103 639 435 210 616 309 669 
546 479 578 530 50 556 106 599 621 103 557 165 639 660 
