38 513 546 558 504 155 88 556 139 104 559 255 123 644 
365 513 558 556 255 123 564 415 342 88 104 559 139 644 
44 68 558 546 123 553 101 157 556 197 104 559 579 644 
79 81 49 166 547 421 107 141 304 639 244 87 336 12 100 669 
365 513 558 556 255 123 564 510 342 88 104 559 139 644 
79 81 49 66 97 141 107 100 399 547 168 245 333 642 244 669 
365 513 558 415 342 564 556 139 104 88 197 559 579 644 
79 81 49 166 97 421 107 244 399 168 245 333 141 100 642 669 
368 155 393 556 255 123 564 195 81 197 316 561 234 644 
155 393 339 255 564 195 81 197 123 399 368 316 561 234 644 
79 81 166 97 421 304 639 244 87 336 12 107 49 141 100 642 669 
79 81 166 97 421 304 639 244 87 336 12 107 49 141 100 642 669 
44 68 94 317 102 553 101 555 179 369 104 559 568 673 
79 166 97 421 544 178 81 399 168 245 333 107 49 141 100 642 669 
365 513 558 556 255 123 564 510 342 88 104 559 139 644 
365 513 546 558 504 155 88 556 139 104 559 339 255 644 
155 393 339 255 564 195 81 197 123 399 368 316 561 234 644 
365 513 546 339 255 558 504 155 88 556 139 104 559 644 
546 513 558 415 329 416 88 556 139 104 559 342 579 644 
79 106 473 49 544 178 81 399 168 245 333 107 141 100 642 244 669 
44 468 94 356 102 553 101 555 179 104 559 369 568 673 
546 513 558 567 342 59 564 255 123 88 556 139 104 559 644 
365 513 546 558 504 155 88 556 139 104 559 579 228 644 
546 513 558 415 255 123 369 564 88 556 139 403 559 644 
79 81 399 166 547 168 245 333 107 49 141 100 642 244 97 669 
155 146 88 556 255 316 564 123 126 53 197 249 368 234 644 
79 81 399 168 166 97 421 107 49 141 100 642 106 473 544 669 
561 155 287 197 339 564 228 556 255 123 195 316 234 399 644 
79 81 399 168 245 333 107 49 141 100 642 244 166 97 421 669 
44 65 94 1 102 553 101 93 369 179 104 559 568 673 
478 155 393 339 255 123 564 195 81 197 316 561 234 644 
546 513 558 415 228 556 255 123 564 342 88 139 104 559 644 
44 65 94 1 102 553 101 93 369 179 104 559 568 644 
368 155 393 339 255 123 564 195 81 197 316 561 234 644 
44 68 558 546 123 553 101 566 556 179 104 559 579 644 
44 65 94 1 102 553 101 93 369 179 104 559 568 673 
44 68 94 63 102 553 101 555 369 179 104 559 568 644 
79 513 558 440 123 342 564 255 88 556 139 508 172 557 644 
79 81 49 166 547 421 107 141 304 639 244 87 336 12 100 669 
368 155 393 556 255 123 564 195 81 197 316 561 234 644 
44 468 94 356 102 553 101 555 179 104 559 369 568 673 
155 146 88 556 255 316 564 123 126 53 197 399 368 234 644 
546 513 558 415 342 123 59 564 88 556 139 104 559 644 
44 28 35 68 36 63 101 93 356 555 98 92 525 673 
79 81 49 166 97 141 107 100 304 639 244 87 40 12 38 669 
44 68 94 238 102 553 101 93 369 179 104 559 568 644 
546 513 558 415 329 564 88 556 139 342 104 559 579 644 
44 68 94 88 102 553 101 555 179 369 104 559 568 673 
79 81 49 166 97 421 107 141 304 639 244 87 336 12 100 642 669 
79 81 399 168 166 97 421 107 49 141 100 642 244 87 336 669 
79 513 558 556 195 337 564 255 123 399 415 342 88 557 644 
546 513 558 415 342 123 59 564 88 556 139 104 559 644 
44 65 94 1 102 553 101 93 369 179 104 559 568 673 
368 155 181 556 255 123 564 126 53 88 197 104 559 644 
44 468 94 63 102 553 101 555 179 104 15 510 568 673 
44 468 94 63 102 553 101 555 179 104 559 369 568 673 
155 454 7 368 255 123 175 195 81 197 316 556 53 644 
155 454 7 368 255 123 556 564 53 88 197 104 559 644 
79 513 558 556 195 287 564 255 123 399 415 342 88 557 644 
44 68 94 63 102 553 101 555 369 179 104 559 568 644 
44 68 94 238 102 553 101 93 369 179 104 559 568 644 
44 468 94 63 102 553 101 555 179 104 15 510 568 673 
365 513 558 556 561 123 564 415 342 88 139 104 559 644 
44 68 558 546 123 553 101 157 556 179 104 559 579 644 
79 513 558 440 255 123 342 564 88 556 139 508 559 644 
368 155 181 556 255 123 59 126 104 88 197 559 53 644 
365 513 558 556 561 123 564 415 342 88 139 104 559 644 
365 513 558 556 255 123 564 415 342 88 104 559 139 644 
44 68 94 238 102 553 101 93 369 179 104 559 568 644 
155 146 556 564 53 88 197 255 123 399 368 316 104 559 644 
79 513 558 440 255 123 342 564 88 556 139 508 559 644 
44 28 35 68 36 63 101 93 356 555 98 92 525 673 
365 513 558 415 342 564 556 139 104 88 197 559 579 644 
365 513 558 556 255 123 564 415 342 88 139 104 559 644 
546 513 558 400 566 306 342 564 88 556 496 104 559 644 
546 513 558 400 566 306 342 564 139 104 559 88 556 644 
79 81 49 166 97 244 107 503 569 421 260 87 372 141 100 304 669 
368 155 181 556 255 123 564 126 53 88 197 104 559 644 
79 81 49 166 97 421 107 244 87 336 116 114 372 141 100 669 
365 513 558 415 342 564 88 556 139 104 559 579 145 644 
79 81 49 166 97 421 107 244 87 336 116 114 372 141 100 669 
155 146 556 564 53 88 197 255 123 399 368 316 104 559 644 
365 513 558 415 342 564 88 556 139 104 559 579 301 644 
44 468 94 63 102 553 101 555 179 104 559 369 568 673 
79 81 49 166 97 141 107 100 304 639 244 106 473 544 178 503 669 
79 81 49 166 372 141 107 100 304 639 244 87 336 12 38 421 669 
44 68 94 63 102 553 101 555 369 179 104 559 568 644 
79 81 49 166 97 141 107 100 304 639 244 87 336 12 38 569 669 
44 68 558 546 123 553 101 566 556 179 104 559 579 644 
368 155 393 556 255 123 564 195 81 197 316 561 234 644 
44 28 35 68 36 63 101 93 416 555 98 92 525 673 
155 510 7 368 255 123 556 564 53 88 197 104 559 644 
155 510 255 123 7 368 556 564 53 88 197 104 559 644 
79 106 473 49 544 178 107 503 569 421 260 87 244 116 529 100 669 
79 106 473 49 421 107 128 38 569 285 544 178 503 87 116 529 669 
79 106 473 49 544 178 107 503 569 421 38 87 244 116 529 100 669 
79 81 49 166 97 421 107 38 569 244 87 336 116 114 100 448 669 
79 81 49 166 97 421 107 38 569 244 87 336 116 114 100 448 669 
79 81 49 166 97 421 107 244 87 336 116 114 100 448 552 669 
79 81 49 166 97 421 107 244 87 336 116 114 100 448 552 669 
