87 371 416 640 366 40 340 505 412 281 388 154 605 648 
3 24 103 26 23 533 57 69 83 80 86 95 549 654 
87 371 416 640 605 129 328 516 412 281 366 340 505 648 
3 24 103 26 23 533 57 69 83 80 86 95 549 654 
87 371 416 640 366 40 340 505 388 506 412 281 7 648 
3 248 103 13 23 26 57 69 83 80 533 60 95 654 
3 7 87 13 210 57 231 69 533 62 388 442 108 648 
3 24 14 4 23 533 57 69 83 116 86 95 549 654 
3 24 103 26 23 533 57 69 83 19 86 95 549 654 
3 24 103 13 23 57 231 69 533 83 68 86 95 654 
3 24 103 13 23 26 57 69 533 83 68 565 80 654 
3 24 103 13 23 26 533 57 69 83 19 86 95 654 
12 388 428 416 401 57 454 543 60 225 83 211 486 654 
12 388 183 416 23 57 67 69 60 75 83 211 486 676 
12 388 428 416 401 57 491 543 60 225 83 211 486 654 
12 388 183 416 23 57 530 536 60 75 83 211 486 676 
3 24 103 13 23 57 231 69 533 83 68 565 95 654 
3 552 103 13 23 57 533 231 69 83 68 86 95 654 
3 24 103 13 23 26 533 57 69 83 80 60 95 654 
3 552 103 13 23 57 231 69 533 83 68 86 95 654 
3 7 87 13 380 57 231 69 533 62 505 640 578 648 
3 24 103 13 23 26 57 69 83 80 533 60 95 654 
3 24 103 13 23 57 231 69 533 83 68 86 95 654 
3 24 409 593 23 533 57 69 327 83 86 95 549 654 
3 24 103 13 23 26 533 57 69 83 80 86 95 654 
3 24 103 13 23 57 231 69 533 83 68 565 95 654 
87 371 416 640 366 40 340 505 128 491 7 412 281 648 
87 366 416 640 198 605 40 7 505 388 506 412 518 648 
3 7 87 62 505 640 578 388 642 536 230 178 442 648 
3 7 87 62 505 640 186 388 642 536 401 178 442 648 
3 24 14 4 23 533 57 69 83 327 86 95 549 654 
107 7 447 640 616 518 581 230 178 281 388 506 442 648 
61 640 366 198 605 40 7 518 328 371 416 340 505 648 
87 640 366 154 605 40 328 516 404 312 230 319 557 648 
3 7 87 62 186 40 416 640 340 505 388 642 536 648 
107 7 32 640 473 139 581 230 178 281 388 442 557 648 
3 7 87 13 380 57 231 69 533 62 388 442 108 648 
636 7 87 62 505 640 578 388 642 536 230 178 442 648 
3 24 409 593 23 533 57 69 327 83 86 95 549 654 
3 24 103 26 23 57 19 69 533 83 86 95 549 654 
38 640 366 142 605 40 328 372 230 516 7 319 557 648 
87 640 366 154 605 40 328 516 404 312 230 319 557 648 
12 388 183 416 23 57 530 69 60 75 83 211 486 676 
87 640 366 142 605 40 328 372 230 516 7 319 557 648 
12 388 183 416 23 57 67 69 60 75 83 211 486 676 
87 640 3 183 505 7 581 230 178 281 388 154 442 648 
3 24 103 13 23 26 533 57 69 83 19 86 95 654 
3 24 103 13 23 26 533 57 69 83 80 86 95 654 
87 640 3 334 505 7 581 230 178 281 388 442 518 648 
87 640 3 334 505 581 605 7 230 178 281 388 442 648 
87 640 3 334 505 7 581 230 178 281 388 442 518 648 
3 7 87 62 186 446 416 640 340 505 388 642 536 648 
107 640 7 32 612 518 581 230 178 281 388 442 557 648 
12 388 183 416 23 57 530 69 60 75 83 211 486 676 
107 640 7 32 612 518 581 230 178 281 388 442 557 648 
87 640 3 62 505 281 7 518 581 491 388 442 230 648 
12 388 183 416 23 57 530 536 60 75 83 211 486 676 
87 640 3 334 505 605 581 230 7 178 281 388 442 648 
87 640 3 183 505 7 581 230 178 281 388 154 442 648 
503 640 3 62 505 428 388 518 581 491 7 442 230 648 
3 7 87 13 380 57 231 69 533 62 108 640 578 648 
87 371 151 198 605 40 416 640 340 505 412 281 388 648 
3 24 103 26 23 533 57 69 83 80 86 95 549 654 
12 388 428 416 401 57 491 543 60 225 83 211 486 654 
3 24 103 13 23 57 231 69 533 83 68 565 95 654 
3 552 103 13 23 57 533 231 69 83 68 86 95 654 
3 24 103 13 23 26 533 57 69 83 80 60 95 654 
3 24 103 13 23 57 231 69 533 83 68 86 95 654 
87 371 416 640 366 40 340 505 412 281 388 506 7 648 
3 24 14 4 23 533 57 69 327 83 86 95 549 654 
87 640 366 198 605 40 7 505 388 506 412 518 328 648 
3 24 409 593 23 533 57 69 327 83 86 95 549 654 
3 24 103 26 23 533 57 69 83 19 86 95 549 654 
12 388 280 416 23 57 67 69 60 75 83 211 486 676 
87 640 366 154 605 40 328 516 404 312 230 319 557 648 
87 640 366 198 605 40 328 372 230 516 7 319 557 648 
3 24 103 13 23 26 533 57 69 83 80 86 95 654 
87 640 3 334 505 7 581 230 178 281 388 442 518 648 
12 388 183 416 23 57 530 69 60 75 83 211 486 676 
107 640 7 32 612 518 581 230 178 281 388 442 557 648 
12 388 183 416 23 57 530 536 60 75 83 211 486 676 
87 640 3 334 505 581 605 7 230 178 281 388 442 648 
87 640 3 62 505 281 7 518 581 491 388 442 230 648 
3 24 103 26 23 533 57 69 83 80 86 95 549 654 
87 371 416 640 605 40 328 516 366 340 505 412 281 648 
12 388 428 416 401 57 491 543 60 225 83 211 486 654 
3 24 103 13 23 57 231 69 533 83 68 565 95 654 
3 394 103 13 23 57 231 69 533 83 68 86 95 654 
3 24 103 13 23 26 57 69 80 533 83 60 95 654 
3 24 103 13 23 57 231 69 533 83 68 86 95 654 
87 371 416 640 366 40 340 505 412 281 388 7 154 648 
3 24 14 4 23 533 57 69 83 327 86 95 549 654 
87 640 366 198 605 40 7 518 328 371 416 340 505 648 
3 24 584 593 23 533 57 69 327 83 86 95 549 654 
3 24 103 26 23 533 57 69 83 19 86 95 549 654 
12 388 183 416 23 57 67 69 60 75 83 211 486 676 
87 640 366 154 605 40 328 516 404 312 230 319 557 648 
87 640 366 198 605 40 328 372 230 516 7 319 557 648 
87 640 3 334 505 7 581 230 178 281 388 442 518 648 
12 388 183 416 23 57 530 536 60 75 83 211 486 676 
