0.5654253140205259
0.5704163371374479
0.5704163371374479
0.5596457370535077
0.5704163371374479
0.5704163371374479
0.5503458727673942
0.5654253140205259
0.5736428377490508
0.5704163371374479
0.5719616171257983
0.5596457370535077
0.5678491814639094
0.5654253140205259
0.5704163371374479
0.5704163371374479
0.5777411940928164
0.5654253140205259
0.5654253140205259
0.5620696044968914
0.5704163371374479
0.5596330145314276
0.5654253140205259
0.5654253140205259
0.5654253140205259
0.5777411940928164
0.5704163371374479
0.5827322172097384
0.5777411940928164
0.5539847300415286
