5.194327755465465E-4
5.179587709701182E-4
5.179587709701182E-4
5.259059785807645E-4
5.179587709701182E-4
5.179587709701182E-4
9.364565604301734E-4
5.194327755465465E-4
6.633163840513919E-4
5.179587709701182E-4
9.10813366289436E-5
5.259059785807645E-4
5.72759989608699E-4
5.194327755465465E-4
5.179587709701182E-4
5.179587709701182E-4
3.910396255003363E-5
5.194327755465465E-4
5.194327755465465E-4
6.100765805595894E-4
5.179587709701182E-4
5.259059785807645E-4
5.194327755465465E-4
5.194327755465465E-4
5.194327755465465E-4
3.910396255003363E-5
5.179587709701182E-4
0.0
4.993304258786051E-4
9.264962046928243E-4
