-0.0 -1.0 
-0.6268330867223856 -0.9978793867350193 
-0.5031849709985139 -0.9992066596597846 
-0.6639565498145684 -0.9926749968215888 
-0.7425868755173398 -0.9804159783488747 
-0.5780077484452236 -0.9982310458389271 
-0.6316161706757121 -0.99281918499593 
-0.5005605409330028 -0.9992593831848674 
-0.5000002243948631 -0.9992600743150258 
-0.8271112166643794 -0.961146248335607 
-0.525380609869206 -0.9985813103624811 
-0.5627060368117017 -0.9984210557353241 
-0.6020466130909611 -0.9982035896759566 
-0.7808653701047724 -0.9687570846236331 
-0.7200421355757181 -0.9867681390554695 
-0.6942592296881508 -0.9924713358659449 
