-0.7808653701047724 -0.9718025419954186 
-0.6942592296881508 -0.9917470905225949 
-0.6639565498145684 -0.9925935437924779 
-0.5031849709985139 -0.9993420083980074 
-0.5526636442030195 -0.999058757803382 
-0.8128421169901086 -0.9552991090598754 
-0.5780077484452236 -0.9983839280732884 
-0.0 -0.9999444444444444 
-0.5856212004886759 -0.9972532165104484 
-0.6465782264446164 -0.9928023355153895 
-0.5000101738715135 -0.9995355193985036 
-0.7425868755173398 -0.975264504988294 
-0.6316161706757121 -0.9965358270751498 
-0.7200421355757181 -0.9903407473294545 
