-0.6268330867223856 -0.9961678475338983 
-0.6555486225011073 -0.9951747576431211 
-0.7200421355757181 -0.9915003243945233 
-0.7808653701047724 -0.9723316160795685 
-0.6639565498145684 -0.9927997643571246 
-0.0 -1.0 
-0.5185775742814708 -0.9988724643180314 
-0.8128421169901086 -0.9422800073532503 
-0.6020466130909611 -0.9984594803065865 
-0.7425868755173398 -0.9914252678592372 
-0.7585312008512162 -0.9802579404805707 
-0.525380609869206 -0.9986840332118632 
-0.6942592296881508 -0.9916662557633081 
-0.5031849709985139 -0.9993364558496679 
