-0.6555486225011073 -0.9950457468495625 
-0.6757744745078007 -0.9936369397605241 
-0.5856212004886759 -0.9973749558050585 
-0.7425868755173398 -0.9814688090637984 
-0.5031849709985139 -0.9995454396861719 
-0.8404586120495574 -0.9578458043787157 
-0.7626857965615017 -0.9717264399604618 
-0.5000222005154896 -0.9995967578626326 
-0.5401471907668891 -0.9983404069935192 
-0.6942592296881508 -0.9919375401386342 
-0.6268330867223856 -0.9966419191970631 
-0.5780077484452236 -0.998283301502326 
-0.7200421355757181 -0.9914299779031974 
-0.5273879907057624 -0.9986444740665749 
-0.6316161706757121 -0.9963080423615096 
-0.8128421169901086 -0.9699702661252708 
-0.0 -0.9999358974358974 
