-0.6268330867223856 -0.9971836125664527 
-0.5031849709985139 -0.9992707622238872 
-0.5002446785556427 -0.9994832122573618 
-0.6299549154968892 -0.9947403930421247 
-0.8648602025361654 -0.9493298778829661 
-0.7200421355757181 -0.9877866122707495 
-0.7425868755173398 -0.9876410227456567 
-0.5780077484452236 -0.9991437620310976 
-0.6316161706757121 -0.9945701121388002 
-0.6942592296881508 -0.9922322640881878 
-0.6639565498145684 -0.9925428158088747 
-0.8128421169901086 -0.9594718077963467 
-0.7626857965615017 -0.9653192322845252 
-0.0 -1.0 
-0.7808653701047724 -0.9611562801760022 
-0.6101901341533087 -0.9976921421089968 
