-0.0 -1.0 
-0.6316161706757121 -0.9928655171114891 
-0.8648602025361654 -0.9356161849205255 
-0.6639565498145684 -0.9928345193088708 
-0.6942592296881508 -0.9921749527224752 
-0.529742326021043 -0.9988480741027006 
-0.5031849709985139 -0.9997853535353536 
-0.6757744745078007 -0.9926090061470326 
-0.5780077484452236 -0.9983820336486322 
-0.7425868755173398 -0.9879656913078426 
-0.7626857965615017 -0.9653688830671612 
-0.7808653701047724 -0.952504820680524 
-0.5379959069337361 -0.9986481116772838 
-0.8128421169901086 -0.9475674810900605 
-0.6268330867223856 -0.9974277374655441 
