-0.6316161706757121 -0.992942991913237 
-0.5780077484452236 -0.9981661905732643 
-0.5455206901895745 -0.9989346549169751 
-0.5856212004886759 -0.9972015918070882 
-0.6299549154968892 -0.994131278549999 
-0.0 -1.0 
-0.7200421355757181 -0.9891299998477229 
-0.6942592296881508 -0.9918620713041545 
-0.7808653701047724 -0.9684248057504177 
-0.6268330867223856 -0.9968101471982286 
-0.6639565498145684 -0.9927708037591628 
-0.5031849709985139 -0.9994102007983057 
-0.7425868755173398 -0.9845548993945237 
