-0.7626857965615017 -0.9796523306920999 
-0.5208082390585741 -0.9990627343567563 
-0.5780077484452236 -0.9988736098417796 
-0.5805301484249243 -0.9967655756265659 
-0.5948945309806194 -0.9966424462351573 
-0.7425868755173398 -0.9843873745817158 
-0.6942592296881508 -0.994688069197396 
-0.7808653701047724 -0.9752360609453383 
-0.6555486225011073 -0.99544469270073 
-0.6316161706757121 -0.996348427149731 
-0.5526636442030195 -0.9989562060773316 
-0.7974944350842875 -0.9645957134924736 
-0.6074663709930894 -0.9965449999310481 
-0.0 -0.9999358974358974 
-0.5031849709985139 -0.9992772762551502 
