-0.6316161706757121 -0.9956067019318225 
-0.7200421355757181 -0.9891075718800403 
-0.6942592296881508 -0.9916401586408126 
-0.0 -1.0 
-0.7425868755173398 -0.9877843963093633 
-0.547947494835577 -0.9984034592109563 
-0.6074663709930894 -0.9963143817306963 
-0.5948945309806194 -0.9982766423112456 
-0.5031849709985139 -0.9993882231472038 
-0.5000046953206492 -0.999423321883935 
-0.6639565498145684 -0.9948145720839501 
-0.7808653701047724 -0.9661044364892748 
-0.5185775742814708 -0.9988478192955698 
-0.7626857965615017 -0.9812394140165466 
-0.5325441891811845 -0.9985482070982229 
