-0.6020466130909611 -0.9972927949818439 
-0.7425868755173398 -0.9853866759766181 
-0.5780077484452236 -0.9990345343994241 
-0.5000021798982867 -0.99956537546972 
-0.7974944350842875 -0.9713489296105222 
-0.6465782264446164 -0.9934127502331997 
-0.6268330867223856 -0.9964058151116804 
-0.5273879907057624 -0.9990689504754632 
-0.7200421355757181 -0.9861715146744349 
-0.6942592296881508 -0.9897574508175764 
-0.5031849709985139 -0.9995610690122885 
-0.6316161706757121 -0.995928980455998 
-0.6639565498145684 -0.9926844236692509 
-0.0 -1.0 
-0.6757744745078007 -0.9900396187552998 
