0.41779836093237177
0.4394250042616115
0.4180794072732903
0.464408917225341
0.4654738319917059
0.4699484137369912
0.4867517062402179
0.4213704964226705
0.440268608928443
0.4821528564634272
0.43765083068372984
0.45149228145171416
0.4286719002258056
0.4655588588988745
0.46164107516107405
0.47633529495461513
0.43248754051766514
0.39995150387540057
0.551706436706259
0.4732952075839465
0.45806618645944674
0.5035580245922838
0.45728196232324764
0.46137123308669026
0.44523459856097986
0.46665550811138573
0.4892561210892761
0.45597757442820064
0.44160282662574624
0.41452836369088214
