0.00545099643412064
0.004808403981215376
0.005277503584747769
0.004729355887110048
0.004172565206615309
0.004609657390311472
0.0038625000829683722
0.005160587522112229
0.005317134062878215
0.004915947461328957
0.005305801672079965
0.004765206610356554
0.0056527996697000584
0.004285762453721436
0.004882104264405944
0.004275429387763466
0.004815125858002778
0.00575732563548286
0.004035155546130606
0.004072514170609659
0.004406082281462979
0.004384436127752684
0.0050134889439974305
0.004397457348903676
0.004646930556601142
0.004445945436262678
0.003962293208340947
0.004662987482553502
0.004581211949406251
0.005942012459113219
