-0.9523418833942503 -0.8459367792701129 
-0.9066811409991332 -0.8581633901078352 
-0.0 -0.908468152218153 
-0.9489344504575883 -0.8465945705529044 
-0.7782717162260105 -0.8974363213946555 
-0.7872725666763027 -0.8947062454006905 
-0.7089651806819823 -0.9054218672274227 
-0.9231820314882716 -0.8512187658020997 
-1.0 -0.8309054799795542 
-0.7358284495789809 -0.903747088816534 
-0.9109481507562565 -0.856957201748869 
-0.9716038343112332 -0.8318678492289607 
-0.9454647191178356 -0.847159925979371 
-0.8885261025021761 -0.8739533871478323 
-0.8115625398010615 -0.8900231455787019 
-0.8454044855118727 -0.8877277686305473 
-0.8978330023700154 -0.8623589887478783 
-0.8787046164788804 -0.8756665659443444 
-0.7957865088883226 -0.8941365090670654 
-0.8572350303041841 -0.8831270581270588 
