-0.9863125836717861 -0.8201732167009947 
-0.7476104374175362 -0.8968358544747441 
-0.9523418833942503 -0.8524651017706578 
-0.0 -0.9094500407000412 
-0.9746354454835903 -0.8407063229979902 
-0.8572350303041841 -0.8887677651566548 
-0.8683014690354691 -0.8773510440177115 
-0.9231820314882716 -0.8548927538510877 
-0.9419301272234675 -0.8526249085276869 
-0.6316161706757121 -0.9033789512956188 
-0.7872725666763027 -0.8948452524841422 
-0.9151175039893542 -0.8704706558873231 
-0.8391643429211539 -0.8927429566318466 
-0.6933612743506347 -0.9013691041468826 
-0.9973368289909365 -0.8180009034175705 
-0.7230200263994838 -0.8990402986930773 
