-0.8683014690354691 -0.8705896212840664 
-1.0 -0.8347784695585627 
-0.8326831776556043 -0.8965047426852991 
-0.7476104374175362 -0.9040106498439843 
-0.7782717162260105 -0.8969872077510976 
-0.6933612743506347 -0.9078768710713163 
-0.9383279460269406 -0.8603564773703669 
-0.9523418833942503 -0.851067335442336 
-0.7687181475342102 -0.8995643117170903 
-0.8454044855118727 -0.888270577159467 
-0.9231820314882716 -0.8671662185551081 
-0.8885261025021761 -0.868092889620668 
-0.9023112965832001 -0.8680325204630768 
-0.8628569464538363 -0.8752945357112032 
