-0.9489344504575883 -0.8538865584004478 
-0.8572350303041841 -0.8882619052757948 
-0.9716038343112332 -0.8482357277496174 
-0.8885261025021761 -0.870715883910329 
-0.8683014690354691 -0.8748394481033376 
-0.8391643429211539 -0.8914506661034446 
-0.9231820314882716 -0.8546678886956671 
-0.6757744745078007 -0.9056086917198036 
-0.8628569464538363 -0.8768076702104486 
-0.9151175039893542 -0.8565264981931655 
-0.9066811409991332 -0.8663442909970694 
-0.8038679774895205 -0.8967223748473755 
-0.7476104374175362 -0.9037695586306707 
-0.8836835777692601 -0.8712790296123637 
-0.7585312008512162 -0.898626090987203 
-0.8189087443988545 -0.891790912277024 
-0.0 -0.9090758264369381 
