-0.8787046164788804 -0.8710176526148756 
-0.7585312008512162 -0.9010265454709908 
-0.7957865088883226 -0.8920372323150108 
-0.8572350303041841 -0.8781639271222611 
-0.9231820314882716 -0.8552362632223748 
-0.9973368289909365 -0.829847326027882 
-0.7358284495789809 -0.9060326504770958 
-0.8885261025021761 -0.8699323053489727 
-0.9383279460269406 -0.8540417273056169 
-0.8628569464538363 -0.8776695526695534 
-0.825939508718733 -0.8879060882533113 
-0.8115625398010615 -0.890167625584293 
-0.9523418833942503 -0.8462542087542094 
-0.0 -0.9113567245511697 
-0.8514224854140245 -0.8833940879079776 
-0.9023112965832001 -0.8685262011650908 
-0.8326831776556043 -0.8871838295449413 
-0.9066811409991332 -0.860676861718529 
-0.7872725666763027 -0.8977866526477647 
