-0.6933612743506347 -0.9080826323881888 
-0.8885261025021761 -0.8887331161636723 
-0.8932401547837516 -0.8749193964471749 
-0.9489344504575883 -0.8531388493194054 
-0.8038679774895205 -0.8897614730948071 
-0.9191939866163951 -0.8579211041016604 
-0.8189087443988545 -0.8889314389314397 
-0.7476104374175362 -0.9017098256681598 
-0.7687181475342102 -0.9000558212363778 
-1.0 -0.8071567278743206 
-0.7872725666763027 -0.8941557285307296 
-0.9523418833942503 -0.8483011844122962 
-0.9066811409991332 -0.86590140826252 
-0.6757744745078007 -0.9104647153258272 
-0.7089651806819823 -0.9044575023741699 
