-0.7476104374175362 -0.9021132930855162 
-0.9109481507562565 -0.8788116333255228 
-0.8038679774895205 -0.8923076923076931 
-0.7089651806819823 -0.9043909408492748 
-0.7687181475342102 -0.8975639329806006 
-0.9523418833942503 -0.8652336860670201 
-0.8572350303041841 -0.8840660753855205 
-0.7782717162260105 -0.8974363213946555 
-0.0 -0.9131780513724964 
-0.9191939866163951 -0.8771807667641007 
-0.7585312008512162 -0.8996442986026327 
-0.7957865088883226 -0.894232991802437 
-0.9776206279409325 -0.8222271812549592 
-0.8189087443988545 -0.8889405733155742 
-0.825939508718733 -0.884962491212492 
