-0.8885261025021761 -0.8706745415078756 
-0.8326831776556043 -0.8867616694005592 
-1.0 -0.8176416604657349 
-0.7358284495789809 -0.9043909408492748 
-0.7476104374175362 -0.8993078166689287 
-0.8189087443988545 -0.8973405067155075 
-0.8836835777692601 -0.8721605811883597 
-0.9231820314882716 -0.8562785337090899 
-0.9023112965832001 -0.8587567653539884 
-0.0 -0.9096651291095743 
-0.7687181475342102 -0.8977101987518662 
-0.9523418833942503 -0.8557979443396115 
-0.7089651806819823 -0.9063376181431745 
-0.8572350303041841 -0.8818797843103405 
