-0.9946376188026146 -0.841499472749473 
-0.8628569464538363 -0.8793719012469019 
-0.9716038343112332 -0.8443208026541364 
-0.8115625398010615 -0.8917184153295272 
-0.9523418833942503 -0.8594044844044851 
-0.6020466130909611 -0.9048670465337141 
-0.8326831776556043 -0.891021992410882 
-0.9066811409991332 -0.8645759076314639 
-0.8885261025021761 -0.872569971181083 
-0.7476104374175362 -0.9016972482250268 
-0.7957865088883226 -0.8951211597044938 
-0.7585312008512162 -0.8967520519603862 
-0.8572350303041841 -0.890062008464787 
-0.7687181475342102 -0.8961589336589344 
