-0.8787046164788804 -0.8765539244705918 
-1.0 -0.8450650515465337 
-0.8683014690354691 -0.8823544511044519 
-0.0 -0.9141754850088192 
-0.9066811409991332 -0.8621495659690112 
-0.7782717162260105 -0.8965047426852991 
-0.7089651806819823 -0.9015107063718182 
-0.8189087443988545 -0.8927739570100689 
-0.8454044855118727 -0.8908981707592826 
-0.9231820314882716 -0.859703568036902 
-0.8115625398010615 -0.896002351557908 
-0.7687181475342102 -0.9006984013928468 
-0.7230200263994838 -0.9008660064215628 
-0.8978330023700154 -0.8717809839337622 
-0.6933612743506347 -0.9080826323881888 
-0.9419301272234675 -0.8520585638641198 
-0.9309089760092895 -0.8550013772236003 
-0.9523418833942503 -0.8510868375451716 
