-1.0 -0.8433885516061447 
-0.9523418833942503 -0.851096935471936 
-0.7476104374175362 -0.9015508411341753 
-0.9066811409991332 -0.8636605421327649 
-0.8628569464538363 -0.8863696874113548 
-0.9023112965832001 -0.8677869841064293 
-0.8683014690354691 -0.8756808392225066 
-0.0 -0.9085877085877092 
-0.9419301272234675 -0.8584138469555143 
-0.8885261025021761 -0.8704929843818741 
-0.7230200263994838 -0.9062678062678073 
-0.825939508718733 -0.8953573689684807 
-0.7957865088883226 -0.8964552808302815 
