-1.0 -0.8401230499610135 
-0.9919012787602388 -0.8421013914069473 
-0.9023112965832001 -0.8587942021969807 
-0.7872725666763027 -0.8933481127925579 
-0.9946376188026146 -0.8402902909847358 
-0.8836835777692601 -0.8894723846112743 
-0.6933612743506347 -0.9057333355944477 
-0.9270857527360663 -0.8579534919812704 
-0.0 -0.9098691945914177 
-0.7476104374175362 -0.9056086917198036 
-0.7782717162260105 -0.9005481786731794 
-0.8885261025021761 -0.8705713782102676 
-0.9523418833942503 -0.857856122786679 
