-0.9523418833942503 -0.8544196929613601 
-0.8326831776556043 -0.8878516288238517 
-0.8115625398010615 -0.8883473522362418 
-0.825939508718733 -0.888277617444285 
-0.7358284495789809 -0.9019089449645015 
-0.7585312008512162 -0.8978580190385755 
-0.7476104374175362 -0.898777585583142 
-0.8683014690354691 -0.8816100566100573 
-0.8038679774895205 -0.8948902435013555 
-0.9191939866163951 -0.8707972582972591 
-0.0 -0.9087708587708595 
-0.7230200263994838 -0.9021401438068114 
-1.0 -0.8398767470526735 
-0.7089651806819823 -0.907689481300593 
-0.9454647191178356 -0.8567744498300058 
