3 6 21 28 
3 6 21 26 
4 6 23 26 
3 6 28 
3 6 22 26 
3 6 22 27 
3 6 22 26 
1 6 26 
6 
6 
6 
6 
6 21 
6 21 
3 6 22 26 
3 6 21 28 
3 6 22 27 
3 6 22 27 
3 6 21 27 
3 6 22 27 
3 6 22 26 
3 6 23 26 
4 6 22 27 
3 6 21 28 
3 6 21 28 
3 6 22 27 
3 6 23 26 
3 6 22 27 
3 6 27 
3 6 22 27 
3 6 28 
3 6 16 21 26 
3 6 21 28 
3 6 22 27 
3 6 22 27 
3 6 22 26 
3 6 22 26 
3 6 22 26 
3 6 28 
3 6 22 26 
3 6 22 27 
3 6 21 26 
3 6 22 27 
3 6 22 26 
3 6 22 26 
1 6 21 26 
41 
66 
36 66 
66 
37 66 
36 46 
66 
66 
61 
36 
4 7 36 46 68 
3 7 
66 
66 
66 
66 
36 46 
66 
66 
2 6 26 
4 6 23 26 
3 6 21 28 61 
4 6 21 28 
2 6 21 28 
2 21 27 
4 7 22 27 
2 6 22 26 
2 21 27 
3 22 29 
5 6 23 27 
5 6 21 30 
4 6 24 26 
3 6 23 27 
4 6 23 26 
2 6 21 27 
3 6 23 26 
3 6 21 28 
3 6 23 26 
3 6 21 28 
5 6 23 27 
3 6 21 27 
4 6 22 27 
3 6 22 27 
21 56 
36 51 
31 46 
21 41 
6 
6 
6 61 
6 
6 
7 
6 
6 
6 
6 
6 
6 
6 
6 
6 
6 
6 
6 
6 
6 
6 
56 
36 51 
31 46 
41 
1 21 27 
2 22 26 
2 22 26 
2 22 26 
2 21 27 
2 21 27 
2 21 27 
2 22 
2 21 27 
2 21 26 
2 21 27 
2 21 27 
2 22 26 
2 23 26 
4 22 27 
4 22 27 
3 21 27 
2 21 27 
2 23 26 
2 21 27 
2 21 27 
2 22 26 
2 22 27 
2 21 27 
2 22 27 
2 21 27 
2 22 26 
2 23 
2 21 28 
2 21 26 
2 22 26 
2 21 27 
2 23 
3 22 26 
1 6 21 
2 7 21 26 36 51 61 
2 7 22 26 36 56 66 
1 6 21 26 36 61 
2 8 21 28 31 36 61 
1 7 21 26 36 66 
3 9 23 27 36 64 66 
2 7 21 27 67 
3 8 22 27 37 66 
3 8 22 27 37 66 
2 7 27 36 66 
2 7 21 26 36 
1 6 26 66 
2 7 21 26 66 
1 7 21 26 
1 6 21 26 36 61 66 
2 9 23 27 37 46 61 67 
1 6 26 66 
2 7 21 26 56 
1 6 26 66 
2 7 21 26 46 
1 6 21 
1 6 61 
4 9 22 27 33 36 46 
3 7 21 26 37 51 
2 8 21 28 36 46 66 
2 8 22 26 31 
1 6 26 31 
1 7 36 51 61 
2 7 22 26 36 56 66 
1 6 21 26 36 61 
2 8 21 28 31 36 61 
1 7 21 26 36 66 
3 9 23 27 36 64 66 
2 7 21 27 67 
3 8 22 27 37 66 
3 8 22 27 37 66 
2 7 27 36 66 
2 7 21 26 36 
1 6 26 66 
2 7 21 26 66 
1 7 21 26 
1 6 21 26 36 61 66 
2 9 23 27 37 46 61 67 
1 6 26 66 
2 7 21 26 56 
1 6 26 66 
2 7 21 26 46 
1 6 21 
1 7 28 67 
1 6 21 36 
2 7 21 26 61 
3 8 21 26 51 66 
2 7 21 26 51 
2 7 21 26 51 
1 6 21 
1 6 26 66 
1 7 21 26 66 
1 6 21 
2 7 21 26 
2 7 21 26 36 61 
3 8 21 27 36 
1 6 21 26 36 66 
2 8 21 27 
2 6 26 
1 6 21 
27 
1 6 21 36 66 
1 6 21 36 
2 7 21 28 36 66 
2 8 22 26 36 66 
3 8 22 28 37 46 67 
3 8 22 27 36 46 56 66 
3 8 21 28 36 41 56 66 
1 6 26 
3 8 21 27 36 56 
2 8 22 28 36 46 67 
3 8 23 27 36 46 66 
2 7 23 26 46 68 
2 7 21 27 51 66 
2 7 22 26 37 56 66 
2 7 21 26 56 
2 8 21 28 56 66 
2 7 22 26 36 56 
2 7 21 27 56 66 
1 6 21 26 66 
1 7 21 27 56 
2 7 21 27 56 66 
1 7 21 26 
3 8 23 26 36 56 66 
3 8 22 27 36 46 66 
2 8 28 46 66 
2 8 23 26 37 67 
2 7 21 26 36 66 
1 6 21 
1 6 26 36 
2 8 21 27 46 
2 8 21 27 36 66 
1 6 21 36 
1 6 26 
21 36 
2 7 27 
1 7 27 
2 7 21 26 
31 46 
26 51 
1 7 22 26 32 46 
1 7 21 26 31 46 66 
2 7 21 26 32 37 46 
1 6 21 31 61 
6 26 51 
3 8 21 27 32 36 47 56 62 
1 6 26 31 36 61 
2 8 21 27 32 36 46 66 
1 7 27 31 46 
2 8 21 27 33 47 66 
1 6 26 61 66 
2 7 21 26 31 36 51 61 
1 6 26 31 
1 6 21 61 
1 6 26 
1 6 26 31 46 
1 6 21 36 
1 6 26 31 
1 6 26 66 
2 8 21 27 31 46 66 
3 8 22 26 31 37 46 66 
1 6 26 31 
1 6 21 36 
1 6 21 36 56 
1 6 26 61 
1 6 26 66 
1 6 21 36 61 
1 6 26 
1 6 21 36 
1 6 26 
1 7 21 26 
2 8 22 26 31 
1 6 21 
1 6 21 36 
1 6 26 
1 6 21 26 
1 7 21 26 36 66 
2 8 21 27 36 56 66 
3 8 21 27 36 67 
3 8 22 26 36 61 
1 7 21 26 67 
2 7 21 26 36 
1 6 26 
1 7 21 26 36 
3 8 22 26 51 61 
3 8 23 27 61 
2 7 21 26 36 
2 7 21 26 
1 6 26 66 
1 6 21 36 
1 6 21 36 
1 6 26 36 
1 6 26 66 
1 7 21 26 
1 6 26 
1 6 26 66 
1 6 21 
2 7 21 26 
2 8 21 27 66 
1 7 27 
1 7 21 26 36 
2 8 21 27 67 
1 6 21 
1 6 21 
2 8 21 27 
1 6 26 
2 7 21 26 66 
1 6 26 
1 6 21 
1 6 26 36 
2 7 21 26 36 51 
1 6 26 
2 7 22 
1 7 21 26 66 
1 6 26 66 
1 6 21 
1 6 21 36 
1 6 26 
2 7 27 36 
1 7 21 26 
1 7 27 51 66 
1 6 21 26 36 
1 6 36 
1 6 
1 7 21 26 
2 8 22 26 31 
1 6 21 
1 6 21 36 
1 6 26 
1 6 21 26 
1 7 
1 6 26 
1 6 21 
1 6 26 36 
2 7 21 26 36 51 
1 6 26 
2 7 22 
1 7 21 26 66 
1 6 26 66 
1 6 21 
1 6 21 36 
1 6 26 
2 7 27 36 
1 7 21 26 
1 7 27 51 66 
2 7 22 26 36 
2 8 21 27 
2 7 21 26 
1 6 26 
2 8 22 26 
2 8 22 26 37 
2 8 22 26 36 61 66 
2 7 22 36 
1 6 26 66 
1 6 21 
1 6 21 36 
1 6 26 
2 7 22 
1 6 26 
1 7 21 26 
2 7 21 26 66 
1 6 21 
1 6 21 36 
2 7 21 26 36 
1 6 21 36 
2 7 27 36 
2 8 21 27 37 
2 7 21 26 36 
3 8 21 26 
2 7 21 26 36 
1 6 26 
1 6 26 
2 8 22 26 
1 6 26 
1 6 21 56 61 
1 6 26 
3 8 21 26 36 
2 7 27 
2 7 21 26 
2 7 21 26 36 
2 7 27 
1 6 21 
1 6 26 
1 6 21 
1 6 26 
6 26 
1 6 22 
3 7 23 27 56 
3 7 21 29 56 
2 7 22 28 66 
3 7 23 27 66 
2 7 22 28 
2 7 22 28 
3 7 23 28 51 61 
1 7 23 27 51 
2 7 22 27 51 66 
2 8 23 27 52 
1 7 22 27 51 
2 6 21 28 
1 6 21 
56 
1 6 22 27 51 
2 7 22 27 51 
2 7 22 27 
2 7 22 27 51 
3 7 25 26 51 
3 7 21 29 52 
1 6 51 67 
4 7 23 28 
2 7 21 30 
2 7 23 27 
2 7 24 28 66 
3 7 23 28 61 
1 22 28 47 66 
2 7 22 56 
1 7 22 28 51 
2 7 22 27 51 
2 7 22 27 51 
3 7 23 26 
3 7 21 28 51 
2 7 22 28 66 
4 7 22 27 51 66 
3 7 22 27 51 
2 7 23 27 
2 7 21 28 51 
3 7 22 27 51 
2 7 23 26 
2 7 21 28 51 
2 7 22 27 
3 7 21 28 51 61 
1 7 21 28 
1 7 22 27 
2 7 22 27 
3 7 22 27 
2 7 22 27 
3 7 23 27 
3 7 22 27 
4 7 22 27 51 
2 7 21 28 51 
1 7 23 26 
3 7 23 26 
2 8 21 28 51 66 
2 6 21 27 51 
3 7 23 28 51 
3 7 22 27 51 66 
2 6 22 27 
2 7 22 27 
1 6 
4 7 22 27 51 
2 7 21 28 51 
1 7 23 26 
3 7 23 26 
2 8 21 28 51 66 
2 6 21 27 51 
3 7 23 28 51 
3 7 22 27 51 66 
2 6 22 27 
2 7 22 27 
2 7 22 27 
2 7 16 21 27 36 51 
4 7 22 27 56 
4 7 22 27 
3 7 22 27 61 
3 7 22 27 51 
2 6 22 27 51 
2 8 22 27 
3 7 22 28 46 51 66 
4 7 23 26 51 
3 7 21 28 51 
3 7 24 26 51 
2 7 29 
2 6 21 28 51 
3 7 23 26 
4 7 22 27 
3 7 22 27 
3 7 22 27 51 
3 7 22 27 52 
3 7 22 27 
2 7 16 21 28 51 
3 6 21 26 
3 6 23 
4 6 22 27 
3 6 22 26 
2 6 21 27 
3 6 22 26 
3 6 21 27 
3 6 22 26 
4 6 21 28 
3 6 22 26 
2 6 21 27 
3 6 21 28 
3 6 22 26 
3 6 21 28 
2 7 22 
3 6 21 28 
3 6 22 27 
3 6 22 26 
3 6 21 27 
3 6 21 27 
3 6 21 27 
3 6 22 27 
3 6 22 27 
3 6 23 26 
3 6 22 26 
3 6 22 26 
3 6 22 27 
2 6 21 27 
3 6 23 
3 6 22 26 
3 6 22 27 
3 6 22 26 
3 6 22 26 
3 6 22 27 
4 6 23 26 
4 6 22 27 
4 6 22 27 
3 6 21 28 
3 6 23 
3 6 22 27 
3 6 21 27 
3 6 22 26 
3 6 21 28 
3 6 22 26 
3 6 22 26 
3 6 21 27 
3 6 21 27 
3 6 21 27 
3 6 22 27 
3 6 21 28 
3 6 22 26 
2 6 23 26 
3 6 23 
3 6 22 27 
3 6 23 
3 6 21 27 
3 6 22 26 
3 6 22 26 
3 6 23 26 
3 6 22 26 
3 6 21 27 
3 6 21 26 
3 6 21 27 
3 6 22 26 
3 6 21 27 
3 6 21 27 
3 6 22 26 
3 6 22 27 
3 6 23 26 
3 6 21 28 
3 6 22 26 
3 6 22 26 
4 6 22 27 
3 6 22 26 
3 6 28 
3 6 22 26 
3 6 22 27 
4 6 22 27 
3 6 21 27 
3 6 22 26 
3 6 22 26 
3 6 21 27 
3 6 22 27 
3 6 22 27 
3 6 22 26 
3 6 21 28 
3 6 22 27 
3 6 23 26 
3 6 22 26 
3 6 22 27 
3 6 22 26 
3 6 22 26 
3 6 16 21 26 
3 6 21 27 
3 6 21 27 
3 6 23 
3 6 22 26 
3 6 21 27 
3 6 16 22 27 
3 6 22 27 
3 6 22 26 
3 6 22 26 
3 6 22 27 
3 6 21 27 
3 6 22 26 
3 6 21 27 
4 6 22 27 
3 6 22 26 
4 6 21 28 
3 6 22 26 
3 6 22 27 
4 6 23 26 
3 6 21 28 
3 6 22 26 
3 6 22 26 
3 6 21 28 
3 6 22 27 
3 6 22 26 
3 6 21 27 
3 6 21 27 
3 6 23 
3 6 21 27 
3 6 21 27 
3 6 21 27 
3 6 21 27 
4 6 23 26 
3 6 22 26 
3 6 22 27 
3 6 21 27 
3 6 22 26 
3 6 22 26 
3 6 22 26 
3 6 22 27 
4 6 21 28 
4 6 22 27 
3 7 21 28 
3 7 21 28 
3 7 22 27 
3 7 22 26 
3 7 21 27 
3 7 22 26 
3 7 22 26 
3 7 22 27 
3 7 22 27 
3 7 22 27 
3 7 21 28 
3 7 22 26 
3 7 22 26 
3 7 16 21 26 
3 7 21 27 
3 7 22 27 
3 7 21 28 
4 7 22 26 
3 7 21 27 
3 7 21 27 
3 7 21 26 
4 7 22 
3 7 28 
3 7 22 27 
3 7 21 
23 26 
22 26 
28 
3 7 21 26 
3 7 22 27 
3 7 22 27 
3 7 21 28 
3 7 23 26 
4 7 22 27 
3 7 21 27 
3 7 21 27 
3 7 22 26 
4 7 22 26 
4 7 21 26 
3 7 21 27 
3 7 21 26 
2 7 22 26 
2 7 21 27 
3 7 21 26 
3 7 16 21 26 
3 7 22 
3 7 22 27 
3 7 22 27 
3 7 22 27 
3 7 23 26 
3 7 21 28 
4 7 23 26 
3 7 21 27 
3 7 23 26 
3 7 22 26 
3 7 21 26 
4 7 21 26 
3 7 21 28 
3 7 23 26 
3 7 29 
3 7 23 26 
3 7 26 
3 7 22 26 
3 7 22 26 
2 12 21 26 
2 13 21 27 
2 13 21 27 
2 12 21 27 
1 11 22 
2 12 27 
1 11 21 26 
11 
2 12 21 
4 13 21 27 
2 12 21 26 
2 12 22 
2 13 21 27 
2 13 21 27 
3 13 21 27 
2 12 21 26 
2 12 21 26 
2 13 21 27 
4 13 22 27 
2 13 21 27 
2 12 27 
3 13 22 26 
2 12 21 26 
2 12 21 26 
2 12 27 
3 13 21 27 
3 13 21 27 
2 12 22 
1 11 26 
2 13 22 26 
2 12 21 26 
3 13 21 27 
2 12 21 26 
2 12 21 26 
2 12 21 26 
2 12 21 26 
2 12 21 26 
2 12 21 26 
1 11 21 
2 12 21 26 
2 12 21 26 
2 12 21 26 
2 12 22 
3 13 22 26 
2 13 28 
56 
1 6 31 
2 8 22 26 66 
2 8 22 26 51 
2 7 22 66 
2 7 21 26 31 
2 7 22 
3 8 21 27 36 
2 7 21 26 
1 6 21 
2 8 21 27 
2 7 21 26 
2 7 21 26 
1 6 26 
2 7 21 26 
2 7 21 26 
1 6 21 
2 7 27 
2 7 21 26 
2 7 27 
2 7 22 
1 6 26 
3 8 22 26 
2 7 22 
2 8 22 29 
2 8 21 27 
1 6 
1 6 
2 7 21 26 
3 8 22 26 36 
2 8 28 31 
2 8 21 27 
2 7 21 26 
2 6 21 26 
2 7 21 26 
1 6 21 
2 7 21 26 
2 7 21 26 
1 7 21 26 
2 7 21 26 
3 8 22 27 
1 6 26 
2 7 21 26 
2 8 21 27 
1 7 21 26 
2 7 22 
2 7 21 26 
2 6 21 26 
2 7 21 26 
1 6 22 
6 
2 7 21 26 
2 6 21 26 
2 7 21 26 
1 6 21 
2 7 21 26 
2 7 21 26 
1 7 21 26 
2 7 21 26 
3 8 22 27 
1 6 26 
2 7 21 26 
2 8 21 27 
1 7 21 26 
2 7 22 
2 7 21 26 
2 6 21 26 
2 7 21 26 
2 7 22 27 
1 7 21 27 
1 7 21 26 
1 6 27 
2 7 21 26 
2 7 21 26 
1 7 21 27 
2 7 22 26 
2 7 16 21 26 
2 7 21 27 
2 7 21 26 
2 7 21 26 
3 8 22 26 
1 6 27 
3 8 23 26 
2 7 22 26 
2 8 16 27 
3 8 23 
2 8 21 27 
2 8 21 27 
2 8 21 27 
2 7 21 27 
1 6 28 
2 8 22 26 
2 8 23 
3 8 21 27 
2 7 27 
2 7 22 
1 6 22 27 
31 
26 
22 27 
22 26 
21 
22 27 
21 27 
22 26 
21 27 
22 26 66 
21 28 
21 
21 26 
21 27 
2 6 22 27 
1 6 22 26 
6 22 27 
1 6 22 26 
21 27 
2 6 23 27 
1 6 21 27 
22 26 
21 27 
21 27 
21 27 
1 23 26 
1 22 26 
21 28 
16 21 26 
1 23 26 
26 
6 23 
6 23 26 
6 22 27 
6 22 27 
6 23 26 
6 22 27 
6 22 27 
6 22 27 
6 22 27 
6 22 27 
6 22 27 
6 22 27 
6 21 28 
6 23 26 
6 22 27 
6 21 28 
6 21 28 
6 22 27 
6 22 27 
6 21 26 
6 23 26 
6 22 27 
6 22 27 
6 22 27 
6 22 27 
6 22 27 
6 22 27 
6 21 28 
6 22 26 
6 22 27 
6 22 26 
6 22 27 
6 22 27 
6 21 27 
6 22 27 
6 21 27 
6 22 27 
6 23 26 
6 23 26 
6 22 26 
6 21 28 
6 23 26 
6 21 28 
6 23 26 
6 22 26 
3 6 21 28 
3 6 23 26 
3 6 21 28 
3 6 23 26 
3 6 22 27 
3 6 22 27 
3 6 23 26 
3 6 22 27 
3 6 22 27 
3 6 23 26 
3 6 21 28 
3 6 21 28 
3 6 21 28 
3 6 22 27 
3 6 22 27 
3 6 23 26 
3 6 23 26 
3 6 22 27 
3 6 23 26 
3 6 22 27 
3 6 23 26 
3 6 22 27 
3 6 22 27 
3 6 22 27 
3 6 29 
3 6 23 26 
3 6 23 26 
3 6 22 27 
3 6 23 26 
2 6 22 27 
3 6 23 26 
3 6 16 21 27 
3 6 22 27 
1 6 16 
3 6 22 27 
2 22 26 
1 6 23 26 
1 6 21 28 
1 6 22 27 
3 6 22 27 
3 6 16 21 27 
3 6 23 26 
3 6 22 27 
3 6 22 27 
3 6 22 27 
3 6 22 27 
3 6 21 27 
3 6 21 28 
3 6 22 27 
3 6 21 28 
2 6 27 
3 6 23 26 
3 6 23 26 
3 6 22 27 
3 6 23 26 
3 6 22 27 
3 6 21 28 
3 6 22 27 
3 6 23 26 
3 6 23 26 
3 6 22 27 
3 6 22 27 
3 6 21 28 
3 6 22 27 
3 8 23 26 
3 6 22 27 
3 6 22 27 
3 6 22 27 
3 6 22 27 
3 6 22 27 
3 6 22 27 
3 6 22 27 
3 6 22 27 
3 6 22 27 
3 6 23 26 
3 6 22 27 
3 6 22 27 
3 6 22 27 
3 6 21 28 
3 6 21 28 
3 6 22 26 
3 6 22 27 
3 6 21 27 
3 6 22 27 
3 6 21 28 
3 6 21 27 
3 6 22 27 
3 6 23 26 
3 6 22 27 
3 6 24 
3 6 22 27 
3 6 24 
3 6 22 26 
26 
3 6 22 27 
3 6 22 27 
3 6 21 28 
3 6 22 27 
3 6 22 27 
3 6 21 28 
3 6 23 26 
3 6 21 28 
3 6 22 27 
3 6 24 
3 6 22 27 
3 6 21 28 
3 6 23 26 
3 6 21 28 
3 6 23 26 
3 6 23 26 
3 6 22 27 
3 6 21 28 
3 6 23 26 
3 6 22 27 
3 6 22 27 
2 6 21 28 
3 6 22 27 
3 6 22 27 
3 6 22 27 
3 6 21 28 
3 6 22 
3 6 23 27 
3 6 21 28 
3 6 21 27 
3 6 22 27 
3 6 23 26 
3 6 22 27 
3 6 23 26 
3 6 26 
3 6 22 27 
3 6 22 27 
3 6 23 26 
3 6 22 27 
3 6 27 
3 6 22 26 
3 6 22 27 
3 6 21 28 
3 6 22 27 
3 6 22 27 
3 6 23 26 
3 6 22 27 
3 6 21 28 
2 6 22 27 
3 6 22 27 
3 6 23 26 
3 6 22 27 
3 6 22 27 
3 6 21 27 
3 6 22 27 
3 6 21 28 
3 6 22 27 
3 6 22 27 
3 6 23 26 
3 6 21 27 
3 6 23 26 
3 6 22 27 
3 6 22 27 
3 6 21 28 
3 6 21 28 
3 6 22 27 
3 6 22 27 
3 6 22 27 
3 6 23 26 
3 6 22 27 
3 6 29 
3 6 22 27 
3 6 23 26 
3 6 23 26 
3 6 23 26 
3 6 22 27 
3 6 21 28 
3 6 22 27 
3 6 22 27 
3 6 21 28 
3 6 22 27 
3 6 22 27 
3 6 22 26 
3 6 21 28 
3 6 23 26 
3 6 22 27 
3 6 22 27 
3 6 23 26 
3 6 23 26 
3 6 23 26 
2 6 21 28 
3 6 23 26 
3 6 22 27 
3 6 21 28 
3 6 23 26 
3 6 22 27 
3 6 23 26 
3 6 21 28 
3 6 23 26 
3 6 21 28 
3 6 22 27 
3 6 22 27 
3 6 22 27 
3 6 22 27 
3 6 22 27 
1 6 21 
3 6 23 26 
3 6 22 27 
3 6 22 27 
3 6 22 27 
3 6 22 27 
3 6 22 27 
3 6 22 27 
3 6 22 26 
3 6 22 27 
2 6 21 26 
1 6 21 
3 6 21 27 
3 6 21 28 
2 6 22 27 
2 6 22 27 
3 6 21 27 
3 6 22 27 
3 6 22 27 
3 6 23 26 
3 6 22 27 
3 6 22 27 
3 6 23 26 
3 6 22 27 
3 6 22 27 
1 6 23 26 
3 6 22 27 
3 6 22 27 
3 6 22 27 
3 6 22 27 
3 6 23 26 
3 6 23 26 
3 6 22 27 
3 6 22 27 
3 6 23 26 
3 6 23 26 
3 6 21 28 
3 6 21 28 
3 6 23 26 
3 6 23 26 
3 6 24 
3 6 21 28 
3 6 21 28 
3 6 23 26 
3 6 22 27 
3 6 23 26 
3 6 23 26 
3 6 23 26 
3 6 21 28 
3 6 22 27 
3 6 23 26 
3 6 22 27 
3 6 22 27 
3 6 21 27 
3 6 23 26 
3 6 22 27 
3 6 22 27 
3 6 23 26 
3 6 22 27 
3 6 23 26 
3 6 22 27 
3 6 22 27 
3 6 22 27 
3 6 23 26 
3 6 22 27 
3 6 22 27 
3 6 23 26 
1 6 22 27 
3 6 21 28 
3 6 23 26 
3 6 21 28 
3 6 22 27 
3 6 23 26 
3 6 22 27 
3 6 22 27 
3 6 21 28 
3 6 21 28 
3 6 21 28 
3 6 23 26 
3 6 22 27 
3 6 22 27 
3 6 22 27 
2 27 
3 6 21 28 
3 6 24 
2 22 26 
3 6 21 28 
3 6 29 
3 6 22 27 
3 6 22 27 
3 6 22 27 
3 6 29 
3 6 22 27 
3 6 22 27 
3 6 21 28 
3 6 22 27 
3 6 21 28 
3 6 22 27 
3 6 22 27 
3 6 22 27 
3 6 22 27 
3 6 22 27 
3 6 22 27 
3 6 21 28 
3 6 22 27 
3 6 22 27 
2 21 27 
3 6 23 26 
3 6 22 27 
3 6 21 28 
3 6 22 27 
3 6 22 27 
3 6 22 27 
3 6 22 27 
3 6 21 28 
3 6 22 27 
3 6 23 26 
2 23 
3 6 22 27 
3 6 21 28 
3 6 21 28 
3 6 22 26 
3 6 22 27 
3 6 22 27 
3 6 23 26 
3 6 23 26 
3 6 21 28 
3 6 23 26 
3 6 22 26 
3 6 23 26 
3 6 23 26 
3 6 22 27 
3 6 23 26 
3 6 21 28 
3 6 22 27 
3 6 24 
3 6 21 28 
3 6 23 26 
3 6 23 26 
3 6 21 28 
3 6 23 26 
3 23 26 
3 6 22 27 
3 6 21 28 
3 6 23 26 
3 6 22 27 
3 6 22 27 
3 6 22 27 
3 6 22 27 
3 6 22 27 
3 6 23 26 
2 22 26 
3 6 23 26 
3 6 21 28 
3 6 22 27 
3 6 29 
3 6 22 27 
3 6 21 28 
3 6 23 26 
3 6 22 27 
3 6 21 28 
2 22 26 
3 6 23 26 
3 6 22 27 
3 6 23 26 
3 6 22 27 
3 6 22 27 
3 6 24 
3 6 22 27 
3 6 22 27 
3 6 22 27 
3 6 23 26 
3 6 22 27 
3 6 22 27 
1 6 21 28 
3 6 21 27 
3 6 22 26 
3 6 22 26 
3 6 21 27 
3 6 22 27 
3 6 22 27 
3 6 21 28 
3 6 23 26 
3 6 22 26 
3 6 21 28 
3 6 22 27 
3 6 22 26 
3 6 22 27 
3 6 23 26 
3 6 22 26 
2 21 26 
3 6 22 27 
3 6 23 26 
3 6 21 28 
3 6 23 26 
3 6 23 26 
3 6 22 27 
3 6 22 27 
3 6 22 27 
3 6 22 27 
3 6 22 27 
2 21 27 
3 6 22 27 
2 22 26 
3 6 22 27 
3 6 22 27 
3 6 23 26 
3 6 23 26 
3 6 22 27 
3 6 21 28 
3 6 22 27 
3 6 23 26 
3 6 21 28 
3 6 21 28 
3 6 22 27 
3 6 23 26 
3 6 22 27 
2 22 26 
3 6 22 27 
3 6 21 28 
3 6 23 26 
3 6 22 27 
3 6 22 27 
3 6 22 27 
3 6 23 26 
3 6 23 26 
3 6 29 
3 6 23 26 
3 6 21 28 
3 6 23 26 
3 6 21 28 
3 6 22 27 
3 6 22 27 
3 6 23 26 
3 6 22 27 
3 6 22 27 
3 6 22 27 
3 6 22 27 
3 6 23 26 
3 6 22 27 
3 6 22 27 
3 6 23 26 
3 6 22 27 
3 6 22 27 
3 6 21 28 
3 6 23 26 
3 6 23 26 
3 6 22 27 
3 6 22 27 
3 6 23 26 
3 6 22 27 
3 6 22 27 
3 6 21 28 
3 6 23 26 
3 6 22 27 
3 6 21 28 
3 6 23 26 
3 6 22 27 
3 6 21 28 
3 6 23 26 
3 6 22 27 
3 6 23 26 
3 6 22 26 
3 6 21 28 
3 6 23 26 
3 6 22 27 
3 6 21 28 
3 6 21 28 
3 6 22 27 
3 6 22 27 
3 6 22 27 
3 6 23 26 
3 6 22 27 
3 6 21 28 
3 6 21 28 
3 6 22 27 
3 6 22 27 
3 6 21 28 
3 6 22 27 
3 6 23 26 
3 6 22 27 
3 6 23 26 
3 6 22 27 
3 6 22 27 
3 6 21 28 
3 6 23 26 
3 6 22 27 
3 6 22 27 
3 6 22 27 
3 6 22 27 
3 6 22 27 
3 6 22 27 
3 6 23 26 
3 6 23 26 
3 6 21 28 
3 6 22 27 
3 6 22 27 
3 6 21 28 
3 6 23 26 
3 6 22 27 
3 6 21 28 
3 6 21 28 
3 6 21 28 
3 6 21 27 
3 6 22 27 
3 6 21 28 
3 6 22 27 
3 6 22 27 
3 6 22 27 
3 6 21 28 
3 6 22 27 
3 6 23 26 
3 6 22 27 
3 6 22 27 
3 6 22 27 
3 6 22 27 
3 6 23 26 
3 6 21 28 
3 6 23 26 
3 6 22 27 
3 6 21 28 
3 6 22 27 
3 6 23 26 
3 6 22 27 
3 6 23 26 
3 6 21 28 
3 6 22 27 
3 6 22 27 
3 6 22 27 
3 6 23 26 
3 6 22 27 
3 6 22 27 
3 6 22 27 
3 6 21 28 
3 6 22 27 
3 6 22 27 
3 6 22 27 
3 6 22 27 
3 6 21 28 
3 6 24 
3 6 22 27 
3 6 22 27 
3 6 21 28 
3 6 23 26 
3 6 21 28 
22 27 
3 6 23 26 
3 6 21 28 
3 6 22 27 
3 6 22 27 
3 6 23 26 
3 6 23 26 
3 6 22 27 
3 6 22 27 
3 6 23 26 
3 6 21 28 
3 6 29 
3 6 22 27 
3 6 22 27 
3 6 22 27 
3 6 21 28 
3 6 22 27 
3 6 22 27 
3 6 22 27 
3 6 23 26 
3 6 21 28 
3 6 22 27 
3 6 21 28 
3 6 22 27 
3 6 23 26 
3 6 21 28 
3 6 21 28 
3 6 22 27 
3 6 22 27 
3 6 21 28 
3 6 22 27 
3 6 22 27 
3 6 22 27 
3 6 22 27 
3 6 23 26 
3 6 21 28 
3 6 22 27 
3 6 23 26 
3 6 22 26 
3 6 21 28 
2 6 21 28 
3 6 22 27 
3 6 23 26 
3 6 22 27 
3 6 21 28 
3 6 22 27 
3 6 21 28 
3 6 22 27 
3 6 22 27 
3 6 21 28 
3 6 22 27 
3 6 21 28 
3 6 22 27 
3 6 22 27 
3 6 23 26 
3 6 21 28 
3 6 23 26 
3 6 22 27 
3 6 23 26 
3 6 29 
3 6 22 27 
3 6 23 26 
3 6 21 28 
3 6 22 27 
3 6 21 28 
3 6 23 26 
3 6 21 28 
3 6 22 27 
3 6 21 28 
3 6 22 27 
3 6 22 27 
3 6 29 
3 6 22 27 
3 6 21 28 
3 6 21 28 
3 6 22 27 
3 6 22 27 
3 6 23 26 
3 6 23 26 
3 6 22 27 
3 6 22 27 
3 6 22 27 
3 6 22 27 
3 6 21 26 
3 6 21 28 
3 6 22 27 
3 6 23 26 
3 6 22 27 
3 6 21 28 
3 6 22 27 
3 6 22 27 
3 6 22 27 
3 6 22 27 
3 6 29 
3 6 23 26 
3 6 21 28 
3 6 23 26 
3 6 21 28 
3 6 22 27 
3 6 21 28 
3 6 23 26 
3 6 21 28 
3 6 23 26 
3 6 22 27 
3 6 21 28 
3 6 22 27 
3 6 22 27 
3 6 22 27 
3 6 22 27 
3 6 23 26 
3 6 22 27 
3 6 21 28 
3 6 22 27 
3 6 21 28 
3 6 22 27 
3 6 22 27 
3 6 22 27 
3 6 22 27 
3 6 23 26 
3 6 21 28 
3 6 22 27 
3 6 22 27 
21 
3 6 21 27 31 57 
3 6 23 27 31 36 56 
3 6 23 27 
3 7 23 27 37 56 
3 6 23 27 37 
4 7 23 27 37 51 56 
4 6 21 28 52 61 
4 7 23 27 36 41 56 61 
4 6 22 28 36 53 
3 6 23 26 57 
3 23 27 36 41 56 61 
4 6 22 27 41 56 
2 6 22 27 56 61 
21 26 56 
1 7 56 
4 6 21 28 52 61 
4 7 23 27 36 41 56 61 
4 6 22 28 36 53 
3 6 23 26 57 
3 23 27 36 41 56 61 
4 6 22 27 41 56 
2 6 22 27 56 61 
2 6 22 27 36 56 66 
4 6 23 26 36 51 66 
5 6 21 29 61 66 
1 6 16 22 27 
2 22 27 56 
3 6 22 27 36 56 
3 6 22 27 37 56 
4 6 22 27 56 66 
3 6 21 28 51 57 
3 23 26 36 56 66 
2 6 21 28 
3 6 22 27 41 66 
4 6 21 28 36 67 
4 6 22 27 37 66 
4 6 22 27 36 56 
3 22 27 51 66 
4 6 21 28 56 
4 6 22 27 46 
3 6 23 26 
1 22 27 57 
3 6 22 27 
3 21 27 
3 21 27 51 66 
4 6 21 28 56 
4 6 22 27 46 
3 6 23 26 
1 22 27 57 
3 6 22 27 
4 6 21 28 66 
3 6 23 26 56 
3 21 28 56 61 
2 22 27 36 56 66 
3 7 22 27 56 
3 6 22 27 
4 7 22 27 56 
4 7 22 27 51 56 66 
4 7 22 27 36 
4 7 21 28 66 
4 7 22 27 37 56 
3 7 23 27 37 57 
3 6 21 28 36 66 
4 7 22 27 66 
4 7 22 27 
4 7 22 27 56 
3 6 21 28 
4 6 22 27 36 
4 7 22 27 36 
1 6 22 27 66 
3 6 22 27 67 
4 7 22 27 67 
4 7 22 27 66 
4 6 21 28 
2 6 21 66 
4 7 22 27 
4 7 22 27 56 
3 6 21 28 
4 6 22 27 36 
4 7 22 27 36 
1 6 22 27 66 
3 6 22 27 67 
4 7 22 27 67 
4 7 22 27 66 
4 6 21 28 
4 6 24 26 36 56 
4 7 22 28 56 66 
3 22 28 66 
3 6 22 27 36 
3 6 22 27 36 66 
3 6 21 28 66 
4 7 22 27 36 
3 7 22 27 36 
4 7 22 28 36 66 
4 7 23 26 36 67 
3 6 23 26 66 
4 6 22 27 41 51 68 
3 6 22 27 36 66 
4 7 22 27 36 56 
3 6 21 28 
3 23 27 66 
3 6 21 28 66 
4 6 22 27 
2 21 27 36 
4 7 23 26 36 
4 6 22 28 36 
3 22 27 
3 6 22 27 61 
4 6 22 27 62 
4 6 21 28 62 
3 6 23 26 
3 6 23 26 36 66 
3 21 28 36 
2 21 27 66 
36 66 
21 29 66 
22 27 
21 28 41 
22 27 36 56 
22 27 36 
2 22 27 
3 22 27 66 
4 6 22 27 36 
4 6 22 27 56 
4 6 23 27 37 41 66 
3 6 22 27 36 56 61 
4 7 29 66 
4 6 23 26 
4 6 21 28 51 66 
3 6 23 27 66 
4 6 23 26 
2 21 28 66 
4 6 21 28 67 
29 
4 7 22 27 37 56 
4 6 28 62 
3 6 23 26 
3 6 23 26 36 66 
3 21 28 36 
4 6 22 27 66 
4 6 23 26 
3 22 27 
4 6 21 28 66 
4 6 23 26 66 
4 7 21 28 
4 6 22 27 
4 6 21 28 66 
3 6 22 27 37 
4 6 21 28 
4 6 22 27 36 
4 6 21 28 
4 7 21 28 
3 6 22 26 
2 21 27 
3 6 21 27 
2 22 26 
3 6 28 
2 6 23 26 
4 6 22 27 
2 28 
3 6 22 26 
4 6 23 26 56 
4 6 23 26 
3 6 21 28 
4 6 22 27 56 
4 6 22 27 
4 6 23 26 66 
4 6 22 27 36 66 
4 6 22 27 66 
2 27 
2 7 26 
4 6 22 27 66 
4 6 22 27 67 
4 6 22 27 56 66 
4 7 22 27 
4 7 22 27 
4 7 21 28 66 
4 7 23 26 36 66 
4 6 22 27 66 
4 7 22 27 
4 7 23 26 
4 7 21 28 61 
4 8 23 26 
4 7 22 27 56 
4 7 22 27 
4 7 23 26 36 
4 7 22 27 
4 7 22 27 
4 7 22 27 36 56 
4 7 21 28 
4 7 22 27 
4 7 21 28 
4 7 23 26 
4 7 21 28 
4 7 22 26 
4 7 22 27 
4 7 22 27 
4 7 23 26 
4 7 22 27 
2 21 26 
3 7 21 
4 7 21 28 
4 7 22 26 
4 7 22 27 
4 7 22 27 
4 7 23 26 
4 7 22 27 
4 7 21 28 
4 7 22 27 
4 7 22 27 
4 7 22 27 
4 7 21 28 
4 7 21 28 
4 7 22 27 
4 7 21 28 
4 7 23 26 
4 7 22 27 
4 7 21 28 
4 7 23 26 
4 7 22 27 
4 7 22 27 
4 7 22 27 
4 7 21 28 
4 7 22 27 
4 7 23 26 
4 7 22 27 
4 7 23 26 
4 7 21 28 
4 7 22 27 
4 7 22 27 
2 21 26 
3 6 21 27 34 
3 6 23 26 34 47 
3 6 21 28 35 47 
3 6 23 26 34 47 
3 6 21 28 35 46 
3 6 22 33 
3 6 22 27 34 46 
3 6 23 26 34 46 
3 6 22 26 
3 6 22 27 
3 6 21 27 
3 6 21 28 
3 6 22 27 
3 6 22 27 
3 6 22 27 
3 6 23 26 
3 6 22 27 
3 6 23 26 
3 6 21 28 
3 6 22 27 
3 6 22 27 
3 7 22 27 
3 6 22 27 
3 21 27 
3 7 23 26 
3 6 22 27 
3 6 22 27 
3 6 21 28 
3 6 22 27 
2 6 16 28 
3 6 23 26 
3 6 16 22 26 
3 6 22 27 
3 6 23 26 
3 6 21 28 
3 6 21 28 
3 6 21 28 
3 6 23 26 
3 6 23 26 
3 6 21 28 
3 6 21 27 
3 6 22 27 
3 6 22 27 
3 6 21 28 
3 6 23 26 
3 6 21 27 
3 6 22 27 
3 6 22 27 
3 6 21 27 
3 6 21 28 
3 6 22 27 
3 6 22 26 
3 6 21 28 
3 6 21 27 
3 6 21 28 
3 6 22 26 
3 6 21 28 
3 6 22 27 
3 6 22 27 
3 6 23 26 
3 6 22 27 
2 6 22 27 
3 6 22 27 
3 6 23 26 
3 6 23 26 
3 6 22 27 
3 6 22 27 
3 6 21 28 
3 6 23 
3 6 22 27 
3 6 22 27 
3 6 21 27 
3 6 22 27 
3 6 22 27 
3 6 22 27 
4 6 22 27 
3 6 21 28 
3 6 22 27 
3 6 21 28 
3 6 22 27 
4 6 21 28 
3 6 21 27 
3 21 28 
4 6 23 26 
4 6 22 27 
4 6 22 27 
4 6 23 26 
4 6 23 26 
4 6 22 27 
4 22 27 
3 6 21 28 
3 6 22 27 
3 6 22 27 
4 6 23 26 
3 6 23 26 
4 6 16 21 27 
4 6 22 27 
4 6 23 26 
3 6 22 27 
3 6 21 28 
4 6 23 26 
3 6 23 26 
3 6 16 21 27 
3 6 22 27 
4 6 22 27 
2 6 22 27 
4 6 23 26 
4 6 22 27 
3 6 22 27 
3 6 22 27 
4 6 22 27 
4 6 23 26 
4 6 22 27 
3 6 23 26 
4 6 21 28 
3 6 21 27 
3 6 23 26 
3 6 22 27 
3 6 22 27 
3 6 22 27 
4 6 22 27 
4 6 22 27 
3 6 21 28 
4 6 23 
3 6 26 
4 6 22 26 
4 6 23 26 
3 6 21 28 
3 6 22 27 
3 6 21 28 
4 6 23 26 
3 6 21 28 
4 6 23 26 
3 6 22 27 
3 6 21 28 
4 6 22 27 
1 26 
4 8 22 28 
2 8 21 26 
4 8 22 27 
6 21 26 
4 8 22 27 
4 8 24 28 56 67 
4 8 21 28 
5 8 23 27 
4 8 22 28 
5 8 23 30 
3 8 22 26 
2 7 22 27 
3 8 21 27 
2 7 22 27 66 
2 6 22 26 66 
4 8 22 28 
3 7 23 61 
2 8 21 27 
4 8 23 26 66 
2 8 22 27 
3 8 22 27 
3 7 22 27 
1 6 26 
3 7 21 26 31 66 
3 7 22 26 
3 8 22 26 
1 7 21 28 
2 7 21 27 
2 8 23 26 
4 8 22 28 
3 8 22 28 
2 7 21 
3 8 21 28 61 
1 7 21 26 66 
3 8 22 27 
4 8 21 28 66 
4 8 22 27 
4 8 21 27 
4 8 24 26 
2 7 16 22 26 66 
2 7 21 28 
3 7 28 
4 8 22 26 
3 7 21 27 
4 8 22 26 
3 8 22 26 
3 7 22 27 66 
4 8 21 27 66 
3 8 22 27 
3 8 21 27 
4 8 23 26 
4 8 21 26 
4 8 21 27 
4 13 22 27 
4 13 28 
3 13 22 27 66 
5 13 21 28 61 
4 13 27 
4 13 23 26 
2 12 22 26 
4 13 22 26 
3 12 22 26 
1 6 
4 8 23 26 
4 8 21 26 
4 8 21 27 
4 13 22 27 
4 13 28 
3 13 22 27 66 
5 13 21 28 61 
4 13 27 
4 13 23 26 
2 12 22 26 
4 13 22 26 
3 12 22 26 
4 13 21 27 
4 13 23 26 
4 13 21 28 
4 13 22 27 
5 13 23 26 61 
4 13 22 26 66 
4 13 21 27 
4 7 11 23 27 
4 8 22 26 
4 8 21 27 
4 8 23 26 
4 8 22 28 66 
4 8 22 27 
4 8 23 26 
4 8 22 27 
4 8 21 28 
4 8 22 26 
3 8 22 27 
3 8 22 26 
3 8 16 21 26 
4 8 22 27 
3 8 21 27 
2 7 22 
3 8 28 
2 7 21 26 
3 7 21 27 66 
3 8 21 27 
1 6 22 27 66 
1 7 
4 8 27 
4 8 22 26 
4 8 22 26 
3 8 22 26 
4 8 22 26 
3 8 21 26 
2 7 22 26 66 
3 8 21 27 
4 8 21 26 
3 8 21 27 
3 8 21 26 
4 8 22 26 
3 8 22 
3 8 22 26 
4 8 22 
3 8 21 26 
3 7 22 26 
2 7 22 26 
3 8 21 26 
4 8 21 26 
3 7 21 27 
3 8 22 26 
4 8 21 27 61 
2 7 21 27 
4 8 21 27 
3 8 22 27 61 
4 8 22 27 66 
3 7 21 26 
4 8 22 26 
3 8 21 26 
3 8 22 26 
3 8 27 61 
3 8 22 26 
3 9 21 27 
4 8 21 27 66 
3 8 22 26 
1 6 21 
3 7 22 27 66 
3 8 27 
3 8 22 27 66 
4 8 22 26 
3 8 22 26 
3 8 22 28 66 
4 8 22 27 66 
2 7 22 27 
4 8 22 27 
3 8 21 27 
3 8 28 
3 7 22 26 
2 7 22 26 
3 7 21 26 66 
3 8 21 27 
4 8 21 27 
2 8 21 27 
1 6 16 26 
6 
3 6 26 
3 7 22 26 
3 7 22 26 
4 7 22 27 66 
3 7 22 26 
4 7 21 26 
4 7 22 26 
3 7 21 27 
4 6 23 27 61 
4 7 22 27 
4 7 22 26 
4 7 22 26 
4 8 22 27 66 
2 7 22 26 
4 7 22 26 66 
3 7 22 26 
2 6 22 27 66 
3 7 21 27 
3 8 21 26 
4 8 21 27 
4 8 22 27 
4 8 22 26 
3 8 21 27 
2 7 22 27 66 
4 7 21 26 
3 8 22 26 
4 7 22 27 66 
4 8 22 26 
3 7 21 26 
4 8 22 26 
3 8 21 27 
3 8 27 
3 7 21 27 
1 6 21 26 
22 27 46 
21 28 36 
22 28 36 
22 27 41 
22 28 52 
22 26 
21 27 
22 27 36 51 
21 28 
24 27 66 
22 27 51 
23 27 36 51 
23 27 61 
23 28 
23 27 
22 27 36 61 
22 27 
22 28 
23 28 
23 30 51 
23 28 51 
23 27 
23 28 
24 27 
21 28 51 
23 26 51 
22 29 
21 27 
23 27 
21 27 
22 27 
23 26 
22 26 
22 28 51 
23 26 
23 26 
22 27 
22 27 
23 26 
22 27 
21 28 
23 29 51 61 67 
23 26 46 61 
21 28 
23 26 46 51 
21 29 46 
22 28 
23 27 
22 27 36 61 
22 27 
22 28 
23 28 
23 30 51 
23 28 51 
23 27 
23 28 
24 27 
21 28 51 
23 26 51 
22 29 
21 27 
23 27 
21 27 
22 27 
23 26 
22 26 
22 28 51 
23 26 
23 26 
22 27 
22 27 
23 26 
22 27 
21 28 
25 27 51 
22 28 
22 26 
23 29 51 
23 26 51 
22 28 51 
21 28 46 
23 26 46 
16 22 26 51 
22 28 51 
22 27 
25 27 
22 28 52 
22 27 51 
23 28 51 
21 27 
23 28 
22 27 
21 26 
23 27 
21 29 51 
25 27 51 
22 28 
21 27 
22 26 
22 28 
22 27 
23 26 51 
21 27 
22 26 
21 27 
23 27 
16 21 26 51 
7 22 27 
1 7 23 26 51 
1 7 11 22 27 51 
1 6 16 21 27 51 
3 7 22 27 56 
1 7 28 51 
1 7 22 26 36 
7 22 27 41 51 
1 6 21 28 
6 22 26 
1 6 23 
1 7 21 27 
1 7 23 26 
2 6 22 27 
1 7 22 27 
1 7 16 22 26 
1 6 22 26 37 
22 
2 6 22 28 51 
1 7 22 27 51 
2 7 22 27 36 51 
1 7 22 27 
2 7 23 27 
2 7 23 26 36 56 
2 7 22 27 
1 6 21 27 
6 22 26 
7 22 27 
3 7 23 26 36 
1 7 22 29 
1 7 24 26 
2 7 22 26 36 51 
2 7 22 26 
3 7 24 26 56 61 
6 11 22 27 
1 7 22 27 
1 7 23 27 56 
6 22 27 36 51 
1 6 11 22 28 41 56 66 
2 7 23 26 
7 22 27 
1 7 23 26 51 
1 7 11 22 27 51 
1 6 16 21 27 51 
3 7 22 27 56 
1 7 28 51 
1 7 22 26 36 
7 22 27 41 51 
1 6 21 28 
6 22 26 
1 6 23 
1 7 21 27 
1 7 23 26 
2 6 22 27 
1 7 22 27 
1 7 16 22 26 
1 6 22 26 37 
6 23 27 41 51 
1 7 22 27 
6 22 27 51 
6 23 26 
1 6 21 26 36 
2 6 21 27 61 
1 6 21 28 
6 22 26 
6 23 26 
6 21 28 
6 22 27 36 
7 22 26 
1 6 16 21 26 
1 6 23 26 36 
1 6 22 27 36 51 
22 27 
22 27 
1 7 22 28 
6 23 28 31 
1 6 22 27 
1 6 21 27 
1 22 26 
1 6 21 27 
1 6 27 
1 6 22 27 36 
1 7 22 27 
1 7 22 27 
1 7 22 27 
2 7 21 27 
1 6 22 
1 6 21 26 56 
2 7 21 27 
2 7 21 27 
2 7 22 26 
2 7 22 26 
2 7 23 
2 7 21 27 
2 7 22 26 
2 7 22 26 
2 7 21 27 
2 7 22 26 
2 7 21 26 
1 6 21 
2 7 21 26 
2 7 22 26 
2 7 21 27 
2 7 22 26 
2 7 21 27 
2 7 21 27 
2 7 21 27 
2 7 22 26 
2 7 22 26 
2 7 23 
2 7 21 27 
2 7 22 26 
2 7 21 26 
2 7 21 27 
2 7 22 26 
2 7 22 
2 7 21 26 
2 7 21 
2 7 21 27 
2 7 21 27 
2 7 21 27 
2 7 21 26 
2 7 22 26 
2 7 22 26 
2 7 22 26 
2 7 21 27 
2 7 23 
2 7 22 26 
2 7 28 
2 7 22 26 
2 7 22 26 
2 7 22 26 
2 11 21 26 
3 11 22 26 
3 11 21 28 
3 11 21 28 
3 11 22 26 
4 11 22 26 
3 11 21 27 
3 11 22 27 
3 11 22 27 36 
3 11 22 27 36 
3 11 23 26 
3 11 28 
3 11 22 26 
3 11 21 27 
4 11 22 27 
3 11 16 21 27 
3 11 22 27 36 
3 11 22 27 
3 11 22 27 
3 11 22 27 
3 11 21 28 
3 11 16 22 26 
2 11 22 27 41 
3 11 21 28 36 
3 11 21 27 
3 11 21 28 36 
2 11 22 26 
3 11 22 26 
4 11 16 21 27 
1 11 21 27 
2 11 22 26 
3 11 28 
3 11 23 26 
3 11 22 26 
3 11 22 26 
3 11 22 27 
3 11 21 28 
3 11 22 27 
3 11 16 22 36 
3 11 22 27 
2 22 26 
3 11 21 28 
3 11 21 28 
3 11 22 27 
3 11 23 26 
3 11 21 28 
3 11 22 26 
1 11 22 27 
3 11 21 27 
3 11 21 28 
3 11 22 27 
3 11 22 27 
3 11 22 26 
3 11 23 26 
3 11 22 26 
4 11 22 26 
4 11 21 28 
3 11 22 27 41 
2 11 16 21 27 
3 11 21 27 
3 11 21 27 
4 11 23 26 
3 11 22 27 
3 11 21 28 
3 11 22 27 
3 11 22 26 
4 11 22 26 
3 11 22 26 
4 11 22 26 
2 11 22 27 
3 11 21 28 
4 11 24 
3 11 22 27 
3 11 22 26 
3 11 22 27 
3 11 28 
3 11 21 27 
3 11 22 26 
2 11 22 27 
3 11 21 28 
3 11 22 26 
3 11 21 26 
4 11 22 26 
3 11 21 27 
3 11 22 27 
3 11 22 26 
4 11 22 26 
3 11 22 27 
3 11 23 26 
3 11 21 27 
3 11 22 26 
3 11 21 27 
3 11 21 26 
3 11 21 27 
3 11 22 27 
4 11 22 27 
2 11 22 26 
3 11 22 27 
3 11 22 27 
3 11 22 27 
2 11 21 27 
3 11 21 27 
3 11 22 26 
4 11 23 26 
11 26 
2 12 21 27 
2 12 22 28 66 
1 12 23 26 36 
2 12 21 28 
1 12 23 26 61 
2 12 21 28 
2 12 23 37 
2 12 21 27 
1 6 11 22 28 
1 7 22 27 
1 7 21 27 
2 7 23 27 36 
2 7 23 26 
2 7 22 28 37 
2 7 22 30 
2 7 21 28 
2 7 21 28 
2 7 22 27 
2 7 21 27 
2 7 16 21 27 
2 7 23 26 
2 7 21 27 
2 7 21 27 
1 7 22 27 
2 7 21 27 
2 7 21 29 
2 7 22 27 
2 7 22 26 
2 7 22 26 
2 7 22 27 
2 7 22 27 
2 7 21 28 
2 7 22 27 
2 7 23 26 
2 7 22 27 
2 7 21 27 
2 7 22 26 
1 6 21 
3 11 22 27 
3 11 23 26 
4 12 21 28 
2 11 22 27 
3 11 23 26 
3 11 21 28 
3 11 21 27 
3 11 22 27 
3 11 22 27 
3 11 22 27 
3 11 22 27 
3 11 21 28 
3 11 22 27 
3 11 23 27 36 
3 11 22 27 
3 11 23 26 
3 11 22 27 
4 11 16 21 27 
4 11 23 27 
3 11 22 26 
3 11 21 28 
1 26 31 
3 11 22 26 
3 11 23 
3 11 22 27 
3 11 22 27 
3 11 22 27 
3 11 23 27 31 
3 11 23 26 
3 11 22 27 
3 11 22 27 
3 11 22 27 
3 11 22 27 
3 11 22 27 
3 11 21 28 
3 11 22 27 
3 11 22 26 
2 11 21 27 
3 11 22 26 
3 11 22 27 
3 11 22 27 
3 11 22 27 
3 11 22 27 
3 11 22 27 
3 11 22 27 
3 11 22 28 31 
3 11 21 28 
3 11 22 27 
3 11 23 26 
3 11 24 26 
3 11 22 27 
3 11 21 28 
3 11 22 27 
3 11 21 28 36 
3 11 23 27 
3 11 22 27 
4 11 22 27 
3 11 22 27 
3 11 23 26 
3 11 22 27 
3 11 23 27 
3 11 23 27 
3 11 23 27 
3 11 22 28 
3 11 23 26 
3 11 16 22 26 
3 11 22 28 
4 11 21 29 
3 11 22 28 31 
3 11 21 28 
3 11 23 27 
3 11 22 27 
3 11 21 28 
3 11 23 26 
3 11 21 28 
3 11 22 27 
4 11 23 26 
3 11 22 28 
3 11 22 27 
3 11 22 27 
3 11 22 27 
3 11 22 27 
3 11 23 26 31 
4 11 22 27 
3 11 23 27 
3 11 21 28 36 
3 11 22 27 
3 11 16 21 27 
3 11 21 28 
3 11 23 26 
3 11 22 27 
4 11 22 27 
3 11 21 28 
3 11 21 28 
3 11 21 28 
3 11 22 27 
1 11 21 
26 
3 11 21 28 
1 11 21 
4 11 22 26 
4 11 22 27 
4 11 22 27 
4 11 22 27 
4 11 24 26 
4 11 22 28 
4 11 22 28 31 
4 11 22 27 
4 11 22 27 
4 11 23 26 
4 11 22 27 
4 11 23 26 
4 11 22 27 
3 11 22 27 
4 11 22 27 
3 11 16 28 
3 11 22 27 
3 11 21 27 
3 11 22 27 
3 11 23 27 
3 11 23 26 
3 11 23 26 
3 11 21 27 
3 11 23 26 
3 11 22 27 
22 28 
23 
22 27 
28 
22 27 
21 28 
21 
2 11 23 26 36 56 
4 12 23 26 36 61 
3 12 21 28 36 46 
3 11 22 26 56 
24 28 
22 27 
21 28 
22 27 
22 27 
21 28 
21 26 
28 
23 26 
21 28 
16 22 26 
22 26 
21 41 
6 28 
21 28 31 
21 28 
22 27 61 66 
4 12 22 26 
2 12 21 28 
4 12 23 26 36 56 
4 12 22 27 46 
5 12 21 28 51 
4 12 21 28 
4 12 22 27 37 
3 11 21 27 56 61 
3 12 21 28 36 61 
4 12 22 27 
4 12 21 28 36 
3 12 21 27 
4 12 21 29 36 
3 12 22 27 37 61 
4 12 21 28 56 61 
3 6 11 21 29 36 61 
3 7 21 28 36 61 
4 7 24 26 36 
2 6 21 27 36 
3 7 22 27 36 
3 7 21 28 
4 7 21 28 
3 7 21 28 66 
2 7 16 28 36 
3 7 22 27 46 
2 7 22 26 
4 7 21 28 
2 6 21 26 66 
4 7 22 27 
3 6 22 26 
3 12 21 27 37 61 
4 12 21 28 56 61 
3 6 11 21 29 36 61 
3 7 21 28 36 61 
4 7 24 26 36 
2 6 21 27 36 
3 7 22 27 36 
3 7 21 28 
4 7 21 28 
3 7 21 28 66 
2 7 16 28 36 
3 7 22 27 46 
2 7 22 26 
4 7 21 28 
2 6 21 26 66 
4 7 22 27 
3 7 22 27 
3 6 22 26 31 
3 6 22 27 
4 7 16 22 26 
3 7 22 27 36 
3 7 22 27 37 
3 7 21 28 
3 7 21 28 36 
4 7 23 26 
4 7 22 27 
4 6 22 27 36 
3 7 22 27 
4 7 23 26 
4 7 22 27 
3 7 21 27 36 
3 13 21 27 36 
4 12 22 27 41 46 
3 12 22 27 
2 13 22 27 41 
4 13 23 27 31 46 
4 13 22 27 46 
3 12 22 27 41 
2 12 21 27 51 
3 12 21 28 
3 13 21 28 36 46 
3 13 22 27 36 61 
3 12 22 26 
4 11 21 27 
3 13 23 27 
3 12 23 26 37 
3 13 21 28 51 
3 13 22 27 
3 13 23 27 51 
2 13 22 27 36 41 
3 13 22 27 
2 12 22 26 36 51 
2 12 21 26 
3 13 21 26 
1 11 21 
1 26 
2 12 21 
3 13 22 28 
3 13 22 28 41 
4 13 23 26 
4 13 23 26 36 
2 13 22 27 36 
1 11 
1 11 22 26 
3 12 23 26 51 
3 12 21 27 
3 12 21 28 
3 6 11 21 27 
2 13 22 27 
3 12 22 26 
2 13 23 28 
4 11 21 27 
2 13 21 28 
1 11 21 26 
3 12 22 27 51 
3 14 22 27 
3 12 22 26 36 46 
3 13 21 28 
2 12 22 28 
4 12 22 27 
3 12 21 28 41 46 
3 13 22 27 
4 13 22 27 
3 6 12 22 26 
4 13 22 27 36 41 46 
4 12 22 27 
4 12 22 27 
4 12 22 27 
4 12 23 26 
4 12 22 27 
2 12 27 
3 12 22 26 41 
4 12 22 28 
4 12 22 27 
2 11 22 26 36 
4 12 21 26 
2 12 27 
3 12 22 26 41 
4 12 22 28 
4 12 22 27 
4 11 23 27 36 
4 11 21 28 36 
4 11 22 27 
3 11 22 27 36 46 
3 11 22 26 
4 11 23 26 
4 11 22 27 
3 11 22 27 36 
4 11 21 28 
4 11 22 27 
3 11 22 26 
4 11 23 27 
2 11 21 26 
3 11 22 27 
4 11 22 27 41 
2 11 21 27 
4 11 22 28 
3 11 22 28 
5 11 24 27 
3 11 21 28 
4 11 23 26 
4 11 21 27 
4 11 22 27 37 
4 11 21 29 36 
3 11 21 28 36 51 
2 11 22 26 
2 11 22 28 56 
3 11 23 
2 11 21 27 66 
1 
3 11 22 27 66 
4 11 21 28 
4 11 21 28 
3 11 21 28 
3 11 22 27 
3 11 22 26 
3 11 23 27 
4 11 22 27 
3 11 22 26 
4 11 22 27 
4 11 22 27 36 66 
3 11 22 27 
3 11 22 27 46 
4 11 22 28 
3 11 21 27 
4 11 21 28 
4 11 21 29 41 
5 11 23 27 
4 11 21 29 
4 11 22 27 
3 11 22 27 36 
4 11 21 27 
4 11 22 27 
4 11 23 26 
4 11 23 27 
3 11 23 26 
3 11 22 28 
3 11 22 27 66 
4 11 23 26 
3 11 22 26 
4 11 22 27 
4 11 22 27 
3 11 22 27 
2 11 21 27 
21 27 
23 27 46 
22 27 46 
23 26 46 
21 28 46 
21 27 
21 27 
22 26 
22 27 
21 28 
22 26 
23 26 
22 27 
21 28 
21 26 
21 26 
22 26 
21 27 
22 27 
22 26 
22 27 
22 26 
22 
22 26 
3 11 22 26 34 
3 11 23 26 33 66 
3 11 29 34 66 
3 11 22 28 33 
2 11 23 29 34 66 
3 11 21 28 34 
3 11 23 26 33 
3 11 21 28 34 
2 11 22 28 34 66 
3 11 21 28 33 
3 11 23 27 33 
3 11 22 27 33 
3 11 22 27 34 
3 11 22 27 33 
3 11 23 26 33 
3 11 22 27 34 
3 11 22 28 34 
3 11 22 27 34 
3 11 21 28 33 
3 11 22 27 33 
3 6 22 27 
3 6 22 27 
3 6 22 27 
3 6 22 27 
3 6 22 27 
3 6 22 27 
3 6 21 28 
3 6 21 28 
3 6 22 26 
3 6 22 27 
3 6 21 28 
3 6 23 26 
3 6 22 27 
3 6 22 27 
3 6 23 26 67 
3 6 23 26 
6 
3 6 23 26 
3 6 22 27 66 
3 6 22 27 66 
3 6 21 28 
3 6 22 27 
2 6 21 27 
3 6 22 26 
3 6 21 28 
3 6 21 28 
3 6 22 27 
3 6 22 27 
3 6 22 27 
3 6 21 28 
3 6 22 27 
3 6 21 28 
3 6 22 27 
3 6 21 28 66 
3 6 22 27 66 
3 6 21 29 37 66 
3 6 22 27 
3 6 21 28 
3 6 22 27 
3 6 22 27 
3 6 16 21 26 
3 6 22 27 
3 6 22 27 
3 6 23 26 
3 6 22 27 66 
3 6 23 26 
3 6 21 28 
3 6 21 28 
3 6 22 27 
2 6 22 26 
3 6 16 22 26 
3 6 21 27 
3 6 16 22 26 
3 6 22 26 
3 6 21 28 
2 6 22 26 
3 6 21 28 
3 6 22 27 
3 6 22 28 36 
3 6 22 27 
3 6 22 27 36 66 
3 6 22 26 
3 6 22 27 
3 6 22 27 
3 6 22 28 
3 6 21 28 
3 6 21 28 
3 6 22 26 
3 6 22 27 
3 6 29 36 
3 6 22 27 36 66 
3 6 22 27 
3 6 23 26 
3 6 22 27 
3 6 21 28 
3 6 22 27 
3 6 21 28 
3 6 22 27 
3 6 23 27 36 
3 6 21 28 
3 6 22 27 
3 6 21 28 
3 6 22 27 
3 6 23 26 
3 6 21 28 
3 6 22 27 
3 6 21 28 
3 6 23 26 66 
3 6 23 27 36 
3 6 21 28 
3 6 22 27 
3 6 23 26 
3 6 21 28 
3 6 23 26 
3 6 22 27 
3 6 21 27 
3 6 21 27 
2 6 23 
3 6 22 27 
3 6 21 28 
3 6 23 26 36 66 
3 6 22 27 
3 6 22 27 
3 6 22 27 
3 6 22 27 
3 6 22 27 
3 6 22 27 66 
3 6 22 27 
3 6 22 27 66 
3 6 21 27 
3 6 23 26 
3 6 22 27 66 
3 6 22 27 66 
3 6 22 27 
3 6 23 26 67 
3 6 22 27 
3 6 21 28 
3 6 22 27 
3 6 21 27 
3 6 21 28 
6 21 27 
6 21 27 
6 21 27 
6 21 27 
6 21 27 
6 21 27 
6 21 27 
6 21 27 
6 21 27 
6 22 26 
6 22 26 
6 21 27 
6 22 26 
6 21 27 
6 16 21 26 
6 23 
6 21 27 
6 21 27 
6 22 26 
6 22 26 
6 23 
6 22 26 
6 21 27 
6 23 26 
6 22 27 
6 23 26 
6 21 28 
6 22 27 
6 22 27 
6 23 26 
6 23 26 
6 16 22 26 
6 23 
6 22 27 
6 22 
6 21 27 
6 21 27 
6 22 26 
6 27 
6 22 26 
6 22 26 
6 21 27 
6 21 27 
6 21 27 
6 21 27 
6 22 26 
6 22 26 
6 21 27 
6 22 26 
6 21 27 
6 21 27 
6 22 26 
6 22 26 
6 21 27 
6 21 27 
6 21 27 
6 22 26 
6 21 27 
6 22 26 
6 21 27 
6 21 27 
6 26 
6 21 26 
6 22 27 
6 21 28 
6 21 27 
6 22 27 
6 21 27 
6 21 27 
6 16 21 26 
6 21 27 
6 22 26 
6 21 27 
6 21 27 
6 21 27 
6 21 27 
6 22 26 
6 21 27 
6 22 26 
6 21 27 
6 22 26 
6 21 27 
6 21 27 
6 21 27 
6 22 26 
6 21 27 
6 22 26 
6 22 26 
6 21 27 
6 28 
6 21 27 
6 21 27 
6 22 26 
6 21 27 
6 22 26 
6 21 27 
6 23 
6 22 26 
6 21 27 
6 21 
6 21 27 
6 21 26 
6 21 27 
6 23 
6 22 26 
6 21 27 
6 21 27 
6 22 26 
6 21 27 
6 22 26 
6 23 
6 21 27 
6 21 27 
6 21 27 
6 21 27 
6 22 26 
6 21 27 
6 22 26 
6 22 26 
6 22 26 
6 22 26 
6 22 26 
6 22 26 
6 22 26 
6 22 26 
6 27 
6 21 27 
6 21 27 
6 16 21 26 
6 21 27 
6 22 26 
6 21 27 
6 21 27 
6 21 27 
6 22 26 
6 21 27 
6 22 27 
6 22 27 
6 21 27 
6 23 26 
6 22 27 
6 22 27 
6 21 28 
6 21 27 
6 22 27 
6 23 26 
6 23 26 
6 22 27 
6 21 27 
6 22 27 
6 21 28 
6 22 27 
6 22 26 
6 16 21 27 
6 22 27 
6 21 27 
6 23 26 
6 22 27 
6 21 28 
6 16 21 27 
6 22 27 
6 23 26 
6 21 27 
6 22 27 
6 22 27 
6 23 26 
28 
21 
22 27 
23 27 
29 
22 27 
22 27 
22 27 
16 29 
23 26 
22 27 
23 26 
21 27 
21 
2 7 27 
2 7 21 26 
2 7 22 
2 7 27 
2 7 21 
2 7 21 26 
2 7 21 
2 7 21 
2 7 21 26 
2 7 27 
1 6 21 
6 
6 
6 
2 7 27 
2 7 21 26 
2 7 22 
2 7 27 
2 7 21 
2 7 27 
2 7 22 
2 7 21 26 
1 7 21 26 
2 7 27 
2 7 21 26 
2 7 21 26 
2 7 21 26 
2 7 21 26 
2 7 22 
2 7 21 26 
2 7 21 26 
2 7 21 26 
2 7 22 
2 7 26 
2 7 21 26 
2 7 27 
2 7 22 
2 7 21 26 
2 7 21 26 
2 7 21 26 
2 7 22 
2 7 21 26 
2 7 27 
2 7 22 
2 7 21 26 
2 7 21 26 
1 7 21 26 
2 7 26 
2 7 21 26 
2 7 22 
2 7 21 26 
2 7 21 26 
3 7 26 
2 7 21 26 
2 7 21 26 
2 7 22 
2 7 27 
2 7 21 26 
2 7 21 26 
2 7 21 26 
2 7 21 26 
2 7 21 26 
2 6 22 
3 6 21 26 
2 6 21 26 
3 6 22 26 
4 6 22 26 
3 6 21 26 
2 6 21 26 
2 6 21 27 
3 6 22 27 66 
3 6 22 27 66 
3 7 27 66 
3 6 22 66 
3 6 22 27 66 
3 6 21 26 
4 6 22 67 
3 6 21 26 
3 6 26 
3 6 21 27 
3 6 26 
3 6 22 26 66 
3 6 22 26 
3 6 21 26 
3 6 21 27 
3 6 21 27 66 
3 6 21 26 
2 6 28 
3 6 22 
3 6 21 26 
3 6 21 26 
3 6 21 26 
3 6 22 
3 6 21 26 
2 6 21 28 
2 6 22 26 
3 6 21 27 66 
3 6 22 26 
3 6 21 27 
3 7 27 
3 6 22 26 
3 6 28 66 
3 6 21 26 66 
3 6 21 28 
2 6 22 26 66 
3 6 22 27 
2 6 21 
3 6 22 27 66 
3 6 23 26 
3 6 22 27 66 
2 6 23 26 
3 6 22 27 
3 6 22 27 
3 6 22 27 68 
3 6 22 27 66 
2 6 16 21 27 
3 6 22 28 
3 6 21 28 
2 6 22 26 
3 6 23 
3 6 21 27 
2 6 21 27 66 
3 6 22 26 66 
3 6 22 26 
3 6 22 27 
3 6 23 26 
3 6 21 26 
3 6 21 28 66 
3 6 21 27 66 
3 6 21 26 66 
3 6 22 26 66 
3 6 21 27 
4 6 23 26 
3 6 21 28 
3 6 22 27 66 
3 6 22 26 66 
4 6 22 26 66 
4 6 21 27 
3 6 21 26 66 
2 6 22 27 67 
2 6 21 27 66 
3 6 21 28 66 
3 6 22 27 
3 6 27 66 
2 6 23 26 
3 7 21 26 
2 6 21 26 66 
3 6 21 27 66 
3 6 23 26 
3 6 23 66 
3 6 21 27 66 
3 6 22 
3 6 22 26 
3 6 27 66 
3 6 21 26 
3 6 21 26 
3 6 22 26 66 
3 6 21 27 
3 6 26 
2 6 22 26 
3 6 22 
3 6 21 28 
3 6 22 26 
2 6 22 27 
3 6 21 27 66 
3 6 22 27 66 
1 6 22 
3 6 26 
2 6 28 66 
3 6 21 26 66 
3 6 22 66 
3 6 26 
3 6 21 26 
3 6 21 66 
1 6 21 
3 6 26 
3 6 21 26 
3 6 21 66 
3 6 27 66 
4 6 22 66 
2 6 26 
3 6 21 26 
3 6 21 27 
3 6 27 
3 6 21 
3 6 26 66 
3 6 21 
2 6 21 27 
4 6 23 26 
3 6 21 27 
2 6 22 26 
3 6 21 26 
2 6 21 26 
3 6 21 26 
3 6 21 27 
2 6 21 27 66 
3 6 21 27 
1 6 26 
4 21 27 
4 22 27 
3 21 27 
4 22 27 
4 21 28 
4 23 26 
4 22 27 
4 23 26 
4 22 27 
4 22 27 
4 23 26 
4 22 27 
4 23 26 
4 22 27 
4 21 28 
4 23 26 
3 6 21 28 
4 6 22 27 
4 22 27 
4 22 27 
4 21 28 
4 22 
4 22 27 
4 22 27 
4 23 26 
4 21 26 
4 27 
4 26 
4 22 26 
4 22 
4 22 27 
4 23 26 
4 23 26 
4 23 26 
4 22 27 
4 22 27 
4 21 28 
4 23 26 
4 21 28 
4 22 27 
4 21 28 
4 22 27 
4 21 28 
4 22 27 
3 22 26 
4 23 26 
4 23 26 
4 22 27 
4 22 27 
4 21 28 
4 22 27 
4 21 28 
4 22 27 
4 23 26 
4 23 26 
4 22 27 
4 22 27 
4 22 27 
4 23 26 
4 22 27 
4 23 26 
4 22 27 
4 22 27 
4 22 27 
4 21 28 
4 22 27 
4 21 28 
4 22 27 
4 22 27 
4 23 26 
3 6 22 27 
4 21 28 
4 23 26 
4 21 28 
4 21 28 
4 22 27 
4 21 27 
4 22 26 
4 23 26 
4 21 28 
4 23 26 
4 22 27 
4 23 26 
4 22 27 
4 23 26 
4 23 26 
4 22 27 
4 22 27 
4 22 27 
4 21 28 
4 22 27 
4 22 27 
4 22 27 
4 22 27 
4 22 27 
2 21 26 
1 12 22 27 
2 12 22 28 36 
2 12 21 29 
2 12 23 27 
2 12 22 28 
2 12 22 28 
1 12 22 27 
1 12 22 27 
1 11 21 26 
3 12 21 28 37 
1 11 27 
1 12 23 26 67 
1 12 21 27 
2 12 21 28 36 
1 12 22 27 
2 12 21 27 
1 11 16 21 26 
1 11 23 26 36 
2 12 21 27 
2 12 21 28 36 
1 12 21 28 
2 12 22 27 36 
1 12 21 27 
2 12 22 27 
2 12 21 28 
1 12 22 27 
2 12 22 27 63 
1 12 22 26 
1 12 21 27 
1 12 22 27 
2 12 21 27 
2 12 22 28 66 
1 12 23 26 36 
2 12 21 28 
1 12 23 26 61 
2 12 21 28 
2 12 23 37 
2 12 21 27 
1 6 11 21 28 
11 26 
2 12 21 27 
2 12 22 28 66 
1 12 23 26 36 
2 12 21 28 
1 12 23 26 61 
2 12 21 28 
2 12 23 37 
2 12 21 27 
1 6 11 22 28 
1 7 22 27 
1 7 21 27 
2 7 23 27 36 
2 7 23 26 
2 7 22 28 37 
2 7 22 30 
2 7 21 28 
2 7 21 28 
2 7 22 27 
2 7 21 27 
2 7 16 21 27 
2 7 23 26 
2 7 21 27 
2 7 21 27 
1 7 22 27 
2 7 21 27 
2 7 21 29 
2 7 22 27 
2 7 22 26 
2 7 22 26 
2 7 22 27 
2 7 22 27 
2 7 21 28 
2 7 22 27 
2 7 23 26 
2 7 22 27 
2 7 21 27 
2 7 22 26 
1 6 21 
1 6 26 
2 7 22 28 37 
2 7 22 30 
2 7 21 28 
2 7 21 28 
2 7 22 27 
2 7 21 27 
2 7 16 21 27 
2 7 23 26 
2 7 21 27 
2 7 21 27 
1 7 22 27 
2 7 21 27 
2 7 21 29 
2 7 22 27 
2 7 22 26 
2 7 22 26 
2 7 22 27 
2 7 22 27 
2 7 21 28 
2 7 22 27 
2 7 23 26 
2 7 22 27 
2 7 21 27 
2 7 22 26 
1 6 21 26 
1 6 22 27 
1 7 22 27 
1 6 22 27 
2 7 22 26 
2 7 22 26 
2 7 22 27 
1 7 22 27 
2 7 22 27 
1 6 27 
2 7 22 26 
1 7 23 26 
2 7 22 26 
2 7 22 26 
1 6 23 27 
2 7 21 27 
2 6 21 
2 6 21 27 
3 6 16 21 26 
3 6 22 26 
3 6 21 27 
4 6 22 27 
3 6 21 27 
1 6 26 
3 6 22 26 
3 6 22 27 
3 6 21 28 
3 6 22 27 
3 6 22 27 
