2 6 22 
3 6 21 26 
2 6 21 26 
3 6 22 26 
4 6 22 26 
3 6 21 26 
2 6 21 26 
2 6 21 27 
3 6 22 27 66 
3 6 22 27 66 
3 7 27 66 
3 6 22 66 
3 6 22 27 66 
3 6 21 26 
4 6 22 67 
3 6 21 26 
3 6 26 
3 6 21 27 
3 6 26 
3 6 22 26 66 
3 6 22 26 
3 6 21 26 
3 6 21 27 
3 6 21 27 66 
3 6 21 26 
2 6 28 
3 6 22 
3 6 21 26 
3 6 21 26 
3 6 21 26 
3 6 22 
3 6 21 26 
2 6 21 28 
2 6 22 26 
3 6 21 27 66 
3 6 22 26 
3 6 21 27 
3 7 27 
3 6 22 26 
3 6 28 66 
3 6 21 26 66 
3 6 21 28 
2 6 22 26 66 
3 6 22 27 
2 6 21 
3 6 22 27 66 
3 6 23 26 
3 6 22 27 66 
2 6 23 26 
3 6 22 27 
3 6 22 27 
3 6 22 27 68 
3 6 22 27 66 
2 6 16 21 27 
3 6 22 28 
3 6 21 28 
2 6 22 26 
3 6 23 
3 6 21 27 
2 6 21 27 66 
3 6 22 26 66 
3 6 22 26 
3 6 22 27 
3 6 23 26 
3 6 21 26 
3 6 21 28 66 
3 6 21 27 66 
3 6 21 26 66 
3 6 22 26 66 
3 6 21 27 
4 6 23 26 
3 6 21 28 
3 6 22 27 66 
3 6 22 26 66 
4 6 22 26 66 
4 6 21 27 
3 6 21 26 66 
2 6 22 27 67 
2 6 21 27 66 
3 6 21 28 66 
3 6 22 27 
3 6 27 66 
2 6 23 26 
3 7 21 26 
2 6 21 26 66 
3 6 21 27 66 
3 6 23 26 
3 6 23 66 
3 6 21 27 66 
3 6 22 
3 6 22 26 
3 6 27 66 
3 6 21 26 
3 6 21 26 
3 6 22 26 66 
3 6 21 27 
3 6 26 
2 6 22 26 
3 6 22 
3 6 21 28 
3 6 22 26 
2 6 22 27 
3 6 21 27 66 
3 6 22 27 66 
1 6 22 
3 6 26 
2 6 28 66 
3 6 21 26 66 
3 6 22 66 
3 6 26 
3 6 21 26 
3 6 21 66 
1 6 21 
3 6 26 
3 6 21 26 
3 6 21 66 
3 6 27 66 
4 6 22 66 
2 6 26 
3 6 21 26 
3 6 21 27 
3 6 27 
3 6 21 
3 6 26 66 
3 6 21 
2 6 21 27 
4 6 23 26 
3 6 21 27 
2 6 22 26 
3 6 21 26 
2 6 21 26 
3 6 21 26 
3 6 21 27 
2 6 21 27 66 
3 6 21 27 
1 6 26 
4 21 27 
4 22 27 
3 21 27 
4 22 27 
4 21 28 
4 23 26 
4 22 27 
4 23 26 
4 22 27 
4 22 27 
4 23 26 
4 22 27 
4 23 26 
4 22 27 
4 21 28 
4 23 26 
3 6 21 28 
4 6 22 27 
4 22 27 
4 22 27 
4 21 28 
4 22 
4 22 27 
4 22 27 
4 23 26 
4 21 26 
4 27 
4 26 
4 22 26 
4 22 
4 22 27 
4 23 26 
4 23 26 
4 23 26 
4 22 27 
4 22 27 
4 21 28 
4 23 26 
4 21 28 
4 22 27 
4 21 28 
4 22 27 
4 21 28 
4 22 27 
3 22 26 
4 23 26 
4 23 26 
4 22 27 
4 22 27 
4 21 28 
4 22 27 
4 21 28 
4 22 27 
4 23 26 
4 23 26 
4 22 27 
4 22 27 
4 22 27 
4 23 26 
4 22 27 
4 23 26 
4 22 27 
4 22 27 
4 22 27 
4 21 28 
4 22 27 
4 21 28 
4 22 27 
4 22 27 
4 23 26 
3 6 22 27 
4 21 28 
4 23 26 
4 21 28 
4 21 28 
4 22 27 
4 21 27 
4 22 26 
4 23 26 
4 21 28 
4 23 26 
4 22 27 
4 23 26 
4 22 27 
4 23 26 
4 23 26 
4 22 27 
4 22 27 
4 22 27 
4 21 28 
4 22 27 
4 22 27 
4 22 27 
4 22 27 
4 22 27 
2 21 26 
1 12 22 27 
2 12 22 28 36 
2 12 21 29 
2 12 23 27 
2 12 22 28 
2 12 22 28 
1 12 22 27 
1 12 22 27 
1 11 21 26 
3 12 21 28 37 
1 11 27 
1 12 23 26 67 
1 12 21 27 
2 12 21 28 36 
1 12 22 27 
2 12 21 27 
1 11 16 21 26 
1 11 23 26 36 
2 12 21 27 
2 12 21 28 36 
1 12 21 28 
2 12 22 27 36 
1 12 21 27 
2 12 22 27 
2 12 21 28 
1 12 22 27 
2 12 22 27 63 
1 12 22 26 
1 12 21 27 
1 12 22 27 
2 12 21 27 
2 12 22 28 66 
1 12 23 26 36 
2 12 21 28 
1 12 23 26 61 
2 12 21 28 
2 12 23 37 
2 12 21 27 
1 6 11 21 28 
11 26 
2 12 21 27 
2 12 22 28 66 
1 12 23 26 36 
2 12 21 28 
1 12 23 26 61 
2 12 21 28 
2 12 23 37 
2 12 21 27 
1 6 11 22 28 
1 7 22 27 
1 7 21 27 
2 7 23 27 36 
2 7 23 26 
2 7 22 28 37 
2 7 22 30 
2 7 21 28 
2 7 21 28 
2 7 22 27 
2 7 21 27 
2 7 16 21 27 
2 7 23 26 
2 7 21 27 
2 7 21 27 
1 7 22 27 
2 7 21 27 
2 7 21 29 
2 7 22 27 
2 7 22 26 
2 7 22 26 
2 7 22 27 
2 7 22 27 
2 7 21 28 
2 7 22 27 
2 7 23 26 
2 7 22 27 
2 7 21 27 
2 7 22 26 
1 6 21 
1 6 26 
2 7 22 28 37 
2 7 22 30 
2 7 21 28 
2 7 21 28 
2 7 22 27 
2 7 21 27 
2 7 16 21 27 
2 7 23 26 
2 7 21 27 
2 7 21 27 
1 7 22 27 
2 7 21 27 
2 7 21 29 
2 7 22 27 
2 7 22 26 
2 7 22 26 
2 7 22 27 
2 7 22 27 
2 7 21 28 
2 7 22 27 
2 7 23 26 
2 7 22 27 
2 7 21 27 
2 7 22 26 
1 6 21 26 
1 6 22 27 
1 7 22 27 
1 6 22 27 
2 7 22 26 
2 7 22 26 
2 7 22 27 
1 7 22 27 
2 7 22 27 
1 6 27 
2 7 22 26 
1 7 23 26 
2 7 22 26 
2 7 22 26 
1 6 23 27 
2 7 21 27 
2 6 21 
2 6 21 27 
3 6 16 21 26 
3 6 22 26 
3 6 21 27 
4 6 22 27 
3 6 21 27 
1 6 26 
3 6 22 26 
3 6 22 27 
3 6 21 28 
3 6 22 27 
3 6 22 27 
