-0.5081327481546147 -0.9851844583987441 
-0.5650382096671698 -0.9785185053042196 
-0.0 -1.0 
-0.6299549154968892 -0.9455211455211456 
-0.7425868755173398 -0.9326508808651667 
-0.5031849709985139 -0.9868437118437119 
-0.5005605409330028 -0.9892482517482517 
-0.5013140868853756 -0.9881673881673881 
-0.5227579585747102 -0.983042255363684 
-0.5401471907668891 -0.9805402930402931 
-0.5455206901895745 -0.9800824175824177 
-0.5001086248440816 -0.9909079016221873 
-0.5581161145103294 -0.9800748701847602 
-0.6042750794713536 -0.9666841095412524 
-0.7539474411291538 -0.9113062532705389 
-0.6268330867223856 -0.9555228501657074 
-0.5002446785556427 -0.9901476728399805 
-0.6020466130909611 -0.975965700965701 
-0.6586337560083495 -0.9378532182103612 
