-0.0 -1.0 
-0.6020466130909611 -0.973706154956155 
-0.5081327481546147 -0.9851844583987441 
-0.6268330867223856 -0.9705815018315018 
-0.5005605409330028 -0.9892482517482517 
-0.5013140868853756 -0.9881673881673881 
-0.5031849709985139 -0.9868437118437119 
-0.5002446785556427 -0.9901476728399805 
-0.5227579585747102 -0.983042255363684 
-0.5001086248440816 -0.9909079016221873 
-0.5526636442030195 -0.9782176157176157 
-0.8298265333662435 -0.837097723704866 
-0.5856212004886759 -0.977947052947053 
-0.5455206901895745 -0.9800824175824177 
-0.8265168183793801 -0.916301456480028 
-0.7539474411291538 -0.9306514913657772 
-0.668740304976422 -0.9666841095412524 
