-0.0 -1.0 
-0.5031849709985139 -0.9868437118437119 
-0.5738820411172648 -0.9788720894490125 
-0.5013140868853756 -0.9881673881673881 
-0.5227579585747102 -0.983042255363684 
-0.5005605409330028 -0.9892482517482517 
-0.5002446785556427 -0.9901476728399805 
-0.5081327481546147 -0.9851844583987441 
-0.8298265333662435 -0.8582057823129248 
-0.5000488543689853 -0.9915589904600893 
-0.5001086248440816 -0.9909079016221873 
-0.7539474411291538 -0.9424483254840398 
-0.6020466130909611 -0.975965700965701 
-0.6268330867223856 -0.9731913919413919 
-0.5359390920843539 -0.9810308738880168 
-0.5401471907668891 -0.9799797272324745 
-0.668740304976422 -0.9696875545089831 
-0.7598356856515925 -0.867837519623234 
-0.5856212004886759 -0.9782176157176157 
