-0.5227579585747102 -0.983042255363684 
-0.0 -1.0 
-0.5081327481546147 -0.9851844583987441 
-0.5031849709985139 -0.9868437118437119 
-0.5013140868853756 -0.9881673881673881 
-0.8298265333662435 -0.8360347985347982 
-0.7598356856515925 -0.8693419675562535 
-0.5005605409330028 -0.9892482517482517 
-0.7425868755173398 -0.9326508808651667 
-0.668740304976422 -0.9696875545089831 
-0.5000488543689853 -0.9906170752324598 
-0.5627060368117017 -0.975965700965701 
-0.5526636442030195 -0.9782176157176157 
-0.5002446785556427 -0.9901476728399805 
-0.5455206901895745 -0.9782512359435437 
-0.5856212004886759 -0.975403762903763 
-0.5359390920843539 -0.9823733043513263 
-0.7539474411291538 -0.9298665620094193 
-0.5001086248440816 -0.9902890150142898 
