-0.0 -1.0 
-0.5031849709985139 -0.9868437118437119 
-0.5005605409330028 -0.9892482517482517 
-0.5227579585747102 -0.983042255363684 
-0.5013140868853756 -0.9881673881673881 
-0.5081327481546147 -0.9851844583987441 
-0.7539474411291538 -0.961587519623234 
-0.6299549154968892 -0.9646839271839271 
-0.6020466130909611 -0.9723609723609724 
-0.5002446785556427 -0.9901476728399805 
-0.5738820411172648 -0.9771222367376213 
-0.6268330867223856 -0.9703983516483516 
-0.8939035350965676 -0.8056155154369444 
-0.5650382096671698 -0.9816522762951334 
-0.5001086248440816 -0.9909079016221873 
-0.7598356856515925 -0.8627681841967554 
