-0.5013140868853756 -0.9881673881673881 
-0.0 -1.0 
-0.5001086248440816 -0.9909079016221873 
-0.5081327481546147 -0.9851844583987441 
-0.5031849709985139 -0.9868437118437119 
-0.5227579585747102 -0.983042255363684 
-0.5000488543689853 -0.9911302982731554 
-0.7539474411291538 -0.9651197017268446 
-0.6020466130909611 -0.975965700965701 
-0.6268330867223856 -0.9731913919413919 
-0.5005605409330028 -0.9892482517482517 
-0.5856212004886759 -0.9761946386946387 
-0.668740304976422 -0.967812445491017 
-0.8939035350965676 -0.8198717948717946 
-0.5359390920843539 -0.98119993559554 
-0.7598356856515925 -0.8693419675562535 
-0.5455206901895745 -0.9800824175824177 
-0.5002446785556427 -0.9901476728399805 
-0.5526636442030195 -0.9782176157176157 
