-0.0 -1.0 
-0.5081327481546147 -0.9851844583987441 
-0.5013140868853756 -0.9881673881673881 
-0.5031849709985139 -0.9868437118437119 
-0.5002446785556427 -0.9901476728399805 
-0.5227579585747102 -0.983042255363684 
-0.7539474411291538 -0.9213271847200419 
-0.5738820411172648 -0.978002766464305 
-0.5005605409330028 -0.9892482517482517 
-0.6268330867223856 -0.9731913919413919 
-0.8128421169901086 -0.8507075266003834 
-0.5455206901895745 -0.9800824175824177 
-0.5001086248440816 -0.9909079016221873 
-0.5650382096671698 -0.9799465644245864 
-0.668740304976422 -0.9666841095412524 
-0.7626857965615017 -0.9199393860108145 
