-0.0 -1.0 
-0.5031849709985139 -0.9868437118437119 
-0.5227579585747102 -0.983042255363684 
-0.5013140868853756 -0.9881673881673881 
-0.5081327481546147 -0.9851844583987441 
-0.5856212004886759 -0.9770313020313021 
-0.5000488543689853 -0.9915589904600893 
-0.5002446785556427 -0.9901476728399805 
-0.5001086248440816 -0.9909079016221873 
-0.5325441891811845 -0.9816195709052852 
-0.668740304976422 -0.9666841095412524 
-0.5005605409330028 -0.9892482517482517 
-0.8128421169901086 -0.7894263474620614 
-0.6020466130909611 -0.9746669996669997 
-0.6042750794713536 -0.9696875545089831 
-0.5526636442030195 -0.9782176157176157 
-0.5455206901895745 -0.9788720894490125 
-0.7186082239261684 -0.9309534711320426 
-0.5401471907668891 -0.9814258543654149 
-0.7539474411291538 -0.8701138147566713 
