-0.0 -1.0 
-0.5001086248440816 -0.9907116692830978 
-0.5000488543689853 -0.9909471480900052 
-0.5081327481546147 -0.9851844583987441 
-0.6020466130909611 -0.975965700965701 
-0.5031849709985139 -0.9868437118437119 
-0.668740304976422 -0.9696875545089831 
-0.5005605409330028 -0.9892482517482517 
-0.5227579585747102 -0.983042255363684 
-0.8298265333662435 -0.8336800104657245 
-0.5013140868853756 -0.9881673881673881 
-0.5856212004886759 -0.9761530136530137 
-0.5650382096671698 -0.9797201424948678 
-0.5000222005154896 -0.9912414965986395 
-0.7539474411291538 -0.961587519623234 
-0.552540283967241 -0.9810722587851709 
-0.5002446785556427 -0.9901476728399805 
