-0.0 -1.0 
-0.5000488543689853 -0.9915589904600893 
-0.5002446785556427 -0.9901476728399805 
-0.5031849709985139 -0.9868437118437119 
-0.5081327481546147 -0.9851844583987441 
-0.5227579585747102 -0.983042255363684 
-0.7539474411291538 -0.8997874149659861 
-0.668740304976422 -0.9376929618001048 
-0.5013140868853756 -0.9881673881673881 
-0.5005605409330028 -0.9892482517482517 
-0.6268330867223856 -0.9731913919413919 
-0.5650382096671698 -0.9816522762951334 
-0.6586337560083495 -0.9407051282051283 
-0.5738820411172648 -0.9800824175824177 
-0.5856212004886759 -0.9770313020313021 
-0.7626857965615017 -0.8104613640327922 
-0.6316161706757121 -0.9425539738039737 
-0.5001086248440816 -0.9909079016221873 
-0.7598356856515925 -0.8689386010814583 
