-0.0 -1.0 
-0.5581161145103294 -0.982992190959224 
-0.5227579585747102 -0.983042255363684 
-0.6042750794713536 -0.9696875545089831 
-0.668740304976422 -0.95099642421071 
-0.5013140868853756 -0.9881673881673881 
-0.5031849709985139 -0.9868437118437119 
-0.5005605409330028 -0.9892482517482517 
-0.5081327481546147 -0.9851844583987441 
-0.5002446785556427 -0.9901476728399805 
-0.5738820411172648 -0.9792531186761956 
-0.5856212004886759 -0.9782176157176157 
-0.6020466130909611 -0.975965700965701 
-0.5000488543689853 -0.9906170752324598 
-0.5000222005154896 -0.9915734563055991 
-0.6586337560083495 -0.961587519623234 
-0.7539474411291538 -0.9134288330716902 
