-0.0 -1.0 
-0.5081327481546147 -0.9851844583987441 
-0.5031849709985139 -0.9868437118437119 
-0.5001086248440816 -0.9900173086986274 
-0.6020466130909611 -0.975965700965701 
-0.5227579585747102 -0.983042255363684 
-0.5013140868853756 -0.9881673881673881 
-0.5005605409330028 -0.9892482517482517 
-0.5738820411172648 -0.9800824175824177 
-0.5002446785556427 -0.98992673992674 
-0.7539474411291538 -0.9651197017268446 
-0.6268330867223856 -0.9706327402755974 
-0.8298265333662435 -0.8678702250130819 
-0.7952707287670506 -0.8742859323216466 
-0.668740304976422 -0.9665205825920111 
