7.929872021097627E-4
0.001354581089794479
0.0010143980698309506
0.0015782261710631938
0.0012059868114493596
0.00121182163248117
0.001142919743237017
8.078859280755697E-4
0.0014050104951891023
0.0010586390353017128
0.001422001621374441
0.0014176127548961122
0.0012059494797752868
0.0014235275523551134
0.0013905351838089087
0.0010295593745383211
7.838159851131669E-4
0.0011784958001683624
0.0015236797100135798
0.0014099969657965692
8.071366006005587E-4
0.001361091040423569
0.0010854394481670286
0.0014525594772968602
0.0014009695115866517
0.0012046969872719286
0.0010928604163873326
0.0013591431965069183
0.0012602922461688961
0.0013340717811245978
