4 8 6 5 15 7 29 
1 4 11 13 16 24 29 
1 4 11 13 16 24 29 
6 4 5 7 8 15 29 
1 4 5 11 13 16 29 
1 4 5 11 13 16 29 
5 4 9 11 14 16 29 
5 4 9 11 14 16 29 
6 4 5 7 11 15 29 
4 8 7 5 10 15 29 
4 6 8 5 11 7 29 
5 4 11 7 15 8 29 
5 4 9 11 10 14 29 
5 4 9 11 14 13 29 
6 4 5 10 7 14 29 
5 4 9 11 14 13 29 
4 6 5 9 11 15 29 
6 4 5 10 14 16 29 
6 4 5 11 14 7 29 
6 4 5 10 14 16 29 
6 4 5 7 11 15 29 
6 4 5 10 11 14 29 
6 4 5 11 14 16 29 
6 4 5 11 14 16 29 
6 4 5 11 14 7 29 
8 4 5 11 15 7 29 
5 4 6 8 11 7 29 
5 4 9 11 10 14 29 
4 8 5 10 15 7 29 
6 4 5 10 14 7 29 
6 4 5 11 14 15 29 
6 4 5 10 15 14 29 
6 4 5 10 15 14 29 
6 4 5 9 11 14 29 
6 4 5 10 11 15 29 
6 4 5 11 15 9 29 
5 4 11 7 9 14 29 
6 4 5 11 14 15 29 
5 4 9 7 11 14 29 
6 4 5 11 10 15 29 
6 4 5 11 9 14 29 
6 4 5 11 10 14 29 
1 4 11 13 16 24 29 
6 4 8 5 15 7 29 
1 4 5 11 13 16 29 
5 4 9 11 14 16 29 
5 4 9 11 14 13 29 
6 4 5 10 14 16 29 
6 4 5 7 11 15 29 
6 4 5 11 14 16 29 
6 4 5 11 14 7 29 
8 4 5 11 7 15 29 
5 4 6 8 11 7 29 
5 4 9 11 10 14 29 
8 4 5 7 10 15 29 
6 4 5 10 7 14 29 
6 4 5 10 15 14 29 
6 4 5 11 9 15 29 
6 4 5 11 14 15 29 
7 4 5 9 11 14 29 
6 4 5 10 11 15 29 
6 4 5 9 11 14 29 
6 4 5 11 10 14 29 
1 4 11 13 16 24 29 
6 4 8 5 15 7 29 
1 4 5 11 13 16 29 
5 4 9 11 14 16 29 
5 4 9 11 14 13 29 
6 4 5 10 14 16 29 
6 4 5 11 7 15 29 
6 4 5 11 14 16 29 
6 4 5 11 14 7 29 
8 4 5 11 7 15 29 
4 8 6 7 5 11 29 
5 4 9 11 10 14 29 
8 4 5 7 10 15 29 
6 4 5 10 7 14 29 
6 4 5 10 14 15 29 
6 4 5 9 11 15 29 
6 4 5 11 15 14 29 
5 4 9 7 11 14 29 
6 4 5 10 11 15 29 
6 4 5 9 11 14 29 
6 4 5 10 11 14 29 
6 4 5 7 8 15 29 
1 4 11 13 16 24 29 
1 4 5 11 13 16 29 
5 4 9 11 14 16 29 
5 4 9 11 14 13 29 
6 4 5 10 14 16 29 
6 4 5 11 7 15 29 
6 4 5 11 14 16 29 
6 4 5 11 14 7 29 
7 4 5 11 15 8 29 
4 6 8 5 11 7 29 
5 4 9 11 10 14 29 
8 4 5 7 10 15 29 
6 4 5 10 7 14 29 
6 4 5 10 15 14 29 
6 4 5 9 11 15 29 
