8 5 7 4 6 15 29 
7 4 6 5 11 15 29 
1 5 4 11 9 13 29 
4 7 6 8 5 11 29 
6 5 4 11 14 16 29 
6 4 5 10 11 14 29 
4 5 7 6 10 14 29 
8 5 4 11 15 7 29 
1 4 5 11 14 16 29 
4 7 6 5 11 14 29 
7 5 4 11 14 16 29 
1 4 5 6 9 13 29 
6 5 4 11 15 14 29 
4 5 6 10 14 15 29 
1 5 4 11 9 14 29 
6 4 5 11 10 15 29 
7 5 4 11 9 14 29 
6 5 4 11 9 14 29 
1 5 4 6 10 14 29 
6 4 5 11 9 15 29 
1 4 5 9 14 16 29 
1 4 5 9 14 16 29 
1 4 5 9 14 16 29 
1 5 4 9 14 16 29 
1 4 5 9 14 16 29 
1 5 4 9 14 16 29 
1 4 5 9 14 16 29 
1 4 5 9 14 16 29 
1 4 5 9 14 16 29 
1 4 5 9 14 16 29 
1 4 5 9 14 16 29 
1 4 5 9 14 16 29 
1 4 5 9 14 16 29 
1 4 5 9 14 16 29 
1 4 5 9 14 16 29 
1 4 5 9 14 16 29 
1 4 5 9 14 16 29 
1 4 5 9 14 16 29 
1 4 5 9 14 16 29 
1 4 5 9 14 16 29 
1 5 4 9 14 16 29 
1 4 5 9 14 16 29 
1 4 5 9 14 16 29 
1 5 4 9 14 16 29 
1 4 5 9 14 16 29 
1 5 4 9 14 16 29 
1 4 5 9 14 16 29 
1 4 5 9 14 16 29 
1 5 4 9 14 16 29 
1 5 4 9 14 16 29 
1 4 5 9 14 16 29 
1 4 5 9 14 16 29 
1 5 4 9 14 16 29 
1 4 5 9 14 16 29 
1 4 5 9 14 16 29 
1 4 5 9 14 16 29 
1 5 4 9 14 16 29 
1 5 4 9 14 16 29 
1 5 4 9 14 16 29 
1 5 4 9 14 16 29 
1 4 5 9 14 16 29 
1 5 4 9 14 16 29 
1 5 4 9 14 16 29 
1 4 5 9 14 16 29 
1 4 5 9 14 16 29 
1 4 5 9 14 16 29 
1 5 4 9 14 16 29 
1 5 4 9 14 16 29 
1 4 5 9 14 16 29 
1 4 5 9 14 16 29 
1 4 5 9 14 16 29 
1 4 5 9 14 16 29 
1 4 5 9 14 16 29 
1 4 5 9 14 16 29 
1 4 5 9 14 16 29 
1 4 5 9 14 16 29 
1 5 4 9 14 16 29 
1 4 5 9 14 16 29 
1 4 5 9 14 16 29 
1 4 5 9 14 16 29 
1 5 4 9 14 16 29 
1 4 5 9 14 16 29 
1 5 4 9 14 16 29 
1 4 5 9 14 16 29 
1 5 4 9 14 16 29 
1 4 5 9 14 16 29 
1 5 4 9 14 16 29 
1 5 4 9 14 16 29 
1 4 5 9 14 16 29 
1 4 5 9 14 16 29 
1 4 5 9 14 16 29 
1 5 4 9 14 16 29 
1 4 5 9 14 16 29 
1 4 5 9 14 16 29 
1 5 4 9 14 16 29 
1 4 5 9 14 16 29 
1 5 4 9 14 16 29 
1 4 5 9 14 16 29 
1 5 4 9 14 16 29 
1 4 5 9 14 16 29 
