4 5 9 11 14 13 29 
4 5 9 11 13 14 29 
4 5 11 9 14 13 29 
4 5 9 11 14 16 29 
4 5 11 9 14 16 29 
4 5 9 11 14 16 29 
4 5 11 9 14 16 29 
4 5 6 10 14 16 29 
4 5 11 9 14 16 29 
4 5 9 10 11 14 29 
4 5 9 10 11 14 29 
4 5 9 10 11 14 29 
4 5 6 10 14 15 29 
4 5 9 10 11 14 29 
4 7 5 11 9 14 29 
7 4 5 11 9 14 29 
4 7 5 11 9 14 29 
4 6 5 10 14 16 29 
4 5 6 10 14 16 29 
4 6 5 11 15 14 29 
4 6 5 11 15 14 29 
4 6 5 11 15 14 29 
6 5 4 11 14 16 29 
4 5 6 10 14 16 29 
4 7 5 11 9 14 29 
4 6 5 11 15 14 29 
4 6 5 11 14 16 29 
4 6 5 11 14 16 29 
4 6 5 11 15 14 29 
4 6 5 11 14 16 29 
6 5 4 11 14 16 29 
4 5 10 11 9 14 29 
6 5 4 11 15 16 29 
4 5 6 10 14 16 29 
4 6 5 11 15 16 29 
4 6 5 11 15 16 29 
4 6 5 11 10 15 29 
4 6 5 10 11 15 29 
7 4 5 11 9 14 29 
4 6 5 11 15 16 29 
4 6 5 10 11 15 29 
1 4 5 9 14 16 29 
1 4 5 9 14 16 29 
4 6 5 11 10 15 29 
1 4 5 9 14 16 29 
1 4 5 9 14 16 29 
4 6 5 11 9 14 29 
4 6 5 11 9 14 29 
1 4 5 9 14 16 29 
7 5 8 4 11 15 29 
4 6 5 10 11 15 29 
4 6 5 11 9 15 29 
6 5 4 11 15 9 29 
4 6 5 11 15 9 29 
4 5 8 7 11 15 29 
4 5 6 10 11 14 29 
4 6 5 11 9 15 29 
6 5 4 11 10 14 29 
7 8 4 5 11 15 29 
4 5 6 11 10 14 29 
8 5 4 11 15 7 29 
4 6 5 11 15 9 29 
4 6 5 11 9 14 29 
7 5 4 8 11 15 29 
4 6 5 11 7 15 29 
4 6 5 11 15 7 29 
4 6 5 11 15 7 29 
4 6 5 11 9 14 29 
4 5 6 11 10 14 29 
4 6 5 11 15 7 29 
4 6 5 11 7 14 29 
7 6 4 5 11 14 29 
8 6 5 11 15 7 29 
4 6 5 11 7 14 29 
7 6 5 4 11 15 29 
8 6 5 11 15 7 29 
7 6 4 5 11 14 29 
7 6 4 5 11 14 29 
8 6 5 11 15 7 29 
8 6 5 11 15 7 29 
4 5 6 10 14 15 29 
7 6 4 5 10 14 29 
7 6 4 5 10 14 29 
4 5 6 10 14 15 29 
4 5 6 10 14 15 29 
6 7 4 5 10 14 29 
7 6 5 4 10 14 29 
6 7 4 5 10 14 29 
4 5 6 10 14 15 29 
8 6 5 11 15 7 29 
8 6 4 5 7 11 29 
8 6 4 5 7 11 29 
8 6 5 4 7 11 29 
8 6 5 4 7 11 29 
8 6 5 4 15 7 29 
6 7 4 15 5 8 29 
8 5 4 7 6 15 29 
8 6 5 4 7 11 29 
8 5 4 7 6 15 29 
8 6 4 5 15 7 29 
