3 7 12 15 18 23 27 
1 5 4 11 13 16 29 
8 5 7 4 11 15 29 
2 7 9 15 19 23 27 
3 7 9 15 19 23 27 
1 5 4 11 13 16 29 
1 4 5 11 13 16 29 
3 7 9 15 19 23 27 
3 7 12 15 18 23 27 
1 5 4 11 13 16 29 
3 7 9 15 19 23 27 
5 6 10 11 14 16 29 
3 7 9 15 19 23 27 
6 4 5 11 14 16 29 
4 5 6 11 14 16 29 
1 5 4 11 13 16 29 
4 6 5 11 14 15 29 
6 5 4 11 14 16 29 
8 6 5 7 11 15 29 
5 4 9 11 13 14 29 
7 6 5 4 8 15 29 
7 4 5 6 8 11 29 
6 5 7 4 11 15 29 
4 5 6 11 14 16 29 
7 6 4 8 5 15 28 
1 4 6 5 10 14 29 
5 4 10 9 11 14 29 
4 5 11 10 9 14 29 
4 5 11 10 9 14 29 
6 4 5 11 14 15 29 
1 6 5 4 9 13 29 
6 4 5 11 14 15 29 
5 4 10 9 11 14 29 
4 6 5 11 10 14 29 
6 4 5 11 14 15 29 
5 4 6 9 11 14 29 
5 4 9 11 13 16 29 
6 4 5 11 10 15 29 
6 4 5 11 10 15 29 
6 4 5 11 10 15 29 
5 4 9 11 13 16 29 
4 6 5 11 10 15 29 
5 4 9 11 13 16 29 
8 5 7 4 11 15 29 
4 6 5 11 10 14 29 
5 6 4 11 10 14 29 
5 6 4 11 10 14 29 
8 6 5 7 11 15 29 
8 4 5 11 7 15 29 
7 6 5 8 11 15 29 
4 5 9 11 13 14 29 
7 6 5 8 11 15 29 
4 5 9 11 13 14 29 
4 5 9 11 13 14 29 
8 6 5 7 11 15 29 
8 4 5 7 11 15 29 
4 5 9 11 13 14 29 
1 6 4 5 10 14 29 
8 4 5 7 11 15 29 
1 4 6 5 10 14 29 
4 5 9 7 11 14 29 
7 6 5 4 11 15 29 
6 5 7 4 11 15 29 
5 4 9 7 11 14 29 
7 6 5 4 11 15 29 
7 6 4 8 5 15 28 
5 4 7 9 11 14 29 
8 4 6 15 5 7 29 
7 6 5 4 8 15 29 
7 6 5 4 8 15 29 
1 6 5 4 10 14 29 
7 6 4 8 5 15 28 
6 7 5 4 11 14 29 
7 6 5 4 8 11 29 
5 4 7 9 11 14 29 
4 7 5 6 11 14 29 
7 6 4 8 5 15 28 
7 6 5 4 11 14 29 
5 4 9 11 13 16 29 
8 4 6 15 5 7 29 
7 4 5 6 10 14 29 
6 4 5 7 10 14 29 
7 6 4 5 8 11 29 
7 6 5 4 10 14 29 
7 6 4 8 5 15 28 
7 4 6 5 11 14 29 
6 5 4 7 11 15 29 
6 4 5 9 11 14 29 
6 4 5 7 8 11 29 
7 6 4 5 8 11 29 
6 5 4 9 11 15 29 
4 6 5 9 11 15 29 
7 4 6 5 10 14 29 
6 4 5 9 11 14 29 
4 6 5 9 11 15 29 
5 4 6 9 11 14 29 
4 6 5 9 11 15 29 
1 4 5 6 9 13 29 
1 6 5 4 9 13 29 
1 6 4 5 9 13 29 
