1 6 5 10 14 16 29 
6 5 8 4 15 7 28 
1 6 5 10 14 16 29 
4 7 5 6 8 15 28 
4 6 5 7 8 15 29 
4 5 11 10 14 16 29 
1 6 5 11 15 16 29 
4 6 5 11 15 16 29 
4 6 5 11 10 14 29 
6 4 5 11 7 8 29 
8 4 5 11 15 7 29 
4 6 5 7 8 15 29 
4 6 5 11 15 7 29 
4 6 5 7 10 14 29 
4 6 5 10 14 16 29 
4 6 5 9 11 15 29 
4 5 11 10 14 16 29 
1 4 5 11 14 16 29 
4 6 5 11 15 16 29 
4 6 5 11 14 16 29 
4 6 5 11 7 14 29 
1 6 5 11 15 16 29 
4 6 5 7 11 15 29 
8 6 5 11 15 7 29 
1 4 5 11 14 16 29 
4 6 5 11 14 16 29 
6 4 5 10 14 16 29 
8 6 5 7 11 15 29 
4 6 5 11 14 7 29 
4 6 5 11 7 8 29 
4 6 5 11 15 14 29 
6 4 7 5 10 14 29 
4 6 5 10 15 14 29 
4 6 5 11 10 14 29 
4 6 5 10 15 14 29 
4 6 5 9 11 14 29 
4 5 11 8 15 7 29 
6 4 5 11 10 15 29 
4 6 5 11 15 14 29 
7 4 5 9 11 14 29 
4 6 5 11 9 14 29 
4 6 5 11 10 15 29 
4 6 5 11 9 15 29 
7 4 5 9 11 14 29 
1 6 5 10 14 16 29 
4 6 5 7 8 15 28 
6 4 5 7 8 15 29 
4 5 11 10 14 16 29 
4 6 5 11 15 16 29 
1 6 5 11 15 16 29 
4 6 5 11 15 7 29 
1 4 5 11 14 16 29 
6 4 5 11 14 16 29 
6 4 5 10 14 16 29 
6 5 11 8 15 7 29 
4 6 5 11 14 7 29 
6 4 5 7 8 11 29 
4 6 5 10 7 14 29 
4 6 5 11 10 14 29 
4 6 5 10 14 15 29 
8 4 5 11 15 7 29 
4 6 5 11 15 14 29 
4 6 5 9 11 14 29 
4 6 5 11 10 15 29 
4 6 5 11 9 15 29 
4 7 5 9 11 14 29 
1 6 5 10 14 16 29 
6 4 5 7 8 15 28 
8 6 7 5 4 15 29 
4 5 11 10 14 16 29 
4 6 5 11 15 16 29 
1 6 5 11 15 16 29 
4 6 5 11 15 7 29 
1 4 5 11 14 16 29 
4 6 5 11 14 16 29 
6 4 5 10 14 16 29 
6 5 11 8 15 7 29 
4 6 5 11 14 7 29 
4 6 5 11 7 8 29 
4 7 5 6 10 14 29 
6 4 5 11 10 14 29 
4 6 5 10 15 14 29 
8 4 5 11 15 7 29 
4 6 5 11 15 14 29 
4 6 5 9 11 14 29 
6 4 5 11 10 15 29 
4 6 5 9 11 15 29 
4 7 5 9 11 14 29 
4 6 5 7 8 15 28 
1 6 5 10 14 16 29 
4 5 6 7 8 15 29 
4 5 11 10 14 16 29 
4 6 5 11 15 16 29 
1 6 5 11 15 16 29 
4 6 5 11 15 7 29 
1 4 5 11 14 16 29 
4 6 5 11 14 16 29 
6 4 5 10 14 16 29 
8 6 5 7 11 15 29 
6 4 5 11 14 7 29 
