5 7 15 8 6 4 28 
1 5 4 9 14 16 29 
5 15 6 7 8 4 28 
1 5 4 9 14 16 29 
6 5 4 7 15 8 29 
1 5 4 11 14 16 29 
4 5 9 11 14 16 29 
5 6 4 11 8 7 29 
7 5 4 11 15 8 29 
4 5 9 11 14 16 29 
7 5 6 4 15 8 29 
6 5 4 10 14 7 29 
6 5 4 11 7 15 29 
6 4 5 11 9 15 29 
4 5 9 11 10 14 29 
6 5 4 10 14 16 29 
4 5 6 10 11 14 29 
4 5 6 11 14 16 29 
6 4 7 5 11 14 29 
4 5 9 11 13 14 29 
6 5 4 7 11 15 29 
4 5 9 11 10 14 29 
6 4 5 11 15 16 29 
6 5 11 7 8 15 29 
4 5 6 10 14 16 29 
6 5 7 8 11 15 29 
6 4 5 11 14 16 29 
1 5 4 11 14 16 29 
6 4 5 11 7 14 29 
4 8 7 5 6 11 29 
6 5 4 11 14 15 29 
7 5 4 6 10 14 29 
4 5 6 10 14 15 29 
6 4 5 10 14 15 29 
6 5 4 11 9 14 29 
7 5 4 11 15 8 29 
4 5 9 11 13 14 29 
6 4 5 11 10 15 29 
6 4 5 11 14 15 29 
4 7 5 11 9 14 29 
6 4 5 11 15 16 29 
6 4 5 11 9 14 29 
6 4 5 11 10 15 29 
6 5 4 9 11 15 29 
6 5 4 11 10 14 29 
4 5 7 9 11 14 29 
1 5 4 9 14 16 29 
7 5 6 4 15 8 28 
4 5 9 11 14 16 29 
6 5 4 8 7 15 29 
6 4 5 11 7 15 29 
4 5 10 11 9 14 29 
6 5 4 10 14 16 29 
6 5 11 7 8 15 29 
5 6 4 11 14 16 29 
1 5 4 11 14 16 29 
6 5 4 7 11 14 29 
4 8 7 5 6 11 29 
6 5 4 7 10 14 29 
6 4 5 10 14 15 29 
7 5 4 11 15 8 29 
4 5 9 11 13 14 29 
6 5 4 11 14 15 29 
6 5 4 11 15 16 29 
6 5 4 9 11 14 29 
6 4 5 11 10 15 29 
6 5 4 11 9 15 29 
6 5 4 11 10 14 29 
7 5 4 9 11 14 29 
6 5 4 7 15 8 28 
1 5 4 9 14 16 29 
4 5 9 11 14 16 29 
4 8 7 5 6 15 29 
6 5 4 11 7 15 29 
4 5 10 11 9 14 29 
6 5 4 10 14 16 29 
6 5 11 7 8 15 29 
6 4 5 11 14 16 29 
1 5 4 11 14 16 29 
6 5 4 7 11 14 29 
6 5 4 11 7 8 29 
6 5 4 7 10 14 29 
6 4 5 10 14 15 29 
4 5 7 8 11 15 29 
4 5 9 11 14 13 29 
6 4 5 11 14 15 29 
6 4 5 11 15 16 29 
6 5 4 9 11 14 29 
6 4 5 11 9 15 29 
6 5 4 11 10 14 29 
5 4 7 9 11 14 29 
1 5 4 9 14 16 29 
6 5 4 7 15 8 28 
4 5 9 11 14 16 29 
6 5 4 8 7 15 29 
6 5 4 11 15 7 29 
4 5 10 11 9 14 29 
4 5 6 10 14 16 29 
6 5 11 7 8 15 29 
6 4 5 11 14 16 29 
