8 6 5 4 15 7 29 
6 4 5 11 7 15 29 
1 5 4 9 11 13 29 
5 4 9 11 13 14 29 
6 5 4 8 7 11 29 
6 4 5 10 11 14 29 
7 8 4 5 11 15 29 
7 6 4 5 9 13 29 
1 6 4 5 9 13 29 
6 5 4 8 11 14 29 
1 5 4 11 14 16 29 
1 6 4 5 9 14 29 
8 5 4 11 9 14 29 
6 4 5 11 13 15 29 
6 4 5 11 15 9 29 
6 4 5 9 11 14 29 
1 5 4 9 11 14 29 
1 5 4 11 13 16 29 
1 5 4 11 13 16 29 
1 5 4 11 13 16 29 
1 4 5 11 13 16 29 
1 5 4 11 13 16 29 
1 4 5 11 13 16 29 
1 5 4 11 13 16 29 
1 5 4 11 13 16 29 
1 5 4 11 13 16 29 
1 5 4 11 13 16 29 
1 5 4 11 13 16 29 
1 5 4 11 13 16 29 
1 5 4 11 13 16 29 
1 5 4 11 13 16 29 
1 5 4 11 13 16 29 
1 5 4 11 13 16 29 
1 4 5 11 13 16 29 
1 5 4 11 13 16 29 
1 5 4 11 13 16 29 
1 5 4 11 13 16 29 
1 4 5 11 13 16 29 
1 4 5 11 13 16 29 
1 5 4 11 13 16 29 
1 4 5 11 13 16 29 
1 5 4 11 13 16 29 
1 5 4 11 13 16 29 
1 4 5 11 13 16 29 
1 4 5 11 13 16 29 
1 5 4 11 13 16 29 
1 4 5 11 13 16 29 
1 5 4 11 13 16 29 
1 5 4 11 13 16 29 
1 4 5 11 13 16 29 
1 5 4 11 13 16 29 
1 5 4 11 13 16 29 
1 5 4 11 13 16 29 
1 5 4 11 13 16 29 
1 4 5 11 13 16 29 
1 5 4 11 13 16 29 
1 4 5 11 13 16 29 
1 5 4 11 13 16 29 
1 5 4 11 13 16 29 
1 5 4 11 13 16 29 
1 5 4 11 13 16 29 
1 5 4 11 13 16 29 
1 5 4 11 13 16 29 
1 4 5 11 13 16 29 
1 4 5 11 13 16 29 
1 5 4 11 13 16 29 
1 4 5 11 13 16 29 
1 5 4 11 13 16 29 
1 5 4 11 13 16 29 
1 5 4 11 13 16 29 
1 5 4 11 13 16 29 
1 4 5 11 13 16 29 
1 5 4 11 13 16 29 
1 5 4 11 13 16 29 
1 5 4 11 13 16 29 
1 5 4 11 13 16 29 
1 5 4 11 13 16 29 
1 5 4 11 13 16 29 
1 5 4 11 13 16 29 
1 5 4 11 13 16 29 
1 5 4 11 13 16 29 
1 5 4 11 13 16 29 
1 5 4 11 13 16 29 
1 5 4 11 13 16 29 
1 5 4 11 13 16 29 
1 4 5 11 13 16 29 
1 5 4 11 13 16 29 
1 5 4 11 13 16 29 
1 4 5 11 13 16 29 
1 5 4 11 13 16 29 
1 5 4 11 13 16 29 
1 4 5 11 13 16 29 
1 4 5 11 13 16 29 
1 5 4 11 13 16 29 
1 5 4 11 13 16 29 
1 4 5 11 13 16 29 
1 4 5 11 13 16 29 
1 5 4 11 13 16 29 
1 5 4 11 13 16 29 
1 5 4 11 13 16 29 
