6 4 5 10 15 16 29 
6 4 5 10 15 16 29 
3 7 12 15 17 23 27 
3 7 12 15 17 23 27 
3 7 12 15 17 23 27 
1 4 6 5 11 14 29 
1 4 6 5 11 14 29 
6 8 5 7 11 15 29 
1 4 6 5 11 14 29 
6 8 5 7 11 15 29 
1 4 5 9 17 24 29 
6 8 5 7 11 15 29 
1 4 5 6 11 14 29 
3 7 12 15 17 23 27 
1 4 5 10 14 16 29 
1 4 5 10 14 16 29 
3 7 12 15 17 23 27 
1 4 5 9 17 24 29 
6 8 5 7 11 15 29 
1 4 5 10 14 16 29 
6 8 7 5 11 15 29 
6 4 5 11 14 15 29 
1 4 5 10 14 16 29 
6 4 5 11 14 15 29 
1 4 5 9 17 24 29 
6 4 5 11 14 15 29 
6 4 5 11 14 15 29 
1 4 5 9 17 24 29 
1 4 5 9 11 14 29 
1 4 5 9 11 14 29 
6 4 5 10 14 16 29 
6 4 5 10 14 16 29 
6 4 5 10 14 16 29 
1 4 5 9 11 14 29 
1 4 5 9 11 14 29 
6 4 5 10 14 16 29 
8 4 5 7 11 15 29 
7 4 5 8 11 15 29 
8 4 5 7 11 15 29 
8 4 5 7 11 15 29 
8 4 5 7 11 15 29 
1 4 6 10 14 24 29 
1 4 6 10 14 24 29 
1 4 6 10 14 24 29 
1 4 6 10 14 24 29 
6 4 11 10 14 15 29 
1 4 5 9 11 13 29 
1 4 5 9 11 13 29 
6 4 11 10 14 15 29 
1 4 5 9 11 13 29 
7 4 5 9 11 14 29 
6 4 11 10 14 15 29 
7 4 5 9 11 14 29 
7 4 5 9 11 14 29 
7 4 5 9 11 14 29 
6 4 5 7 11 14 29 
1 4 5 9 11 13 29 
6 4 5 7 11 15 29 
6 4 7 5 11 14 29 
6 4 5 7 11 14 29 
6 4 5 7 11 15 29 
6 4 7 5 11 15 29 
6 4 7 5 11 14 29 
6 4 5 11 7 15 29 
6 4 5 11 7 15 29 
6 4 5 10 11 15 29 
6 4 5 10 11 15 29 
6 4 5 8 11 7 29 
4 6 5 7 11 8 29 
6 4 11 10 14 15 29 
6 4 5 10 11 15 29 
7 5 6 4 15 8 29 
7 4 6 5 10 14 29 
6 4 5 10 7 14 29 
6 4 5 11 8 7 29 
6 4 5 10 11 15 29 
6 4 5 9 11 14 29 
6 4 5 10 14 15 29 
6 4 5 7 8 11 29 
6 4 5 10 7 14 29 
7 5 6 4 15 8 29 
7 5 6 4 15 8 29 
6 4 5 10 14 15 29 
6 4 5 9 11 15 29 
6 4 5 9 11 14 29 
6 4 5 9 11 15 29 
6 4 5 7 8 11 29 
6 4 5 10 14 15 29 
5 8 6 4 7 15 29 
6 4 5 9 11 15 29 
6 4 5 9 11 14 29 
6 4 5 10 14 15 29 
6 4 5 10 7 14 29 
6 4 5 9 11 14 29 
5 8 6 4 7 15 29 
6 4 5 10 11 14 29 
6 4 5 10 11 14 29 
6 4 5 9 11 15 29 
6 4 5 10 11 14 29 
6 4 5 10 11 14 29 
