5 7 8 4 6 15 29 
1 8 15 16 21 25 31 
7 6 5 4 11 15 29 
1 5 4 9 11 13 29 
7 6 5 8 4 11 29 
4 6 5 10 14 16 29 
4 6 5 10 7 14 29 
4 6 5 11 14 16 29 
7 5 4 9 11 8 29 
4 5 10 9 11 14 29 
4 5 6 10 11 14 29 
1 4 5 11 14 16 29 
7 6 5 4 11 14 29 
4 6 5 10 15 16 29 
7 5 4 9 11 14 29 
6 5 4 9 11 14 29 
4 5 10 6 15 14 29 
1 5 4 9 11 14 29 
6 5 4 9 11 15 29 
1 8 13 16 21 25 31 
1 8 13 16 21 25 31 
1 8 13 16 21 25 31 
1 8 13 16 21 25 31 
1 5 4 9 14 16 29 
1 5 4 9 14 16 29 
1 5 4 9 14 16 29 
1 5 4 9 14 16 29 
1 5 4 9 14 16 29 
1 5 4 9 14 16 29 
1 5 4 9 14 16 29 
1 4 5 9 14 16 29 
1 4 5 9 14 16 29 
1 5 4 9 14 16 29 
1 5 4 9 14 16 29 
1 4 5 9 14 16 29 
1 5 4 9 14 16 29 
1 5 4 9 14 16 29 
1 5 4 9 14 16 29 
1 5 4 9 14 16 29 
1 5 4 9 14 16 29 
1 4 5 9 14 16 29 
1 4 5 9 14 16 29 
1 5 4 9 14 16 29 
1 4 5 9 14 16 29 
1 5 4 9 14 16 29 
1 5 4 9 14 16 29 
1 4 5 9 14 16 29 
1 4 5 9 14 16 29 
1 5 4 9 14 16 29 
1 4 5 9 14 16 29 
1 5 4 9 14 16 29 
1 5 4 9 14 16 29 
1 4 5 9 14 16 29 
1 4 5 9 14 16 29 
1 5 4 9 14 16 29 
1 5 4 9 14 16 29 
1 4 5 9 14 16 29 
1 5 4 9 14 16 29 
1 4 5 9 14 16 29 
1 4 5 9 14 16 29 
1 4 5 9 14 16 29 
1 5 4 9 14 16 29 
1 5 4 9 14 16 29 
1 5 4 9 14 16 29 
1 5 4 9 14 16 29 
1 4 5 9 14 16 29 
1 4 5 9 14 16 29 
1 5 4 9 14 16 29 
1 5 4 9 14 16 29 
1 4 5 9 14 16 29 
1 4 5 9 14 16 29 
1 4 5 9 14 16 29 
1 5 4 9 14 16 29 
1 4 5 9 14 16 29 
1 4 5 9 14 16 29 
1 5 4 9 14 16 29 
1 5 4 9 14 16 29 
1 5 4 9 14 16 29 
1 5 4 9 14 16 29 
1 4 5 9 14 16 29 
1 5 4 9 14 16 29 
1 5 4 9 14 16 29 
1 4 5 9 14 16 29 
1 5 4 9 14 16 29 
1 5 4 9 14 16 29 
1 5 4 9 14 16 29 
1 4 5 9 14 16 29 
1 5 4 9 14 16 29 
1 5 4 9 14 16 29 
1 4 5 9 14 16 29 
1 5 4 9 14 16 29 
1 5 4 9 14 16 29 
1 5 4 9 14 16 29 
1 4 5 9 14 16 29 
1 5 4 9 14 16 29 
1 5 4 9 14 16 29 
1 5 4 9 14 16 29 
1 5 4 9 14 16 29 
1 4 5 9 14 16 29 
1 5 4 9 14 16 29 
