8 5 6 4 15 7 29 
1 5 6 10 14 16 29 
4 6 5 11 15 7 29 
1 5 4 11 9 13 29 
8 5 6 4 7 11 29 
4 5 6 10 14 16 29 
4 6 5 10 11 14 29 
4 5 6 10 14 7 29 
4 5 6 10 15 16 29 
8 5 4 11 9 7 29 
6 4 5 11 14 7 29 
1 7 9 15 16 23 31 
1 6 5 11 14 16 29 
4 6 5 10 11 15 29 
6 4 5 11 14 15 29 
4 5 6 10 14 15 29 
4 5 6 9 14 16 29 
4 5 12 10 9 14 29 
1 5 4 10 14 16 29 
1 5 4 11 9 14 29 
6 5 4 11 9 14 29 
1 5 6 9 14 16 29 
1 8 9 15 16 23 31 
1 8 9 15 16 23 31 
1 8 9 15 16 23 31 
1 8 9 15 16 23 31 
1 8 9 15 16 23 31 
1 8 9 15 16 23 31 
1 8 9 15 16 23 31 
1 8 9 15 16 23 31 
1 8 9 15 16 23 31 
1 8 9 15 16 23 31 
1 8 9 15 16 23 31 
1 8 9 15 16 23 31 
1 8 9 15 16 23 31 
1 8 9 15 16 23 31 
1 8 9 15 16 23 31 
1 8 9 15 16 23 31 
1 8 9 15 16 23 31 
1 8 9 15 16 23 31 
1 8 9 15 16 23 31 
1 8 9 15 16 23 31 
1 8 9 15 16 23 31 
1 8 9 15 16 23 31 
1 8 9 15 16 23 31 
1 8 9 15 16 23 31 
1 8 9 15 16 23 31 
1 8 9 15 16 23 31 
1 8 9 15 16 23 31 
1 8 9 15 16 23 31 
1 8 9 15 16 23 31 
1 8 9 15 16 23 31 
1 8 9 15 16 23 31 
1 8 9 15 16 23 31 
1 8 9 15 16 23 31 
1 8 9 15 16 23 31 
1 8 9 15 16 23 31 
1 8 9 15 16 23 31 
1 8 9 15 16 23 31 
1 8 9 15 16 23 31 
1 8 9 15 16 23 31 
1 8 9 15 16 23 31 
1 8 9 15 16 23 31 
1 8 9 15 16 23 31 
1 8 9 15 16 23 31 
1 8 9 15 16 23 31 
1 8 9 15 16 23 31 
1 8 9 15 16 23 31 
1 8 9 15 16 23 31 
1 8 9 15 16 23 31 
1 8 9 15 16 23 31 
1 8 9 15 16 23 31 
1 8 9 15 16 23 31 
1 8 9 15 16 23 31 
1 8 9 15 16 23 31 
1 8 9 15 16 23 31 
1 8 9 15 16 23 31 
1 8 9 15 16 23 31 
1 8 9 15 16 23 31 
1 8 9 15 16 23 31 
1 8 9 15 16 23 31 
1 8 9 15 16 23 31 
1 8 9 15 16 23 31 
1 8 9 15 16 23 31 
1 8 9 15 16 23 31 
1 8 9 15 16 23 31 
1 8 9 15 16 23 31 
1 8 9 15 16 23 31 
1 8 9 15 16 23 31 
1 8 9 15 16 23 31 
1 8 9 15 16 23 31 
1 8 9 15 16 23 31 
1 8 9 15 16 23 31 
1 8 9 15 16 23 31 
1 8 9 15 16 23 31 
1 8 9 15 16 23 31 
1 8 9 15 16 23 31 
1 8 9 15 16 23 31 
1 8 9 15 16 23 31 
1 8 9 15 16 23 31 
