8 6 5 4 7 15 29 
1 5 4 9 11 13 29 
6 4 5 11 7 14 29 
6 4 5 11 7 15 29 
5 6 4 11 7 8 29 
5 6 4 10 11 14 29 
8 6 5 11 7 15 29 
1 4 5 11 14 16 29 
7 4 5 11 13 16 29 
1 5 4 6 9 13 29 
6 4 5 11 10 15 29 
1 4 6 5 9 14 29 
4 6 5 11 15 13 29 
4 5 7 8 11 15 29 
6 4 5 9 11 14 29 
6 4 5 11 9 15 29 
1 4 5 11 9 14 29 
7 4 5 11 9 14 29 
1 4 6 5 10 14 29 
1 4 5 11 13 16 29 
1 4 5 11 13 16 29 
1 4 5 11 13 16 29 
1 4 5 11 13 16 29 
1 4 5 11 13 16 29 
1 4 5 11 13 16 29 
1 4 5 11 13 16 29 
1 4 5 11 13 16 29 
1 4 5 11 13 16 29 
1 4 5 11 13 16 29 
1 4 5 11 13 16 29 
1 4 5 11 13 16 29 
1 4 5 11 13 16 29 
1 4 5 11 13 16 29 
1 4 5 11 13 16 29 
1 4 5 11 13 16 29 
1 4 5 11 13 16 29 
1 4 5 11 13 16 29 
1 4 5 11 13 16 29 
1 4 5 11 13 16 29 
1 4 5 11 13 16 29 
1 4 5 11 13 16 29 
1 5 4 11 13 16 29 
1 4 5 11 13 16 29 
1 4 5 11 13 16 29 
1 4 5 11 13 16 29 
1 4 5 11 13 16 29 
1 4 5 11 13 16 29 
1 4 5 11 13 16 29 
1 5 4 11 13 16 29 
1 4 5 11 13 16 29 
1 5 4 11 13 16 29 
1 4 5 11 13 16 29 
1 4 5 11 13 16 29 
1 4 5 11 13 16 29 
1 5 4 11 13 16 29 
1 4 5 11 13 16 29 
1 4 5 11 13 16 29 
1 4 5 11 13 16 29 
1 4 5 11 13 16 29 
1 4 5 11 13 16 29 
1 4 5 11 13 16 29 
1 5 4 11 13 16 29 
1 4 5 11 13 16 29 
1 4 5 11 13 16 29 
1 4 5 11 13 16 29 
1 4 5 11 13 16 29 
1 5 4 11 13 16 29 
1 5 4 11 13 16 29 
1 4 5 11 13 16 29 
1 4 5 11 13 16 29 
1 4 5 11 13 16 29 
1 4 5 11 13 16 29 
1 5 4 11 13 16 29 
1 4 5 11 13 16 29 
1 4 5 11 13 16 29 
1 4 5 11 13 16 29 
1 4 5 11 13 16 29 
1 4 5 11 13 16 29 
1 4 5 11 13 16 29 
1 4 5 11 13 16 29 
1 4 5 11 13 16 29 
1 4 5 11 13 16 29 
1 4 5 11 13 16 29 
1 5 4 11 13 16 29 
1 5 4 11 13 16 29 
1 4 5 11 13 16 29 
1 4 5 11 13 16 29 
1 4 5 11 13 16 29 
1 5 4 11 13 16 29 
1 4 5 11 13 16 29 
1 4 5 11 13 16 29 
1 4 5 11 13 16 29 
1 4 5 11 13 16 29 
1 4 5 11 13 16 29 
1 4 5 11 13 16 29 
1 5 4 11 13 16 29 
1 4 5 11 13 16 29 
1 4 5 11 13 16 29 
1 5 4 11 13 16 29 
1 4 6 5 11 14 29 
