5 4 11 10 14 16 29 
1 6 5 11 15 16 29 
4 6 5 10 14 16 29 
8 4 5 11 7 15 29 
4 6 5 11 14 16 29 
4 6 5 7 11 14 29 
1 4 5 9 14 16 29 
1 4 5 11 14 16 29 
1 4 5 11 14 16 29 
1 4 5 11 14 16 29 
1 6 5 11 15 16 29 
1 4 5 11 14 16 29 
1 6 5 11 15 16 29 
1 6 5 11 15 16 29 
1 4 5 11 14 16 29 
1 6 5 11 15 16 29 
5 4 10 11 13 14 29 
5 4 10 11 13 14 29 
5 4 10 11 13 14 29 
4 6 5 11 14 16 29 
4 6 5 11 14 16 29 
4 6 5 11 14 16 29 
4 6 5 11 14 16 29 
5 4 10 11 13 14 29 
5 4 11 10 14 16 29 
5 4 9 11 10 14 29 
5 4 10 11 9 14 29 
5 4 10 11 9 14 29 
5 4 11 10 14 16 29 
5 4 10 11 9 14 29 
5 4 11 10 14 16 29 
5 4 11 10 14 16 29 
4 6 5 11 15 16 29 
4 6 5 11 15 16 29 
4 7 5 11 9 14 29 
4 7 5 11 9 14 29 
4 7 5 11 9 14 29 
4 7 5 11 9 14 29 
4 6 5 11 15 16 29 
4 6 5 11 15 14 29 
8 4 5 11 7 15 29 
4 6 5 9 11 15 29 
4 6 5 11 15 9 29 
4 6 5 11 15 14 29 
8 4 5 11 7 15 29 
4 6 5 11 9 14 29 
4 6 5 11 15 14 29 
4 6 5 11 15 14 29 
4 6 5 11 9 15 29 
4 6 5 11 9 14 29 
8 4 5 7 11 15 29 
4 6 5 11 9 14 29 
8 4 5 7 11 15 29 
4 6 5 11 15 16 29 
5 4 6 10 14 16 29 
4 6 5 11 9 14 29 
4 6 5 10 15 14 29 
4 6 7 5 11 14 29 
4 6 5 10 15 14 29 
4 6 5 10 15 14 29 
5 4 6 10 14 16 29 
5 4 6 10 14 16 29 
4 6 5 11 10 14 29 
4 6 7 5 11 14 29 
4 6 5 10 11 14 29 
5 6 7 4 11 14 29 
4 6 5 11 10 15 29 
6 5 7 4 11 15 29 
6 5 7 4 11 15 29 
5 6 7 4 11 14 29 
6 5 7 4 11 15 29 
4 6 5 11 10 15 29 
4 6 5 11 10 15 29 
4 6 5 10 11 14 29 
5 6 7 4 10 14 29 
4 6 5 11 7 15 29 
4 6 5 10 7 14 29 
6 4 7 5 10 14 29 
8 6 7 5 11 15 29 
5 4 6 10 7 14 29 
8 6 5 11 7 15 29 
4 6 5 11 10 15 29 
4 6 5 11 7 15 29 
4 6 5 11 9 15 29 
8 6 5 11 7 15 29 
8 6 5 11 7 15 29 
5 4 6 10 14 16 29 
6 5 4 8 11 7 29 
4 6 5 11 7 8 29 
4 6 7 8 5 11 29 
4 6 5 10 11 14 29 
4 6 5 11 7 8 29 
4 6 5 10 15 14 29 
5 6 8 4 7 15 29 
4 6 7 8 15 5 29 
8 4 6 7 15 5 29 
4 6 7 8 5 15 29 
8 6 5 11 7 15 29 
4 6 5 11 7 8 29 
7 4 5 6 15 8 29 
