8 5 4 6 15 7 29 
1 5 11 13 16 22 29 
1 5 11 13 16 22 29 
5 6 7 4 8 15 29 
1 5 11 14 16 22 29 
1 5 4 9 14 16 29 
1 5 4 11 14 16 29 
4 5 9 11 14 16 29 
6 5 4 11 15 7 29 
5 4 6 7 8 11 29 
4 5 9 11 14 16 29 
7 5 8 4 11 15 29 
6 5 8 11 15 7 29 
4 5 9 11 10 14 29 
5 4 6 10 7 14 29 
6 5 4 11 15 7 29 
6 5 4 11 15 9 29 
5 4 6 10 14 16 29 
1 5 4 11 14 16 29 
4 5 6 11 10 14 29 
6 5 4 11 15 14 29 
4 5 6 10 14 16 29 
5 4 6 11 14 7 29 
5 4 6 11 14 16 29 
6 5 8 11 15 7 29 
6 5 4 11 14 7 29 
6 5 4 11 14 16 29 
5 6 7 4 8 11 29 
4 5 9 11 14 13 29 
5 4 10 11 9 14 29 
6 5 4 11 15 16 29 
6 5 4 11 14 15 29 
4 5 7 8 11 15 29 
5 6 4 11 9 14 29 
4 5 9 11 14 13 29 
4 5 9 11 14 7 29 
4 5 6 11 9 14 29 
5 6 7 4 10 14 29 
6 5 4 11 15 16 29 
4 5 9 11 14 7 29 
1 5 4 9 14 16 29 
1 5 11 14 16 22 29 
6 5 4 11 15 9 29 
4 5 6 10 11 14 29 
1 5 11 13 16 22 29 
4 5 6 8 15 7 29 
4 5 9 11 14 16 29 
6 5 4 11 15 7 29 
1 5 4 11 14 16 29 
4 5 6 10 14 16 29 
6 5 8 11 15 7 29 
6 5 4 11 14 7 29 
5 4 6 11 14 16 29 
5 4 6 7 8 11 29 
4 5 9 11 10 14 29 
6 5 4 11 14 15 29 
7 5 8 4 11 15 29 
4 5 9 11 13 14 29 
4 5 6 11 9 14 29 
5 6 7 4 10 14 29 
6 5 4 11 15 16 29 
4 5 9 11 7 14 29 
1 5 4 9 14 16 29 
1 5 11 14 16 22 29 
6 5 4 11 15 9 29 
4 5 6 11 10 14 29 
1 5 11 13 16 22 29 
6 5 4 8 15 7 29 
4 5 9 11 14 16 29 
6 5 4 11 15 7 29 
1 5 4 11 14 16 29 
4 5 6 10 14 16 29 
6 5 8 11 15 7 29 
6 5 4 11 14 7 29 
6 5 4 11 14 16 29 
6 5 8 7 4 11 29 
4 5 9 10 11 14 29 
6 5 4 11 14 15 29 
4 5 8 11 15 7 29 
5 4 9 11 13 14 29 
4 5 6 11 9 14 29 
5 4 6 7 10 14 29 
6 5 4 11 15 16 29 
4 5 9 11 14 7 29 
1 5 4 9 14 16 29 
1 5 11 14 16 22 29 
6 5 4 11 15 9 29 
6 5 4 11 10 14 29 
8 5 4 6 15 7 29 
1 5 11 13 16 22 29 
4 5 9 11 14 16 29 
6 5 4 11 15 7 29 
1 5 4 11 14 16 29 
5 4 6 10 14 16 29 
6 5 8 11 15 7 29 
5 4 6 11 14 7 29 
6 5 4 11 14 16 29 
7 5 4 8 6 11 29 
5 4 10 11 9 14 29 
6 5 4 11 14 15 29 
