1 4 5 11 14 16 29 
1 5 14 16 22 24 29 
6 4 5 10 14 16 29 
4 6 5 10 14 16 29 
4 5 6 10 14 16 29 
1 4 5 11 14 16 29 
4 6 5 10 14 16 29 
4 6 5 10 14 16 29 
6 4 5 11 14 16 29 
4 5 9 11 14 13 29 
4 5 9 11 14 13 29 
4 5 9 11 14 13 29 
1 6 5 11 15 16 29 
1 6 5 10 14 16 29 
1 6 5 11 15 16 29 
1 5 6 10 14 16 29 
1 6 5 11 15 16 29 
1 5 14 16 22 24 29 
1 6 5 11 15 16 29 
1 5 6 10 14 16 29 
1 6 5 10 14 16 29 
1 5 6 10 14 16 29 
4 5 9 11 14 13 29 
4 6 5 11 15 16 29 
4 6 5 11 15 16 29 
6 4 5 11 15 16 29 
4 6 5 11 15 16 29 
4 6 5 10 14 15 29 
4 6 5 10 14 15 29 
4 6 5 10 14 15 29 
4 5 6 10 14 15 29 
4 5 9 11 14 16 29 
5 4 9 11 14 16 29 
4 5 9 11 14 16 29 
4 5 9 11 14 16 29 
6 4 5 11 14 16 29 
4 6 5 11 14 16 29 
4 6 5 11 14 16 29 
4 7 5 11 15 8 29 
5 4 9 11 10 14 29 
4 7 5 11 8 15 29 
4 5 9 11 10 14 29 
4 5 9 11 10 14 29 
4 6 5 11 14 16 29 
4 7 8 5 11 15 29 
4 6 5 10 14 7 29 
4 6 5 10 14 7 29 
5 4 6 10 14 7 29 
4 7 5 11 8 15 29 
4 6 5 9 11 15 29 
6 4 5 11 9 14 29 
4 6 5 10 14 7 29 
6 4 5 11 9 14 29 
4 6 5 11 9 14 29 
4 6 5 11 9 15 29 
7 6 8 5 11 15 29 
4 6 5 10 11 14 29 
4 6 5 7 11 14 29 
4 7 5 11 8 15 29 
4 5 9 11 14 7 29 
4 6 5 11 14 7 29 
7 6 8 5 11 15 29 
4 5 9 11 14 7 29 
6 4 5 11 7 15 29 
4 6 5 11 14 7 29 
4 6 5 7 11 15 29 
4 7 6 5 11 14 29 
4 6 5 11 9 14 29 
4 6 5 7 11 15 29 
4 6 5 9 11 15 29 
4 5 9 11 14 7 29 
5 4 6 11 10 14 29 
6 4 5 11 8 7 29 
4 6 5 11 14 15 29 
4 6 5 11 7 15 29 
6 4 5 11 10 14 29 
4 6 5 10 11 15 29 
6 4 8 7 5 11 29 
6 7 5 11 15 8 29 
6 4 5 10 11 15 29 
6 7 5 11 15 8 29 
4 6 5 11 14 15 29 
4 5 9 11 14 7 29 
4 6 5 11 14 15 29 
6 4 8 7 5 11 29 
4 5 9 11 10 14 29 
4 6 5 11 7 15 29 
6 4 5 11 10 14 29 
4 6 5 11 14 15 29 
6 7 5 11 15 8 29 
4 6 5 11 10 15 29 
4 6 8 7 5 11 29 
4 6 5 9 11 15 29 
6 4 5 10 11 15 29 
4 6 5 7 8 15 29 
4 7 8 6 15 5 29 
4 7 8 6 15 5 29 
4 7 8 6 15 5 29 
4 7 8 6 15 5 29 
6 4 8 7 5 11 29 
