8 6 5 4 7 15 29 
1 6 5 11 14 16 29 
6 4 5 11 15 7 29 
7 4 6 5 11 8 29 
6 4 5 10 11 14 29 
1 4 5 9 11 13 29 
4 6 5 7 10 14 29 
1 6 5 11 15 16 29 
6 4 5 10 11 15 29 
1 4 6 5 11 15 29 
6 4 5 10 14 15 29 
1 4 6 5 9 13 29 
8 4 5 10 7 15 29 
6 4 8 5 11 14 29 
7 4 5 11 9 8 29 
1 4 5 6 9 14 29 
1 4 5 6 11 14 29 
6 4 5 9 11 15 29 
1 4 5 9 11 14 29 
1 4 5 6 10 14 29 
1 6 5 9 15 23 30 
1 6 5 9 15 23 30 
1 6 5 9 15 23 30 
1 6 5 9 15 23 30 
1 6 5 9 15 23 30 
1 6 5 9 15 23 30 
1 6 5 9 15 23 30 
1 6 5 9 15 23 30 
1 6 5 9 15 23 30 
1 6 5 9 15 23 30 
1 6 5 9 15 23 30 
1 6 5 9 15 23 30 
1 6 5 9 15 23 30 
1 6 5 9 15 23 30 
1 6 5 9 15 23 30 
1 6 5 9 15 23 30 
1 6 5 9 15 23 30 
1 6 5 9 15 23 30 
1 6 5 9 15 23 30 
1 6 5 9 15 23 30 
1 6 5 9 15 23 30 
1 6 5 9 15 23 30 
1 6 5 9 15 23 30 
1 6 5 9 15 23 30 
1 6 5 9 15 23 30 
1 6 5 9 15 23 30 
1 6 5 9 15 23 30 
1 6 5 9 15 23 30 
1 6 5 9 15 23 30 
1 6 5 9 15 23 30 
1 6 5 9 15 23 30 
1 6 5 9 15 23 30 
1 6 5 9 15 23 30 
1 6 5 9 15 23 30 
1 6 5 9 15 23 30 
1 6 5 9 15 23 30 
1 6 5 9 15 23 30 
1 6 5 9 15 23 30 
1 6 5 9 15 23 30 
1 6 5 9 15 23 30 
1 6 5 9 15 23 30 
1 6 5 9 15 23 30 
1 6 5 9 15 23 30 
1 6 5 9 15 23 30 
1 6 5 9 15 23 30 
1 6 5 9 15 23 30 
1 6 5 9 15 23 30 
1 6 5 9 15 23 30 
1 6 5 9 15 23 30 
1 6 5 9 15 23 30 
1 6 5 9 15 23 30 
1 6 5 9 15 23 30 
1 6 5 9 15 23 30 
1 6 5 9 15 23 30 
1 6 5 9 15 23 30 
1 6 5 9 15 23 30 
1 6 5 9 15 23 30 
1 6 5 9 15 23 30 
1 6 5 9 15 23 30 
1 6 5 9 15 23 30 
1 6 5 9 15 23 30 
1 6 5 9 15 23 30 
1 6 5 9 15 23 30 
1 6 5 9 15 23 30 
1 6 5 9 15 23 30 
1 6 5 9 15 23 30 
1 6 5 9 15 23 30 
1 6 5 9 15 23 30 
1 6 5 9 15 23 30 
1 6 5 9 15 23 30 
1 6 5 9 15 23 30 
1 6 5 9 15 23 30 
1 6 5 9 15 23 30 
1 6 5 9 15 23 30 
1 6 5 9 15 23 30 
1 6 5 9 15 23 30 
1 6 5 9 15 23 30 
1 6 5 9 15 23 30 
1 6 5 9 15 23 30 
1 7 5 9 15 23 30 
