1 7 11 15 16 25 30 
7 8 5 4 6 15 29 
4 6 5 11 7 15 29 
4 8 6 5 11 7 29 
6 4 5 11 15 16 29 
4 6 5 11 14 16 29 
6 5 4 11 10 14 29 
4 7 6 5 10 14 29 
7 6 5 11 15 8 29 
4 6 5 11 7 14 29 
1 6 5 4 9 13 29 
4 6 5 11 15 14 29 
4 6 5 10 15 14 29 
5 4 7 8 11 15 29 
1 4 5 11 9 14 29 
4 6 5 11 10 15 29 
5 4 7 9 11 14 29 
4 6 5 11 9 14 29 
1 6 5 4 10 14 29 
6 4 5 11 9 15 29 
1 5 9 15 16 23 30 
1 5 9 15 16 23 30 
1 5 9 15 16 23 30 
1 7 9 15 16 23 30 
1 7 9 15 16 23 30 
1 7 9 15 16 23 30 
1 7 9 15 16 23 30 
1 7 9 15 16 23 30 
1 7 9 15 16 23 30 
1 7 9 15 16 23 30 
1 7 9 15 16 23 30 
1 7 9 15 16 23 30 
1 7 9 15 16 23 30 
1 7 9 15 16 23 30 
1 7 9 15 16 23 30 
1 7 9 15 16 23 30 
1 7 9 15 16 23 30 
1 7 9 15 16 23 30 
1 7 9 15 16 23 30 
1 7 9 15 16 23 30 
1 7 9 15 16 23 30 
1 7 9 15 16 23 30 
1 7 9 15 16 23 30 
1 7 9 15 16 23 30 
1 7 9 15 16 23 30 
1 7 9 15 16 23 30 
1 7 9 15 16 23 30 
1 7 9 15 16 23 30 
1 7 9 15 16 23 30 
1 7 9 15 16 23 30 
1 7 9 15 16 23 30 
1 7 9 15 16 23 30 
1 7 9 15 16 23 30 
1 7 9 15 16 23 30 
1 7 9 15 16 23 30 
1 7 9 15 16 23 30 
1 7 9 15 16 23 30 
1 7 9 15 16 23 30 
1 4 5 9 14 16 29 
1 4 5 9 14 16 29 
1 4 5 9 14 16 29 
1 4 5 11 14 16 29 
1 4 5 11 14 16 29 
1 4 5 11 9 13 29 
1 4 5 11 9 13 29 
1 4 5 11 9 13 29 
1 4 5 11 9 13 29 
1 4 5 11 9 13 29 
1 4 5 11 9 13 29 
1 4 5 11 9 13 29 
1 4 5 11 9 13 29 
1 4 5 11 9 13 29 
1 4 5 11 9 13 29 
1 4 5 11 9 13 29 
1 4 5 11 9 13 29 
1 4 5 11 9 13 29 
1 4 5 11 9 13 29 
1 4 5 11 9 13 29 
1 4 5 11 9 13 29 
1 4 5 11 9 13 29 
1 4 5 11 9 13 29 
1 4 5 11 9 13 29 
1 4 5 11 9 13 29 
1 4 5 11 9 13 29 
1 4 5 11 9 13 29 
1 4 5 11 9 13 29 
1 4 5 11 9 13 29 
1 4 5 11 9 13 29 
1 4 5 11 9 13 29 
1 4 5 11 9 13 29 
1 4 5 11 9 13 29 
1 4 5 11 9 13 29 
1 4 5 11 9 13 29 
1 4 5 11 9 13 29 
1 4 5 11 9 13 29 
1 4 5 11 9 13 29 
1 4 5 11 9 13 29 
1 4 5 11 9 13 29 
1 4 5 11 9 13 29 
1 4 5 11 9 13 29 
