6 5 4 7 15 8 28 
1 4 5 9 14 16 29 
6 5 4 7 15 8 28 
1 4 5 9 14 16 29 
6 4 5 7 15 8 29 
1 5 4 11 14 16 29 
1 4 5 11 9 13 29 
6 4 5 11 15 16 29 
6 4 5 11 10 14 29 
6 5 4 8 7 11 29 
8 4 5 11 7 15 29 
6 5 4 9 11 15 29 
6 4 5 7 15 8 29 
6 5 4 10 14 16 29 
6 5 11 10 14 16 29 
6 4 5 10 14 7 29 
6 5 4 11 15 7 29 
6 4 5 11 15 16 29 
6 4 5 11 14 16 29 
6 4 5 7 11 14 29 
6 5 4 7 11 15 29 
6 5 8 11 15 7 29 
6 4 5 11 14 16 29 
1 4 5 9 11 13 29 
6 8 5 7 11 15 29 
1 4 5 11 14 16 29 
6 4 5 7 11 14 29 
6 4 5 11 7 8 29 
6 4 5 10 14 16 29 
6 4 5 11 14 15 29 
6 5 11 10 14 16 29 
6 5 4 10 14 7 29 
6 4 5 10 14 15 29 
6 4 5 10 11 15 29 
6 5 4 10 11 14 29 
6 4 5 10 14 15 29 
6 5 4 9 11 14 29 
8 4 5 11 7 15 29 
6 5 4 9 11 15 29 
6 4 5 10 11 15 29 
6 4 5 11 14 15 29 
6 4 5 9 11 14 29 
1 4 5 9 14 16 29 
6 8 5 4 7 15 28 
6 5 4 7 8 15 29 
6 4 5 11 15 16 29 
6 4 5 7 11 15 29 
6 4 5 11 14 16 29 
1 4 5 11 9 13 29 
6 5 8 11 15 7 29 
1 4 5 11 14 16 29 
6 4 5 11 7 14 29 
6 4 5 11 8 7 29 
6 4 5 10 14 16 29 
6 5 11 10 14 16 29 
6 5 4 10 14 7 29 
6 4 5 11 10 14 29 
6 4 5 10 14 15 29 
8 4 5 11 15 7 29 
6 5 4 9 11 15 29 
6 4 5 11 10 15 29 
6 4 5 11 14 15 29 
6 4 5 11 9 14 29 
1 4 5 9 14 16 29 
6 8 5 4 7 15 28 
6 5 4 7 8 15 29 
6 4 5 11 15 16 29 
6 4 5 7 11 15 29 
6 4 5 11 14 16 29 
1 4 5 11 9 13 29 
6 8 5 11 7 15 29 
1 4 5 11 14 16 29 
6 4 5 7 11 14 29 
6 4 5 11 8 7 29 
6 4 5 10 14 16 29 
6 5 11 10 14 16 29 
6 5 4 10 14 7 29 
6 4 5 10 11 14 29 
6 4 5 10 14 15 29 
8 4 5 11 15 7 29 
6 5 4 9 11 15 29 
6 4 5 10 11 15 29 
6 4 5 11 14 15 29 
6 4 5 11 9 14 29 
6 5 4 7 15 8 28 
1 5 4 9 14 16 29 
6 5 4 8 7 15 29 
6 4 5 11 15 16 29 
6 5 4 11 7 15 29 
6 4 5 11 14 16 29 
1 4 5 11 9 13 29 
6 5 8 11 15 7 29 
1 5 4 11 14 16 29 
6 4 5 7 11 14 29 
6 4 5 11 7 8 29 
6 4 5 10 14 16 29 
6 5 11 10 14 16 29 
6 5 4 10 14 7 29 
6 4 5 11 10 14 29 
6 4 5 10 14 15 29 
