1 5 6 10 14 16 29 
1 4 6 11 15 16 29 
4 6 5 10 14 15 29 
4 5 6 10 14 15 29 
4 5 6 10 14 15 29 
4 5 6 10 14 15 29 
1 5 6 10 14 16 29 
1 6 5 10 14 16 29 
1 5 6 10 14 16 29 
1 5 10 14 16 23 30 
5 4 11 10 14 13 29 
1 5 12 14 16 23 30 
1 5 12 14 16 23 30 
1 5 4 10 14 16 29 
1 5 4 10 14 16 29 
1 5 4 10 14 16 29 
1 5 10 14 16 23 30 
1 5 10 14 16 23 30 
4 6 5 11 14 16 29 
1 5 10 14 16 23 30 
5 4 6 11 14 16 29 
1 5 12 14 16 23 30 
1 5 4 10 14 16 29 
4 6 5 11 14 16 29 
4 6 5 11 14 16 29 
1 5 12 14 16 23 30 
4 6 5 11 15 16 29 
4 6 5 11 15 16 29 
5 4 11 10 14 16 29 
4 6 5 11 15 16 29 
4 6 5 11 15 16 29 
5 4 11 10 14 16 29 
5 4 11 10 14 16 29 
5 4 11 10 14 16 29 
8 4 7 5 10 15 29 
4 8 5 10 7 15 29 
4 6 5 11 10 15 29 
4 8 5 10 7 15 29 
4 6 5 11 10 15 29 
4 8 5 10 7 15 29 
5 4 6 10 14 16 29 
4 7 5 8 10 15 29 
5 4 11 10 14 16 29 
5 4 6 10 14 16 29 
5 4 6 10 14 16 29 
4 6 5 11 10 15 29 
5 4 6 10 14 16 29 
5 4 10 9 11 14 29 
5 4 9 11 10 14 29 
5 4 10 9 11 14 29 
5 4 10 9 11 14 29 
4 6 5 11 10 14 29 
4 6 5 11 9 15 29 
4 7 5 11 9 14 29 
4 7 5 11 9 14 29 
4 6 5 11 10 14 29 
5 6 4 10 11 14 29 
4 7 6 5 10 14 29 
4 6 5 7 10 14 29 
5 4 7 6 10 14 29 
4 6 5 10 11 15 29 
5 4 6 7 10 14 29 
4 7 5 11 9 14 29 
4 6 5 11 9 15 29 
4 6 5 11 15 14 29 
4 7 5 11 9 14 29 
4 6 5 11 9 15 29 
4 6 5 11 15 14 29 
4 6 5 11 15 14 29 
4 6 5 11 9 15 29 
5 6 4 10 11 14 29 
7 4 8 5 11 15 29 
4 6 5 11 15 14 29 
8 4 7 5 11 15 29 
7 4 8 5 11 15 29 
4 6 5 11 9 14 29 
4 6 5 11 9 14 29 
5 4 7 8 11 15 29 
4 6 5 11 9 14 29 
5 4 6 11 9 14 29 
4 8 6 5 15 7 29 
4 8 6 5 15 7 29 
8 4 6 5 15 7 29 
7 4 8 5 11 15 29 
5 7 4 6 11 14 29 
6 4 8 5 15 7 29 
4 6 5 11 7 15 29 
5 7 4 6 11 14 29 
7 4 6 5 11 15 29 
7 4 6 5 11 15 29 
7 6 4 5 11 15 29 
5 7 4 6 11 14 29 
7 4 6 8 5 15 29 
5 4 6 11 7 8 29 
7 4 6 5 11 15 29 
5 7 4 6 11 8 29 
5 4 6 11 7 8 29 
5 7 4 6 11 14 29 
7 4 6 5 8 11 29 
5 4 6 11 7 8 29 
