7 4 5 11 14 16 29 
7 4 5 11 14 16 29 
7 4 5 11 14 16 29 
7 4 5 11 14 16 29 
6 4 5 10 14 15 29 
6 4 5 10 14 15 29 
1 6 5 11 14 16 29 
1 5 6 11 14 16 29 
6 4 5 10 14 15 29 
6 4 5 10 14 15 29 
1 5 6 11 14 16 29 
1 5 6 11 14 16 29 
4 5 11 9 7 14 29 
5 4 7 9 11 14 29 
4 6 5 11 14 16 29 
4 5 9 11 7 14 29 
6 4 5 11 14 16 29 
6 4 5 11 14 16 29 
4 5 9 11 7 14 29 
6 4 5 11 14 16 29 
1 6 4 5 10 14 29 
1 4 5 6 10 14 29 
1 5 11 13 16 24 29 
6 4 5 11 10 15 29 
1 5 11 13 16 24 29 
1 5 11 13 16 24 29 
1 4 5 11 13 16 29 
1 4 5 6 10 14 29 
1 4 5 11 13 16 29 
1 4 5 11 13 16 29 
6 4 5 11 10 15 29 
6 4 5 11 10 15 29 
8 4 5 7 11 15 29 
1 4 5 6 10 14 29 
1 5 11 13 16 24 29 
6 5 7 4 10 14 29 
7 4 5 6 10 14 29 
4 6 5 7 10 14 29 
6 4 5 11 14 15 29 
6 4 5 11 14 15 29 
8 4 5 7 11 15 29 
7 4 5 6 10 14 29 
1 4 5 11 13 16 29 
8 4 5 7 11 15 29 
8 4 7 5 11 15 29 
6 5 4 11 14 15 29 
6 4 5 11 10 14 29 
6 4 5 11 10 14 29 
6 4 5 11 10 15 29 
1 4 5 11 13 16 29 
6 7 5 11 8 15 29 
6 4 5 11 9 15 29 
6 4 5 11 10 14 29 
1 4 5 9 11 14 29 
1 5 11 13 16 24 29 
1 4 5 9 11 14 29 
6 4 5 9 11 15 29 
6 4 5 11 10 14 29 
6 4 5 9 11 15 29 
6 5 11 7 8 15 29 
6 5 11 7 8 15 29 
1 5 4 9 11 14 29 
1 5 4 9 11 14 29 
1 6 4 5 9 13 29 
1 4 5 9 11 13 29 
6 5 11 7 8 15 29 
1 4 5 6 9 13 29 
1 4 5 9 11 13 29 
6 4 5 9 11 14 29 
1 4 5 9 11 13 29 
1 5 11 13 16 21 29 
1 4 5 9 11 13 29 
1 4 5 6 9 13 29 
1 4 5 6 9 13 29 
6 4 5 11 14 15 29 
6 4 5 9 11 14 29 
6 4 5 9 11 15 29 
6 4 5 9 11 14 29 
1 5 11 13 16 21 29 
1 5 11 13 16 21 29 
5 6 4 9 11 14 29 
1 5 11 13 16 21 29 
6 5 4 7 8 15 29 
6 4 5 7 8 15 29 
6 4 5 11 7 14 29 
7 4 6 5 11 14 29 
7 4 6 8 5 15 29 
6 5 4 11 14 7 29 
6 4 7 5 11 15 29 
6 5 4 7 11 15 29 
7 4 6 5 8 15 29 
6 4 7 5 11 15 29 
6 5 4 7 11 15 29 
4 5 6 11 7 14 29 
6 5 4 7 11 15 29 
6 4 5 11 8 7 29 
4 6 5 7 8 11 29 
6 4 5 7 11 8 29 
7 4 6 8 5 11 29 
1 5 11 13 16 21 29 
