5 8 7 4 6 15 28 
1 7 11 15 16 25 30 
5 8 7 4 6 15 28 
1 7 11 15 16 25 30 
6 4 5 8 7 15 29 
2 4 5 11 14 16 29 
1 4 5 11 14 16 29 
1 4 5 11 9 13 29 
2 4 5 11 14 16 29 
6 4 5 8 7 11 29 
1 4 5 11 14 16 29 
8 4 5 11 15 7 29 
6 4 5 11 15 7 29 
1 4 5 11 9 14 29 
6 4 5 7 8 15 29 
6 4 5 10 14 16 29 
6 4 5 10 14 7 29 
6 4 5 11 15 9 29 
5 4 11 10 9 14 29 
6 5 4 11 10 14 29 
6 8 5 11 7 15 29 
6 4 5 11 7 15 29 
4 5 6 11 7 14 29 
6 4 5 11 14 16 29 
6 8 5 11 7 15 29 
1 4 5 11 9 13 29 
5 4 11 10 9 14 29 
6 4 5 7 11 14 29 
5 4 10 11 14 13 29 
6 4 5 11 15 16 29 
6 4 5 11 14 16 29 
6 4 5 11 8 7 29 
5 4 11 10 13 14 29 
8 4 5 11 15 7 29 
6 4 5 10 14 7 29 
6 4 5 11 14 15 29 
6 4 5 10 14 16 29 
6 4 5 10 14 15 29 
6 4 5 10 14 15 29 
6 4 5 11 15 16 29 
6 4 5 9 11 14 29 
1 4 5 9 11 14 29 
6 4 5 11 10 15 29 
6 4 5 11 15 14 29 
5 4 11 7 9 14 29 
6 4 5 11 15 9 29 
6 4 5 11 10 15 29 
4 6 5 11 9 14 29 
4 5 9 11 7 14 29 
6 5 4 11 10 14 29 
6 4 5 8 7 15 28 
1 7 11 15 16 25 30 
2 4 5 11 14 16 29 
1 4 5 11 14 16 29 
6 4 5 8 7 15 29 
4 6 5 11 15 7 29 
6 8 5 11 7 15 29 
1 4 5 11 9 13 29 
5 4 9 11 10 14 29 
6 4 5 11 7 14 29 
6 4 5 11 14 16 29 
6 4 5 11 8 7 29 
5 4 10 11 14 13 29 
8 4 5 11 15 7 29 
6 4 5 10 14 7 29 
6 4 5 10 14 16 29 
6 4 5 10 14 15 29 
6 4 5 11 15 16 29 
1 4 5 11 9 14 29 
6 4 5 11 14 15 29 
6 4 5 11 15 9 29 
6 4 5 11 10 15 29 
4 6 5 11 9 14 29 
5 4 7 11 9 14 29 
6 4 5 11 10 14 29 
6 4 5 8 7 15 28 
1 7 11 15 16 25 30 
2 4 5 11 14 16 29 
1 4 5 11 14 16 29 
4 6 5 7 8 15 29 
6 4 5 11 7 15 29 
6 5 11 8 7 15 29 
1 4 5 11 9 13 29 
5 4 9 11 10 14 29 
4 5 6 11 7 14 29 
5 4 6 11 14 16 29 
5 8 7 4 6 11 29 
5 4 10 11 14 13 29 
8 4 5 11 15 7 29 
6 4 5 10 14 7 29 
6 4 5 10 14 16 29 
6 4 5 10 14 15 29 
6 5 4 11 15 16 29 
1 4 5 11 9 14 29 
6 4 5 11 15 14 29 
6 4 5 9 11 15 29 
6 4 5 11 10 15 29 
6 4 5 9 11 14 29 
7 4 5 11 9 14 29 
4 6 5 11 10 14 29 
