3 8 9 14 17 23 31 
7 8 15 4 6 5 28 
5 4 6 8 15 7 29 
5 6 4 10 11 14 29 
1 4 6 14 11 24 29 
1 4 6 5 10 14 29 
7 4 6 5 11 15 29 
1 4 6 15 11 16 29 
5 7 8 6 4 11 29 
3 7 5 11 15 16 31 
6 4 10 5 11 15 29 
7 4 6 5 10 14 29 
1 8 5 11 15 16 31 
1 4 6 5 11 16 29 
7 8 6 5 11 15 29 
7 4 6 5 11 14 29 
1 4 6 5 11 15 29 
1 4 6 5 11 14 29 
5 7 4 8 11 15 29 
2 8 5 11 15 16 31 
3 6 5 11 15 16 31 
3 6 5 11 15 16 31 
3 6 5 11 15 16 31 
3 6 5 11 15 16 31 
3 6 5 11 15 16 31 
3 6 5 11 15 16 31 
3 6 5 11 15 16 31 
3 6 5 11 15 16 31 
3 6 5 11 15 16 31 
3 6 5 11 15 16 31 
3 6 5 11 15 16 31 
3 6 5 11 15 16 31 
3 6 5 11 15 16 31 
3 6 5 11 15 16 31 
3 6 5 11 15 16 31 
3 6 5 11 15 16 31 
3 6 5 11 15 16 31 
3 6 5 11 15 16 31 
3 6 5 11 15 16 31 
3 6 5 11 15 16 31 
3 6 5 11 15 16 31 
3 6 5 11 15 16 31 
3 6 5 11 15 16 31 
3 6 5 11 15 16 31 
3 6 5 11 15 16 31 
3 6 5 11 15 16 31 
3 6 5 11 15 16 31 
3 6 5 11 15 16 31 
3 6 5 11 15 16 31 
3 6 5 11 15 16 31 
3 6 5 11 15 16 31 
3 6 5 11 15 16 31 
3 6 5 11 15 16 31 
3 6 5 11 15 16 31 
3 6 5 11 15 16 31 
3 6 5 11 15 16 31 
3 6 5 11 15 16 31 
3 6 5 11 15 16 31 
3 6 5 11 15 16 31 
3 6 5 11 15 16 31 
3 6 5 11 15 16 31 
3 6 5 11 15 16 31 
3 6 5 11 15 16 31 
3 6 5 11 15 16 31 
3 6 5 11 15 16 31 
3 6 5 11 15 16 31 
3 6 5 11 15 16 31 
3 6 5 11 15 16 31 
3 6 5 11 15 16 31 
3 6 5 11 15 16 31 
3 6 5 11 15 16 31 
3 6 5 11 15 16 31 
3 6 5 11 15 16 31 
3 6 5 11 15 16 31 
3 6 5 11 15 16 31 
3 6 5 11 15 16 31 
3 6 5 11 15 16 31 
3 6 5 11 15 16 31 
3 6 5 11 15 16 31 
3 6 5 11 15 16 31 
3 6 5 11 15 16 31 
3 6 5 11 15 16 31 
3 6 5 11 15 16 31 
3 6 5 11 15 16 31 
3 6 5 11 15 16 31 
3 6 5 11 15 16 31 
3 6 5 11 15 16 31 
3 6 5 11 15 16 31 
3 6 5 11 15 16 31 
3 6 5 11 15 16 31 
3 6 5 11 15 16 31 
3 6 5 11 15 16 31 
3 6 5 11 15 16 31 
3 6 5 11 15 16 31 
3 6 5 11 15 16 31 
3 6 5 11 15 16 31 
3 6 5 11 15 16 31 
3 6 5 11 15 16 31 
3 6 5 11 15 16 31 
3 6 5 11 15 16 31 
