4 6 5 11 15 16 29 
4 5 9 11 13 14 29 
4 5 9 11 13 14 29 
4 5 9 11 14 16 29 
4 5 9 11 14 16 29 
4 5 9 11 13 14 29 
4 5 11 9 14 16 29 
4 5 6 11 14 16 29 
4 6 5 11 14 16 29 
4 5 9 11 14 16 29 
4 5 11 9 14 16 29 
6 4 5 11 14 16 29 
4 6 5 11 15 14 29 
4 6 5 11 14 16 29 
4 6 5 11 14 16 29 
4 5 9 7 11 14 29 
4 5 9 7 11 14 29 
7 8 4 5 11 15 29 
7 8 4 5 11 15 29 
4 5 9 10 11 14 29 
7 8 4 5 11 15 29 
6 4 5 9 11 15 29 
6 4 5 11 15 14 29 
4 5 9 7 11 14 29 
4 5 9 10 11 14 29 
4 5 9 7 11 14 29 
6 4 5 9 11 15 29 
4 5 8 7 11 15 29 
6 4 5 11 15 14 29 
4 5 9 10 11 14 29 
4 6 5 9 11 15 29 
7 8 4 5 11 15 29 
6 4 5 11 15 14 29 
4 5 9 10 11 14 29 
4 5 9 11 13 14 29 
4 5 9 7 11 14 29 
4 5 9 10 11 14 29 
6 4 5 9 11 15 29 
6 4 5 11 15 14 29 
4 6 5 9 11 15 29 
6 4 5 10 14 16 29 
5 6 4 10 14 16 29 
4 5 6 10 14 16 29 
4 5 6 10 14 16 29 
5 6 4 10 14 16 29 
1 4 5 9 14 16 29 
1 4 5 9 14 16 29 
4 5 6 10 15 14 29 
6 4 5 10 15 14 29 
1 4 5 9 14 16 29 
6 4 5 10 15 14 29 
4 6 5 10 11 15 29 
4 6 5 10 11 15 29 
4 6 5 9 11 14 29 
6 5 4 9 11 14 29 
1 4 5 9 14 16 29 
5 6 4 9 11 14 29 
6 4 5 10 11 15 29 
6 4 5 10 15 14 29 
6 4 5 10 11 15 29 
4 6 5 10 11 15 29 
4 5 6 10 11 14 29 
6 4 5 10 15 14 29 
4 6 5 10 11 14 29 
5 6 4 10 11 14 29 
4 5 6 9 11 14 29 
5 6 4 10 11 14 29 
1 4 5 9 14 16 29 
4 5 6 9 11 14 29 
7 5 4 6 11 14 29 
7 6 4 5 11 14 29 
7 6 4 5 11 14 29 
7 6 4 5 11 14 29 
7 6 4 5 10 14 29 
7 6 5 4 10 14 29 
7 5 6 4 10 14 29 
7 6 5 8 11 15 29 
7 6 5 8 11 15 29 
7 6 5 4 10 14 29 
6 7 4 5 11 14 29 
7 6 5 8 11 15 29 
6 5 11 8 15 7 29 
4 5 6 10 11 14 29 
7 6 4 5 10 14 29 
7 6 5 8 11 15 29 
7 6 4 5 11 15 29 
7 6 4 5 11 15 29 
7 6 4 5 11 15 29 
7 6 4 5 11 15 29 
7 6 4 5 11 15 29 
7 4 5 6 8 15 29 
7 6 4 5 8 15 29 
7 8 4 5 6 11 29 
4 5 8 6 15 7 29 
4 5 8 6 15 7 29 
7 8 4 5 6 11 29 
6 8 4 5 15 7 29 
7 6 4 8 5 11 29 
7 8 4 5 6 11 29 
7 8 4 5 6 11 29 
