6 7 4 5 15 8 29 
1 5 4 9 11 13 29 
4 6 5 7 11 15 29 
7 5 4 8 6 11 29 
4 5 10 11 13 14 29 
4 5 6 10 7 14 29 
1 5 4 6 11 13 29 
8 6 5 7 11 15 29 
4 5 6 10 11 14 29 
1 4 5 11 14 16 29 
4 6 5 7 11 14 29 
4 5 9 10 11 14 29 
1 5 4 9 11 14 29 
6 4 5 11 15 14 29 
4 5 6 10 15 14 29 
7 4 5 8 11 15 29 
1 4 5 9 6 14 29 
6 4 5 10 11 15 29 
7 5 4 9 11 14 29 
6 5 4 9 11 14 29 
6 5 4 9 11 15 29 
1 4 5 11 13 16 29 
1 5 4 11 13 16 29 
1 5 4 11 13 16 29 
1 4 5 11 13 16 29 
1 5 4 11 13 16 29 
1 5 4 11 13 16 29 
1 5 4 11 13 16 29 
1 4 5 11 13 16 29 
1 5 4 11 13 16 29 
1 5 4 11 13 16 29 
1 4 5 11 13 16 29 
1 5 4 11 13 16 29 
1 5 4 11 13 16 29 
1 5 4 11 13 16 29 
1 4 5 11 13 16 29 
1 5 4 11 13 16 29 
1 5 4 11 13 16 29 
1 5 4 11 13 16 29 
1 4 5 11 13 16 29 
1 4 5 11 13 16 29 
1 5 4 11 13 16 29 
1 5 4 11 13 16 29 
1 5 4 11 13 16 29 
1 5 4 11 13 16 29 
1 4 5 11 13 16 29 
1 4 5 11 13 16 29 
1 5 4 11 13 16 29 
1 5 4 11 13 16 29 
1 4 5 11 13 16 29 
1 4 5 11 13 16 29 
1 4 5 11 13 16 29 
1 4 5 11 13 16 29 
1 4 5 11 13 16 29 
1 4 5 11 13 16 29 
1 5 4 11 13 16 29 
1 5 4 11 13 16 29 
1 5 4 11 13 16 29 
1 5 4 11 13 16 29 
1 5 4 11 13 16 29 
1 4 5 11 13 16 29 
1 4 5 11 13 16 29 
1 5 4 11 13 16 29 
1 4 5 11 13 16 29 
1 4 5 11 13 16 29 
1 5 4 11 13 16 29 
1 5 4 11 13 16 29 
1 4 5 11 13 16 29 
1 5 4 11 13 16 29 
1 4 5 11 13 16 29 
1 5 4 11 13 16 29 
1 4 5 11 13 16 29 
1 4 5 11 13 16 29 
1 4 5 11 13 16 29 
1 4 5 11 13 16 29 
1 4 5 11 13 16 29 
1 5 4 11 13 16 29 
1 5 4 11 13 16 29 
1 5 4 11 13 16 29 
1 5 4 11 13 16 29 
1 5 4 11 13 16 29 
1 4 5 11 13 16 29 
1 5 4 11 13 16 29 
1 5 4 11 13 16 29 
1 5 4 11 13 16 29 
1 4 5 11 13 16 29 
1 4 5 11 13 16 29 
1 5 4 11 13 16 29 
1 4 5 11 13 16 29 
1 4 5 11 13 16 29 
1 4 5 11 13 16 29 
1 5 4 11 13 16 29 
1 4 5 11 13 16 29 
1 5 4 11 13 16 29 
1 5 4 11 13 16 29 
1 4 5 11 13 16 29 
1 4 5 11 13 16 29 
1 5 4 11 13 16 29 
1 5 4 11 13 16 29 
1 4 5 11 13 16 29 
