1 4 5 9 14 16 29 
4 8 7 6 5 15 28 
1 4 5 9 14 16 29 
4 8 6 7 5 15 28 
8 4 5 7 6 15 29 
1 4 5 11 14 16 29 
1 4 5 11 9 13 29 
6 4 10 11 14 15 29 
6 4 5 10 11 14 29 
8 4 7 6 5 11 29 
8 4 7 5 11 15 29 
6 4 8 5 7 15 29 
4 7 5 6 10 14 29 
4 6 5 11 15 7 29 
6 5 4 9 11 15 29 
1 4 5 11 9 14 29 
6 4 5 11 14 16 29 
1 4 5 6 9 13 29 
7 4 5 6 11 14 29 
6 4 10 11 14 15 29 
6 4 5 11 14 16 29 
6 4 7 5 11 15 29 
8 6 5 11 15 7 29 
1 4 6 5 10 14 29 
8 6 5 11 7 15 29 
1 4 5 11 14 16 29 
1 4 5 11 9 13 29 
7 4 5 6 11 14 29 
6 4 5 11 8 7 29 
6 4 5 11 15 14 29 
6 4 5 7 10 14 29 
6 4 5 10 15 14 29 
6 4 5 10 15 14 29 
6 4 5 9 11 14 29 
4 8 7 5 11 15 29 
1 4 5 11 9 14 29 
6 4 5 11 10 15 29 
6 4 5 11 15 14 29 
7 5 4 9 11 14 29 
4 6 5 9 11 14 29 
1 4 6 5 10 14 29 
6 4 5 11 10 15 29 
6 4 5 11 9 15 29 
6 4 5 10 11 14 29 
1 4 5 6 9 13 29 
7 4 5 9 11 14 29 
1 4 5 9 14 16 29 
8 4 5 7 6 15 28 
4 8 7 6 5 15 29 
6 4 10 11 15 14 29 
5 4 6 11 14 16 29 
6 4 5 11 15 7 29 
8 6 5 11 7 15 29 
1 4 5 11 14 16 29 
1 4 5 11 9 13 29 
7 4 5 6 11 14 29 
8 6 5 4 7 11 29 
6 4 7 5 10 14 29 
6 4 5 10 15 14 29 
8 4 7 5 11 15 29 
1 4 5 9 11 14 29 
6 4 5 11 15 14 29 
6 4 5 11 9 14 29 
1 4 6 5 10 14 29 
6 4 5 11 10 15 29 
6 4 5 11 9 15 29 
4 6 5 11 10 14 29 
1 4 5 6 9 13 29 
7 4 5 9 11 14 29 
1 4 5 9 14 16 29 
8 4 5 7 6 15 28 
4 8 5 7 6 15 29 
6 4 10 11 15 14 29 
6 4 5 11 14 16 29 
6 4 5 11 7 15 29 
8 6 5 11 15 7 29 
1 4 5 11 14 16 29 
1 4 5 11 9 13 29 
6 4 5 11 14 7 29 
8 4 7 6 5 11 29 
6 4 5 7 10 14 29 
6 4 5 10 15 14 29 
8 4 7 5 11 15 29 
1 4 5 11 9 14 29 
6 4 5 11 15 14 29 
6 4 5 9 11 14 29 
1 4 6 5 10 14 29 
6 4 5 10 11 15 29 
6 4 5 11 9 15 29 
6 4 5 11 10 14 29 
1 4 5 6 9 13 29 
7 4 5 11 9 14 29 
4 8 7 6 5 15 28 
1 4 5 9 14 16 29 
4 8 5 7 6 15 29 
6 4 10 11 14 15 29 
4 6 5 11 14 16 29 
6 4 5 11 7 15 29 
8 6 5 11 15 7 29 
1 4 5 11 14 16 29 
