6 4 5 10 14 7 29 
6 4 5 11 9 15 29 
6 4 5 10 14 16 29 
6 4 5 11 7 14 29 
6 4 5 11 14 16 29 
5 4 11 9 7 14 29 
6 4 5 11 15 14 29 
1 4 5 11 13 16 29 
6 4 5 10 11 15 29 
7 6 5 11 15 8 29 
5 4 6 8 7 11 29 
4 7 5 11 15 8 29 
5 4 10 11 14 16 29 
4 5 6 15 7 8 29 
4 5 6 10 14 15 29 
5 4 10 11 14 13 29 
5 4 10 11 9 14 29 
1 5 10 14 16 22 29 
5 4 6 9 11 14 29 
6 4 5 11 15 16 29 
6 4 5 11 15 7 29 
6 4 5 11 10 14 29 
6 7 5 11 15 8 29 
6 7 5 11 15 8 29 
1 4 5 11 14 16 29 
6 7 5 11 15 8 29 
1 4 5 11 14 16 29 
6 7 5 11 15 8 29 
1 4 5 11 14 16 29 
5 4 7 8 11 15 29 
8 4 5 11 15 7 29 
1 4 5 11 14 16 29 
8 4 5 11 15 7 29 
6 4 5 11 15 16 29 
5 4 6 9 11 14 29 
5 4 6 9 11 14 29 
6 4 5 11 15 16 29 
4 6 5 11 15 16 29 
6 4 5 11 15 9 29 
6 4 5 11 15 9 29 
5 4 6 9 11 14 29 
4 8 5 11 15 7 29 
6 4 5 11 15 9 29 
6 4 5 11 15 9 29 
6 4 5 11 15 14 29 
5 4 11 9 7 14 29 
5 4 7 11 9 14 29 
6 4 5 11 10 15 29 
6 4 5 11 15 14 29 
6 4 5 11 10 15 29 
4 5 9 7 11 14 29 
6 4 5 11 15 14 29 
6 4 5 10 11 15 29 
6 4 5 10 11 15 29 
6 4 5 11 15 7 29 
6 4 5 11 15 7 29 
6 4 5 11 14 16 29 
5 4 10 11 9 14 29 
5 4 6 11 14 16 29 
5 4 6 11 14 7 29 
5 4 6 11 14 16 29 
5 4 10 11 9 14 29 
5 4 6 11 14 16 29 
6 4 5 11 15 7 29 
5 4 6 11 14 7 29 
5 4 10 11 9 14 29 
6 4 5 11 15 7 29 
4 5 9 11 7 14 29 
5 4 11 10 14 16 29 
5 4 10 11 14 16 29 
5 4 6 11 7 14 29 
6 4 5 11 15 14 29 
6 4 5 10 14 16 29 
6 4 5 11 10 14 29 
5 4 10 11 14 16 29 
6 4 5 10 11 14 29 
6 4 5 10 14 16 29 
6 4 5 10 14 16 29 
4 5 6 15 7 8 29 
5 4 6 8 7 11 29 
6 4 5 10 14 16 29 
5 4 11 10 14 16 29 
6 4 5 10 14 15 29 
5 4 10 11 14 13 29 
6 4 5 10 14 15 29 
5 6 7 8 4 11 29 
5 4 6 10 11 14 29 
5 4 6 11 7 14 29 
6 4 5 10 14 15 29 
5 4 10 11 14 13 29 
5 4 11 10 14 13 29 
5 4 6 10 14 7 29 
6 4 5 10 14 7 29 
5 4 8 7 6 11 29 
6 4 15 5 7 8 29 
6 4 15 5 7 8 29 
5 6 7 8 4 11 29 
6 4 5 10 14 7 29 
5 4 6 15 8 7 29 
6 4 5 10 14 7 29 
