4 5 10 11 9 14 29 
4 5 11 10 9 14 29 
4 5 10 11 9 14 29 
4 5 11 10 14 16 29 
4 5 11 10 14 16 29 
4 5 11 10 14 16 29 
1 5 4 11 14 16 29 
4 5 10 11 14 16 29 
1 5 4 11 14 16 29 
1 5 4 11 14 16 29 
1 5 4 11 14 16 29 
4 5 11 10 14 16 29 
1 4 5 11 14 16 29 
6 5 8 7 11 15 29 
8 6 5 7 11 15 29 
6 5 8 7 11 15 29 
1 5 4 9 14 16 29 
1 5 4 9 14 16 29 
6 5 8 7 11 15 29 
6 5 8 7 11 15 29 
6 5 4 11 15 16 29 
6 5 4 9 11 14 29 
1 4 5 9 14 16 29 
6 4 5 11 15 16 29 
1 5 4 9 14 16 29 
6 4 5 9 11 14 29 
6 5 4 11 15 16 29 
1 5 4 9 14 16 29 
6 5 4 9 11 14 29 
6 5 4 11 15 16 29 
6 4 5 9 11 14 29 
6 5 4 11 15 16 29 
6 5 4 11 15 14 29 
6 5 4 11 14 16 29 
6 4 5 11 14 16 29 
6 4 5 11 15 14 29 
6 4 5 10 14 16 29 
6 5 4 11 14 16 29 
6 5 4 10 14 16 29 
6 4 5 11 15 14 29 
6 5 4 10 14 16 29 
6 4 5 11 14 16 29 
6 4 5 10 14 16 29 
6 4 5 10 14 16 29 
6 4 5 11 14 16 29 
6 5 4 11 15 14 29 
7 4 5 9 11 14 29 
7 4 5 11 9 14 29 
6 4 5 11 10 15 29 
7 4 5 9 11 14 29 
6 5 4 11 7 14 29 
6 4 5 7 11 14 29 
6 5 4 7 11 14 29 
6 4 5 10 11 15 29 
6 4 5 10 15 14 29 
6 4 5 10 11 15 29 
6 4 5 10 15 14 29 
6 4 5 7 11 14 29 
6 4 5 7 11 14 29 
6 4 5 10 15 14 29 
4 8 6 7 5 15 28 
8 4 6 7 5 15 28 
6 4 5 10 11 15 29 
6 4 5 10 15 14 29 
6 5 4 9 11 15 29 
6 4 5 9 11 15 29 
6 5 4 10 11 14 29 
8 4 6 7 5 15 28 
6 4 5 10 11 14 29 
4 8 6 5 15 7 28 
7 4 5 11 9 14 29 
6 5 4 9 11 15 29 
6 5 4 10 11 14 29 
6 4 5 10 7 14 29 
6 5 4 9 11 15 29 
6 4 5 7 10 14 29 
4 8 6 7 5 15 28 
6 4 5 10 11 14 29 
6 5 4 7 11 15 29 
8 7 4 5 6 15 29 
4 8 5 6 15 7 29 
7 8 5 4 11 15 29 
8 6 4 5 15 7 29 
6 4 5 10 7 14 29 
6 5 4 7 10 14 29 
6 7 4 5 11 15 29 
6 8 4 5 15 7 29 
6 5 4 7 11 15 29 
8 4 5 7 11 15 29 
6 5 4 7 11 15 29 
8 7 4 5 11 15 29 
6 5 4 7 11 15 29 
6 8 4 5 15 7 29 
4 8 7 5 11 15 29 
6 7 4 8 5 11 29 
4 8 5 6 7 11 29 
7 8 5 6 4 11 29 
4 8 5 6 7 11 29 
8 5 4 6 7 11 29 
8 7 5 4 11 15 29 
