1 5 4 9 14 16 29 
15 5 4 6 8 7 28 
1 5 4 9 14 16 29 
15 5 4 6 8 7 28 
7 5 4 6 8 15 29 
1 5 4 11 14 16 29 
4 5 10 11 14 16 29 
6 4 7 8 5 11 29 
7 5 4 8 11 15 29 
4 5 10 11 14 16 29 
7 5 4 6 8 15 29 
6 5 4 10 14 7 29 
6 5 4 7 11 15 29 
4 5 6 10 14 16 29 
6 5 4 9 11 15 29 
4 5 10 9 11 14 29 
6 5 4 11 10 14 29 
4 5 10 11 14 13 29 
4 5 10 11 14 13 29 
4 5 6 11 14 7 29 
4 5 10 15 8 7 29 
4 5 9 11 10 14 29 
4 5 6 11 14 16 29 
6 5 4 11 15 14 29 
5 6 4 11 9 14 29 
6 5 4 10 14 16 29 
7 5 4 8 11 15 29 
4 5 6 11 14 16 29 
1 5 4 11 14 16 29 
6 5 4 11 14 7 29 
5 4 8 6 7 11 29 
6 5 4 11 7 15 29 
4 5 10 15 8 7 29 
6 5 4 11 14 15 29 
6 5 4 10 14 7 29 
4 5 9 11 14 7 29 
6 5 4 9 11 14 29 
4 5 9 11 14 7 29 
6 5 4 11 9 15 29 
4 5 6 11 10 14 29 
1 5 4 9 14 16 29 
4 5 15 6 8 7 28 
4 5 10 11 14 16 29 
5 6 7 4 8 15 29 
4 5 10 11 14 13 29 
4 5 10 9 11 14 29 
4 5 6 10 14 16 29 
7 5 4 11 8 15 29 
6 5 4 11 14 16 29 
1 5 4 11 14 16 29 
6 5 4 11 14 7 29 
6 5 4 7 8 11 29 
6 5 4 7 11 15 29 
4 5 10 15 8 7 29 
6 5 4 11 15 14 29 
6 5 4 10 14 7 29 
6 5 4 9 11 14 29 
4 5 9 11 14 7 29 
6 5 4 9 11 15 29 
6 5 4 10 11 14 29 
1 5 4 9 14 16 29 
7 5 4 6 8 15 28 
4 5 10 11 14 16 29 
6 5 7 4 8 15 29 
4 5 10 11 14 13 29 
4 5 10 9 11 14 29 
5 6 4 10 14 16 29 
7 5 4 11 15 8 29 
6 5 4 11 14 16 29 
1 5 4 11 14 16 29 
6 5 4 11 14 7 29 
7 5 4 8 6 11 29 
6 5 4 7 11 15 29 
6 5 4 11 15 14 29 
4 5 6 10 14 7 29 
5 6 4 11 9 14 29 
4 5 9 11 14 7 29 
6 5 4 9 11 15 29 
4 5 6 11 10 14 29 
1 5 4 9 14 16 29 
15 5 4 6 8 7 28 
4 5 10 11 14 16 29 
6 4 7 8 5 15 29 
4 5 10 9 11 14 29 
5 6 4 10 14 16 29 
7 5 4 8 11 15 29 
6 5 4 11 14 16 29 
1 5 4 11 14 16 29 
6 5 4 11 14 7 29 
6 4 7 8 5 11 29 
6 5 4 11 7 15 29 
6 5 4 11 15 14 29 
5 6 4 10 14 7 29 
6 5 4 9 11 14 29 
4 5 9 11 14 7 29 
6 5 4 9 11 15 29 
6 5 4 11 10 14 29 
1 5 4 9 14 16 29 
15 5 4 6 8 7 28 
4 5 10 11 14 16 29 
