1 4 11 14 16 21 29 
5 4 11 9 14 16 29 
2 4 11 14 17 21 29 
1 4 11 14 16 21 29 
5 4 11 9 10 14 29 
1 5 14 17 22 24 29 
5 4 6 11 10 14 29 
1 4 11 14 16 21 29 
5 4 11 9 14 16 29 
5 4 11 9 14 13 29 
5 6 4 11 9 14 29 
1 4 14 16 21 24 29 
1 4 14 16 21 24 29 
6 4 5 10 14 15 29 
4 6 5 10 14 15 29 
1 4 14 16 21 24 29 
6 4 5 10 14 15 29 
6 4 5 10 14 15 29 
2 4 11 14 17 21 29 
2 4 11 14 17 21 29 
2 4 11 14 17 21 29 
4 6 5 11 15 16 29 
4 6 5 11 15 16 29 
1 4 5 11 13 16 29 
4 6 5 11 15 16 29 
1 4 5 11 13 16 29 
4 6 5 11 14 16 29 
6 4 5 11 14 16 29 
1 5 4 11 13 16 29 
1 4 5 11 13 16 29 
4 6 5 11 14 16 29 
1 5 4 11 14 16 29 
1 4 5 11 14 16 29 
1 5 4 11 14 16 29 
1 4 5 11 14 16 29 
1 5 14 17 22 24 29 
1 5 14 17 22 24 29 
4 6 5 7 10 14 29 
7 4 5 6 10 14 29 
6 4 5 7 10 14 29 
6 5 4 7 10 14 29 
1 5 14 17 22 24 29 
1 6 5 4 10 14 29 
1 6 5 4 10 14 29 
1 6 5 4 10 14 29 
4 6 5 11 14 15 29 
6 4 5 11 14 15 29 
6 4 5 11 14 15 29 
6 4 5 11 14 15 29 
4 6 5 11 10 14 29 
1 4 5 6 9 13 29 
4 6 5 11 10 14 29 
1 4 5 6 9 13 29 
5 6 4 11 14 7 29 
5 6 4 11 14 7 29 
6 4 5 11 10 14 29 
5 4 6 8 7 15 29 
4 5 11 7 9 14 29 
6 8 5 7 4 15 29 
1 6 5 4 9 13 29 
6 4 5 11 10 15 29 
4 5 11 7 9 14 29 
6 4 5 11 9 15 29 
4 6 5 11 10 15 29 
4 6 5 11 15 7 29 
4 6 5 9 11 15 29 
5 6 4 11 9 14 29 
6 5 7 4 15 8 29 
5 4 10 11 9 14 29 
4 5 7 9 11 14 29 
5 4 11 9 10 14 29 
4 6 5 9 11 15 29 
4 6 5 11 7 15 29 
4 6 5 7 15 8 29 
4 6 5 11 9 14 29 
6 5 11 8 7 15 29 
5 6 4 11 9 14 29 
4 5 11 7 9 14 29 
5 6 4 11 14 7 29 
8 5 7 4 6 11 29 
6 8 5 11 15 7 29 
5 4 11 9 10 14 29 
6 5 11 7 8 15 29 
6 4 5 11 15 7 29 
6 8 5 11 15 7 29 
8 4 5 7 6 11 29 
4 6 5 11 10 15 29 
4 6 5 11 15 9 29 
4 8 5 6 11 7 29 
5 4 11 9 14 13 29 
5 6 4 11 14 7 29 
4 5 11 9 13 14 29 
5 4 11 9 14 13 29 
4 8 5 7 6 11 29 
4 6 5 11 15 7 29 
4 6 5 11 10 15 29 
4 8 5 11 15 7 29 
4 8 5 11 15 7 29 
4 5 11 8 7 15 29 
4 8 5 11 7 15 29 
