1 5 4 9 14 16 29 
1 5 4 9 14 16 29 
1 5 4 9 14 16 29 
1 5 4 9 14 16 29 
6 5 4 11 9 15 29 
1 5 4 9 14 16 29 
4 6 5 11 9 15 29 
6 5 4 11 14 16 29 
6 5 4 11 9 15 29 
4 5 6 11 14 16 29 
6 5 4 11 14 16 29 
6 5 4 11 9 15 29 
6 5 4 11 14 16 29 
6 5 4 11 14 16 29 
6 4 5 7 11 14 29 
8 4 5 7 11 15 29 
1 5 4 11 14 16 29 
1 8 10 14 16 23 31 
4 5 9 11 14 16 29 
1 8 10 14 16 23 31 
8 4 5 7 11 15 29 
1 8 10 14 16 23 31 
1 5 4 11 14 16 29 
4 5 9 11 14 16 29 
1 5 4 11 14 16 29 
4 5 9 11 14 16 29 
4 5 9 11 14 16 29 
8 4 5 7 11 15 29 
4 5 9 11 14 16 29 
1 5 6 4 9 13 29 
1 8 10 14 16 23 31 
1 5 4 11 14 16 29 
6 5 4 11 14 15 29 
6 5 4 11 14 15 29 
1 5 4 11 14 16 29 
8 4 5 7 11 15 29 
8 4 5 7 11 15 29 
5 7 6 4 10 14 29 
4 6 5 10 7 14 29 
4 6 5 10 7 14 29 
4 6 5 10 11 15 29 
4 6 5 10 11 15 29 
4 6 5 10 11 15 29 
1 8 10 13 16 22 31 
5 7 6 4 10 14 29 
6 5 4 11 14 15 29 
1 8 10 13 16 22 31 
1 8 10 13 16 22 31 
1 8 10 13 16 22 31 
8 6 5 7 11 15 29 
8 6 5 7 11 15 29 
1 8 10 13 16 22 31 
4 6 5 10 11 15 29 
6 5 4 11 14 15 29 
8 6 5 7 11 15 29 
8 6 5 7 11 15 29 
5 4 10 11 9 14 29 
5 4 10 11 9 14 29 
4 5 9 11 10 14 29 
5 4 10 11 9 14 29 
8 6 5 7 11 15 29 
4 5 6 11 10 14 29 
4 5 6 11 10 14 29 
4 5 6 11 10 14 29 
1 8 10 13 16 23 31 
1 8 10 13 16 23 31 
1 8 10 13 16 23 31 
4 5 6 11 10 14 29 
1 8 10 13 16 23 31 
1 4 6 5 9 13 29 
1 4 6 5 9 13 29 
4 6 5 7 11 15 29 
4 6 5 7 11 15 29 
4 6 5 7 11 15 29 
4 6 5 7 11 15 29 
5 4 9 7 11 14 29 
5 4 6 7 15 8 29 
5 4 6 7 15 8 29 
4 6 5 7 11 15 29 
4 5 6 9 11 14 29 
5 4 6 11 9 14 29 
4 5 9 7 11 14 29 
4 5 6 7 15 8 29 
6 8 4 5 7 15 29 
1 4 6 5 9 13 29 
4 7 5 9 11 14 29 
5 4 6 7 15 8 29 
4 5 6 7 11 14 29 
4 5 6 7 11 14 29 
1 4 6 5 9 13 29 
4 5 6 7 11 14 29 
4 5 6 7 11 14 29 
5 4 6 11 9 14 29 
4 5 9 7 11 14 29 
5 4 6 11 9 14 29 
5 4 6 8 11 7 29 
7 4 6 5 11 8 29 
4 5 6 7 11 8 29 
4 5 6 7 11 8 29 
4 5 6 7 11 8 29 
