6 4 5 15 8 7 29 
5 4 11 9 14 16 29 
6 5 4 11 15 7 29 
5 4 6 11 8 7 29 
5 4 6 11 14 16 29 
5 4 6 7 10 14 29 
5 4 6 10 14 16 29 
5 4 11 10 9 14 29 
6 5 7 11 8 15 29 
5 6 4 10 11 14 29 
1 5 4 11 14 16 29 
5 4 6 11 7 14 29 
6 4 5 11 14 15 29 
5 4 11 8 7 15 29 
5 4 6 9 11 14 29 
6 4 5 10 11 15 29 
5 4 7 9 11 14 29 
6 5 4 9 11 15 29 
1 5 4 9 14 16 29 
1 5 4 9 14 16 29 
1 5 4 9 14 16 29 
1 5 4 9 14 16 29 
1 5 4 9 14 16 29 
1 5 4 9 14 16 29 
1 5 4 9 14 16 29 
1 5 4 9 14 16 29 
1 5 4 9 14 16 29 
1 5 4 9 14 16 29 
1 5 4 9 14 16 29 
1 5 4 9 14 16 29 
1 5 4 9 14 16 29 
1 5 4 9 14 16 29 
1 5 4 9 14 16 29 
1 5 4 9 14 16 29 
1 5 4 9 14 16 29 
1 5 4 9 14 16 29 
1 5 4 9 14 16 29 
1 5 4 9 14 16 29 
1 5 4 9 14 16 29 
1 5 4 9 14 16 29 
1 5 4 9 14 16 29 
1 5 4 9 14 16 29 
1 5 4 9 14 16 29 
1 5 4 9 14 16 29 
1 5 4 9 14 16 29 
1 5 4 9 14 16 29 
1 5 4 9 14 16 29 
1 5 4 9 14 16 29 
1 5 4 9 14 16 29 
1 5 4 9 14 16 29 
1 5 4 9 14 16 29 
1 5 4 9 14 16 29 
1 5 4 9 14 16 29 
1 5 4 9 14 16 29 
1 5 4 9 14 16 29 
1 5 4 9 14 16 29 
1 5 4 9 14 16 29 
1 5 4 9 14 16 29 
1 5 4 9 14 16 29 
1 5 4 9 14 16 29 
1 5 4 9 14 16 29 
1 5 4 9 14 16 29 
1 5 4 9 14 16 29 
1 5 4 9 14 16 29 
1 5 4 9 14 16 29 
1 5 4 9 14 16 29 
1 5 4 9 14 16 29 
1 5 4 9 14 16 29 
1 5 4 9 14 16 29 
1 5 4 9 14 16 29 
1 5 4 9 14 16 29 
1 5 4 9 14 16 29 
1 5 4 9 14 16 29 
1 5 4 9 14 16 29 
1 5 4 9 14 16 29 
1 5 4 9 14 16 29 
1 5 4 9 14 16 29 
1 5 4 9 14 16 29 
1 5 4 9 14 16 29 
1 5 4 9 14 16 29 
1 5 4 9 14 16 29 
1 5 4 9 14 16 29 
1 5 4 9 14 16 29 
1 5 4 9 14 16 29 
1 5 4 9 14 16 29 
1 5 4 9 14 16 29 
1 5 4 9 14 16 29 
1 5 4 9 14 16 29 
1 5 4 9 14 16 29 
1 5 4 9 14 16 29 
1 5 4 9 14 16 29 
1 5 4 9 14 16 29 
1 5 4 9 14 16 29 
1 5 4 9 14 16 29 
1 5 4 9 14 16 29 
1 5 4 9 14 16 29 
1 5 4 9 14 16 29 
1 5 4 9 14 16 29 
1 5 4 9 14 16 29 
1 5 4 9 14 16 29 
