6 5 4 11 9 15 29 
6 7 4 5 10 14 29 
7 5 4 9 11 14 29 
6 5 4 11 7 14 29 
4 5 9 11 14 13 29 
1 5 11 14 16 21 29 
1 5 11 14 16 21 29 
6 5 11 8 15 7 29 
6 5 11 8 15 7 29 
6 5 11 8 15 7 29 
4 5 9 11 14 16 29 
4 5 9 11 14 16 29 
6 5 11 8 15 7 29 
4 5 9 11 14 16 29 
4 5 9 11 14 16 29 
1 5 11 13 16 24 29 
1 5 11 13 16 24 29 
1 5 11 13 16 24 29 
1 5 11 13 16 24 29 
4 5 9 11 14 16 29 
6 5 11 8 15 7 29 
1 5 11 13 16 24 29 
1 5 11 13 16 21 29 
1 5 11 13 16 21 29 
1 5 11 13 16 21 29 
1 5 11 13 16 21 29 
1 5 11 13 16 21 29 
1 5 4 9 14 16 29 
1 5 4 9 14 16 29 
5 4 10 9 11 14 29 
1 5 4 9 14 16 29 
6 5 4 11 14 15 29 
6 5 4 11 14 15 29 
6 5 4 11 14 15 29 
1 5 4 9 14 16 29 
6 5 4 11 14 15 29 
6 5 4 8 15 7 29 
5 4 10 9 11 14 29 
6 4 8 15 5 7 29 
6 5 4 8 7 15 29 
5 4 10 9 11 14 29 
6 5 4 8 7 15 29 
6 5 4 11 14 15 29 
5 4 6 8 7 15 29 
5 4 10 9 11 14 29 
5 4 8 11 7 15 29 
5 8 4 11 7 15 29 
5 6 4 11 10 14 29 
6 5 4 9 11 15 29 
6 5 4 11 7 15 29 
6 5 4 11 9 15 29 
6 5 4 9 11 15 29 
6 5 4 11 7 15 29 
6 5 4 10 11 14 29 
1 5 4 9 14 16 29 
6 5 4 10 14 16 29 
5 8 4 11 7 15 29 
6 5 4 11 10 14 29 
6 5 4 11 10 14 29 
7 5 4 9 11 14 29 
5 6 4 8 11 7 29 
8 7 6 5 4 11 29 
6 5 8 4 7 11 29 
6 5 4 8 11 7 29 
5 4 6 8 11 7 29 
1 5 4 11 14 16 29 
7 5 4 9 11 14 29 
5 4 8 11 7 15 29 
6 7 5 4 10 14 29 
1 5 4 11 14 16 29 
6 5 4 11 7 15 29 
6 5 4 10 14 16 29 
6 5 4 9 11 14 29 
6 5 4 11 9 15 29 
6 5 4 10 14 16 29 
5 6 4 10 14 16 29 
6 5 4 9 11 14 29 
5 4 8 11 7 15 29 
1 5 4 11 14 16 29 
6 5 4 11 7 15 29 
6 5 4 11 7 15 29 
1 5 4 11 14 16 29 
5 4 6 11 14 16 29 
6 5 4 11 14 16 29 
6 5 4 11 14 16 29 
5 4 6 7 10 14 29 
6 5 4 11 14 7 29 
1 5 4 11 14 16 29 
7 5 4 9 11 14 29 
6 5 4 11 14 7 29 
6 5 4 11 14 7 29 
6 5 4 11 9 14 29 
6 5 4 11 14 7 29 
5 4 6 11 14 16 29 
6 7 4 5 10 14 29 
5 4 6 11 9 14 29 
6 5 4 10 14 16 29 
5 4 6 7 10 14 29 
7 5 4 9 11 14 29 
5 4 6 11 14 16 29 
