7 6 4 15 5 8 29 
1 6 5 10 14 16 29 
4 5 9 11 14 16 29 
7 6 4 5 11 15 29 
7 6 4 8 5 11 29 
1 5 9 14 16 22 29 
4 6 5 11 15 16 29 
1 4 5 11 14 16 29 
4 6 5 10 11 14 29 
7 6 4 5 10 14 29 
4 6 5 10 14 16 29 
4 6 5 11 14 16 29 
4 8 5 7 11 15 29 
7 6 4 5 11 14 29 
4 8 5 10 15 7 29 
6 4 5 11 15 14 29 
1 5 11 14 16 22 29 
6 4 5 10 15 14 29 
4 6 5 10 11 15 29 
4 7 5 11 9 14 29 
4 6 5 11 9 14 29 
4 6 5 11 9 15 29 
1 5 9 14 16 21 29 
4 6 5 11 15 14 29 
4 6 5 10 11 14 29 
1 5 9 14 16 22 29 
1 5 9 14 16 21 29 
4 5 9 7 11 14 29 
6 4 5 11 15 14 29 
4 5 9 11 14 16 29 
4 8 5 7 6 11 29 
6 4 5 11 15 14 29 
1 5 9 14 16 22 29 
6 4 5 10 15 14 29 
4 8 5 7 6 11 29 
4 6 5 10 11 15 29 
1 5 9 14 16 21 29 
1 5 9 14 16 22 29 
1 5 9 14 16 21 29 
6 4 5 11 15 14 29 
6 4 5 10 15 14 29 
6 4 5 10 11 15 29 
6 4 5 10 15 14 29 
4 6 5 10 11 15 29 
6 4 5 11 10 15 29 
4 6 5 10 15 14 29 
4 6 5 10 11 15 29 
6 4 5 10 15 14 29 
4 6 5 11 9 15 29 
4 6 5 10 11 15 29 
4 6 5 11 10 15 29 
6 4 5 10 15 14 29 
6 4 7 8 5 11 29 
4 6 5 11 15 14 29 
4 6 5 7 10 14 29 
6 4 7 8 5 15 29 
1 5 11 14 16 22 29 
4 6 5 10 11 15 29 
4 6 5 10 11 14 29 
4 6 5 11 15 9 29 
6 7 4 8 5 15 29 
4 8 5 10 15 7 29 
6 4 7 8 5 11 29 
4 6 5 10 11 15 29 
4 6 5 11 15 9 29 
4 6 5 11 9 14 29 
4 8 5 10 15 7 29 
4 6 5 7 10 14 29 
4 6 5 10 11 14 29 
6 4 5 10 11 14 29 
4 8 7 6 5 11 29 
6 4 5 11 10 14 29 
1 5 9 14 16 21 29 
6 4 5 10 15 14 29 
4 6 5 11 10 15 29 
6 4 5 11 15 16 29 
4 6 5 11 15 14 29 
4 6 5 10 11 15 29 
4 7 8 6 5 11 29 
4 6 5 11 10 15 29 
4 6 5 11 15 9 29 
6 4 5 11 15 9 29 
6 4 5 10 11 14 29 
6 4 5 10 15 14 29 
6 4 5 11 15 14 29 
6 4 5 11 9 14 29 
4 6 5 10 11 15 29 
6 4 5 11 10 15 29 
