6 4 5 10 14 16 29 
6 4 5 10 14 16 29 
6 4 5 10 14 16 29 
4 5 6 11 14 16 29 
4 5 7 6 11 14 29 
6 4 5 11 15 16 29 
4 5 11 7 8 15 29 
6 4 5 10 14 16 29 
1 4 5 11 14 16 29 
1 4 5 11 14 16 29 
1 4 5 11 14 16 29 
1 5 9 13 21 24 29 
1 5 9 13 21 24 29 
1 4 5 11 14 16 29 
6 4 5 11 15 16 29 
6 4 5 11 15 16 29 
1 5 9 13 21 24 29 
1 4 5 11 14 16 29 
1 4 5 9 14 16 29 
1 4 5 9 14 16 29 
4 5 11 9 14 16 29 
4 5 11 9 14 16 29 
1 4 5 9 14 16 29 
6 4 5 11 14 16 29 
6 4 5 11 15 16 29 
4 5 6 11 14 16 29 
4 5 6 11 14 16 29 
1 4 5 9 14 16 29 
4 5 6 11 14 16 29 
4 5 11 9 14 16 29 
6 8 5 11 15 7 29 
1 4 5 9 14 16 29 
6 4 5 11 15 16 29 
6 8 5 11 15 7 29 
4 5 9 11 14 16 29 
6 8 7 5 11 15 29 
1 5 9 13 21 24 29 
6 8 7 5 11 15 29 
1 5 9 13 21 24 29 
4 5 11 9 14 16 29 
6 4 5 11 14 15 29 
6 8 5 11 15 7 29 
6 4 5 11 14 15 29 
6 4 5 11 15 14 29 
6 4 5 11 15 14 29 
6 4 5 11 15 7 29 
6 4 5 11 15 7 29 
4 5 9 10 11 14 29 
4 5 9 10 11 14 29 
6 4 5 11 9 15 29 
6 4 5 9 11 15 29 
6 4 5 9 11 15 29 
6 4 5 11 15 7 29 
6 4 5 9 11 15 29 
6 4 5 11 15 7 29 
4 5 9 10 11 14 29 
4 5 9 10 11 14 29 
7 4 5 9 11 14 29 
7 4 5 9 11 14 29 
7 4 5 9 11 14 29 
4 5 7 11 8 15 29 
7 4 5 11 8 15 29 
6 4 5 9 11 14 29 
5 4 11 8 15 7 29 
6 4 5 11 15 7 29 
7 4 5 9 11 14 29 
6 4 5 10 14 15 29 
7 4 5 11 8 15 29 
6 5 4 9 11 14 29 
6 4 5 9 11 14 29 
6 4 5 10 14 15 29 
6 4 5 10 15 14 29 
6 4 5 9 11 14 29 
4 5 7 6 11 14 29 
5 4 7 6 11 14 29 
6 4 5 10 14 15 29 
4 5 7 6 11 14 29 
6 4 5 8 15 7 29 
4 5 8 7 6 11 29 
5 4 6 8 7 11 29 
8 4 7 5 6 11 29 
7 4 6 8 15 5 29 
5 4 6 8 15 7 29 
8 4 7 5 6 11 29 
5 4 6 10 11 14 29 
6 4 5 10 11 14 29 
4 5 7 6 11 14 29 
6 4 5 10 11 14 29 
4 6 8 5 7 15 29 
5 4 6 8 15 7 29 
6 4 5 11 10 15 29 
6 4 5 10 11 15 29 
6 4 5 10 11 15 29 
8 4 7 5 6 11 29 
6 4 5 10 14 7 29 
6 4 5 10 14 7 29 
5 4 6 10 11 14 29 
5 4 6 10 14 7 29 
6 4 5 11 10 15 29 
6 4 5 10 14 7 29 
