1 6 5 11 15 16 29 
1 4 10 14 19 22 29 
4 5 7 9 11 14 29 
4 7 5 9 11 14 29 
1 4 10 14 19 22 29 
4 5 7 11 9 14 29 
4 7 5 11 9 14 29 
4 5 10 11 14 16 29 
1 6 5 11 15 16 29 
4 5 10 11 14 16 29 
1 4 5 11 14 16 29 
4 5 10 11 14 16 29 
1 4 5 12 14 16 29 
4 5 10 11 14 16 29 
6 4 5 10 14 16 29 
1 4 5 11 14 16 29 
1 4 5 11 14 16 29 
1 4 5 11 14 16 29 
1 4 10 14 17 22 29 
1 4 10 14 17 22 29 
1 4 5 12 14 16 29 
1 4 10 14 17 22 29 
1 4 5 12 14 16 29 
1 4 10 14 17 22 29 
1 4 5 12 14 16 29 
1 4 5 10 14 16 29 
2 4 10 14 17 19 29 
1 4 5 10 14 16 29 
6 5 4 11 15 16 29 
1 4 5 10 14 16 29 
4 5 6 11 14 16 29 
4 5 6 11 14 16 29 
2 4 10 14 17 19 29 
1 4 5 10 14 16 29 
4 5 6 11 14 16 29 
6 4 5 11 15 16 29 
2 4 10 14 17 19 29 
4 6 5 11 15 16 29 
4 5 6 11 14 16 29 
2 4 10 14 17 19 29 
4 5 6 10 14 16 29 
4 5 6 10 14 16 29 
6 4 5 10 14 16 29 
4 6 5 7 11 14 29 
4 6 5 7 11 14 29 
4 8 6 15 5 7 28 
4 6 5 7 11 14 29 
4 8 6 15 5 7 28 
4 6 5 9 11 14 29 
6 4 5 7 11 14 29 
4 6 5 11 9 14 29 
4 5 6 9 11 14 29 
4 6 5 11 15 14 29 
4 8 6 15 5 7 28 
4 6 5 11 15 14 29 
6 4 5 10 14 15 29 
4 8 6 15 5 7 28 
6 4 5 10 11 14 29 
6 4 5 10 11 14 29 
6 4 5 7 10 14 29 
6 4 5 10 11 14 29 
6 4 5 10 14 15 29 
4 6 5 10 11 15 29 
6 4 5 10 14 15 29 
4 6 5 10 11 15 29 
6 4 5 10 11 15 29 
6 5 7 4 10 14 29 
7 4 5 6 10 14 29 
4 6 5 11 15 14 29 
4 6 5 11 15 7 29 
6 5 7 4 10 14 29 
6 8 5 7 11 15 29 
6 8 5 11 7 15 29 
4 5 9 11 10 14 29 
4 5 10 11 13 14 29 
6 4 5 9 11 15 29 
4 6 5 11 15 7 29 
4 5 9 11 10 14 29 
7 4 8 5 11 15 29 
4 8 7 5 11 15 29 
6 8 5 4 7 11 29 
4 6 5 11 15 7 29 
6 4 5 9 11 15 29 
4 6 5 11 15 7 29 
6 4 8 5 7 11 29 
4 5 7 8 11 15 29 
6 4 7 8 15 5 29 
7 4 5 11 15 8 29 
6 5 7 4 8 15 29 
6 4 8 15 5 7 29 
6 4 7 8 15 5 29 
4 5 7 8 6 11 29 
6 4 8 5 7 11 29 
4 5 10 11 13 14 29 
4 5 10 11 13 14 29 
6 4 5 9 11 15 29 
4 5 9 11 10 14 29 
6 4 5 9 11 15 29 
6 8 5 11 15 7 29 
6 8 5 11 7 15 29 
