5 8 4 7 6 15 28 
1 4 5 11 13 16 29 
1 4 5 11 13 16 29 
6 4 5 8 7 15 28 
6 4 5 8 7 15 29 
1 4 5 11 14 16 29 
5 4 9 11 14 16 29 
6 5 4 7 11 8 29 
5 4 11 7 15 8 29 
5 4 9 11 14 16 29 
6 4 8 5 7 15 29 
6 4 5 10 7 14 29 
6 4 5 11 7 15 29 
6 4 5 11 15 9 29 
5 4 9 11 10 14 29 
6 4 5 10 14 16 29 
6 4 5 10 11 14 29 
5 4 6 11 14 16 29 
5 6 4 7 11 14 29 
5 4 9 11 14 13 29 
6 4 5 11 7 15 29 
5 4 9 11 10 14 29 
6 4 5 11 15 16 29 
6 5 8 7 11 15 29 
6 4 5 10 14 16 29 
6 8 5 11 15 7 29 
6 4 5 11 14 16 29 
1 4 5 11 14 16 29 
5 6 4 11 14 7 29 
6 4 8 5 7 11 29 
6 5 4 11 14 15 29 
6 4 5 10 7 14 29 
6 4 5 10 15 14 29 
6 4 5 10 15 14 29 
6 4 5 9 11 14 29 
7 4 5 11 15 8 29 
5 4 9 11 14 13 29 
6 4 5 11 10 15 29 
6 5 4 11 14 15 29 
5 4 9 11 14 7 29 
6 4 5 11 15 16 29 
6 4 5 9 11 14 29 
6 4 5 11 10 15 29 
6 4 5 11 15 9 29 
6 4 5 11 10 14 29 
5 4 9 11 14 7 29 
1 4 5 11 13 16 29 
6 4 8 5 7 15 28 
6 4 5 8 7 15 29 
6 4 5 11 7 15 29 
5 4 9 11 10 14 29 
6 4 5 10 14 16 29 
6 8 5 11 15 7 29 
6 4 5 11 14 16 29 
1 4 5 11 14 16 29 
6 5 4 7 11 14 29 
6 4 5 11 8 7 29 
6 4 5 10 7 14 29 
6 4 5 10 14 15 29 
7 4 5 11 15 8 29 
5 4 9 11 14 13 29 
6 4 5 11 15 14 29 
6 4 5 11 15 16 29 
5 4 6 11 9 14 29 
6 4 5 11 10 15 29 
6 4 5 11 15 9 29 
6 4 5 10 11 14 29 
5 4 9 11 14 7 29 
6 4 8 5 7 15 28 
6 4 5 8 7 15 29 
6 4 5 11 7 15 29 
5 4 9 11 10 14 29 
6 4 5 10 14 16 29 
6 8 5 11 15 7 29 
6 4 5 11 14 16 29 
1 4 5 11 14 16 29 
6 4 5 11 14 7 29 
6 4 5 11 8 7 29 
6 4 5 10 7 14 29 
6 4 5 10 15 14 29 
5 4 7 11 15 8 29 
5 4 9 11 14 13 29 
6 5 4 11 14 15 29 
6 4 5 11 15 16 29 
6 4 5 9 11 14 29 
6 4 5 10 11 15 29 
6 4 5 11 15 9 29 
6 4 5 10 11 14 29 
5 4 9 11 14 7 29 
6 4 8 5 7 15 28 
6 4 5 8 7 15 29 
6 4 5 11 7 15 29 
5 4 9 11 10 14 29 
6 4 5 10 14 16 29 
6 8 5 7 11 15 29 
5 4 6 11 14 16 29 
1 4 5 11 14 16 29 
6 4 5 11 14 7 29 
6 4 5 11 8 7 29 
6 4 5 10 7 14 29 
