5 4 7 6 15 8 29 
2 4 11 14 16 21 29 
2 4 11 14 16 21 29 
6 7 5 4 15 8 29 
1 6 5 10 14 16 29 
5 4 11 10 14 16 29 
1 5 4 11 14 16 29 
1 6 5 10 14 16 29 
6 5 4 7 11 15 29 
5 4 11 10 14 16 29 
6 7 5 4 11 8 29 
6 7 5 11 15 8 29 
5 4 11 15 7 8 29 
5 4 10 9 11 14 29 
1 5 4 11 14 16 29 
5 4 9 11 14 13 29 
4 6 7 5 11 15 29 
4 6 5 10 14 16 29 
6 5 4 10 14 7 29 
5 4 9 11 14 13 29 
6 5 4 9 11 15 29 
6 5 4 7 11 14 29 
5 4 6 10 14 16 29 
5 4 6 11 10 14 29 
7 6 5 11 15 8 29 
4 6 5 11 14 16 29 
4 6 5 11 14 16 29 
6 5 4 7 11 14 29 
5 4 7 6 8 11 29 
5 4 10 9 11 14 29 
5 4 7 11 15 8 29 
1 5 4 10 14 16 29 
6 5 4 10 14 7 29 
1 5 4 10 14 16 29 
4 6 5 11 15 14 29 
4 6 5 10 15 14 29 
4 6 5 10 15 14 29 
5 4 6 11 9 14 29 
4 6 5 11 10 15 29 
6 5 4 11 15 9 29 
4 5 9 11 14 7 29 
4 6 5 11 15 14 29 
4 5 9 7 11 14 29 
4 6 5 10 11 15 29 
5 4 6 11 9 14 29 
6 5 4 11 10 14 29 
2 4 11 14 16 21 29 
7 5 4 6 15 8 29 
1 6 5 10 14 16 29 
5 4 11 10 14 16 29 
1 4 5 11 14 16 29 
6 7 5 4 11 15 29 
4 5 9 11 14 13 29 
6 5 4 10 14 16 29 
7 6 5 11 15 8 29 
5 4 6 11 14 16 29 
6 5 4 7 11 14 29 
4 6 5 7 11 8 29 
5 4 11 10 9 14 29 
5 4 7 11 15 8 29 
4 6 5 10 14 7 29 
1 5 4 10 14 16 29 
4 6 5 10 15 14 29 
6 5 4 9 11 15 29 
4 6 5 11 15 14 29 
4 5 9 7 11 14 29 
4 6 5 11 10 15 29 
6 4 5 11 9 14 29 
4 6 5 11 10 14 29 
2 4 11 14 16 21 29 
6 5 4 7 15 8 29 
1 6 5 10 14 16 29 
5 4 11 10 14 16 29 
1 5 4 11 14 16 29 
6 7 5 4 11 15 29 
4 5 9 11 14 13 29 
6 4 5 10 14 16 29 
6 5 7 11 15 8 29 
6 5 4 11 14 16 29 
4 6 5 7 11 14 29 
5 4 7 6 8 11 29 
5 4 10 9 11 14 29 
5 4 11 15 7 8 29 
6 5 4 10 14 7 29 
1 5 4 10 14 16 29 
4 6 5 10 14 15 29 
6 5 4 9 11 15 29 
4 6 5 11 15 14 29 
5 4 7 11 9 14 29 
4 6 5 11 10 15 29 
6 5 4 9 11 14 29 
6 5 4 11 10 14 29 
6 5 4 7 15 8 29 
2 4 11 14 16 21 29 
1 6 5 10 14 16 29 
5 4 11 10 14 16 29 
1 4 5 11 14 16 29 
4 6 7 5 11 15 29 
4 5 9 11 14 13 29 
5 4 6 10 14 16 29 
