4 6 5 11 15 16 29 
7 6 5 4 11 15 29 
1 5 12 14 16 22 29 
8 6 4 5 11 7 29 
4 6 8 15 7 5 29 
1 5 4 12 14 16 29 
4 6 5 11 15 16 29 
5 4 15 7 8 6 28 
6 5 10 11 14 16 29 
6 5 10 11 14 16 29 
1 6 4 11 15 16 29 
1 6 4 11 15 16 29 
1 6 4 11 15 16 29 
1 6 4 11 15 16 29 
6 5 10 11 14 16 29 
6 5 10 11 14 16 29 
1 6 5 11 15 16 29 
1 6 5 11 15 16 29 
7 5 4 9 11 14 29 
7 5 4 9 11 14 29 
7 5 4 9 11 14 29 
1 6 5 11 15 16 29 
7 5 4 9 11 14 29 
4 6 5 10 15 14 29 
1 6 5 11 15 16 29 
4 6 5 10 15 14 29 
4 6 5 10 15 14 29 
4 6 5 10 15 14 29 
1 5 4 9 11 13 29 
1 4 5 9 11 13 29 
1 5 4 9 11 13 29 
1 5 4 9 11 13 29 
4 6 5 10 11 15 29 
4 6 5 10 11 15 29 
4 6 5 10 11 15 29 
4 6 5 10 11 14 29 
4 6 5 10 11 15 29 
4 6 5 10 11 14 29 
1 4 5 12 14 16 29 
1 4 5 12 14 16 29 
1 4 5 12 14 16 29 
4 6 5 10 11 14 29 
4 6 5 10 11 14 29 
1 4 5 12 14 16 29 
4 6 5 11 14 16 29 
4 6 5 9 11 15 29 
4 6 5 11 14 16 29 
6 5 4 9 11 15 29 
7 6 4 5 10 14 29 
4 6 5 11 14 16 29 
4 6 5 9 11 15 29 
7 6 5 4 10 14 29 
4 6 5 11 9 14 29 
6 5 4 9 11 15 29 
4 6 5 9 11 14 29 
4 6 5 11 14 16 29 
7 6 5 4 10 14 29 
4 6 5 11 9 14 29 
6 5 4 9 11 14 29 
8 6 5 11 15 7 29 
7 6 4 5 10 14 29 
8 6 5 11 15 7 29 
8 6 5 11 15 7 29 
8 6 5 11 15 7 29 
4 6 5 11 14 15 29 
4 6 5 11 14 15 29 
7 6 5 4 11 14 29 
4 6 5 11 14 7 29 
7 6 5 4 11 14 29 
7 6 5 4 11 14 29 
4 6 5 11 14 15 29 
4 8 15 7 5 6 28 
6 4 15 7 8 5 28 
4 6 5 11 14 15 29 
1 6 5 4 10 14 29 
5 4 15 7 8 6 28 
1 6 5 4 10 14 29 
8 5 4 6 7 15 29 
1 4 5 6 10 14 29 
4 8 5 7 6 15 29 
4 6 5 7 15 8 29 
7 6 5 4 11 15 29 
4 6 5 7 15 8 29 
4 6 5 11 15 7 29 
7 6 5 4 11 15 29 
7 6 4 5 11 15 29 
1 6 5 4 9 13 29 
4 7 6 8 5 11 29 
8 4 5 6 11 7 29 
1 6 5 4 9 13 29 
4 7 8 5 6 11 29 
5 4 15 7 8 6 28 
1 4 5 6 10 14 29 
1 4 5 6 9 13 29 
7 6 5 4 11 8 29 
1 4 5 6 9 13 29 
4 8 5 11 7 15 29 
4 8 5 11 7 15 29 
4 8 5 11 7 15 29 
4 8 5 11 7 15 29 
