5 4 15 8 7 6 28 
1 5 4 9 14 16 29 
1 5 4 9 14 16 29 
6 5 4 15 8 7 28 
6 5 4 8 7 15 29 
1 4 5 11 14 16 29 
5 4 11 10 14 16 29 
6 4 5 11 8 7 29 
5 4 11 15 8 7 29 
5 4 10 11 14 16 29 
5 4 6 8 7 15 29 
6 4 5 7 10 14 29 
6 4 5 7 11 15 29 
6 4 5 10 14 16 29 
6 4 5 11 9 15 29 
5 4 10 11 9 14 29 
6 4 5 10 11 14 29 
5 6 4 7 11 14 29 
6 4 5 11 14 16 29 
6 4 5 11 7 15 29 
5 4 10 11 9 14 29 
5 4 10 11 14 13 29 
6 5 4 11 15 16 29 
6 5 7 8 11 15 29 
6 5 4 10 14 16 29 
6 8 5 7 11 15 29 
6 4 5 11 14 16 29 
1 4 5 11 14 16 29 
6 5 4 11 7 14 29 
6 4 5 8 7 11 29 
6 5 4 11 14 15 29 
6 5 7 4 10 14 29 
6 4 5 10 14 15 29 
6 4 5 10 14 15 29 
5 6 4 9 11 14 29 
5 4 10 11 14 13 29 
8 5 4 11 7 15 29 
6 4 5 11 15 16 29 
6 4 5 10 11 15 29 
6 5 4 11 14 15 29 
5 4 7 11 9 14 29 
6 5 4 9 11 14 29 
6 4 5 10 11 15 29 
6 4 5 11 9 15 29 
6 4 5 10 11 14 29 
5 4 11 7 9 14 29 
5 4 15 6 8 7 28 
1 5 4 9 14 16 29 
5 4 10 11 14 16 29 
5 4 6 8 7 15 29 
6 4 5 11 7 15 29 
5 4 10 11 9 14 29 
6 4 5 10 14 16 29 
6 8 5 11 7 15 29 
6 4 5 11 14 16 29 
1 4 5 11 14 16 29 
5 4 6 7 11 14 29 
5 4 6 7 8 11 29 
5 4 6 10 14 7 29 
6 4 5 10 14 15 29 
5 4 10 11 14 13 29 
8 5 4 7 11 15 29 
6 4 5 11 15 16 29 
6 5 4 11 14 15 29 
6 5 4 11 9 14 29 
6 4 5 10 11 15 29 
6 4 5 11 9 15 29 
6 4 5 11 10 14 29 
7 4 5 11 9 14 29 
1 5 4 9 14 16 29 
6 4 15 8 7 5 28 
5 4 11 10 14 16 29 
5 4 6 8 7 15 29 
6 5 4 11 7 15 29 
5 4 10 11 9 14 29 
6 4 5 10 14 16 29 
6 5 8 7 11 15 29 
6 4 5 11 14 16 29 
6 4 5 11 14 7 29 
5 4 6 8 7 11 29 
6 4 5 10 14 7 29 
6 4 5 10 14 15 29 
5 4 10 11 14 13 29 
8 4 5 7 11 15 29 
6 5 4 11 15 16 29 
6 4 5 11 14 15 29 
6 5 4 11 9 14 29 
6 4 5 10 11 15 29 
6 4 5 11 9 15 29 
6 5 4 11 10 14 29 
7 4 5 11 9 14 29 
1 4 5 9 14 16 29 
5 4 15 8 7 6 28 
5 4 11 10 14 16 29 
5 4 6 7 8 15 29 
6 5 4 11 7 15 29 
5 4 10 11 9 14 29 
6 4 5 10 14 16 29 
6 8 5 7 11 15 29 
6 4 5 11 14 16 29 
