8 4 6 15 5 7 29 
7 6 5 4 11 15 29 
4 6 5 8 7 11 29 
1 4 5 9 11 13 29 
4 6 5 11 15 16 29 
6 4 5 11 14 16 29 
4 6 5 11 10 14 29 
4 6 5 7 10 14 29 
8 6 5 11 15 7 29 
1 6 5 11 15 16 29 
7 4 6 5 11 14 29 
1 5 6 4 10 14 29 
4 6 5 11 14 15 29 
1 4 5 11 14 16 29 
1 4 5 11 9 14 29 
8 4 5 11 15 7 29 
4 6 5 9 11 14 29 
4 6 5 11 10 15 29 
4 7 5 11 9 14 29 
4 6 5 11 15 9 29 
1 4 5 9 14 16 29 
1 4 5 9 14 16 29 
1 4 5 9 14 16 29 
1 4 5 9 14 16 29 
1 4 5 9 14 16 29 
1 4 5 9 14 16 29 
1 4 5 9 14 16 29 
1 4 5 9 14 16 29 
1 4 5 9 14 16 29 
1 4 5 9 14 16 29 
1 4 5 9 14 16 29 
1 4 5 9 14 16 29 
1 4 5 9 14 16 29 
1 4 5 9 14 16 29 
1 4 5 9 14 16 29 
1 4 5 9 14 16 29 
1 4 5 9 14 16 29 
1 4 5 9 14 16 29 
1 4 5 9 14 16 29 
1 4 5 9 14 16 29 
1 4 5 9 14 16 29 
1 4 5 9 14 16 29 
1 4 5 9 14 16 29 
1 4 5 9 14 16 29 
1 4 5 9 14 16 29 
1 4 5 9 14 16 29 
1 4 5 9 14 16 29 
1 4 5 9 14 16 29 
1 4 5 9 14 16 29 
1 4 5 9 14 16 29 
1 5 4 9 14 16 29 
1 4 5 9 14 16 29 
1 4 5 9 14 16 29 
1 4 5 9 14 16 29 
1 4 5 9 14 16 29 
1 4 5 9 14 16 29 
1 4 5 9 14 16 29 
1 4 5 9 14 16 29 
1 4 5 9 14 16 29 
1 4 5 9 14 16 29 
1 4 5 9 14 16 29 
1 4 5 9 14 16 29 
1 4 5 9 14 16 29 
1 4 5 9 14 16 29 
1 4 5 9 14 16 29 
1 4 5 9 14 16 29 
1 4 5 9 14 16 29 
1 4 5 9 14 16 29 
1 4 5 9 14 16 29 
1 4 5 9 14 16 29 
1 4 5 9 14 16 29 
1 4 5 9 14 16 29 
1 4 5 9 14 16 29 
1 4 5 9 14 16 29 
1 4 5 9 14 16 29 
1 4 5 9 14 16 29 
1 4 5 9 14 16 29 
1 4 5 9 14 16 29 
1 4 5 9 14 16 29 
1 4 5 9 14 16 29 
1 4 5 9 14 16 29 
1 4 5 9 14 16 29 
1 4 5 9 14 16 29 
1 4 5 9 14 16 29 
1 4 5 9 14 16 29 
1 4 5 9 14 16 29 
1 4 5 9 14 16 29 
1 4 5 9 14 16 29 
1 4 5 9 14 16 29 
1 4 5 9 14 16 29 
1 4 5 9 14 16 29 
1 4 5 9 14 16 29 
1 4 5 9 14 16 29 
1 4 5 9 14 16 29 
1 4 5 9 14 16 29 
1 4 5 9 14 16 29 
1 4 5 9 14 16 29 
1 4 5 9 14 16 29 
1 4 5 9 14 16 29 
1 4 5 9 14 16 29 
