5 4 6 15 7 8 29 
1 5 12 14 22 24 29 
1 5 12 14 22 24 29 
6 4 5 15 8 7 29 
1 6 5 10 14 16 29 
5 4 9 11 14 16 29 
1 5 4 10 14 16 29 
5 4 9 11 14 16 29 
1 6 5 10 14 16 29 
4 6 5 11 15 7 29 
6 4 5 11 8 7 29 
5 4 8 11 15 7 29 
6 8 5 11 15 7 29 
1 5 4 10 14 16 29 
4 6 5 11 15 7 29 
5 4 10 9 11 14 29 
6 4 5 10 14 7 29 
6 4 5 9 11 15 29 
6 4 5 10 14 16 29 
6 4 5 11 14 7 29 
6 4 5 10 14 16 29 
4 6 5 11 10 14 29 
6 5 8 7 11 15 29 
5 4 6 11 14 16 29 
6 4 5 11 14 16 29 
4 6 5 11 14 7 29 
4 6 5 11 8 7 29 
5 4 9 11 13 14 29 
5 4 10 9 11 14 29 
8 4 5 11 15 7 29 
6 4 5 11 15 16 29 
5 4 9 11 14 13 29 
4 6 5 10 14 7 29 
6 4 5 11 15 16 29 
6 4 5 11 14 15 29 
6 4 5 10 14 15 29 
4 6 5 10 14 15 29 
6 4 5 9 11 14 29 
4 6 5 10 11 15 29 
4 6 5 9 11 15 29 
5 4 7 9 11 14 29 
6 4 5 11 14 15 29 
5 4 9 7 11 14 29 
4 6 5 10 11 15 29 
6 4 5 9 11 14 29 
6 4 5 10 11 14 29 
1 5 12 14 22 24 29 
6 4 5 15 8 7 29 
5 4 9 11 14 16 29 
1 6 5 10 14 16 29 
1 5 4 10 14 16 29 
4 6 5 11 15 7 29 
6 4 5 10 14 16 29 
6 5 8 7 11 15 29 
4 6 5 11 14 16 29 
6 4 5 11 14 7 29 
6 5 8 7 4 11 29 
5 4 9 10 11 14 29 
8 4 5 11 15 7 29 
5 4 9 11 13 14 29 
6 4 5 10 14 7 29 
6 4 5 11 15 16 29 
6 4 5 10 14 15 29 
6 4 5 9 11 15 29 
4 6 5 11 14 15 29 
5 4 11 9 7 14 29 
6 4 5 10 11 15 29 
6 4 5 9 11 14 29 
4 6 5 11 10 14 29 
6 4 5 15 7 8 29 
1 5 12 14 22 24 29 
5 4 9 11 14 16 29 
1 6 5 10 14 16 29 
1 5 4 10 14 16 29 
4 6 5 11 15 7 29 
6 4 5 10 14 16 29 
6 8 5 11 15 7 29 
5 4 6 11 14 16 29 
4 6 5 11 14 7 29 
6 4 5 8 7 11 29 
5 4 9 10 11 14 29 
4 8 5 11 15 7 29 
5 4 9 11 13 14 29 
6 4 5 10 14 7 29 
4 6 5 11 15 16 29 
4 6 5 10 14 15 29 
4 6 5 9 11 15 29 
6 4 5 11 14 15 29 
5 4 11 9 7 14 29 
6 4 5 10 11 15 29 
6 4 5 9 11 14 29 
6 4 5 10 11 14 29 
1 5 12 14 22 24 29 
4 6 5 15 8 7 29 
5 4 9 11 14 16 29 
1 6 5 10 14 16 29 
1 5 4 10 14 16 29 
4 6 5 11 15 7 29 
6 4 5 10 14 16 29 
6 5 8 7 11 15 29 
