1 5 4 10 14 16 29 
1 5 4 10 14 16 29 
1 5 4 10 14 16 29 
1 5 6 11 14 16 29 
1 5 6 11 14 16 29 
1 5 6 11 14 16 29 
4 5 9 11 14 16 29 
4 5 9 11 14 16 29 
1 5 6 11 14 16 29 
1 5 6 10 14 16 29 
1 5 6 11 14 16 29 
4 5 9 11 14 16 29 
4 5 9 11 14 16 29 
1 5 6 10 14 16 29 
1 5 6 10 14 16 29 
1 5 6 10 14 16 29 
5 4 9 11 14 16 29 
6 5 4 11 15 16 29 
6 5 4 11 15 16 29 
6 5 4 11 15 16 29 
6 5 4 11 15 16 29 
6 5 4 10 14 16 29 
5 4 6 10 14 16 29 
5 4 6 10 14 16 29 
5 4 6 10 14 16 29 
6 5 4 11 14 15 29 
3 5 11 15 17 22 27 
3 5 11 15 17 22 27 
5 4 6 9 11 14 29 
6 5 4 11 14 15 29 
6 5 4 11 14 15 29 
6 5 4 11 15 14 29 
6 5 4 11 9 14 29 
4 5 6 11 14 16 29 
3 5 11 15 17 22 27 
3 5 11 15 17 22 27 
6 5 4 11 15 9 29 
6 5 4 11 14 16 29 
6 5 4 11 15 9 29 
6 5 4 9 11 14 29 
6 7 5 4 10 14 29 
6 5 4 11 9 14 29 
6 5 4 11 14 16 29 
6 5 4 11 14 16 29 
6 5 4 11 15 9 29 
6 5 4 7 10 14 29 
6 7 5 4 10 14 29 
3 5 11 15 17 22 27 
6 5 4 7 10 14 29 
4 5 9 7 11 14 29 
4 5 11 7 9 14 29 
6 5 4 11 10 14 29 
6 5 4 11 10 14 29 
4 5 7 9 11 14 29 
4 5 6 11 10 14 29 
4 5 7 9 11 14 29 
4 5 11 7 8 15 29 
4 5 11 7 8 15 29 
6 5 4 11 15 9 29 
6 5 4 7 11 15 29 
6 5 8 7 4 15 28 
7 8 5 4 11 15 29 
4 5 11 7 8 15 29 
6 5 4 7 11 15 29 
4 5 8 7 6 15 28 
4 7 5 8 11 15 29 
6 5 8 7 4 15 28 
6 5 4 11 10 14 29 
5 4 11 10 9 14 29 
4 5 11 10 9 14 29 
6 5 4 7 11 15 29 
6 5 4 7 11 15 29 
6 5 8 7 4 15 28 
5 4 11 10 9 14 29 
5 4 11 10 9 14 29 
6 7 5 8 11 15 29 
6 5 8 7 11 15 29 
6 7 5 8 11 15 29 
5 4 9 11 13 14 29 
6 5 4 7 11 14 29 
6 7 5 4 11 14 29 
5 4 9 11 13 14 29 
6 5 8 7 4 15 28 
6 5 8 7 11 15 29 
6 5 8 7 11 15 29 
6 7 5 4 11 14 29 
5 4 9 11 13 14 29 
6 5 4 7 11 14 29 
6 5 4 7 11 15 29 
5 4 9 11 13 14 29 
4 7 6 8 5 15 29 
4 5 6 7 15 8 29 
7 5 6 8 4 15 29 
4 7 5 6 15 8 29 
4 7 6 5 8 15 29 
6 7 5 8 4 11 29 
6 7 5 8 4 11 29 
6 5 8 7 4 11 29 
6 7 5 8 4 11 29 
7 5 6 8 4 11 29 
