8 5 4 7 6 15 29 
1 5 4 11 9 13 29 
6 5 4 10 14 16 29 
6 5 4 11 15 7 29 
8 5 4 7 6 11 29 
7 6 5 11 8 15 29 
4 6 5 11 10 14 29 
6 5 4 7 10 14 29 
1 5 4 11 14 16 29 
6 5 4 11 7 14 29 
8 4 5 11 14 16 29 
6 5 4 11 14 15 29 
6 4 5 9 14 16 29 
6 5 4 11 9 14 29 
1 5 4 11 9 14 29 
6 4 5 10 11 15 29 
7 4 5 11 9 14 29 
4 6 5 11 9 15 29 
1 7 9 14 16 25 30 
1 7 9 14 16 25 30 
1 7 9 14 16 25 30 
1 7 9 14 16 25 30 
1 7 10 14 16 23 30 
1 7 10 14 16 23 30 
1 7 10 14 16 23 30 
1 4 5 9 14 16 29 
1 4 5 9 14 16 29 
1 5 4 9 14 16 29 
1 4 5 9 14 16 29 
1 5 4 9 14 16 29 
1 5 4 9 14 16 29 
1 4 5 9 14 16 29 
1 4 5 9 14 16 29 
1 4 5 9 14 16 29 
1 4 5 9 14 16 29 
1 5 4 9 14 16 29 
1 5 4 9 14 16 29 
1 4 5 9 14 16 29 
1 4 5 9 14 16 29 
1 5 4 9 14 16 29 
1 4 5 9 14 16 29 
1 4 5 9 14 16 29 
1 4 5 9 14 16 29 
1 4 5 9 14 16 29 
1 4 5 9 14 16 29 
1 4 5 9 14 16 29 
1 5 4 9 14 16 29 
1 5 4 9 14 16 29 
1 4 5 9 14 16 29 
1 5 4 9 14 16 29 
1 4 5 9 14 16 29 
1 5 4 9 14 16 29 
1 4 5 9 14 16 29 
1 5 4 9 14 16 29 
1 4 5 9 14 16 29 
1 4 5 9 14 16 29 
1 4 5 9 14 16 29 
1 5 4 9 14 16 29 
1 4 5 9 14 16 29 
1 5 4 9 14 16 29 
1 4 5 9 14 16 29 
1 5 4 9 14 16 29 
1 4 5 9 14 16 29 
1 4 5 9 14 16 29 
1 4 5 9 14 16 29 
1 4 5 9 14 16 29 
1 4 5 9 14 16 29 
1 4 5 9 14 16 29 
1 4 5 9 14 16 29 
1 4 5 9 14 16 29 
1 5 4 9 14 16 29 
1 4 5 9 14 16 29 
1 4 5 9 14 16 29 
1 4 5 9 14 16 29 
1 4 5 9 14 16 29 
1 4 5 9 14 16 29 
1 4 5 9 14 16 29 
1 4 5 9 14 16 29 
1 4 5 9 14 16 29 
1 4 5 9 14 16 29 
1 4 5 9 14 16 29 
1 4 5 9 14 16 29 
1 5 4 9 14 16 29 
1 4 5 9 14 16 29 
1 5 4 9 14 16 29 
1 5 4 9 14 16 29 
1 4 5 9 14 16 29 
1 5 4 9 14 16 29 
1 4 5 9 14 16 29 
1 4 5 9 14 16 29 
1 4 5 9 14 16 29 
1 5 4 9 14 16 29 
1 5 4 9 14 16 29 
1 4 5 9 14 16 29 
1 5 4 9 14 16 29 
1 4 5 9 14 16 29 
1 5 4 9 14 16 29 
1 4 5 9 14 16 29 
1 4 5 9 14 16 29 
1 5 4 9 14 16 29 
