8 7 5 4 6 15 29 
1 8 12 14 16 21 30 
1 8 12 14 16 21 30 
6 4 7 5 8 15 29 
1 5 4 9 14 16 29 
1 5 4 9 14 16 29 
1 5 4 9 12 14 29 
6 5 4 7 11 15 29 
6 4 5 11 15 16 29 
8 6 5 7 11 15 29 
6 5 4 7 8 11 29 
8 5 7 4 11 15 29 
6 5 4 11 14 16 29 
6 5 4 11 15 16 29 
1 5 4 9 12 14 29 
6 5 4 11 15 7 29 
4 6 5 11 10 14 29 
6 5 4 7 11 14 29 
6 4 5 10 7 14 29 
4 6 5 11 9 15 29 
8 6 5 7 11 15 29 
6 5 4 11 10 14 29 
8 6 5 7 4 11 29 
1 5 4 9 11 14 29 
4 6 5 11 14 7 29 
8 7 5 4 11 15 29 
1 5 4 10 9 14 29 
1 5 4 6 9 13 29 
6 4 5 11 14 16 29 
4 6 5 10 7 14 29 
1 5 4 6 10 14 29 
4 6 5 11 14 15 29 
6 4 5 10 15 14 29 
6 4 5 10 15 14 29 
6 5 4 9 11 15 29 
6 4 5 10 11 15 29 
4 6 5 11 9 14 29 
4 7 5 9 11 14 29 
4 7 5 9 11 14 29 
4 6 5 11 14 15 29 
4 6 5 10 11 15 29 
6 5 4 11 9 14 29 
1 5 4 9 11 14 29 
1 4 5 10 9 14 29 
1 5 4 6 10 14 29 
1 5 4 6 9 13 29 
1 8 12 14 16 21 30 
6 5 4 7 8 15 29 
1 5 4 9 14 16 29 
6 5 4 11 15 16 29 
1 5 4 9 12 14 29 
4 6 5 11 15 7 29 
6 5 11 7 8 15 29 
6 4 5 11 10 14 29 
8 5 7 4 6 11 29 
6 5 4 7 11 14 29 
7 5 4 11 8 15 29 
4 6 5 11 14 16 29 
4 6 5 10 7 14 29 
6 4 5 10 15 14 29 
6 5 4 9 11 15 29 
7 5 4 9 11 14 29 
6 4 5 11 14 15 29 
6 4 5 10 11 15 29 
4 6 5 9 11 14 29 
1 5 4 9 11 14 29 
1 5 4 9 10 14 29 
1 5 4 6 10 14 29 
1 5 4 6 9 13 29 
1 8 12 14 16 21 30 
8 7 5 4 6 15 29 
1 5 4 9 14 16 29 
4 6 5 11 15 16 29 
1 5 4 9 12 14 29 
4 6 5 11 7 15 29 
6 7 5 11 15 8 29 
6 5 4 11 10 14 29 
8 4 5 7 6 11 29 
6 5 4 7 11 14 29 
4 7 5 8 11 15 29 
6 5 4 11 14 16 29 
4 6 5 10 7 14 29 
6 4 5 10 15 14 29 
4 6 5 11 15 9 29 
4 7 5 9 11 14 29 
6 5 4 11 14 15 29 
6 4 5 11 10 15 29 
4 6 5 9 11 14 29 
1 4 5 9 11 14 29 
1 5 4 9 10 14 29 
1 5 4 6 10 14 29 
1 5 4 6 9 13 29 
1 8 12 14 16 21 30 
6 5 4 7 8 15 29 
1 5 4 9 14 16 29 
6 4 5 11 15 16 29 
1 5 4 9 12 14 29 
4 6 5 11 7 15 29 
6 5 8 7 11 15 29 
6 4 5 10 11 14 29 
