6 8 4 7 5 15 29 
6 5 4 11 15 7 29 
1 5 4 11 9 13 29 
6 5 4 11 8 7 29 
6 5 4 11 15 16 29 
6 5 4 10 11 14 29 
4 8 5 11 15 7 29 
7 5 4 6 9 13 29 
6 5 4 11 14 7 29 
6 5 4 11 14 15 29 
1 5 4 11 14 16 29 
1 4 5 6 9 13 29 
1 4 5 6 9 14 29 
7 5 4 11 9 14 29 
6 5 4 11 9 14 29 
6 4 5 9 14 16 29 
1 4 5 6 10 14 29 
6 5 4 11 15 9 29 
1 5 4 9 14 16 29 
1 5 4 9 14 16 29 
1 4 5 9 14 16 29 
1 5 4 9 14 16 29 
1 4 5 9 14 16 29 
1 4 5 9 14 16 29 
1 5 4 9 14 16 29 
1 4 5 9 14 16 29 
1 4 5 9 14 16 29 
1 4 5 9 14 16 29 
1 5 4 9 14 16 29 
1 4 5 9 14 16 29 
1 5 4 9 14 16 29 
1 5 4 9 14 16 29 
1 5 4 9 14 16 29 
1 4 5 9 14 16 29 
1 4 5 9 14 16 29 
1 4 5 9 14 16 29 
1 5 4 9 14 16 29 
1 4 5 9 14 16 29 
1 4 5 9 14 16 29 
1 5 4 9 14 16 29 
1 5 4 9 14 16 29 
1 4 5 9 14 16 29 
1 5 4 9 14 16 29 
1 5 4 9 14 16 29 
1 4 5 9 14 16 29 
1 5 4 9 14 16 29 
1 5 4 9 14 16 29 
1 4 5 9 14 16 29 
1 5 4 9 14 16 29 
1 4 5 9 14 16 29 
1 4 5 9 14 16 29 
1 4 5 9 14 16 29 
1 4 5 9 14 16 29 
1 4 5 9 14 16 29 
1 5 4 9 14 16 29 
1 4 5 9 14 16 29 
1 4 5 9 14 16 29 
1 5 4 9 14 16 29 
1 4 5 9 14 16 29 
1 4 5 9 14 16 29 
1 5 4 9 14 16 29 
1 4 5 9 14 16 29 
1 5 4 9 14 16 29 
1 5 4 9 14 16 29 
1 4 5 9 14 16 29 
1 4 5 9 14 16 29 
1 5 4 9 14 16 29 
1 5 4 9 14 16 29 
1 5 4 9 14 16 29 
1 4 5 9 14 16 29 
1 5 4 9 14 16 29 
1 4 5 9 14 16 29 
1 4 5 9 14 16 29 
1 4 5 9 14 16 29 
1 4 5 9 14 16 29 
1 5 4 9 14 16 29 
1 5 4 9 14 16 29 
1 4 5 9 14 16 29 
1 4 5 9 14 16 29 
1 5 4 9 14 16 29 
1 4 5 9 14 16 29 
1 5 4 9 14 16 29 
1 5 4 9 14 16 29 
1 4 5 9 14 16 29 
1 5 4 9 14 16 29 
1 4 5 9 14 16 29 
1 5 4 9 14 16 29 
1 5 4 9 14 16 29 
1 4 5 9 14 16 29 
1 5 4 9 14 16 29 
1 4 5 9 14 16 29 
1 5 4 9 14 16 29 
1 4 5 9 14 16 29 
1 4 5 9 14 16 29 
1 5 4 9 14 16 29 
1 4 5 9 14 16 29 
1 5 4 9 14 16 29 
1 4 5 9 14 16 29 
1 5 4 9 14 16 29 
1 5 4 11 9 14 29 
