1 4 5 11 13 16 29 
5 4 11 10 14 13 29 
4 5 10 11 13 14 29 
5 4 10 11 14 16 29 
5 4 10 11 14 16 29 
1 4 5 11 13 16 29 
5 4 10 11 14 16 29 
5 4 10 11 14 16 29 
4 5 6 10 14 15 29 
6 4 5 10 14 15 29 
6 4 5 10 14 15 29 
5 4 10 11 13 14 29 
4 5 6 10 14 15 29 
5 4 10 11 13 14 29 
5 4 10 11 14 16 29 
6 8 5 11 7 15 29 
6 8 5 11 7 15 29 
6 5 4 11 14 16 29 
5 4 6 11 14 16 29 
6 5 4 10 14 16 29 
6 4 5 11 14 16 29 
1 5 4 11 14 16 29 
6 5 4 11 14 16 29 
6 5 4 10 14 16 29 
1 4 5 11 14 16 29 
1 5 4 11 14 16 29 
6 5 4 10 14 16 29 
1 5 4 11 14 16 29 
6 4 5 10 14 16 29 
4 5 9 7 11 14 29 
8 5 4 11 7 15 29 
8 4 5 11 7 15 29 
1 5 4 11 14 16 29 
5 8 4 11 7 15 29 
6 8 5 11 7 15 29 
4 5 9 11 14 7 29 
4 5 9 11 14 7 29 
4 5 9 7 11 14 29 
8 5 4 11 7 15 29 
3 8 11 15 16 22 30 
3 8 11 15 16 22 30 
6 8 5 11 7 15 29 
6 4 5 10 11 15 29 
3 8 11 15 16 22 30 
6 4 5 10 11 15 29 
3 8 11 15 16 22 30 
6 5 4 11 15 16 29 
3 5 11 15 16 23 30 
4 6 5 10 11 15 29 
3 5 11 15 16 23 30 
6 5 4 11 15 16 29 
3 8 11 15 16 22 30 
6 4 5 9 11 15 29 
6 4 5 9 11 15 29 
3 5 11 15 16 23 30 
6 4 5 10 11 15 29 
3 5 11 15 16 23 30 
4 6 5 11 14 15 29 
6 4 5 9 11 15 29 
6 4 5 11 14 15 29 
6 5 4 11 15 9 29 
6 5 4 10 14 7 29 
6 4 5 11 7 15 29 
6 5 4 11 14 15 29 
6 4 5 9 11 14 29 
6 5 4 11 14 15 29 
6 5 4 11 15 7 29 
6 5 4 10 14 7 29 
4 6 5 11 15 16 29 
6 5 4 11 15 7 29 
6 5 4 10 14 7 29 
4 6 5 11 9 14 29 
6 4 5 10 14 7 29 
6 5 4 11 15 7 29 
3 5 11 15 16 23 30 
6 5 4 9 11 14 29 
6 4 5 11 9 14 29 
6 5 4 11 15 7 29 
4 5 6 11 14 7 29 
5 4 6 11 14 7 29 
6 4 5 11 14 7 29 
4 5 9 10 11 14 29 
4 5 9 10 11 14 29 
6 5 4 11 15 16 29 
8 6 5 4 7 15 29 
8 4 6 5 15 7 29 
8 4 6 5 7 15 29 
8 4 6 5 15 7 29 
5 4 6 11 10 14 29 
5 6 4 11 10 14 29 
8 4 6 5 15 7 29 
5 4 6 11 10 14 29 
5 4 6 11 10 14 29 
4 5 9 10 11 14 29 
6 4 5 11 14 7 29 
6 4 5 11 7 8 29 
8 5 6 7 4 11 29 
4 5 9 10 11 14 29 
8 5 4 6 7 11 29 
8 5 6 7 4 11 29 
