-0.0 -0.9999537037037037 
-0.6534075491741899 -0.9417242127457718 
-0.0 -0.9999537037037037 
-0.6534075491741899 -0.9417242127457718 
-0.5000000238418698 -0.9998155044319393 
-0.6465763727881376 -0.9584984306477163 
-0.6469524028213094 -0.9482617174327627 
-0.6169838059184686 -0.9836316780727633 
-0.6174410086356354 -0.978680411607778 
-0.6446311961549842 -0.95895020193022 
-0.6321808701929883 -0.9697502048056473 
-0.6442284222928246 -0.9624286351735158 
-0.5636891289577209 -0.9974553871346497 
-0.528233679462925 -0.9992268532671899 
-0.551093041122101 -0.9983590887806738 
-0.6103651279065202 -0.9877204462835681 
-0.6327558572333393 -0.9671225016101679 
-0.5000000238418698 -0.9998155044319393 
-0.528233679462925 -0.9992268532671899 
-0.6109253685840791 -0.985240590003132 
-0.5661468396662656 -0.9950440479262507 
-0.6530964744421957 -0.9438929548710719 
-0.6232477476193777 -0.9736462328814174 
-0.6405963241266317 -0.9647514621326252 
-0.6228654995083136 -0.9759013950700428 
-0.6514973879966177 -0.9441145840587656 
-0.6200569947102554 -0.978223591742697 
-0.6510027582009784 -0.9460089136671063 
-0.6427797767276562 -0.9642447088573244 
-0.551093041122101 -0.9983590887806738 
-0.6442284222928246 -0.9624286351735158 
-0.6204732862742364 -0.9764278380788072 
-0.6377745612501731 -0.966159047987118 
-0.5964087012091596 -0.9927742204316414 
-0.6485949970993327 -0.9464206860363714 
-0.6261554291274924 -0.9730108126438288 
-0.6482367526485385 -0.9479139357304481 
-0.5997347379795662 -0.9904246599879285 
-0.6271828473979703 -0.9715457009612389 
-0.5972737489086699 -0.9916177364659744 
-0.5972737489086699 -0.9916177364659744 
-0.5684171760320547 -0.994823107876173 
-0.5636891289577209 -0.9974553871346497 
-0.6145958303598867 -0.983778132853994 
-0.6020176413461403 -0.9895919484815457 
-0.6027434360634185 -0.9892355942759762 
-0.6297759819524049 -0.9704860324939739 
-0.6140963510158939 -0.9844168876420042 
-0.6297759819524049 -0.9704860324939739 
-0.586111964850133 -0.9935256793394598 
-0.6086232430477937 -0.9878950596778715 
-0.6278504434198372 -0.9712101545278953 
-0.6247337199790338 -0.9734608367395503 
-0.6080209243220388 -0.9883460686238177 
-0.59064689686309 -0.9928286303603189 
-0.606142754125506 -0.9884144799413158 
-0.6130736149095858 -0.9845579871468042 
-0.6048262765477713 -0.9888791119294782 
-0.6427797767276562 -0.9642447088573244 
-0.6352272019502848 -0.9666183833809804 
-0.5777416139307827 -0.9938876366664234 
-0.633321085136683 -0.9668965665910082 
-0.5895738509537679 -0.9928796107524758 
-0.5743492048856341 -0.9944161980058261 
-0.6012748305694486 -0.9901178313300241 
-0.6054913129158149 -0.9888234444206951 
-0.5873094995491215 -0.9931469040704869 
-0.625805715681385 -0.9731176130236526 
-0.5807932025151616 -0.9937121158185805 
-0.6125498314832742 -0.984966001916149 
-0.5724988096206775 -0.9944472399873459 
-0.6278504434198372 -0.9712101545278953 
-0.6446311961549842 -0.95895020193022 
-0.6510027582009784 -0.9460089136671063 
-0.6216912503584245 -0.975931087784574 
-0.6346936092485302 -0.9666732853417647 
-0.5793055711326863 -0.9938147580285308 
-0.6005141640959136 -0.9903811905964204 
-0.6485949970993327 -0.9464206860363714 
-0.5661468396662656 -0.9950440479262507 
-0.6271828473979703 -0.9715457009612389 
-0.5760928313848107 -0.9941561533544527 
-0.5760928313848107 -0.9941561533544527 
-0.6187752616496291 -0.9783949724502206 
-0.5724988096206775 -0.9944472399873459 
-0.6372803440475396 -0.9662758724454059 
-0.6469524028213094 -0.9482617174327627 
-0.6482367526485385 -0.9479139357304481 
-0.5873094995491215 -0.9931469040704869 
-0.6012748305694486 -0.9901178313300241 
-0.6174410086356354 -0.978680411607778 
-0.6109253685840791 -0.985240590003132 
-0.6208843378394441 -0.9761778532211417 
-0.6125498314832742 -0.984966001916149 
-0.5807932025151616 -0.9937121158185805 
-0.6372803440475396 -0.9662758724454059 
-0.586111964850133 -0.9935256793394598 
-0.6187752616496291 -0.9783949724502206 
-0.6204732862742364 -0.9764278380788072 
-0.6208843378394441 -0.9761778532211417 
