-0.6698637845698611 -0.9133870373199071 
-0.6698637845698611 -0.9133870373199071 
-0.5000000238418698 -0.9990737650825748 
-0.6674675415942998 -0.9144835684753472 
-0.6651174617998699 -0.926247043995952 
-0.5176324866033403 -0.9989372198789126 
-0.6417056923459922 -0.9628533322466235 
-0.6480562099874024 -0.9591506853313884 
-0.6606444828388239 -0.9351997805177916 
-0.6487727191478536 -0.9529300950670136 
-0.6456177016701888 -0.960886431856885 
-0.6285048187284736 -0.9755653462159545 
-0.6606444828388239 -0.9351997805177916 
-0.6628348602333068 -0.928842339405268 
-0.6591036415400942 -0.9405243481034026 
-0.586111964850133 -0.9924828939124145 
-0.528233679462925 -0.9988362611706458 
-0.5760928313848107 -0.9954904639172446 
-0.5176324866033403 -0.9989372198789126 
-0.6532523636202627 -0.9450551547396756 
-0.5547847624881335 -0.9972868420126265 
-0.5468617999396357 -0.9980533588960308 
-0.5760928313848107 -0.9954904639172446 
-0.6524657484765763 -0.948435008088725 
-0.5661468396662656 -0.9968409311988734 
-0.6501621657277303 -0.9497001990417193 
-0.6261554291274924 -0.9778217998100163 
-0.53588675682123 -0.9984400624324127 
-0.5684171760320547 -0.9966101329269995 
-0.528233679462925 -0.9988362611706458 
-0.6557998574090624 -0.9447111332091805 
-0.6370304779028153 -0.9665955829267494 
-0.6306983459241822 -0.9734983775068813 
-0.586111964850133 -0.9924828939124145 
-0.6487727191478536 -0.9529300950670136 
-0.5610092539019996 -0.9972328342511023 
-0.53588675682123 -0.9984400624324127 
-0.5418992192069642 -0.9981929899459286 
-0.6387416928455466 -0.9653576980559156 
-0.6591036415400942 -0.9405243481034026 
-0.5916841355064867 -0.991187886477399 
-0.6034529960321104 -0.9875431700765845 
-0.6160496183756462 -0.983289412814704 
-0.6628348602333068 -0.928842339405268 
-0.6629526034708252 -0.9270676417864421 
-0.5989355771945964 -0.9885582686942419 
-0.6367787356438203 -0.9689250899559658 
-0.5972737489086699 -0.989533294853536 
-0.6169838059184686 -0.9815805253795706 
-0.5418992192069642 -0.9981929899459286 
-0.5964087012091596 -0.9900826484319282 
-0.5610092539019996 -0.9972328342511023 
-0.6569365390519503 -0.9430399050353069 
-0.6216912503584245 -0.9788280176140833 
-0.5724988096206775 -0.9959605929001092 
-0.6204732862742364 -0.979807909069654 
-0.6357524120657372 -0.9699639605757734 
-0.5724988096206775 -0.9959605929001092 
-0.551093041122101 -0.997586842289269 
-0.6224787416772174 -0.9782499450187008 
-0.6572149626424465 -0.942793642381854 
-0.5873094995491215 -0.9917652614808053 
-0.551093041122101 -0.997586842289269 
-0.6312993153163514 -0.973247842077085 
-0.6674675415942998 -0.9144835684753472 
-0.5936604401503461 -0.990382408927298 
-0.6074070509829718 -0.9865322575216978 
-0.6330396697872708 -0.9723785053722228 
-0.6375283625541986 -0.9655518533057914 
-0.6480562099874024 -0.9591506853313884 
-0.5884623644549559 -0.9913181480078436 
-0.6130736149095858 -0.9847828408453853 
-0.6178918680377397 -0.9803657322947351 
-0.6336001444769346 -0.9711532232362848 
-0.6651174617998699 -0.926247043995952 
-0.6109253685840791 -0.9853544641801428 
-0.6103651279065202 -0.9862318246038121 
-0.6048262765477713 -0.9874921496684212 
-0.6192081300139013 -0.9800620675646098 
-0.5926879365412299 -0.9904403612496211 
-0.6092144449209769 -0.9863822025327614 
-0.6346936092485302 -0.9703442801311317 
-0.6005141640959136 -0.9883042525471227 
-0.6387416928455466 -0.9653576980559156 
-0.6174410086356354 -0.9812122320569996 
-0.6135890314850595 -0.983803207646702 
-0.6005141640959136 -0.9883042525471227 
-0.6524657484765763 -0.948435008088725 
-0.6341513546395805 -0.9709051357101923 
-0.6150877142451964 -0.9835415304933333 
-0.6247337199790338 -0.9779390727567028 
-0.6505008831184983 -0.9494988846247259 
-0.6572149626424465 -0.942793642381854 
-0.6505008831184983 -0.9494988846247259 
-0.6367787356438203 -0.9689250899559658 
-0.606142754125506 -0.9870273970327015 
-0.6330396697872708 -0.9723785053722228 
-0.606142754125506 -0.9870273970327015 
-0.6247337199790338 -0.9779390727567028 
-0.6140963510158939 -0.9836396288235744 
