-0.0 -0.999393318159743 
-0.6687857161452462 -0.9255869033040814 
-0.0 -0.999393318159743 
-0.5000000054186048 -0.9993046790446208 
-0.655221493206694 -0.9905293258847961 
-0.6553637655308897 -0.9477575369064257 
-0.6658824378769073 -0.941053713731977 
-0.6370304779028153 -0.9953040931424586 
-0.6380189673336621 -0.9918202327993388 
-0.6611432801208301 -0.9422467381902458 
-0.6610192497195813 -0.9456889520792793 
-0.6231569613090808 -0.995485572349001 
-0.5160041454591497 -0.9992118353606649 
-0.5000000238418698 -0.9992776744514623 
-0.6036124874728357 -0.9971576765091065 
-0.6425676724200232 -0.9912489847911278 
-0.6596248889442381 -0.9473106615534724 
-0.660518657626038 -0.9459192550461075 
-0.5495656172353498 -0.9988503114798161 
-0.565494913159476 -0.9985568460088531 
-0.6099570027050499 -0.9965482779505641 
-0.5844658988238675 -0.9979986319703789 
-0.5936604401503461 -0.9971961449066997 
-0.5891853038053015 -0.9972539847985514 
-0.5888263517022614 -0.9979061133291961 
-0.5160041454591497 -0.9992118353606649 
-0.6160496183756462 -0.9964793788775462 
-0.5398266242062744 -0.999019207347068 
-0.5379493323864363 -0.9990373085747191 
-0.528233679462925 -0.9991384379750616 
-0.5256023990021789 -0.9991704387642016 
-0.6231569613090808 -0.995485572349001 
-0.6425676724200232 -0.9912489847911278 
-0.5580616136274157 -0.9986028676159663 
-0.6160496183756462 -0.9964793788775462 
-0.5688193475609288 -0.9981542881940881 
-0.6658824378769073 -0.941053713731977 
-0.6036124874728357 -0.9971576765091065 
-0.655221493206694 -0.9905293258847961 
-0.6099570027050499 -0.9965482779505641 
-0.6645606321904585 -0.9415109612637098 
-0.6150877142451964 -0.9965346887039059 
-0.5793055711326863 -0.9980211766502546 
-0.6611432801208301 -0.9422467381902458 
-0.6622401068798265 -0.9416670980497912 
-0.6581721724592074 -0.9475456645085552 
-0.5936604401503461 -0.9971961449066997 
-0.5752584977556053 -0.998058874085773 
-0.5793055711326863 -0.9980211766502546 
-0.5724988096206775 -0.9981184503775592 
-0.6408211351274846 -0.9915111403527264 
-0.565494913159476 -0.9985568460088531 
-0.5688193475609288 -0.9981542881940881 
-0.5398266242062744 -0.999019207347068 
-0.6581721724592074 -0.9475456645085552 
-0.5580616136274157 -0.9986028676159663 
-0.6408211351274846 -0.9915111403527264 
-0.555149730977911 -0.9986294453542528 
-0.6623598719267543 -0.9415642456802018 
-0.5752584977556053 -0.998058874085773 
-0.5724988096206775 -0.9981184503775592 
-0.5495656172353498 -0.9988503114798161 
-0.6596248889442381 -0.9473106615534724 
-0.5525157576859623 -0.9986550246149521 
-0.660518657626038 -0.9459192550461075 
-0.639412835276545 -0.9916801561373084 
-0.555149730977911 -0.9986294453542528 
-0.551093041122101 -0.9986966184116783 
-0.5379493323864363 -0.9990373085747191 
-0.639412835276545 -0.9916801561373084 
-0.6370304779028153 -0.9953040931424586 
-0.528233679462925 -0.9991384379750616 
-0.6610192497195813 -0.9456889520792793 
-0.6553637655308897 -0.9477575369064257 
-0.6622401068798265 -0.9416670980497912 
-0.551093041122101 -0.9986966184116783 
-0.6645606321904585 -0.9415109612637098 
-0.5525157576859623 -0.9986550246149521 
-0.5256023990021789 -0.9991704387642016 
-0.5268537480095585 -0.9991547434995534 
-0.5268537480095585 -0.9991547434995534 
-0.5888263517022614 -0.9979061133291961 
-0.6150877142451964 -0.9965346887039059 
-0.5891853038053015 -0.9972539847985514 
-0.5000000054186048 -0.9993046790446208 
-0.6623598719267543 -0.9415642456802018 
-0.5000000238418698 -0.9992776744514623 
-0.5000000113532685 -0.9992914361328619 
-0.5000000113532685 -0.9992914361328619 
-0.0 -0.999393318159743 
-0.5160041454591497 -0.9992118353606649 
-0.6425676724200232 -0.9912489847911278 
-0.6160496183756462 -0.9964793788775462 
-0.6658824378769073 -0.941053713731977 
-0.6036124874728357 -0.9971576765091065 
-0.6099570027050499 -0.9965482779505641 
-0.6611432801208301 -0.9422467381902458 
-0.5936604401503461 -0.9971961449066997 
-0.5793055711326863 -0.9980211766502546 
-0.565494913159476 -0.9985568460088531 
