-0.0 -0.999951923076923 
-0.6867550006661729 -0.8977767957134288 
-0.0 -0.999951923076923 
-0.6867550006661729 -0.8977767957134288 
-0.5000000238418698 -0.9994236463068842 
-0.6475087751634455 -0.9677335983207704 
-0.6484163449485223 -0.9569604811628755 
-0.6707219587708411 -0.9211579731945708 
-0.6693778393321455 -0.9314739779620174 
-0.6281792500013771 -0.970207336345694 
-0.5936604401503461 -0.9939786239947628 
-0.6275183321867448 -0.9764388421653672 
-0.654922089466995 -0.9467101948028651 
-0.6544746804343199 -0.952393838446182 
-0.609794943089445 -0.988657900305128 
-0.6109253685840791 -0.983130980762883 
-0.679666593134144 -0.9090863533971212 
-0.6602656325806283 -0.9418174444337623 
-0.6608947755591164 -0.9368439846530769 
-0.678550761310228 -0.9142913802184617 
-0.6854695377525658 -0.9025923315734444 
-0.5955191369285968 -0.9895233781280401 
-0.658574442202464 -0.9453888618683972 
-0.6741318342555375 -0.9191266630217291 
-0.6754749034057101 -0.9163795254552336 
-0.6588400513992008 -0.9420581690808948 
-0.6432000375383463 -0.9701524232501084 
-0.53588675682123 -0.9989078006447661 
-0.5000000238418698 -0.9994236463068842 
-0.5793055711326863 -0.9945080313849876 
-0.5176324866033403 -0.9992312540047372 
-0.5176324866033403 -0.9992312540047372 
-0.6663121840251661 -0.9356919519721918 
-0.6491254123213213 -0.954677839201558 
-0.5547847624881335 -0.9979311602455327 
-0.6813126821635576 -0.9050655120949174 
-0.5636891289577209 -0.9971041357520062 
-0.6810317848089253 -0.9074870832824916 
-0.6724679466757891 -0.9201893715262062 
-0.6484163449485223 -0.9569604811628755 
-0.6174410086356354 -0.9809541189439017 
-0.6196353241678454 -0.9791222165039192 
-0.6677761517283356 -0.9336378711762934 
-0.606142754125506 -0.9892651210837347 
-0.6498200619905099 -0.954334972501649 
-0.6544746804343199 -0.952393838446182 
-0.5418992192069642 -0.9982746841227864 
-0.570527295246785 -0.9957791788916417 
-0.6228654995083136 -0.9783357830125263 
-0.6830201609461517 -0.9033542781562881 
-0.5636891289577209 -0.9971041357520062 
-0.679958359932504 -0.908703539836314 
-0.625094946149998 -0.9769235337027283 
-0.6813126821635576 -0.9050655120949174 
-0.645811610556764 -0.9686633258289852 
-0.6677761517283356 -0.9336378711762934 
-0.6684858774602617 -0.9321275584424662 
-0.5964087012091596 -0.9893743421961041 
-0.6140963510158939 -0.9814802075570255 
-0.551093041122101 -0.9980303816260042 
-0.5743492048856341 -0.9953904647489283 
-0.570527295246785 -0.9957791788916417 
-0.6130736149095858 -0.982540625626087 
-0.6784751188107349 -0.9150101517987366 
-0.645811610556764 -0.9686633258289852 
-0.5793055711326863 -0.9945080313849876 
-0.6810317848089253 -0.9074870832824916 
-0.6569365390519503 -0.9463077204513617 
-0.53588675682123 -0.9989078006447661 
-0.6707219587708411 -0.9211579731945708 
-0.5418992192069642 -0.9982746841227864 
-0.6771640418731578 -0.9154432382259381 
-0.6839420602123613 -0.9030702758880169 
-0.5743492048856341 -0.9953904647489283 
-0.6228654995083136 -0.9783357830125263 
-0.6631869047100238 -0.9358542599981277 
-0.6196353241678454 -0.9791222165039192 
-0.6475087751634455 -0.9677335983207704 
-0.6498200619905099 -0.954334972501649 
-0.678550761310228 -0.9142913802184617 
-0.6693778393321455 -0.9314739779620174 
-0.6174410086356354 -0.9809541189439017 
-0.625094946149998 -0.9769235337027283 
-0.551093041122101 -0.9980303816260042 
-0.609794943089445 -0.988657900305128 
-0.6684858774602617 -0.9321275584424662 
-0.6109253685840791 -0.983130980762883 
-0.6130736149095858 -0.982540625626087 
-0.6613900225509087 -0.9365057772439938 
-0.6771640418731578 -0.9154432382259381 
-0.6140963510158939 -0.9814802075570255 
-0.6854695377525658 -0.9025923315734444 
-0.606142754125506 -0.9892651210837347 
-0.6569365390519503 -0.9463077204513617 
-0.6613900225509087 -0.9365057772439938 
-0.6830201609461517 -0.9033542781562881 
-0.6432000375383463 -0.9701524232501084 
-0.6631869047100238 -0.9358542599981277 
-0.5955191369285968 -0.9895233781280401 
-0.5964087012091596 -0.9893743421961041 
