-0.6740461812225496 -0.8818838457942625 
-0.5000000238418698 -0.9994727276505012 
-0.5000000238418698 -0.9994727276505012 
-0.6740461812225496 -0.8818838457942625 
-0.6679803964839662 -0.9133134467294161 
-0.657353338457011 -0.9472607770702504 
-0.669767130035799 -0.8947425217273791 
-0.6580370378539115 -0.9362383075162967 
-0.6613900225509087 -0.9294322650053245 
-0.6711898574858933 -0.893832207373913 
-0.53588675682123 -0.999207730605584 
-0.5176324866033403 -0.9993119397892575 
-0.5176324866033403 -0.9993119397892575 
-0.551093041122101 -0.9988306343808269 
-0.53588675682123 -0.999207730605584 
-0.6530964744421957 -0.9532568484661752 
-0.6513333031805338 -0.9605619418068911 
-0.5610092539019996 -0.9958576789773023 
-0.665006802441411 -0.9202693731891639 
-0.6611432801208301 -0.9357568659614316 
-0.6679803964839662 -0.9133134467294161 
-0.6619993350136055 -0.9231983449703585 
-0.641923257406026 -0.9644207017218364 
-0.6341513546395805 -0.9764845280647934 
-0.6524657484765763 -0.954254898795344 
-0.6275183321867448 -0.9766070713069515 
-0.6467649070352349 -0.9618090737355485 
-0.6454226798726564 -0.9625390237968052 
-0.6405963241266317 -0.9693468647684214 
-0.5547847624881335 -0.9978000297362002 
-0.6408211351274846 -0.9690831290090928 
-0.6394492074137311 -0.9738629139951155 
-0.6086232430477937 -0.9837627731573214 
-0.5989355771945964 -0.987978415177361 
-0.665006802441411 -0.9202693731891639 
-0.5547847624881335 -0.9978000297362002 
-0.625094946149998 -0.9783408188807837 
-0.6196353241678454 -0.9794693904452478 
-0.6232477476193777 -0.9791725327788525 
-0.6074070509829718 -0.9858690751461707 
-0.570527295246785 -0.9940531083458763 
-0.6392150187817145 -0.9740585296183147 
-0.59064689686309 -0.9903006401823273 
-0.6341513546395805 -0.9764845280647934 
-0.5822117819146458 -0.9913383405183127 
-0.5997347379795662 -0.9867707038778355 
-0.6135890314850595 -0.9829976751178833 
-0.586111964850133 -0.990982250927142 
-0.6145958303598867 -0.9820859193507182 
-0.5661468396662656 -0.9943624024383808 
-0.5848660559937872 -0.9911927553416738 
-0.5926879365412299 -0.9897832729849819 
-0.6048262765477713 -0.9861252698402215 
-0.5955191369285968 -0.9883758730176638 
-0.551093041122101 -0.9988306343808269 
-0.5636891289577209 -0.9946579158192679 
-0.6711898574858933 -0.893832207373913 
-0.641923257406026 -0.9644207017218364 
-0.5807932025151616 -0.9919192555329454 
-0.6392150187817145 -0.9740585296183147 
-0.6114760146981129 -0.983270909151344 
-0.6020176413461403 -0.9862285623750383 
-0.6621199288865242 -0.9227103195254136 
-0.5760928313848107 -0.9926406422800507 
-0.6621199288865242 -0.9227103195254136 
-0.6103651279065202 -0.9833601131427613 
-0.6150877142451964 -0.9807475191152032 
-0.5946035858542817 -0.9889593229608015 
-0.5793055711326863 -0.9919663935800834 
-0.669767130035799 -0.8947425217273791 
-0.5636891289577209 -0.9946579158192679 
-0.6012748305694486 -0.9862541837067673 
-0.59064689686309 -0.9903006401823273 
-0.6160496183756462 -0.9806491956348078 
-0.6513333031805338 -0.9605619418068911 
-0.5724988096206775 -0.9932967873237172 
-0.5661468396662656 -0.9943624024383808 
-0.5760928313848107 -0.9926406422800507 
-0.6524657484765763 -0.954254898795344 
-0.6275183321867448 -0.9766070713069515 
-0.5724988096206775 -0.9932967873237172 
-0.5793055711326863 -0.9919663935800834 
-0.570527295246785 -0.9940531083458763 
-0.5743492048856341 -0.9929258939399167 
-0.5743492048856341 -0.9929258939399167 
-0.586111964850133 -0.990982250927142 
-0.6239991374320852 -0.9783969333877105 
-0.6174410086356354 -0.980282722137172 
-0.6183365621763882 -0.979906229958905 
-0.606142754125506 -0.9860659264058781 
-0.5936604401503461 -0.9893746606580655 
-0.5936604401503461 -0.9893746606580655 
-0.6183365621763882 -0.979906229958905 
-0.5955191369285968 -0.9883758730176638 
-0.6408211351274846 -0.9690831290090928 
-0.6174410086356354 -0.980282722137172 
-0.6394492074137311 -0.9738629139951155 
-0.606142754125506 -0.9860659264058781 
-0.6611432801208301 -0.9357568659614316 
-0.6239991374320852 -0.9783969333877105 
