-0.6803915982474461 -0.9073059679776896 
-0.5000000238418698 -0.9977668574319339 
-0.5000000238418698 -0.9977668574319339 
-0.6494745016748092 -0.9649411758652598 
-0.6503319434114093 -0.9442060034059391 
-0.5176324866033403 -0.997721431366771 
-0.6392150187817145 -0.9741232522259081 
-0.6408211351274846 -0.9659695666829762 
-0.6757211735235744 -0.9094791262281803 
-0.6618783222961934 -0.9329914803944889 
-0.6733534064352727 -0.915297964723696 
-0.6519849839930852 -0.9379956686364287 
-0.6628348602333068 -0.927134840184306 
-0.528233679462925 -0.9976687389926391 
-0.6636508415356221 -0.925392719654462 
-0.6510027582009784 -0.9428330658713595 
-0.6683853607502331 -0.9173163118467123 
-0.6592346892601082 -0.933490112526388 
-0.6243684812640922 -0.9821277363021625 
-0.5743492048856341 -0.9958435462120407 
-0.6674675415942998 -0.921452550417825 
-0.6580370378539115 -0.9358397322363915 
-0.53588675682123 -0.997598291518636 
-0.6639947942524858 -0.9224054696878113 
-0.528233679462925 -0.9976687389926391 
-0.6425676724200232 -0.9655495427538323 
-0.6074070509829718 -0.9890097779349049 
-0.5807932025151616 -0.9951854486897574 
-0.5936604401503461 -0.9942316524097795 
-0.6183365621763882 -0.9851356526746466 
-0.5873094995491215 -0.9947902752446453 
-0.633321085136683 -0.9753362526239125 
-0.6228654995083136 -0.9844688412756709 
-0.6103651279065202 -0.988841338245815 
-0.6271828473979703 -0.981870953835767 
-0.6341513546395805 -0.9745760357800922 
-0.6762892584725312 -0.9082453364590293 
-0.5684171760320547 -0.9963823939292796 
-0.6125498314832742 -0.9874125007782786 
-0.5418992192069642 -0.9975016078451666 
-0.5981156279460462 -0.9928192853272068 
-0.53588675682123 -0.997598291518636 
-0.606781158653093 -0.9912648230737396 
-0.6559440053177995 -0.9375373393499352 
-0.6034529960321104 -0.992317849624034 
-0.6224787416772174 -0.9845720577624306 
-0.669767130035799 -0.9163712204847484 
-0.6174410086356354 -0.986598627304707 
-0.6560875538569694 -0.935949752892694 
-0.5468617999396357 -0.9973971118548512 
-0.6330396697872708 -0.9774357086648192 
-0.5418992192069642 -0.9975016078451666 
-0.612017397562302 -0.9879862047911574 
-0.6532523636202627 -0.9375483186253663 
-0.6278504434198372 -0.9805513444175062 
-0.5895738509537679 -0.9945819114671189 
-0.6054913129158149 -0.9920463931453725 
-0.551093041122101 -0.9971990349317743 
-0.5468617999396357 -0.9973971118548512 
-0.6628348602333068 -0.927134840184306 
-0.6310001899768349 -0.9779159159197297 
-0.6281792500013771 -0.9800004531811 
-0.6297759819524049 -0.9787677247556845 
-0.6733534064352727 -0.915297964723696 
-0.551093041122101 -0.9971990349317743 
-0.5547847624881335 -0.9970924772160203 
-0.6288272143766019 -0.9789186712635043 
-0.6160496183756462 -0.986857237457695 
-0.6719258406836589 -0.9161944594048925 
-0.667260285055952 -0.9218544372926455 
-0.5760928313848107 -0.9956954692889638 
-0.5972737489086699 -0.9932335608172441 
-0.5580616136274157 -0.9968944002929434 
-0.5946035858542817 -0.9934678772608206 
-0.5547847624881335 -0.9970924772160203 
-0.5777416139307827 -0.9956571147288701 
-0.5684171760320547 -0.9963823939292796 
-0.5580616136274157 -0.9968944002929434 
-0.5610092539019996 -0.9967467527436795 
-0.664784428498814 -0.9220311983725014 
-0.5955191369285968 -0.9933995895600563 
-0.5873094995491215 -0.9947902752446453 
-0.6034529960321104 -0.992317849624034 
-0.5610092539019996 -0.9967467527436795 
-0.5895738509537679 -0.9945819114671189 
-0.6425676724200232 -0.9655495427538323 
-0.5661468396662656 -0.996586369912583 
-0.606142754125506 -0.9914324342352047 
-0.6683853607502331 -0.9173163118467123 
-0.5636891289577209 -0.996594664176943 
-0.5636891289577209 -0.996594664176943 
-0.6510027582009784 -0.9428330658713595 
-0.6392150187817145 -0.9741232522259081 
-0.6160496183756462 -0.986857237457695 
-0.6408211351274846 -0.9659695666829762 
-0.6762892584725312 -0.9082453364590293 
-0.5793055711326863 -0.9955589962895752 
-0.5661468396662656 -0.996586369912583 
-0.5807932025151616 -0.9951854486897574 
-0.6183365621763882 -0.9851356526746466 
