-0.679958359932504 -0.9234116455036121 
-0.0 -0.9996492490167552 
-0.0 -0.9996492490167552 
-0.679958359932504 -0.9234116455036121 
-0.5000000238418698 -0.9995868216067669 
-0.6392150187817145 -0.9813538689393426 
-0.639681777706297 -0.9602329378378301 
-0.6668420656867803 -0.9327380545740156 
-0.666736727622014 -0.938968212116315 
-0.6744723937671748 -0.9275158279479533 
-0.6623598719267543 -0.9398275256745506 
-0.641923257406026 -0.9568386474809659 
-0.6403700040477777 -0.9600800015957053 
-0.672378170513288 -0.930848702027399 
-0.6278504434198372 -0.9841589804584195 
-0.6613900225509087 -0.9426120442145242 
-0.6254522492280018 -0.9866003595633508 
-0.53588675682123 -0.9993587179609 
-0.6572149626424465 -0.9469410618495563 
-0.6745570255190843 -0.9253463814065571 
-0.5418992192069642 -0.998702084958269 
-0.6291464997806984 -0.9819625396881324 
-0.5580616136274157 -0.9984929695940006 
-0.5176324866033403 -0.9994949186312989 
-0.5176324866033403 -0.9994949186312989 
-0.5000000238418698 -0.9995868216067669 
-0.6598826065595015 -0.9453809373724582 
-0.6778641386926902 -0.9242447283308806 
-0.6493004027460779 -0.9521878629959903 
-0.6587075011651841 -0.9456591913059351 
-0.6484163449485223 -0.9539753231219859 
-0.654922089466995 -0.9492870483265263 
-0.6224787416772174 -0.9868233348117139 
-0.6140963510158939 -0.9892606254642533 
-0.5936604401503461 -0.9955654204884865 
-0.654624463205824 -0.949571539016501 
-0.650668993294872 -0.9512192369741033 
-0.5964087012091596 -0.9943799083041797 
-0.6471388718196077 -0.955385733592167 
-0.6601384258669133 -0.9438332116909252 
-0.6288272143766019 -0.9831388654815267 
-0.6478747065843878 -0.9541396365873008 
-0.6204732862742364 -0.9878282314798307 
-0.672378170513288 -0.930848702027399 
-0.6125498314832742 -0.9902579625449407 
-0.6027434360634185 -0.9929542682195446 
-0.5946035858542817 -0.9945443396481255 
-0.6560875538569694 -0.947944267972489 
-0.606142754125506 -0.9917029652030561 
-0.6705330491163869 -0.9321443526724363 
-0.6603923753470068 -0.9428877652199363 
-0.6160496183756462 -0.9885101986906016 
-0.5636891289577209 -0.9981522622919259 
-0.5724988096206775 -0.9967332005178945 
-0.5684171760320547 -0.9975135664776437 
-0.570527295246785 -0.9967918219310492 
-0.5793055711326863 -0.9959791390354296 
-0.6187752616496291 -0.9879508744845091 
-0.6074070509829718 -0.9903875819925712 
-0.6560875538569694 -0.947944267972489 
-0.6505008831184983 -0.9513936132157105 
-0.6745570255190843 -0.9253463814065571 
-0.6791502033254113 -0.9239242356783757 
-0.5884623644549559 -0.9955681810129862 
-0.6694755659273274 -0.9326442270501195 
-0.5884623644549559 -0.9955681810129862 
-0.6438208063482639 -0.9561282404633579 
-0.6601384258669133 -0.9438332116909252 
-0.6150877142451964 -0.988826692979527 
-0.5760928313848107 -0.9961597855925178 
-0.6436151449551651 -0.9567313868393704 
-0.606781158653093 -0.9912242438076845 
-0.6493004027460779 -0.9521878629959903 
-0.5418992192069642 -0.998702084958269 
-0.5684171760320547 -0.9975135664776437 
-0.5964087012091596 -0.9943799083041797 
-0.5636891289577209 -0.9981522622919259 
-0.6027434360634185 -0.9929542682195446 
-0.5580616136274157 -0.9984929695940006 
-0.6471388718196077 -0.955385733592167 
-0.53588675682123 -0.9993587179609 
-0.5793055711326863 -0.9959791390354296 
-0.6438208063482639 -0.9561282404633579 
-0.6041470495370836 -0.9923759505535609 
-0.6285048187284736 -0.9834536673543514 
-0.6034529960321104 -0.9928162495617892 
-0.654624463205824 -0.949571539016501 
-0.6705330491163869 -0.9321443526724363 
-0.6103651279065202 -0.9903597479107844 
-0.6657741730166176 -0.939246466049792 
-0.6041470495370836 -0.9923759505535609 
-0.6657741730166176 -0.939246466049792 
-0.6392150187817145 -0.9813538689393426 
-0.6291464997806984 -0.9819625396881324 
-0.650668993294872 -0.9512192369741033 
-0.5760928313848107 -0.9961597855925178 
-0.606781158653093 -0.9912242438076845 
-0.6254522492280018 -0.9866003595633508 
-0.6285048187284736 -0.9834536673543514 
-0.6484163449485223 -0.9539753231219859 
