-0.6743875597632032 -0.892578862954955 
-0.0 -0.9995175573262379 
-0.6743875597632032 -0.892578862954955 
-0.0 -0.9995175573262379 
-0.5000000238418698 -0.9994564976078701 
-0.6576284408490329 -0.9547770116656432 
-0.658574442202464 -0.9266078912275011 
-0.6669470885414319 -0.9010211929591159 
-0.6668420656867803 -0.9122987982729514 
-0.6370304779028153 -0.9695073151048896 
-0.6380189673336621 -0.9633660225616657 
-0.6247337199790338 -0.9794085858887864 
-0.659753986845983 -0.9199686154311665 
-0.6160496183756462 -0.9819418112001528 
-0.6145958303598867 -0.9861585900126081 
-0.6591036415400942 -0.9245108734869367 
-0.6041470495370836 -0.9892642109503323 
-0.6220873635406292 -0.9816147341486735 
-0.6408211351274846 -0.9630280365168581 
-0.6265014704571502 -0.9766702574455157 
-0.6303937319474091 -0.9724980709451607 
-0.6288272143766019 -0.9753019529656461 
-0.6412663115182495 -0.9606605995024816 
-0.5176324866033403 -0.9993408410422137 
-0.6330396697872708 -0.9698575417104751 
-0.6423542294603065 -0.9603602140619766 
-0.5000000238418698 -0.9994564976078701 
-0.6498200619905099 -0.9576444589943537 
-0.6508362822582888 -0.9549080562410046 
-0.6710034412716869 -0.8970714352264564 
-0.6734407472204209 -0.8949724300211281 
-0.6658824378769073 -0.9141580754956726 
-0.6651174617998699 -0.9165487819023872 
-0.6698637845698611 -0.8975919552872249 
-0.6321808701929883 -0.9721135852188609 
-0.6728247915901974 -0.8950421164322779 
-0.6498200619905099 -0.9576444589943537 
-0.6109253685840791 -0.9873268471038412 
-0.658574442202464 -0.9266078912275011 
-0.6591036415400942 -0.9245108734869367 
-0.6683853607502331 -0.89965225647311 
-0.5848660559937872 -0.9932995318276133 
-0.5873094995491215 -0.9916232993050236 
-0.6109253685840791 -0.9873268471038412 
-0.5468617999396357 -0.9983424498860428 
-0.5176324866033403 -0.9993408410422137 
-0.528233679462925 -0.9992433791525785 
-0.5661468396662656 -0.9954735641769786 
-0.6135890314850595 -0.9865255305557016 
-0.6271828473979703 -0.9766160482618423 
-0.6635354339173467 -0.9178887040680594 
-0.5743492048856341 -0.9940324743605281 
-0.6505008831184983 -0.9564635721278272 
-0.551093041122101 -0.9972887774899393 
-0.53588675682123 -0.9991323194342108 
-0.5895738509537679 -0.9913392388258089 
-0.5981156279460462 -0.9893607433229685 
-0.5580616136274157 -0.9966802027034721 
-0.6288272143766019 -0.9753019529656461 
-0.5822117819146458 -0.9938513624625067 
-0.5636891289577209 -0.9960048385866773 
-0.6423542294603065 -0.9603602140619766 
-0.6651174617998699 -0.9165487819023872 
-0.5724988096206775 -0.9946066443543121 
-0.5793055711326863 -0.9939727295408621 
-0.5936604401503461 -0.9900699632321379 
-0.5418992192069642 -0.9987317315328462 
-0.6683853607502331 -0.89965225647311 
-0.528233679462925 -0.9992433791525785 
-0.6602656325806283 -0.9191620066855226 
-0.6635354339173467 -0.9178887040680594 
-0.6679803964839662 -0.900734377282985 
-0.59064689686309 -0.9905710606036874 
-0.6505008831184983 -0.9564635721278272 
-0.551093041122101 -0.9972887774899393 
-0.5418992192069642 -0.9987317315328462 
-0.6611432801208301 -0.9188895123311398 
-0.53588675682123 -0.9991323194342108 
-0.5468617999396357 -0.9983424498860428 
-0.5547847624881335 -0.9967523024899487 
-0.570527295246785 -0.9948711553918921 
-0.6665250980516297 -0.9123652434556757 
-0.6663121840251661 -0.9140518824090836 
-0.5916841355064867 -0.9904370654241937 
-0.5610092539019996 -0.9961645162030525 
-0.5848660559937872 -0.9932995318276133 
-0.6664188025948495 -0.9132404277920704 
-0.6664188025948495 -0.9132404277920704 
-0.5684171760320547 -0.9949907696370934 
-0.6700563023523022 -0.8973582509025871 
-0.5972737489086699 -0.9897543757280837 
-0.5873094995491215 -0.9916232993050236 
-0.5547847624881335 -0.9967523024899487 
-0.6611432801208301 -0.9188895123311398 
-0.6303937319474091 -0.9724980709451607 
-0.5610092539019996 -0.9961645162030525 
-0.6160496183756462 -0.9819418112001528 
-0.6321808701929883 -0.9721135852188609 
-0.6380189673336621 -0.9633660225616657 
-0.6330396697872708 -0.9698575417104751 
