-0.0 -0.9993224076156096 
-0.679298505821312 -0.9026569170836232 
-0.0 -0.9993224076156096 
-0.5000000238418698 -0.9991814850322984 
-0.645811610556764 -0.9657939944394669 
-0.646004419490713 -0.9510604012738816 
-0.6651174617998699 -0.9262478644502997 
-0.6669470885414319 -0.9123997343765844 
-0.6524657484765763 -0.94984707272512 
-0.6529398750600812 -0.9417051417371837 
-0.6588400513992008 -0.9328152218050347 
-0.6268439179524068 -0.9841281823836278 
-0.6271828473979703 -0.9780392734245344 
-0.6764499166331989 -0.9078261843807961 
-0.659753986845983 -0.9286380416824941 
-0.6421394303905459 -0.9696729342741212 
-0.6370304779028153 -0.9760256509586047 
-0.645811610556764 -0.9657939944394669 
-0.6375283625541986 -0.9724530303466979 
-0.6556551049711666 -0.9392718570025981 
-0.6394492074137311 -0.970810865182559 
-0.53588675682123 -0.998729227719588 
-0.6570760310412888 -0.934992072058016 
-0.6566558552119927 -0.9380071455792716 
-0.551093041122101 -0.9971544107598599 
-0.5176324866033403 -0.9989890583039817 
-0.5176324866033403 -0.9989890583039817 
-0.6236255926401982 -0.9863088307084477 
-0.6204732862742364 -0.9883164394033076 
-0.5000000238418698 -0.9991814850322984 
-0.6621199288865242 -0.9282224377615329 
-0.5547847624881335 -0.9967772182467038 
-0.6570760310412888 -0.934992072058016 
-0.6651174617998699 -0.9262478644502997 
-0.6540213835696222 -0.941329310966032 
-0.6130736149095858 -0.9913921255073511 
-0.5418992192069642 -0.998026178868429 
-0.6719258406836589 -0.908694953069529 
-0.6103651279065202 -0.9915605374558494 
-0.6086232430477937 -0.9928834327201116 
-0.5848660559937872 -0.9955273316168021 
-0.6135890314850595 -0.9896321880493304 
-0.5684171760320547 -0.9962465868986551 
-0.6243684812640922 -0.9861440416073575 
-0.5418992192069642 -0.998026178868429 
-0.6265014704571502 -0.9844752438015223 
-0.6375283625541986 -0.9724530303466979 
-0.5636891289577209 -0.9966704707491982 
-0.6421394303905459 -0.9696729342741212 
-0.5777416139307827 -0.9955839024710429 
-0.6693778393321455 -0.9102728314384932 
-0.6693778393321455 -0.9102728314384932 
-0.59064689686309 -0.9938790625795799 
-0.586111964850133 -0.9946654916151269 
-0.5972737489086699 -0.9938790076827859 
-0.5724988096206775 -0.9961475054309151 
-0.6557998574090624 -0.9380753801901891 
-0.6140963510158939 -0.9889612925849458 
-0.606781158653093 -0.9929334327201116 
-0.5743492048856341 -0.9956566809168871 
-0.6746414560062077 -0.908134561618925 
-0.6690830222620242 -0.9122055332288949 
-0.6321808701929883 -0.977232720291663 
-0.6027434360634185 -0.9933831199124911 
-0.6692798408962459 -0.9114474689440069 
-0.6465763727881376 -0.9507804167146082 
-0.53588675682123 -0.998729227719588 
-0.6027434360634185 -0.9933831199124911 
-0.6327558572333393 -0.9766052310996896 
-0.6465763727881376 -0.9507804167146082 
-0.6275183321867448 -0.9776903305896641 
-0.6719258406836589 -0.908694953069529 
-0.6621199288865242 -0.9282224377615329 
-0.5636891289577209 -0.9966704707491982 
-0.5972737489086699 -0.9938790076827859 
-0.6192081300139013 -0.9883652609521291 
-0.6192081300139013 -0.9883652609521291 
-0.6692798408962459 -0.9114474689440069 
-0.6135890314850595 -0.9896321880493304 
-0.5873094995491215 -0.9944135153588398 
-0.5873094995491215 -0.9944135153588398 
-0.6140963510158939 -0.9889612925849458 
-0.6330396697872708 -0.9763391951968096 
-0.6265014704571502 -0.9844752438015223 
-0.6297759819524049 -0.9774307100705449 
-0.6758028860215554 -0.9079454926344707 
-0.6125498314832742 -0.9915084966395228 
-0.659753986845983 -0.9286380416824941 
-0.6530964744421957 -0.9415010751504291 
-0.6344235826882855 -0.9760751639456178 
-0.6297759819524049 -0.9774307100705449 
-0.59064689686309 -0.9938790625795799 
-0.6243684812640922 -0.9861440416073575 
-0.6341513546395805 -0.9761456693676597 
-0.6669470885414319 -0.9123997343765844 
-0.6540213835696222 -0.941329310966032 
-0.6271828473979703 -0.9780392734245344 
-0.6268439179524068 -0.9841281823836278 
-0.5848660559937872 -0.9955273316168021 
-0.6566558552119927 -0.9380071455792716 
