-0.5000000113532685 -0.9995952885108009 
-0.6829533977989016 -0.9704357811337819 
-0.5000000113532685 -0.9995952885108009 
-0.6829533977989016 -0.9704357811337819 
-0.6596248889442381 -0.9775901866683168 
-0.6694755659273274 -0.970562667845903 
-0.6370304779028153 -0.9812685951134588 
-0.6370304779028153 -0.9812685951134588 
-0.6150877142451964 -0.9853013350994397 
-0.6224787416772174 -0.9815463503163485 
-0.6187752616496291 -0.982690798206613 
-0.5167789032377729 -0.9993987414393106 
-0.5000000238418698 -0.9995868216067669 
-0.5760928313848107 -0.9930018593559141 
-0.5822117819146458 -0.9919722015447725 
-0.570527295246785 -0.9953987035862815 
-0.5580616136274157 -0.9967707205732003 
-0.5579420089228049 -0.9975710156397568 
-0.5835675831606274 -0.9918078989442997 
-0.5848660559937872 -0.990152800451746 
-0.6187752616496291 -0.982690798206613 
-0.6694755659273274 -0.970562667845903 
-0.6034529960321104 -0.9859503801662649 
-0.5268537480095585 -0.9992613888639856 
-0.5964087012091596 -0.9881286573072127 
-0.551093041122101 -0.9976323611689638 
-0.5176324866033403 -0.9993863066069139 
-0.5724988096206775 -0.9943105107321618 
-0.6090499298441002 -0.9856001124350304 
-0.5724988096206775 -0.9943105107321618 
-0.5743492048856341 -0.9933748447131409 
-0.5604800285062527 -0.996080798957541 
-0.6090499298441002 -0.9856001124350304 
-0.5916841355064867 -0.9883980810825255 
-0.528233679462925 -0.9990979124613769 
-0.5972737489086699 -0.9873171423872021 
-0.5895738509537679 -0.9888138035093402 
-0.5341208575352359 -0.9989761361109808 
-0.6150877142451964 -0.9853013350994397 
-0.6224787416772174 -0.9815463503163485 
-0.586111964850133 -0.9897916993817693 
-0.5884623644549559 -0.9894781493948597 
-0.5684171760320547 -0.995790346659558 
-0.6012748305694486 -0.9860541509053298 
-0.5485456532606594 -0.9980902315401395 
-0.5445337917617026 -0.998374720550593 
-0.5743492048856341 -0.9933748447131409 
-0.5418992192069642 -0.9987087830126659 
-0.5485456532606594 -0.9980902315401395 
-0.5398266242062744 -0.998734134494036 
-0.53588675682123 -0.9989555943088151 
-0.5989355771945964 -0.9870913905266882 
-0.5468617999396357 -0.9983418055234085 
-0.5916841355064867 -0.9883980810825255 
-0.5895738509537679 -0.9888138035093402 
-0.5636891289577209 -0.9959529007292249 
-0.5848660559937872 -0.990152800451746 
-0.5398266242062744 -0.998734134494036 
-0.6005141640959136 -0.986458144946671 
-0.5636891289577209 -0.9959529007292249 
-0.5604800285062527 -0.996080798957541 
-0.5997347379795662 -0.9867100067597455 
-0.53588675682123 -0.9989555943088151 
-0.5661468396662656 -0.9958864669089802 
-0.551093041122101 -0.9976323611689638 
-0.5445337917617026 -0.998374720550593 
-0.5418992192069642 -0.9987087830126659 
-0.5684171760320547 -0.995790346659558 
-0.5661468396662656 -0.9958864669089802 
-0.5964087012091596 -0.9881286573072127 
-0.5341208575352359 -0.9989761361109808 
-0.5873094995491215 -0.9896815238752523 
-0.5884623644549559 -0.9894781493948597 
-0.5997347379795662 -0.9867100067597455 
-0.6005141640959136 -0.986458144946671 
-0.5835675831606274 -0.9918078989442997 
-0.5972737489086699 -0.9873171423872021 
-0.5989355771945964 -0.9870913905266882 
-0.5268537480095585 -0.9992613888639856 
-0.528233679462925 -0.9990979124613769 
-0.5468617999396357 -0.9983418055234085 
-0.5873094995491215 -0.9896815238752523 
-0.5176324866033403 -0.9993863066069139 
-0.6012748305694486 -0.9860541509053298 
-0.5000000238418698 -0.9995868216067669 
-0.5579420089228049 -0.9975710156397568 
-0.6829533977989016 -0.9704357811337819 
-0.5000000113532685 -0.9995952885108009 
-0.6370304779028153 -0.9812685951134588 
-0.6187752616496291 -0.982690798206613 
-0.6090499298441002 -0.9856001124350304 
-0.6150877142451964 -0.9853013350994397 
-0.5743492048856341 -0.9933748447131409 
-0.5485456532606594 -0.9980902315401395 
-0.5916841355064867 -0.9883980810825255 
-0.5895738509537679 -0.9888138035093402 
-0.5398266242062744 -0.998734134494036 
-0.5636891289577209 -0.9959529007292249 
-0.5604800285062527 -0.996080798957541 
-0.53588675682123 -0.9989555943088151 
