-0.6695730222251081 -0.903260952720457 
-0.6695730222251081 -0.903260952720457 
-0.0 -0.9995318521001553 
-0.5000000113532685 -0.9994345654582257 
-0.6642222295612932 -0.9179809149883223 
-0.6653377366423996 -0.9060438156663279 
-0.6297759819524049 -0.980497434615053 
-0.6628348602333068 -0.9275523958138315 
-0.6642222295612932 -0.9179809149883223 
-0.6487727191478536 -0.9461461462407619 
-0.6496477183803786 -0.940919834932932 
-0.6303937319474091 -0.9736922079295156 
-0.645811610556764 -0.9545393590406633 
-0.6465763727881376 -0.9498919710215846 
-0.6436151449551651 -0.9562607368262269 
-0.641923257406026 -0.9606622744993437 
-0.528233679462925 -0.9993215379761529 
-0.6239991374320852 -0.9844437393056087 
-0.5000000238418698 -0.9994236463068842 
-0.6543242435120518 -0.9351706372957151 
-0.5724988096206775 -0.9971040394402058 
-0.6499915414908128 -0.9377697402429748 
-0.6465763727881376 -0.9498919710215846 
-0.6401421539498777 -0.9610482506188937 
-0.6385025074227881 -0.9646119373305034 
-0.657353338457011 -0.9329059828202115 
-0.6534075491741899 -0.9375948031477653 
-0.5743492048856341 -0.9944685219219119 
-0.6336001444769346 -0.9694496290424454 
-0.6312993153163514 -0.973246827419066 
-0.6580370378539115 -0.9305156268703552 
-0.555149730977911 -0.9974429453602377 
-0.6375283625541986 -0.9652732327986043 
-0.5485456532606594 -0.9987263934043029 
-0.6330396697872708 -0.9710758353075581 
-0.53588675682123 -0.9988363185427152 
-0.6602656325806283 -0.9277540305125083 
-0.6436151449551651 -0.9562607368262269 
-0.6204732862742364 -0.9847881500734835 
-0.5520447693719309 -0.9982932749522908 
-0.645811610556764 -0.9545393590406633 
-0.6600107517063906 -0.9292421921469959 
-0.5964087012091596 -0.9921536125291678 
-0.6150877142451964 -0.9887195307382642 
-0.6653377366423996 -0.9060438156663279 
-0.6557998574090624 -0.9338208905383973 
-0.6192081300139013 -0.9856194058296823 
-0.5636891289577209 -0.9974258299633839 
-0.6657741730166176 -0.9046006596810388 
-0.6012748305694486 -0.9909158743146355 
-0.5895738509537679 -0.9929345017145688 
-0.5972737489086699 -0.991197884849902 
-0.633321085136683 -0.9708562247413149 
-0.6074070509829718 -0.9890866814664967 
-0.6357524120657372 -0.9666219982702121 
-0.6178918680377397 -0.9874468347299299 
-0.6187752616496291 -0.9861061034480019 
-0.6346936092485302 -0.968243660418193 
-0.5793055711326863 -0.9938422456066541 
-0.6580370378539115 -0.9305156268703552 
-0.6352272019502848 -0.9670031751928776 
-0.6600107517063906 -0.9292421921469959 
-0.6020176413461403 -0.9900130491930328 
-0.5636891289577209 -0.9974258299633839 
-0.6346936092485302 -0.968243660418193 
-0.6694755659273274 -0.9034469409322325 
-0.5822117819146458 -0.9936860138027229 
-0.5926879365412299 -0.9922619458625012 
-0.6239991374320852 -0.9844437393056087 
-0.5822117819146458 -0.9936860138027229 
-0.6557998574090624 -0.9338208905383973 
-0.5777416139307827 -0.9944194581874035 
-0.6174410086356354 -0.9878127454157078 
-0.528233679462925 -0.9993215379761529 
-0.551093041122101 -0.9987007350401186 
-0.5895738509537679 -0.9929345017145688 
-0.6385025074227881 -0.9646119373305034 
-0.5341208575352359 -0.998858552092528 
-0.6054913129158149 -0.9896589591408381 
-0.5997347379795662 -0.9911720644586193 
-0.6034529960321104 -0.9899249684203324 
-0.6668420656867803 -0.9041023164757177 
-0.5341208575352359 -0.998858552092528 
-0.59064689686309 -0.9925121593239049 
-0.6174410086356354 -0.9878127454157078 
-0.6668420656867803 -0.9041023164757177 
-0.6662052403200394 -0.9043869387776374 
-0.6357524120657372 -0.9666219982702121 
-0.641923257406026 -0.9606622744993437 
-0.6401421539498777 -0.9610482506188937 
-0.6187752616496291 -0.9861061034480019 
-0.5724988096206775 -0.9971040394402058 
-0.6306983459241822 -0.9734749582174199 
-0.6103651279065202 -0.9889309671237995 
-0.6054913129158149 -0.9896589591408381 
-0.5760928313848107 -0.9944204785955668 
-0.6103651279065202 -0.9889309671237995 
-0.6130736149095858 -0.9888277506370398 
-0.6178918680377397 -0.9874468347299299 
-0.6330396697872708 -0.9710758353075581 
