-0.5000000238418698 -0.9990919846877736 
-0.6655566345304881 -0.8953306924441468 
-0.6655566345304881 -0.8953306924441468 
-0.5000000238418698 -0.9990919846877736 
-0.664784428498814 -0.9126106928726387 
-0.6521459881431826 -0.9481134214764022 
-0.6622401068798265 -0.9247327648815395 
-0.664784428498814 -0.9126106928726387 
-0.6511684291921663 -0.9601032556248802 
-0.6588400513992008 -0.9279671845828874 
-0.5724988096206775 -0.9980228088389145 
-0.658574442202464 -0.9390479294005482 
-0.5547847624881335 -0.9982258319395528 
-0.5176324866033403 -0.9990388384292702 
-0.5848660559937872 -0.9974243998123564 
-0.6109253685840791 -0.9934854147282343 
-0.6278504434198372 -0.9889849994368378 
-0.5724988096206775 -0.9980228088389145 
-0.6434082273029601 -0.9704438307229567 
-0.6297759819524049 -0.9798757685495388 
-0.6150877142451964 -0.9903950790983553 
-0.646196141203463 -0.96351226293384 
-0.6020176413461403 -0.9936984217836076 
-0.5176324866033403 -0.9990388384292702 
-0.528233679462925 -0.9988470928319917 
-0.551093041122101 -0.9985499969210144 
-0.5418992192069642 -0.998743984280879 
-0.6344235826882855 -0.9778705919022428 
-0.6291464997806984 -0.9844993184944645 
-0.5936604401503461 -0.9948198400342484 
-0.528233679462925 -0.9988470928319917 
-0.6220873635406292 -0.9894952957155805 
-0.6291464997806984 -0.9844993184944645 
-0.53588675682123 -0.9987939465734883 
-0.6412663115182495 -0.9723186142419569 
-0.6553637655308897 -0.9454009688724564 
-0.6005141640959136 -0.9941008898579896 
-0.6577651763487853 -0.9413478104933304 
-0.6220873635406292 -0.9894952957155805 
-0.5895738509537679 -0.9957675799277786 
-0.6365250881251069 -0.9730830698887701 
-0.5418992192069642 -0.998743984280879 
-0.5895738509537679 -0.9957675799277786 
-0.53588675682123 -0.9987939465734883 
-0.6577651763487853 -0.9413478104933304 
-0.5848660559937872 -0.9974243998123564 
-0.6150877142451964 -0.9903950790983553 
-0.6603923753470068 -0.9256343743784161 
-0.5936604401503461 -0.9948198400342484 
-0.6421394303905459 -0.9704957915072705 
-0.6349614705556568 -0.9750052071872563 
-0.6543242435120518 -0.9457758250729783 
-0.6109253685840791 -0.9934854147282343 
-0.646196141203463 -0.96351226293384 
-0.5547847624881335 -0.9982258319395528 
-0.551093041122101 -0.9985499969210144 
-0.6588400513992008 -0.9279671845828874 
-0.6622401068798265 -0.9247327648815395 
-0.658574442202464 -0.9390479294005482 
-0.6297759819524049 -0.9798757685495388 
-0.648949520979429 -0.9608047020174169 
-0.6344235826882855 -0.9778705919022428 
-0.6553637655308897 -0.9454009688724564 
-0.6603923753470068 -0.9256343743784161 
-0.6434082273029601 -0.9704438307229567 
-0.6480562099874024 -0.9621149114435341 
-0.6543242435120518 -0.9457758250729783 
-0.6005141640959136 -0.9941008898579896 
-0.6365250881251069 -0.9730830698887701 
-0.6352272019502848 -0.974274529367119 
-0.6352272019502848 -0.974274529367119 
-0.6278504434198372 -0.9889849994368378 
-0.6412663115182495 -0.9723186142419569 
-0.6508362822582888 -0.9605217688564679 
-0.6467649070352349 -0.962615854612024 
-0.6349614705556568 -0.9750052071872563 
-0.6494745016748092 -0.9606054672827318 
-0.6511684291921663 -0.9601032556248802 
-0.6480562099874024 -0.9621149114435341 
-0.6473243255060045 -0.9624773479048797 
-0.6473243255060045 -0.9624773479048797 
-0.6467649070352349 -0.962615854612024 
-0.6494745016748092 -0.9606054672827318 
-0.6508362822582888 -0.9605217688564679 
-0.6655566345304881 -0.8953306924441468 
-0.5000000238418698 -0.9990919846877736 
-0.5724988096206775 -0.9980228088389145 
-0.5176324866033403 -0.9990388384292702 
-0.528233679462925 -0.9988470928319917 
-0.5418992192069642 -0.998743984280879 
-0.5895738509537679 -0.9957675799277786 
-0.53588675682123 -0.9987939465734883 
-0.5848660559937872 -0.9974243998123564 
-0.6150877142451964 -0.9903950790983553 
-0.5936604401503461 -0.9948198400342484 
-0.6109253685840791 -0.9934854147282343 
-0.646196141203463 -0.96351226293384 
-0.5547847624881335 -0.9982258319395528 
-0.551093041122101 -0.9985499969210144 
-0.6588400513992008 -0.9279671845828874 
