-0.0 -0.9999056267806268 
-0.6748097170989102 -0.906010232261482 
-0.0 -0.9999056267806268 
-0.6748097170989102 -0.906010232261482 
-0.5000000238418698 -0.9998137238051588 
-0.6174410086356354 -0.9778290854772892 
-0.6160496183756462 -0.9956037559921846 
-0.654624463205824 -0.9619992759220369 
-0.6559440053177995 -0.9481670267753547 
-0.659753986845983 -0.9460391176970477 
-0.6631869047100238 -0.9347140101600947 
-0.667260285055952 -0.9163387442140474 
-0.6666310723990739 -0.9227823381173575 
-0.6631869047100238 -0.9347140101600947 
-0.6635354339173467 -0.9294466376767534 
-0.6747256862085488 -0.9111801604570586 
-0.528233679462925 -0.9993213024136722 
-0.6743025225125483 -0.9153203107223955 
-0.6196353241678454 -0.9738371159998372 
-0.6174410086356354 -0.9778290854772892 
-0.6747256862085488 -0.9111801604570586 
-0.5000000238418698 -0.9998137238051588 
-0.6664188025948495 -0.9259936229594321 
-0.6532523636202627 -0.9645595353767016 
-0.6635354339173467 -0.9294466376767534 
-0.6664188025948495 -0.9259936229594321 
-0.6436151449551651 -0.9664140408488701 
-0.6666310723990739 -0.9227823381173575 
-0.659753986845983 -0.9460391176970477 
-0.5418992192069642 -0.9984519000699215 
-0.6434082273029601 -0.9685295045074981 
-0.6559440053177995 -0.9481670267753547 
-0.5580616136274157 -0.9981995503758031 
-0.5724988096206775 -0.9977394440901487 
-0.625094946149998 -0.9720394173689371 
-0.5936604401503461 -0.9968490251311982 
-0.6150877142451964 -0.995953906231069 
-0.5848660559937872 -0.9969052542281882 
-0.5793055711326863 -0.997642170362844 
-0.5946035858542817 -0.996031087138714 
-0.6034529960321104 -0.996010135328059 
-0.528233679462925 -0.9993213024136722 
-0.6508362822582888 -0.9650600007592945 
-0.551093041122101 -0.9983919641184753 
-0.53588675682123 -0.998698450349216 
-0.5580616136274157 -0.9981995503758031 
-0.6303937319474091 -0.971296498978073 
-0.5724988096206775 -0.9977394440901487 
-0.6310001899768349 -0.9704620241749804 
-0.53588675682123 -0.998698450349216 
-0.6239991374320852 -0.9729581658106032 
-0.6412663115182495 -0.9688164695695018 
-0.621290283024113 -0.973029059736951 
-0.6196353241678454 -0.9738371159998372 
-0.551093041122101 -0.9983919641184753 
-0.6482367526485385 -0.965800110011551 
-0.6324696051799622 -0.9697798395810037 
-0.5793055711326863 -0.997642170362844 
-0.6005141640959136 -0.996018587138714 
-0.5848660559937872 -0.9969052542281882 
-0.6285048187284736 -0.9715245549192111 
-0.6360119572522979 -0.969717840802679 
-0.6712826979706363 -0.9157502730061247 
-0.6482367526485385 -0.965800110011551 
-0.6720167705503355 -0.9153387021956729 
-0.6285048187284736 -0.9715245549192111 
-0.6688850974079172 -0.9160853745831896 
-0.6392150187817145 -0.9691770894322503 
-0.6491254123213213 -0.9655049821880077 
-0.6688850974079172 -0.9160853745831896 
-0.6321808701929883 -0.970163389456559 
-0.6160496183756462 -0.9956037559921846 
-0.6367787356438203 -0.9694640544942542 
-0.6491254123213213 -0.9655049821880077 
-0.6392150187817145 -0.9691770894322503 
-0.6034529960321104 -0.996010135328059 
-0.6380189673336621 -0.9694611344571203 
-0.6712826979706363 -0.9157502730061247 
-0.6005141640959136 -0.996018587138714 
-0.667260285055952 -0.9163387442140474 
-0.6321808701929883 -0.970163389456559 
-0.6434082273029601 -0.9685295045074981 
-0.621290283024113 -0.973029059736951 
-0.6239991374320852 -0.9729581658106032 
-0.6150877142451964 -0.995953906231069 
-0.5936604401503461 -0.9968490251311982 
-0.6380189673336621 -0.9694611344571203 
-0.6360119572522979 -0.969717840802679 
-0.5946035858542817 -0.996031087138714 
-0.6720167705503355 -0.9153387021956729 
-0.6324696051799622 -0.9697798395810037 
-0.6743025225125483 -0.9153203107223955 
-0.6748097170989102 -0.906010232261482 
-0.0 -0.9999056267806268 
-0.6631869047100238 -0.9347140101600947 
-0.6174410086356354 -0.9778290854772892 
-0.6747256862085488 -0.9111801604570586 
-0.5000000238418698 -0.9998137238051588 
-0.6635354339173467 -0.9294466376767534 
-0.6664188025948495 -0.9259936229594321 
