0.8661974548483254
0.8830761506260405
0.8811686603225651
0.8773833315416496
0.8769701136640333
0.8603387554272535
0.8774809949369972
0.8661881924464017
0.8752833649127821
0.8568549628729086
0.8725390886379631
0.9060336256066801
0.8771704050669068
0.8978981827998076
0.8896280944477999
0.8689363707783008
0.8670229425281428
0.8616488960964964
0.8684162822792248
0.8683669465564353
0.8655932010967515
0.8949751016532236
0.8670619249341343
0.8679853569542172
0.8563955147785717
0.8521919685344032
0.8938813973425589
0.8978876433947109
0.87867882115597
0.8669818465406753
