0.007125007642446128
0.018206982933345436
0.005856237532989099
0.017596521553693113
0.007040955181330709
0.006634076095524574
0.006876890479099642
0.008690110581492454
0.006349605551872407
0.00741777575614581
0.017236905228460584
0.009690924234180992
0.00640796699883188
0.010139208089400683
0.004368158062690833
0.0073472357175564
0.008242102176704375
0.018185076462367486
0.006592334719578915
0.007918290312950639
0.007418501327742871
0.0033927346449882717
0.018573256292754647
0.005866956661473987
0.017744448253462965
0.01791510999179646
0.006680550041232375
0.02016545400746903
0.005796245717409154
0.008049955224011002
