7 5 8 28 
8 5 7 29 
4 5 11 29 
6 5 4 29 
4 5 7 29 
4 5 15 29 
4 11 15 29 
4 10 15 29 
4 10 15 29 
4 10 15 29 
4 10 15 29 
4 10 15 29 
4 10 15 29 
4 10 15 29 
4 10 15 29 
4 10 15 29 
4 10 15 29 
4 10 15 29 
4 10 15 29 
4 10 15 29 
4 10 15 29 
4 10 15 29 
4 10 15 29 
4 10 15 29 
4 10 15 29 
4 10 15 29 
4 10 15 29 
4 10 15 29 
4 10 15 29 
4 10 15 29 
4 10 15 29 
4 10 15 29 
4 10 15 29 
4 10 15 29 
4 10 15 29 
4 10 15 29 
4 10 15 29 
4 10 15 29 
4 10 15 29 
4 10 15 29 
4 10 15 29 
4 10 15 29 
4 10 15 29 
4 10 15 29 
4 10 15 29 
4 10 15 29 
4 10 15 29 
4 10 15 29 
4 10 15 29 
4 10 15 29 
4 10 15 29 
4 10 15 29 
4 10 15 29 
4 10 15 29 
4 10 15 29 
4 10 15 29 
4 10 15 29 
4 10 15 29 
4 10 15 29 
4 10 15 29 
4 10 15 29 
4 10 15 29 
4 10 15 29 
4 10 15 29 
4 10 15 29 
4 10 15 29 
4 10 15 29 
4 10 15 29 
4 10 15 29 
4 10 15 29 
4 10 15 29 
4 10 15 29 
4 10 15 29 
4 10 15 29 
4 10 15 29 
4 10 15 29 
4 10 15 29 
4 10 15 29 
4 10 15 29 
4 10 15 29 
4 10 15 29 
4 10 15 29 
4 10 15 29 
4 10 15 29 
4 10 15 29 
4 10 15 29 
4 10 15 29 
4 10 15 29 
4 10 15 29 
4 10 15 29 
4 10 15 29 
4 10 15 29 
4 10 15 29 
4 10 15 29 
4 10 15 29 
4 10 15 29 
4 10 15 29 
4 10 15 29 
4 10 15 29 
4 10 15 29 
