6 11 15 29 
5 8 7 28 
7 8 5 28 
6 11 15 29 
7 8 5 29 
5 4 11 29 
4 11 15 29 
7 8 5 29 
5 4 6 29 
5 4 7 29 
4 15 5 29 
5 4 6 29 
5 4 7 29 
5 4 15 29 
5 4 11 29 
4 11 15 29 
7 8 5 28 
6 11 15 29 
7 8 5 29 
5 4 6 29 
5 4 7 29 
5 4 15 29 
5 4 11 29 
4 11 15 29 
6 11 15 29 
7 5 8 28 
7 8 5 29 
5 4 6 29 
5 4 7 29 
5 4 15 29 
5 4 11 29 
4 11 15 29 
6 11 15 29 
7 8 5 28 
7 8 5 29 
5 4 6 29 
5 4 7 29 
5 4 15 29 
5 4 11 29 
4 11 15 29 
6 11 15 29 
7 8 5 28 
7 8 5 29 
5 4 6 29 
5 4 7 29 
5 4 15 29 
5 4 11 29 
4 11 15 29 
6 11 15 29 
5 8 7 28 
7 8 5 29 
5 4 6 29 
5 4 7 29 
5 4 15 29 
5 4 11 29 
4 11 15 29 
7 8 5 28 
6 11 15 29 
7 8 5 29 
5 4 6 29 
5 4 7 29 
5 4 15 29 
5 4 11 29 
4 11 15 29 
6 11 15 29 
7 8 5 28 
7 8 5 29 
5 4 6 29 
5 4 7 29 
4 15 5 29 
5 4 11 29 
4 11 15 29 
6 11 15 29 
7 8 5 28 
7 8 5 29 
5 4 6 29 
5 4 7 29 
5 4 15 29 
5 4 11 29 
4 11 15 29 
6 11 15 29 
5 8 7 28 
7 8 5 29 
5 4 6 29 
5 4 7 29 
5 4 15 29 
5 4 11 29 
4 11 15 29 
5 8 7 28 
6 11 15 29 
7 8 5 29 
5 4 6 29 
5 4 7 29 
5 4 15 29 
5 4 11 29 
4 11 15 29 
7 8 5 28 
6 11 15 29 
7 8 5 29 
5 4 6 29 
