8 5 7 29 
4 6 5 29 
7 5 4 29 
4 5 15 29 
5 11 14 29 
5 11 14 29 
5 11 14 29 
5 11 14 29 
5 11 14 29 
5 11 14 29 
5 11 14 29 
5 11 14 29 
5 11 14 29 
5 11 14 29 
5 11 14 29 
5 11 14 29 
5 11 14 29 
5 11 14 29 
5 11 14 29 
5 11 14 29 
5 11 14 29 
5 11 14 29 
5 11 14 29 
5 11 14 29 
5 11 14 29 
5 11 14 29 
5 11 14 29 
5 11 14 29 
5 11 14 29 
5 11 14 29 
5 11 14 29 
5 11 14 29 
5 11 14 29 
5 11 14 29 
5 11 14 29 
5 11 14 29 
5 11 14 29 
5 11 14 29 
5 11 14 29 
5 11 14 29 
5 11 14 29 
5 11 14 29 
5 11 14 29 
5 11 14 29 
5 11 14 29 
5 11 14 29 
5 11 14 29 
5 11 14 29 
5 11 14 29 
5 11 14 29 
5 11 14 29 
5 11 14 29 
5 11 14 29 
5 11 14 29 
5 11 14 29 
5 11 14 29 
5 11 14 29 
5 11 14 29 
5 11 14 29 
5 11 14 29 
5 11 14 29 
5 11 14 29 
5 11 14 29 
5 11 14 29 
5 11 14 29 
5 11 14 29 
5 11 14 29 
5 11 14 29 
5 11 14 29 
5 11 14 29 
5 11 14 29 
5 11 14 29 
5 11 14 29 
5 11 14 29 
5 11 14 29 
5 11 14 29 
5 11 14 29 
5 11 14 29 
5 11 14 29 
5 11 14 29 
5 11 14 29 
5 11 14 29 
5 11 14 29 
5 11 14 29 
5 11 14 29 
5 11 14 29 
5 11 14 29 
5 11 14 29 
5 11 14 29 
5 11 14 29 
5 11 14 29 
5 11 14 29 
5 11 14 29 
5 11 14 29 
5 11 14 29 
5 11 14 29 
5 11 14 29 
5 11 14 29 
5 11 14 29 
4 5 11 29 
