4 11 15 29 
4 11 15 29 
4 5 11 29 
4 11 15 29 
4 5 11 29 
4 5 11 29 
4 11 15 29 
4 5 11 29 
4 5 11 29 
4 5 11 29 
4 5 11 29 
4 5 11 29 
4 11 15 29 
4 5 11 29 
4 11 15 29 
4 5 11 29 
4 5 11 29 
4 11 15 29 
4 11 15 29 
4 11 15 29 
4 5 15 29 
4 11 15 29 
4 5 15 29 
4 5 15 29 
4 11 15 29 
4 11 15 29 
4 5 15 29 
4 5 11 29 
4 5 15 29 
4 5 15 29 
4 5 15 29 
4 5 15 29 
4 5 15 29 
5 8 7 28 
5 8 7 28 
5 8 7 28 
4 5 15 29 
5 8 7 28 
5 8 7 28 
5 8 7 28 
4 5 15 29 
5 8 7 28 
5 8 7 28 
6 11 15 29 
5 8 7 28 
8 5 7 29 
7 5 8 29 
6 11 15 29 
7 5 8 29 
5 8 7 28 
7 5 8 29 
8 5 7 29 
6 11 15 29 
7 5 8 29 
8 5 7 29 
6 11 15 29 
8 7 5 29 
6 11 15 29 
8 5 7 29 
6 11 15 29 
8 5 7 29 
7 5 4 29 
6 11 15 29 
7 5 4 29 
6 11 15 29 
6 11 15 29 
7 5 4 29 
5 8 7 28 
7 5 4 29 
7 5 4 29 
7 5 4 29 
7 5 4 29 
7 5 4 29 
4 5 15 29 
6 11 15 29 
7 5 8 29 
5 8 7 28 
7 5 4 29 
6 11 15 29 
7 5 8 29 
7 5 4 29 
7 5 4 29 
6 5 4 29 
8 7 5 29 
7 5 4 29 
6 5 4 29 
6 5 4 29 
6 5 4 29 
7 5 4 29 
6 5 4 29 
6 5 4 29 
6 5 4 29 
6 5 4 29 
6 11 15 29 
6 5 4 29 
6 5 4 29 
6 5 4 29 
6 5 4 29 
6 5 4 29 
5 8 7 28 
