7 8 5 28 
8 5 7 29 
4 5 11 29 
4 5 6 29 
4 5 7 29 
4 5 15 29 
4 11 15 29 
4 10 15 29 
4 10 15 29 
4 10 15 29 
4 10 15 29 
4 10 15 29 
4 10 15 29 
4 10 15 29 
4 10 15 29 
4 10 15 29 
4 10 15 29 
4 10 15 29 
4 10 15 29 
4 10 15 29 
4 10 15 29 
4 10 15 29 
4 10 15 29 
4 10 15 29 
4 10 15 29 
4 10 15 29 
4 10 15 29 
4 10 15 29 
4 10 15 29 
4 10 15 29 
4 10 15 29 
4 10 15 29 
4 10 15 29 
4 10 15 29 
4 10 15 29 
4 10 15 29 
4 10 15 29 
4 10 15 29 
4 10 15 29 
4 10 15 29 
4 10 15 29 
4 10 15 29 
4 10 15 29 
4 10 15 29 
4 10 15 29 
4 10 15 29 
4 10 15 29 
4 10 15 29 
4 10 15 29 
4 10 15 29 
4 10 15 29 
4 10 15 29 
4 10 15 29 
4 10 15 29 
4 10 15 29 
4 10 15 29 
4 10 15 29 
4 10 15 29 
4 10 15 29 
4 10 15 29 
4 10 15 29 
4 10 15 29 
4 10 15 29 
4 10 15 29 
4 10 15 29 
4 10 15 29 
4 10 15 29 
4 10 15 29 
4 10 15 29 
4 10 15 29 
4 10 15 29 
4 10 15 29 
4 10 15 29 
4 10 15 29 
4 10 15 29 
4 10 15 29 
4 10 15 29 
4 10 15 29 
4 10 15 29 
4 10 15 29 
4 10 15 29 
4 10 15 29 
4 10 15 29 
4 10 15 29 
4 10 15 29 
4 10 15 29 
4 10 15 29 
4 10 15 29 
4 10 15 29 
4 10 15 29 
4 10 15 29 
4 10 15 29 
4 10 15 29 
4 10 15 29 
4 10 15 29 
4 10 15 29 
4 10 15 29 
4 10 15 29 
4 10 15 29 
4 10 15 29 
