4 11 15 29 
4 11 15 29 
4 11 15 29 
4 11 15 29 
4 11 15 29 
4 11 15 29 
4 11 15 29 
4 11 15 29 
4 11 15 29 
4 11 15 29 
4 11 15 29 
4 11 15 29 
6 11 15 29 
8 5 7 28 
8 5 7 28 
6 11 15 29 
8 5 7 28 
8 5 7 28 
6 11 15 29 
6 11 15 29 
6 11 15 29 
5 4 11 29 
5 4 11 29 
8 5 7 28 
8 5 7 28 
8 5 7 28 
8 5 7 28 
8 5 7 28 
8 5 7 28 
5 4 11 29 
8 5 7 28 
6 11 15 29 
5 4 11 29 
8 5 7 28 
6 11 15 29 
6 11 15 29 
5 4 11 29 
5 4 11 29 
8 5 7 28 
6 11 15 29 
6 11 15 29 
5 4 11 29 
5 4 15 29 
5 4 15 29 
5 4 15 29 
5 4 11 29 
5 4 11 29 
5 4 15 29 
5 4 15 29 
5 4 11 29 
6 11 15 29 
5 4 15 29 
5 4 11 29 
5 4 15 29 
5 4 15 29 
5 4 15 29 
5 4 11 29 
8 5 7 29 
5 7 8 29 
5 7 8 29 
5 7 8 29 
5 4 15 29 
5 7 8 29 
5 4 15 29 
5 7 8 29 
5 7 8 29 
5 7 8 29 
5 7 8 29 
5 7 8 29 
5 4 15 29 
6 11 15 29 
6 5 4 29 
5 6 4 29 
6 4 5 29 
5 6 4 29 
6 5 4 29 
5 6 4 29 
6 5 4 29 
5 7 8 29 
5 4 7 29 
5 7 4 29 
5 7 4 29 
5 4 6 29 
5 7 4 29 
5 4 6 29 
5 7 4 29 
5 6 4 29 
5 7 4 29 
5 7 4 29 
5 7 4 29 
5 7 4 29 
5 7 4 29 
5 7 8 29 
5 7 8 29 
6 5 4 29 
6 5 4 29 
6 4 5 29 
5 7 4 29 
5 7 4 29 
5 7 4 29 
