6 11 15 29 
6 11 15 29 
6 11 15 29 
6 11 15 29 
6 11 15 29 
6 11 15 29 
6 11 15 29 
5 8 7 28 
6 11 15 29 
5 8 7 28 
5 8 7 28 
4 11 15 29 
8 5 7 29 
8 7 5 29 
8 7 5 29 
8 7 5 29 
6 11 15 29 
4 11 15 29 
8 7 5 29 
5 8 7 28 
6 11 15 29 
8 7 5 29 
4 11 15 29 
8 7 5 29 
8 7 5 29 
5 8 7 28 
4 11 15 29 
5 8 7 28 
6 11 15 29 
5 8 7 28 
6 11 15 29 
4 11 15 29 
8 7 5 29 
5 8 7 28 
4 11 15 29 
4 11 15 29 
5 8 7 28 
4 11 15 29 
8 7 5 29 
8 7 5 29 
5 8 7 28 
5 8 7 28 
4 11 15 29 
4 11 15 29 
5 8 7 28 
8 7 5 29 
4 11 15 29 
5 8 7 28 
4 11 15 29 
4 5 11 29 
4 5 11 29 
4 5 11 29 
4 5 11 29 
4 5 11 29 
4 5 15 29 
7 4 5 29 
4 5 15 29 
4 5 15 29 
4 5 11 29 
4 5 15 29 
4 5 7 29 
4 5 11 29 
4 15 5 29 
4 6 5 29 
4 5 7 29 
4 15 5 29 
4 6 5 29 
4 5 7 29 
4 5 6 29 
4 5 6 29 
4 5 11 29 
4 6 5 29 
4 5 15 29 
4 15 5 29 
4 5 11 29 
4 6 5 29 
4 6 5 29 
4 5 15 29 
4 6 5 29 
4 7 5 29 
6 4 5 29 
4 6 5 29 
7 4 5 29 
7 4 5 29 
7 4 5 29 
4 5 11 29 
4 5 15 29 
4 5 11 29 
7 4 5 29 
4 5 7 29 
4 5 7 29 
8 7 5 29 
4 5 11 29 
4 6 5 29 
4 15 5 29 
4 6 5 29 
4 6 5 29 
4 15 5 29 
4 5 7 29 
4 5 7 29 
