8 7 5 28 
5 7 8 29 
5 4 11 29 
6 4 5 29 
5 4 7 29 
5 4 15 29 
5 11 14 29 
5 11 14 29 
5 11 14 29 
5 11 14 29 
5 11 14 29 
5 11 14 29 
5 11 14 29 
5 11 14 29 
5 11 14 29 
5 11 14 29 
5 11 14 29 
5 11 14 29 
5 11 14 29 
5 11 14 29 
5 11 14 29 
5 11 14 29 
5 11 14 29 
5 11 14 29 
5 11 14 29 
5 11 14 29 
5 11 14 29 
5 11 14 29 
5 11 14 29 
5 11 14 29 
5 11 14 29 
5 11 14 29 
5 11 14 29 
5 11 14 29 
5 11 14 29 
5 11 14 29 
5 11 14 29 
5 11 14 29 
5 11 14 29 
5 11 14 29 
5 11 14 29 
5 11 14 29 
5 11 14 29 
5 11 14 29 
5 11 14 29 
5 11 14 29 
5 11 14 29 
5 11 14 29 
5 11 14 29 
5 11 14 29 
5 11 14 29 
5 11 14 29 
5 11 14 29 
5 11 14 29 
5 11 14 29 
5 11 14 29 
5 11 14 29 
5 11 14 29 
5 11 14 29 
5 11 14 29 
5 11 14 29 
5 11 14 29 
5 11 14 29 
5 11 14 29 
5 11 14 29 
5 11 14 29 
5 11 14 29 
5 11 14 29 
5 11 14 29 
5 11 14 29 
5 11 14 29 
5 11 14 29 
5 11 14 29 
5 11 14 29 
5 11 14 29 
5 11 14 29 
5 11 14 29 
5 11 14 29 
5 11 14 29 
5 11 14 29 
5 11 14 29 
5 11 14 29 
5 11 14 29 
5 11 14 29 
5 11 14 29 
5 11 14 29 
5 11 14 29 
5 11 14 29 
5 11 14 29 
5 11 14 29 
5 11 14 29 
5 11 14 29 
5 11 14 29 
5 11 14 29 
5 11 14 29 
5 11 14 29 
5 11 14 29 
5 11 14 29 
5 11 14 29 
5 11 14 29 
