8 7 5 28 
5 11 14 29 
8 7 5 28 
5 11 14 29 
7 5 8 29 
4 5 11 29 
5 7 8 29 
5 6 4 29 
4 5 15 29 
4 5 7 29 
4 5 6 29 
4 5 7 29 
4 5 11 29 
4 5 15 29 
5 11 14 29 
7 5 8 28 
8 7 5 29 
4 5 6 29 
5 7 4 29 
4 5 11 29 
4 5 15 29 
7 5 8 28 
5 11 14 29 
7 5 8 29 
5 6 4 29 
4 5 7 29 
4 5 11 29 
4 5 15 29 
7 5 8 28 
5 11 14 29 
8 5 7 29 
5 6 4 29 
4 5 7 29 
4 5 11 29 
4 5 15 29 
8 7 5 28 
5 11 14 29 
7 5 8 29 
5 6 4 29 
4 5 7 29 
4 5 11 29 
4 5 15 29 
5 11 14 29 
8 7 5 28 
8 7 5 29 
4 5 6 29 
7 5 4 29 
4 5 11 29 
4 5 15 29 
5 11 14 29 
8 7 5 28 
7 5 8 29 
4 5 6 29 
4 5 7 29 
4 5 11 29 
4 5 15 29 
5 11 14 29 
7 5 8 28 
7 5 8 29 
4 5 6 29 
7 5 4 29 
4 5 11 29 
4 5 15 29 
5 11 14 29 
7 5 8 28 
7 5 8 29 
4 5 6 29 
4 5 7 29 
4 5 11 29 
4 5 15 29 
5 11 14 29 
8 7 5 28 
8 7 5 29 
5 6 4 29 
5 7 4 29 
4 5 11 29 
4 5 15 29 
8 7 5 28 
5 11 14 29 
8 7 5 29 
4 5 6 29 
7 5 4 29 
4 5 11 29 
4 5 15 29 
5 7 8 28 
5 11 14 29 
7 5 8 29 
4 5 6 29 
4 5 7 29 
4 5 11 29 
4 5 15 29 
5 11 14 29 
8 7 5 28 
8 7 5 29 
4 5 6 29 
4 5 7 29 
4 5 11 29 
4 5 15 29 
8 7 5 28 
5 11 14 29 
