7 5 8 29 
4 5 11 29 
4 6 5 29 
4 5 7 29 
4 5 15 29 
4 11 15 29 
4 10 15 29 
4 10 15 29 
4 10 15 29 
4 10 15 29 
4 10 15 29 
4 10 15 29 
4 10 15 29 
4 10 15 29 
4 10 15 29 
4 10 15 29 
4 10 15 29 
4 10 15 29 
4 10 15 29 
4 10 15 29 
4 10 15 29 
4 10 15 29 
4 10 15 29 
4 10 15 29 
4 10 15 29 
4 10 15 29 
4 10 15 29 
4 10 15 29 
4 10 15 29 
4 10 15 29 
4 10 15 29 
4 10 15 29 
4 10 15 29 
4 10 15 29 
4 10 15 29 
4 10 15 29 
4 10 15 29 
4 10 15 29 
4 10 15 29 
4 10 15 29 
4 10 15 29 
4 10 15 29 
4 10 15 29 
4 10 15 29 
4 10 15 29 
4 10 15 29 
4 10 15 29 
4 10 15 29 
4 10 15 29 
4 10 15 29 
4 10 15 29 
4 10 15 29 
4 10 15 29 
4 10 15 29 
4 10 15 29 
4 10 15 29 
4 10 15 29 
4 10 15 29 
4 10 15 29 
4 10 15 29 
4 10 15 29 
4 10 15 29 
4 10 15 29 
4 10 15 29 
4 10 15 29 
4 10 15 29 
4 10 15 29 
4 10 15 29 
4 10 15 29 
4 10 15 29 
4 10 15 29 
4 10 15 29 
4 10 15 29 
4 10 15 29 
4 10 15 29 
4 10 15 29 
4 10 15 29 
4 10 15 29 
4 10 15 29 
4 10 15 29 
4 10 15 29 
4 10 15 29 
4 10 15 29 
4 10 15 29 
4 10 15 29 
4 10 15 29 
4 10 15 29 
4 10 15 29 
4 10 15 29 
4 10 15 29 
4 10 15 29 
4 10 15 29 
4 10 15 29 
4 10 15 29 
4 10 15 29 
4 10 15 29 
4 10 15 29 
4 10 15 29 
4 10 15 29 
4 10 15 29 
