7 8 5 28 
5 7 8 29 
5 4 11 29 
5 6 4 29 
7 4 5 29 
5 4 15 29 
4 11 15 29 
4 10 15 29 
4 10 15 29 
4 10 15 29 
4 10 15 29 
4 10 15 29 
4 10 15 29 
4 10 15 29 
4 10 15 29 
4 10 15 29 
4 10 15 29 
4 10 15 29 
4 10 15 29 
4 10 15 29 
4 10 15 29 
4 10 15 29 
4 10 15 29 
4 10 15 29 
4 10 15 29 
4 10 15 29 
4 10 15 29 
4 10 15 29 
4 10 15 29 
4 10 15 29 
4 10 15 29 
4 10 15 29 
4 10 15 29 
4 10 15 29 
4 10 15 29 
4 10 15 29 
4 10 15 29 
4 10 15 29 
4 10 15 29 
4 10 15 29 
4 10 15 29 
4 10 15 29 
4 10 15 29 
4 10 15 29 
4 10 15 29 
4 10 15 29 
4 10 15 29 
4 10 15 29 
4 10 15 29 
4 10 15 29 
4 10 15 29 
4 10 15 29 
4 10 15 29 
4 10 15 29 
4 10 15 29 
4 10 15 29 
4 10 15 29 
4 10 15 29 
4 10 15 29 
4 10 15 29 
4 10 15 29 
4 10 15 29 
4 10 15 29 
4 10 15 29 
4 10 15 29 
4 10 15 29 
4 10 15 29 
4 10 15 29 
4 10 15 29 
4 10 15 29 
4 10 15 29 
4 10 15 29 
4 10 15 29 
4 10 15 29 
4 10 15 29 
4 10 15 29 
4 10 15 29 
4 10 15 29 
4 10 15 29 
4 10 15 29 
4 10 15 29 
4 10 15 29 
4 10 15 29 
4 10 15 29 
4 10 15 29 
4 10 15 29 
4 10 15 29 
4 10 15 29 
4 10 15 29 
4 10 15 29 
4 10 15 29 
4 10 15 29 
4 10 15 29 
4 10 15 29 
4 10 15 29 
4 10 15 29 
4 10 15 29 
4 10 15 29 
4 10 15 29 
4 10 15 29 
