7 5 8 28 
7 8 5 29 
5 4 11 29 
5 4 6 29 
5 4 7 29 
5 4 15 29 
5 11 14 29 
5 11 14 29 
5 11 14 29 
5 11 14 29 
5 11 14 29 
5 11 14 29 
5 11 14 29 
5 11 14 29 
5 11 14 29 
5 11 14 29 
5 11 14 29 
5 11 14 29 
5 11 14 29 
5 11 14 29 
5 11 14 29 
5 11 14 29 
5 11 14 29 
5 11 14 29 
5 11 14 29 
5 11 14 29 
5 11 14 29 
5 11 14 29 
5 11 14 29 
5 11 14 29 
5 11 14 29 
5 11 14 29 
5 11 14 29 
5 11 14 29 
5 11 14 29 
5 11 14 29 
5 11 14 29 
5 11 14 29 
5 11 14 29 
5 11 14 29 
5 11 14 29 
5 11 14 29 
5 11 14 29 
5 11 14 29 
5 11 14 29 
5 11 14 29 
5 11 14 29 
5 11 14 29 
5 11 14 29 
5 11 14 29 
5 11 14 29 
5 11 14 29 
5 11 14 29 
5 11 14 29 
5 11 14 29 
5 11 14 29 
5 11 14 29 
5 11 14 29 
5 11 14 29 
5 11 14 29 
5 11 14 29 
5 11 14 29 
5 11 14 29 
5 11 14 29 
5 11 14 29 
5 11 14 29 
5 11 14 29 
5 11 14 29 
5 11 14 29 
5 11 14 29 
5 11 14 29 
5 11 14 29 
5 11 14 29 
5 11 14 29 
5 11 14 29 
5 11 14 29 
5 11 14 29 
5 11 14 29 
5 11 14 29 
5 11 14 29 
5 11 14 29 
5 11 14 29 
5 11 14 29 
5 11 14 29 
5 11 14 29 
5 11 14 29 
5 11 14 29 
5 11 14 29 
5 11 14 29 
5 11 14 29 
5 11 14 29 
5 11 14 29 
5 11 14 29 
5 11 14 29 
5 11 14 29 
5 11 14 29 
5 11 14 29 
5 11 14 29 
5 11 14 29 
5 11 14 29 
