4 5 7 29 
4 5 11 29 
5 6 4 29 
4 15 5 29 
4 11 15 29 
6 11 15 29 
6 11 15 29 
6 11 15 29 
6 11 15 29 
6 11 15 29 
6 11 15 29 
6 11 15 29 
6 11 15 29 
6 11 15 29 
6 11 15 29 
6 11 15 29 
6 11 15 29 
6 11 15 29 
6 11 15 29 
6 11 15 29 
6 11 15 29 
6 11 15 29 
6 11 15 29 
6 11 15 29 
6 11 15 29 
6 11 15 29 
6 11 15 29 
6 11 15 29 
6 11 15 29 
6 11 15 29 
6 11 15 29 
6 11 15 29 
6 11 15 29 
6 11 15 29 
6 11 15 29 
6 11 15 29 
6 11 15 29 
6 11 15 29 
6 11 15 29 
6 11 15 29 
6 11 15 29 
6 11 15 29 
6 11 15 29 
6 11 15 29 
6 11 15 29 
6 11 15 29 
6 11 15 29 
6 11 15 29 
6 11 15 29 
6 11 15 29 
6 11 15 29 
6 11 15 29 
6 11 15 29 
6 11 15 29 
6 11 15 29 
6 11 15 29 
6 11 15 29 
6 11 15 29 
6 11 15 29 
6 11 15 29 
6 11 15 29 
6 11 15 29 
6 11 15 29 
6 11 15 29 
6 11 15 29 
6 11 15 29 
6 11 15 29 
6 11 15 29 
6 11 15 29 
6 11 15 29 
6 11 15 29 
6 11 15 29 
6 11 15 29 
6 11 15 29 
6 11 15 29 
6 11 15 29 
6 11 15 29 
6 11 15 29 
6 11 15 29 
6 11 15 29 
6 11 15 29 
6 11 15 29 
6 11 15 29 
6 11 15 29 
6 11 15 29 
6 11 15 29 
6 11 15 29 
6 11 15 29 
6 11 15 29 
6 11 15 29 
6 11 15 29 
6 11 15 29 
6 11 15 29 
6 11 15 29 
6 11 15 29 
6 11 15 29 
6 11 15 29 
6 11 15 29 
6 11 15 29 
6 11 15 29 
