6 11 15 29 
6 11 15 29 
6 11 15 29 
6 11 15 29 
6 11 15 29 
6 11 15 29 
6 11 15 29 
6 11 15 29 
6 11 15 29 
6 11 15 29 
6 11 15 29 
6 11 15 29 
7 8 5 28 
4 11 15 29 
5 8 7 28 
4 11 15 29 
8 5 7 29 
4 11 15 29 
8 5 7 29 
7 8 5 28 
4 11 15 29 
8 5 7 29 
8 5 7 29 
5 8 7 28 
8 5 7 29 
7 8 5 28 
7 8 5 28 
5 8 7 28 
5 8 7 28 
8 5 7 29 
7 8 5 28 
5 7 8 29 
8 5 7 29 
4 11 15 29 
4 11 15 29 
4 11 15 29 
5 7 8 29 
4 11 15 29 
4 11 15 29 
5 8 7 28 
8 5 7 29 
8 5 7 29 
5 7 8 29 
4 5 15 29 
4 5 15 29 
4 15 5 29 
4 5 15 29 
4 5 11 29 
4 5 15 29 
4 5 15 29 
4 5 11 29 
4 5 11 29 
4 5 11 29 
4 5 11 29 
4 15 5 29 
4 15 5 29 
4 5 15 29 
4 5 11 29 
5 7 4 29 
4 11 15 29 
5 7 4 29 
4 5 7 29 
5 7 8 29 
5 7 4 29 
4 5 15 29 
4 5 11 29 
4 5 11 29 
4 5 7 29 
5 8 7 28 
4 5 11 29 
5 7 4 29 
4 5 11 29 
5 7 4 29 
7 8 5 28 
4 5 7 29 
4 11 15 29 
4 5 11 29 
5 6 4 29 
4 6 5 29 
5 7 4 29 
4 5 11 29 
4 6 5 29 
4 5 6 29 
4 5 7 29 
4 15 5 29 
5 6 4 29 
4 5 7 29 
4 5 7 29 
5 6 4 29 
4 5 6 29 
4 5 7 29 
4 6 5 29 
4 5 6 29 
4 5 15 29 
4 11 15 29 
4 6 5 29 
4 5 6 29 
6 5 4 29 
5 8 7 28 
5 6 4 29 
