8 7 5 28 
5 7 8 29 
5 4 11 29 
6 5 4 29 
5 7 4 29 
5 4 15 29 
5 11 14 29 
5 11 14 29 
5 11 14 29 
5 11 14 29 
5 11 14 29 
5 11 14 29 
5 11 14 29 
5 11 14 29 
5 11 14 29 
5 11 14 29 
5 11 14 29 
5 11 14 29 
5 11 14 29 
5 11 14 29 
5 11 14 29 
5 11 14 29 
5 11 14 29 
5 11 14 29 
5 11 14 29 
5 11 14 29 
5 11 14 29 
5 11 14 29 
5 11 14 29 
5 11 14 29 
5 11 14 29 
5 11 14 29 
5 11 14 29 
5 11 14 29 
5 11 14 29 
5 11 14 29 
5 11 14 29 
5 11 14 29 
5 11 14 29 
5 11 14 29 
5 11 14 29 
5 11 14 29 
5 11 14 29 
5 11 14 29 
5 11 14 29 
5 11 14 29 
5 11 14 29 
5 11 14 29 
5 11 14 29 
5 11 14 29 
5 11 14 29 
5 11 14 29 
5 11 14 29 
5 11 14 29 
5 11 14 29 
5 11 14 29 
5 11 14 29 
5 11 14 29 
5 11 14 29 
5 11 14 29 
5 11 14 29 
5 11 14 29 
5 11 14 29 
5 11 14 29 
5 11 14 29 
5 11 14 29 
5 11 14 29 
5 11 14 29 
5 11 14 29 
5 11 14 29 
5 11 14 29 
5 11 14 29 
5 11 14 29 
5 11 14 29 
5 11 14 29 
5 11 14 29 
5 11 14 29 
5 11 14 29 
5 11 14 29 
5 11 14 29 
5 11 14 29 
5 11 14 29 
5 11 14 29 
5 11 14 29 
5 11 14 29 
5 11 14 29 
5 11 14 29 
5 11 14 29 
5 11 14 29 
5 11 14 29 
5 11 14 29 
5 11 14 29 
5 11 14 29 
5 11 14 29 
5 11 14 29 
5 11 14 29 
5 11 14 29 
5 11 14 29 
5 11 14 29 
5 11 14 29 
