6 11 15 29 
6 11 15 29 
6 11 15 29 
6 11 15 29 
6 11 15 29 
6 11 15 29 
6 11 15 29 
6 11 15 29 
6 11 15 29 
6 11 15 29 
6 11 15 29 
6 11 15 29 
4 11 15 29 
4 11 15 29 
4 11 15 29 
4 11 15 29 
4 11 15 29 
4 11 15 29 
4 11 15 29 
4 11 15 29 
4 11 15 29 
4 11 15 29 
4 11 15 29 
4 11 15 29 
5 7 8 29 
5 7 8 29 
5 4 11 29 
5 4 11 29 
5 7 8 29 
5 4 11 29 
5 7 8 29 
5 7 8 29 
5 7 8 29 
5 4 11 29 
5 4 11 29 
5 4 11 29 
5 7 8 29 
5 7 8 29 
5 4 11 29 
5 4 11 29 
5 4 11 29 
5 8 7 28 
5 7 8 29 
5 4 11 29 
5 8 7 28 
5 8 7 28 
5 4 11 29 
5 4 15 29 
5 4 15 29 
5 4 15 29 
5 7 8 29 
5 4 15 29 
5 8 7 28 
5 4 15 29 
5 8 7 28 
5 7 8 29 
5 4 11 29 
5 4 7 29 
5 8 7 28 
5 8 7 28 
5 4 15 29 
5 7 4 29 
5 4 15 29 
5 4 15 29 
5 4 15 29 
5 4 7 29 
5 7 8 29 
5 4 7 29 
5 7 8 29 
5 4 15 29 
5 7 4 29 
5 4 7 29 
5 7 4 29 
5 4 7 29 
5 7 4 29 
5 7 4 29 
5 8 7 28 
5 4 7 29 
5 7 4 29 
5 8 7 28 
5 4 7 29 
5 8 7 28 
5 6 4 29 
4 6 5 29 
5 8 7 28 
5 6 4 29 
5 6 4 29 
5 6 4 29 
5 6 4 29 
4 6 5 29 
5 4 15 29 
5 6 4 29 
4 6 5 29 
5 8 7 28 
5 6 4 29 
5 6 4 29 
5 6 4 29 
5 4 15 29 
5 8 7 28 
5 6 4 29 
