5 7 8 28 
6 11 15 29 
6 11 15 29 
5 7 8 28 
5 7 8 29 
4 5 11 29 
4 11 15 29 
5 7 8 29 
4 5 6 29 
5 7 4 29 
4 15 5 29 
4 6 5 29 
5 7 4 29 
4 5 15 29 
4 5 11 29 
4 11 15 29 
5 7 8 28 
6 11 15 29 
5 7 8 29 
6 4 5 29 
4 5 7 29 
4 15 5 29 
4 5 11 29 
4 11 15 29 
5 7 8 28 
6 11 15 29 
5 7 8 29 
4 5 6 29 
5 7 4 29 
4 15 5 29 
4 5 11 29 
4 11 15 29 
5 7 8 28 
6 11 15 29 
5 7 8 29 
4 6 5 29 
5 7 4 29 
4 5 15 29 
4 5 11 29 
4 11 15 29 
6 11 15 29 
5 7 8 28 
5 7 8 29 
4 5 6 29 
5 7 4 29 
4 5 15 29 
4 5 11 29 
4 11 15 29 
6 11 15 29 
5 7 8 28 
5 7 8 29 
4 5 6 29 
4 5 7 29 
4 5 15 29 
4 5 11 29 
4 11 15 29 
5 7 8 28 
6 11 15 29 
5 7 8 29 
4 5 6 29 
5 7 4 29 
4 15 5 29 
4 5 11 29 
4 11 15 29 
5 7 8 28 
6 11 15 29 
5 7 8 29 
4 5 6 29 
4 5 7 29 
4 15 5 29 
4 5 11 29 
4 11 15 29 
5 7 8 28 
6 11 15 29 
5 7 8 29 
4 6 5 29 
5 7 4 29 
4 15 5 29 
4 5 11 29 
4 11 15 29 
5 7 8 28 
6 11 15 29 
5 7 8 29 
4 6 5 29 
5 7 4 29 
4 15 5 29 
4 5 11 29 
4 11 15 29 
6 11 15 29 
5 7 8 28 
5 7 8 29 
4 6 5 29 
5 7 4 29 
4 15 5 29 
4 5 11 29 
4 11 15 29 
6 11 15 29 
5 7 8 28 
5 7 8 29 
4 5 6 29 
