5 11 14 29 
5 11 14 29 
5 11 14 29 
5 11 14 29 
5 11 14 29 
5 11 14 29 
5 11 14 29 
5 11 14 29 
5 11 14 29 
5 11 14 29 
5 11 14 29 
5 4 11 29 
5 4 11 29 
5 4 11 29 
5 4 11 29 
5 11 14 29 
5 4 11 29 
5 4 11 29 
5 11 14 29 
5 4 11 29 
5 4 11 29 
5 4 11 29 
5 4 15 29 
5 4 11 29 
5 4 15 29 
5 4 15 29 
5 4 15 29 
5 4 11 29 
5 4 15 29 
5 4 11 29 
5 4 15 29 
5 4 15 29 
8 7 5 28 
5 4 15 29 
8 7 5 28 
5 4 15 29 
8 7 5 28 
8 7 5 28 
5 11 14 29 
8 7 5 28 
8 7 5 28 
8 7 5 28 
5 4 15 29 
8 7 5 28 
5 4 15 29 
8 7 5 28 
5 7 8 29 
8 7 5 28 
5 7 8 29 
8 7 5 28 
5 4 15 29 
5 8 7 29 
5 4 15 29 
5 4 11 29 
8 7 5 28 
7 5 8 29 
8 7 5 28 
5 7 8 29 
7 5 8 29 
7 5 8 29 
7 5 8 29 
7 5 4 29 
7 5 8 29 
5 6 4 29 
7 5 4 29 
5 7 4 29 
7 5 8 29 
7 5 8 29 
5 6 4 29 
5 7 8 29 
8 7 5 28 
7 5 4 29 
5 6 4 29 
5 4 6 29 
7 5 8 29 
5 4 7 29 
5 4 7 29 
5 4 7 29 
5 4 7 29 
5 6 4 29 
5 4 6 29 
5 8 7 29 
5 4 7 29 
5 6 4 29 
7 5 4 29 
5 4 7 29 
5 6 4 29 
5 4 6 29 
7 5 4 29 
5 6 4 29 
5 4 15 29 
8 7 5 28 
5 4 7 29 
7 5 8 29 
5 4 6 29 
5 6 4 29 
7 5 4 29 
5 4 11 29 
6 4 5 29 
6 4 5 29 
