6 11 15 29 
6 11 15 29 
6 11 15 29 
6 11 15 29 
6 11 15 29 
6 11 15 29 
6 11 15 29 
6 11 15 29 
6 11 15 29 
6 11 15 29 
6 11 15 29 
6 11 15 29 
7 5 8 29 
6 11 15 29 
8 5 7 29 
8 5 7 29 
8 5 7 29 
8 5 7 29 
8 5 7 29 
8 5 7 29 
8 5 7 29 
8 5 7 29 
8 5 7 29 
8 5 7 29 
8 5 7 29 
8 5 7 29 
8 5 7 29 
8 5 7 29 
6 11 15 29 
4 5 7 29 
4 5 7 29 
4 5 7 29 
4 5 7 29 
4 5 7 29 
4 5 7 29 
4 5 7 29 
4 5 7 29 
4 5 15 29 
4 5 7 29 
4 11 15 29 
4 15 5 29 
4 5 15 29 
4 5 7 29 
4 5 7 29 
4 5 7 29 
4 5 15 29 
4 5 15 29 
4 5 15 29 
4 5 6 29 
4 5 6 29 
4 5 15 29 
4 5 15 29 
4 5 7 29 
4 5 15 29 
4 5 7 29 
4 5 6 29 
4 5 6 29 
4 5 6 29 
4 11 15 29 
4 5 6 29 
4 5 15 29 
4 5 6 29 
4 11 15 29 
4 11 15 29 
4 5 6 29 
4 5 6 29 
4 5 11 29 
4 6 5 29 
4 6 5 29 
4 5 11 29 
4 5 11 29 
4 5 11 29 
4 5 15 29 
4 11 15 29 
4 11 15 29 
4 5 15 29 
4 5 11 29 
4 5 11 29 
4 5 11 29 
4 5 15 29 
4 5 11 29 
4 5 15 29 
4 5 11 29 
4 5 11 29 
4 5 6 29 
4 5 11 29 
4 5 7 29 
4 11 15 29 
4 11 15 29 
4 6 5 29 
4 11 15 29 
4 11 15 29 
4 11 15 29 
4 6 5 29 
4 5 11 29 
4 11 15 29 
4 11 15 29 
4 5 11 29 
4 5 11 29 
4 11 15 29 
