4 11 15 29 
4 11 15 29 
5 4 11 29 
5 4 11 29 
5 4 11 29 
4 5 11 29 
5 4 11 29 
4 11 15 29 
5 4 11 29 
4 11 15 29 
5 4 11 29 
5 4 11 29 
5 4 11 29 
5 4 11 29 
4 11 15 29 
4 11 15 29 
4 5 11 29 
5 4 11 29 
5 4 11 29 
4 11 15 29 
4 11 15 29 
4 11 15 29 
4 11 15 29 
4 11 15 29 
5 4 11 29 
4 11 15 29 
4 11 15 29 
4 11 15 29 
6 11 15 29 
6 11 15 29 
6 11 15 29 
6 11 15 29 
6 11 15 29 
6 11 15 29 
6 11 15 29 
6 11 15 29 
6 11 15 29 
6 11 15 29 
6 11 15 29 
5 8 7 29 
5 8 7 29 
5 4 15 29 
4 15 5 29 
5 4 15 29 
5 8 7 29 
4 15 5 29 
5 4 15 29 
7 5 4 29 
5 4 7 29 
7 5 8 29 
4 15 5 29 
7 5 4 29 
7 4 5 29 
5 7 4 29 
5 7 4 29 
5 8 7 29 
4 15 5 29 
5 4 15 29 
7 4 5 29 
5 8 7 29 
5 4 7 29 
5 8 7 29 
5 4 7 29 
5 4 15 29 
5 4 7 29 
7 5 4 29 
5 8 7 29 
4 15 5 29 
6 11 15 29 
4 15 5 29 
8 5 7 29 
5 7 4 29 
5 7 8 29 
5 8 7 29 
5 4 7 29 
8 5 7 29 
5 7 4 29 
5 8 7 29 
5 7 4 29 
8 5 7 29 
6 11 15 29 
5 8 7 29 
6 5 4 29 
6 11 15 29 
5 4 6 29 
6 5 4 29 
6 4 5 29 
6 5 4 29 
6 5 4 29 
6 4 5 29 
6 5 4 29 
5 4 6 29 
6 5 4 29 
4 15 5 29 
4 15 5 29 
6 5 4 29 
6 4 5 29 
4 15 5 29 
6 5 4 29 
6 4 5 29 
