8 5 7 29 
4 5 11 29 
6 5 4 29 
7 5 4 29 
4 5 15 29 
1 5 11 29 
1 5 11 29 
1 5 11 29 
1 5 11 29 
1 5 11 29 
1 5 11 29 
1 5 11 29 
1 5 11 29 
1 5 11 29 
1 5 11 29 
1 5 11 29 
1 5 11 29 
1 5 11 29 
1 5 11 29 
1 5 11 29 
1 5 11 29 
1 5 11 29 
1 5 11 29 
1 5 11 29 
1 5 11 29 
1 5 11 29 
1 5 11 29 
1 5 11 29 
1 5 11 29 
1 5 11 29 
1 5 11 29 
1 5 11 29 
1 5 11 29 
1 5 11 29 
1 5 11 29 
1 5 11 29 
1 5 11 29 
1 5 11 29 
1 5 11 29 
1 5 11 29 
1 5 11 29 
1 5 11 29 
1 5 11 29 
1 5 11 29 
1 5 11 29 
1 5 11 29 
1 5 11 29 
1 5 11 29 
1 5 11 29 
1 5 11 29 
1 5 11 29 
1 5 11 29 
1 5 11 29 
1 5 11 29 
1 5 11 29 
1 5 11 29 
1 5 11 29 
1 5 11 29 
1 5 11 29 
1 5 11 29 
1 5 11 29 
1 5 11 29 
1 5 11 29 
1 5 11 29 
1 5 11 29 
1 5 11 29 
1 5 11 29 
1 5 11 29 
1 5 11 29 
1 5 11 29 
1 5 11 29 
1 5 11 29 
1 5 11 29 
1 5 11 29 
1 5 11 29 
1 5 11 29 
1 5 11 29 
1 5 11 29 
1 5 11 29 
1 5 11 29 
1 5 11 29 
1 5 11 29 
1 5 11 29 
1 5 11 29 
1 5 11 29 
1 5 11 29 
1 5 11 29 
1 5 11 29 
1 5 11 29 
1 5 11 29 
1 5 11 29 
1 5 11 29 
1 5 11 29 
1 5 11 29 
1 5 11 29 
1 5 11 29 
1 5 11 29 
1 5 11 29 
1 5 11 29 
1 5 11 29 
