41 54 52 19 1 12 59 23 26 67 
64 48 41 9 19 1 52 12 23 26 67 
41 40 64 19 1 52 12 48 23 26 67 
41 54 19 1 52 12 64 23 26 67 
64 48 41 54 19 1 52 12 23 26 67 
41 54 19 64 1 12 24 23 26 67 
41 54 65 1 64 34 38 52 12 48 23 26 67 
41 54 19 1 64 34 38 52 12 48 23 26 67 
13 10 25 1 64 34 8 12 48 23 67 
25 34 8 19 1 10 12 48 23 41 67 
53 54 8 19 1 64 12 48 23 26 55 67 
13 10 25 1 64 34 12 48 8 23 67 
33 51 25 34 8 10 1 12 48 23 50 26 67 
41 54 17 1 52 12 48 23 26 39 67 
53 54 8 19 1 64 52 12 48 23 26 67 
41 54 44 19 1 64 39 52 12 48 23 26 67 
25 40 44 24 1 8 10 12 48 23 55 67 
41 54 52 19 1 12 59 23 26 67 
41 54 64 19 1 44 12 48 23 26 67 
25 34 8 44 62 10 1 12 48 23 55 67 
41 54 8 10 19 1 52 12 48 23 26 67 
33 51 19 1 64 34 38 12 8 23 49 26 67 
41 54 64 19 1 44 12 48 23 17 67 
53 54 8 19 1 64 12 48 23 26 55 67 
13 10 25 1 64 34 8 12 48 23 67 
8 10 1 12 25 34 53 48 23 55 67 
44 58 41 54 19 1 52 12 48 23 26 67 
25 34 8 10 1 12 48 23 44 67 
25 34 8 10 1 12 48 23 51 67 
41 54 64 19 1 44 12 48 23 26 67 
25 34 8 10 1 12 48 23 41 67 
25 34 8 10 1 12 48 23 54 67 
53 54 8 19 1 64 12 48 23 26 55 67 
41 54 19 1 52 12 48 23 26 67 
65 40 44 19 1 64 39 5 8 62 12 23 67 
44 54 49 58 1 24 65 13 19 33 12 67 
25 34 8 44 62 1 10 12 54 23 55 67 
13 33 8 44 1 12 9 65 19 25 67 
58 34 8 44 62 1 10 12 15 49 65 67 
41 54 38 44 62 1 13 12 48 34 8 67 
13 10 25 34 8 44 62 1 12 48 23 67 
33 65 19 1 64 32 57 49 12 39 67 
25 34 8 44 62 1 10 12 48 23 55 67 
33 51 34 19 1 64 39 5 8 12 38 23 67 
44 58 10 15 8 49 1 12 65 19 55 67 
65 40 44 1 64 19 39 5 33 12 67 
41 34 8 19 1 54 44 12 9 55 46 67 
44 54 49 58 1 24 65 13 19 33 12 67 
13 33 19 64 1 41 12 9 55 32 67 
44 13 33 43 54 8 19 1 12 65 67 
41 54 19 1 64 12 48 23 26 67 
13 10 25 34 8 1 12 48 23 31 64 67 
65 40 44 19 1 64 39 5 8 12 23 49 67 
33 51 19 1 64 34 38 12 8 23 49 26 67 
25 34 8 10 1 12 48 23 50 67 
41 54 44 19 8 1 46 62 55 9 12 23 67 
13 33 38 34 8 53 65 19 10 25 1 12 67 
25 54 8 19 1 44 12 9 55 17 67 
13 65 19 1 64 32 57 49 33 10 67 
65 40 44 19 1 64 39 5 8 62 12 23 67 
54 40 44 43 25 34 53 35 19 1 67 
13 33 38 34 8 49 65 19 10 25 1 12 67 
44 41 65 5 8 54 51 40 1 46 13 12 67 
13 54 49 58 46 38 15 8 65 1 64 67 
65 40 51 19 1 12 33 34 38 67 
33 19 65 44 62 1 64 32 57 49 55 67 
25 54 8 44 1 12 9 55 17 67 
13 33 10 25 1 12 24 43 18 67 
13 54 49 58 1 24 65 34 38 44 10 67 
41 54 8 19 1 64 44 62 53 9 55 12 67 
33 46 38 34 8 49 65 19 1 64 39 12 67 
13 33 10 20 25 34 53 35 19 1 67 
25 54 49 58 1 24 65 34 38 44 8 67 
25 34 8 10 1 12 48 23 55 67 
33 34 8 44 62 53 9 49 65 19 1 67 
13 10 5 25 41 34 8 49 65 19 1 64 67 
44 13 19 33 1 12 65 43 18 67 
54 64 1 44 47 59 46 38 15 67 
13 33 10 43 25 34 53 35 19 1 67 
65 40 44 19 1 12 64 39 5 67 
50 38 1 44 14 49 65 24 55 67 
13 33 10 19 25 43 18 31 50 64 52 1 67 
65 40 44 19 1 13 33 10 25 43 34 31 67 
54 46 38 15 8 49 65 1 64 39 55 12 67 
25 19 54 49 65 34 38 1 44 67 
41 54 8 44 1 12 9 55 46 67 
44 58 35 19 1 64 39 47 20 15 55 51 67 
53 41 65 54 51 40 1 46 55 67 
13 33 10 43 25 34 53 35 19 1 67 
33 65 19 1 64 32 57 49 55 39 67 
49 33 10 25 43 18 31 50 64 52 69 
65 40 44 19 1 64 39 5 8 12 23 49 67 
13 33 10 25 43 18 31 50 64 52 69 
44 5 19 33 49 65 51 64 39 70 
44 31 65 19 1 64 39 59 47 25 34 8 67 
41 34 8 49 65 19 1 64 39 67 
33 34 8 49 65 19 1 64 39 67 
13 33 10 25 43 18 31 50 64 52 69 
13 33 10 25 43 18 31 50 64 52 69 
13 33 10 25 43 18 31 50 64 52 69 
