52 50 31 38 53 42 56 62 5 8 20 60 67 
43 56 13 60 31 17 1 9 48 20 25 46 67 
20 13 60 1 12 45 31 17 23 67 
20 50 9 1 45 12 31 23 48 26 39 67 
43 50 54 8 31 1 9 48 20 25 41 12 67 
43 45 13 8 31 54 48 19 1 12 60 23 67 
9 13 1 54 55 48 12 50 49 67 
20 60 1 45 13 8 12 31 17 23 67 
20 50 9 1 47 12 31 62 38 23 48 26 67 
13 54 48 19 56 43 1 31 12 60 23 67 
9 13 60 1 54 55 48 12 50 49 67 
9 1 18 50 45 12 32 41 51 39 40 67 
43 13 60 31 56 62 1 9 48 67 
43 60 5 1 13 31 56 62 48 41 67 
31 54 48 19 56 43 1 20 39 50 9 67 
20 13 60 1 12 45 31 23 17 26 67 
20 13 60 1 45 12 31 23 17 26 67 
20 13 60 1 45 12 31 23 56 26 67 
20 60 1 47 13 31 12 56 23 26 67 
20 13 60 1 45 12 31 23 56 26 67 
20 13 34 1 45 12 31 23 56 26 67 
20 60 1 47 13 31 12 56 23 26 67 
20 13 34 1 45 12 31 23 56 26 67 
20 13 60 1 45 31 56 12 23 26 67 
20 13 60 1 45 12 31 23 56 26 67 
20 13 60 1 45 31 56 12 23 26 67 
20 13 60 1 45 31 17 12 23 26 67 
50 9 1 20 45 12 31 23 17 26 67 
45 60 47 1 12 31 13 56 23 26 67 
20 13 60 1 45 12 31 23 56 26 67 
20 41 60 1 45 31 12 23 56 26 67 
20 13 60 1 45 31 56 12 23 26 67 
20 13 60 1 45 12 31 23 56 26 67 
20 13 60 1 45 12 31 23 56 26 67 
50 9 1 20 45 12 31 23 17 26 67 
20 13 60 1 8 12 31 23 56 26 67 
20 13 60 1 45 31 56 12 23 26 67 
45 60 32 1 12 31 13 56 23 26 67 
20 13 34 1 45 12 31 23 56 26 67 
20 50 9 1 45 31 17 12 23 26 67 
20 13 60 1 45 12 31 23 17 26 67 
45 60 47 1 13 56 31 12 23 26 67 
20 13 60 1 45 31 56 12 23 26 67 
20 13 60 1 45 31 12 23 56 26 67 
20 60 1 47 12 31 13 56 23 26 67 
50 9 20 1 45 12 31 23 17 26 67 
20 13 60 1 38 12 31 23 56 26 67 
20 50 9 1 45 12 31 23 48 26 67 
20 50 9 1 45 31 17 12 23 26 67 
20 50 9 1 54 31 17 12 23 26 67 
50 20 9 1 45 17 31 12 23 26 67 
20 14 60 1 8 12 31 23 56 26 67 
20 50 9 1 12 45 31 23 48 26 67 
20 13 60 1 38 12 31 23 56 26 67 
20 13 34 1 45 12 31 23 56 26 67 
20 50 9 1 45 31 17 12 23 26 67 
50 9 20 1 45 31 15 12 23 26 67 
20 50 10 1 45 31 12 17 23 26 67 
20 13 60 1 45 12 31 23 56 26 67 
20 13 34 1 45 12 8 23 56 26 67 
10 50 9 1 45 31 17 12 23 26 67 
50 9 20 1 45 12 23 31 17 26 67 
20 60 1 47 13 12 31 23 56 26 67 
50 9 1 20 45 12 31 23 17 26 67 
20 13 60 1 45 12 31 23 17 26 67 
20 50 9 1 45 40 17 12 23 26 67 
50 9 20 1 45 12 23 31 17 26 67 
20 13 60 1 45 12 31 23 56 26 67 
47 13 60 1 45 31 56 12 23 26 67 
20 13 60 1 45 31 56 12 23 26 67 
20 13 60 1 45 12 31 23 56 26 67 
20 13 60 1 45 12 31 23 17 26 67 
20 13 60 1 45 12 31 23 56 26 67 
20 13 57 1 45 12 31 23 56 26 67 
50 9 20 1 45 31 12 23 17 26 67 
20 50 9 1 45 12 31 23 48 26 67 
20 50 9 1 45 12 31 23 17 26 67 
20 13 60 1 45 12 31 23 17 26 67 
45 13 60 1 47 12 31 56 23 26 67 
50 44 20 1 45 12 31 23 17 26 67 
20 41 58 1 45 31 12 23 56 26 67 
32 13 60 1 45 31 56 12 23 26 67 
20 13 60 1 45 65 56 12 23 26 67 
13 60 20 1 45 12 23 31 17 26 67 
50 20 9 1 12 45 17 31 23 26 67 
47 13 60 1 45 12 31 56 23 26 67 
50 9 20 1 45 12 31 23 17 26 67 
20 13 60 1 45 12 31 23 56 26 67 
20 14 60 1 8 12 31 23 56 26 67 
20 13 34 1 45 12 31 23 56 26 67 
20 55 9 1 45 12 31 23 48 26 67 
20 50 9 1 12 45 31 23 48 26 67 
45 60 47 1 12 31 44 56 23 26 67 
20 13 60 1 45 12 31 23 56 26 67 
20 13 60 1 45 31 56 12 23 26 67 
20 60 1 45 12 31 13 56 23 26 67 
32 13 60 1 45 12 31 56 23 26 67 
20 50 9 1 45 12 23 31 46 26 67 
20 13 40 1 45 31 56 12 23 26 67 
45 60 1 47 51 31 12 56 23 26 67 
