52 47 14 45 10 38 8 53 56 70 
2 6 20 40 12 22 21 26 28 66 
52 59 31 45 10 38 50 41 47 70 
2 6 20 40 12 22 21 26 28 66 
49 59 64 50 41 62 14 45 60 13 47 1 67 
59 1 47 15 40 12 10 23 26 67 
2 6 44 13 40 12 22 52 54 28 66 
2 6 3 40 12 22 38 26 28 66 
2 6 51 45 12 22 23 26 28 66 
59 54 1 14 12 13 19 23 49 67 
65 47 1 59 14 12 42 52 15 23 26 19 67 
2 6 20 40 12 22 38 26 28 66 
2 6 51 40 12 22 23 26 28 66 
2 6 20 40 12 22 41 64 28 66 
65 47 1 59 44 14 42 12 10 54 13 52 67 
44 14 45 10 13 54 47 38 1 67 
2 6 20 40 12 21 38 26 28 66 
2 6 20 40 12 22 23 64 28 66 
2 20 60 25 12 22 38 26 28 66 
2 60 3 40 12 22 38 26 28 66 
2 6 20 40 12 22 23 64 28 66 
2 8 3 40 12 22 47 26 28 66 
2 6 20 40 12 22 38 43 28 66 
59 54 1 14 12 56 19 13 23 26 67 
59 1 47 15 14 40 12 10 23 26 67 
59 65 62 64 50 42 13 47 1 12 19 23 67 
44 14 65 50 1 59 40 62 12 10 23 31 67 
59 65 1 14 12 42 52 47 19 23 26 67 
58 44 55 25 1 33 12 64 13 67 
52 59 31 50 41 47 44 13 14 45 10 1 67 
59 65 1 14 12 38 13 56 20 23 26 67 
65 47 1 58 10 38 44 14 12 67 
65 47 1 59 14 42 12 64 54 13 52 15 67 
2 6 3 40 12 22 38 26 28 66 
44 14 45 10 13 54 47 38 1 67 
59 1 24 62 12 65 13 34 64 23 67 
54 1 13 59 40 12 19 23 26 67 
59 1 47 15 14 40 12 10 23 18 67 
65 47 1 59 14 12 42 52 15 23 26 19 67 
2 5 20 40 12 22 18 26 28 66 
58 65 62 64 1 13 42 19 44 12 23 67 
59 45 1 14 12 42 52 54 13 19 23 67 
59 54 1 14 12 13 19 23 49 67 
2 6 20 40 12 22 38 26 28 66 
58 44 1 62 12 64 55 13 47 24 67 
44 45 1 14 62 12 50 57 47 58 67 
2 6 20 21 40 12 44 26 28 66 
44 14 45 50 57 47 58 1 53 12 65 67 
14 44 1 15 62 12 10 45 13 54 47 67 
2 6 44 13 40 12 22 28 51 45 66 
40 50 10 1 14 46 49 44 45 57 67 
40 50 10 1 14 46 49 43 58 31 67 
44 14 45 50 57 64 10 47 38 51 1 67 
33 17 62 64 50 31 43 1 14 59 19 67 
2 6 20 40 12 22 21 26 28 66 
52 59 31 50 41 47 44 13 14 45 10 38 70 
2 6 51 40 12 22 23 26 28 66 
2 6 20 40 12 22 23 64 28 66 
2 6 20 40 12 22 41 64 28 66 
59 54 1 14 62 12 13 19 23 26 67 
65 47 1 58 44 14 12 42 52 19 23 62 67 
33 17 62 64 50 31 41 52 43 1 14 59 67 
31 44 1 15 62 12 10 13 54 23 26 67 
65 44 55 13 1 33 12 47 14 67 
65 47 14 39 1 59 40 62 12 42 52 15 67 
2 6 3 44 12 22 38 26 28 66 
44 14 45 10 13 54 47 38 1 67 
59 54 1 14 12 13 19 23 26 67 
59 54 1 14 12 13 19 23 49 44 67 
65 47 1 59 14 12 42 52 15 23 26 19 67 
2 5 20 40 12 22 38 26 28 66 
58 54 1 12 40 62 10 47 38 51 23 67 
59 54 1 14 12 13 19 23 49 67 
2 6 57 40 12 22 26 64 28 66 
65 47 10 1 14 46 13 43 59 12 67 
2 6 20 21 40 12 38 26 28 66 
59 54 45 50 57 47 58 1 14 12 56 67 
2 6 44 13 19 12 22 28 51 45 66 
59 47 44 13 14 45 50 57 1 24 67 
44 14 45 50 57 31 59 64 41 62 1 67 
2 6 53 40 12 22 21 26 28 66 
52 59 31 50 41 47 44 13 14 45 10 38 70 
2 6 51 40 12 22 23 26 28 66 
2 6 20 40 12 22 23 64 28 66 
2 6 20 40 12 22 41 64 28 66 
59 1 24 40 47 12 62 10 23 26 67 
58 65 62 64 1 13 42 19 44 12 23 59 67 
31 59 64 50 41 62 44 1 15 65 10 13 67 
31 44 1 59 54 14 12 13 19 23 26 67 
65 47 1 45 10 58 44 14 12 67 
31 59 64 50 41 62 48 1 15 12 10 13 67 
2 6 3 40 12 22 38 26 28 66 
59 1 40 47 13 54 31 62 10 67 
59 54 1 14 12 13 19 23 26 67 
56 47 1 59 14 40 12 62 10 23 67 
65 47 1 59 14 12 42 52 15 23 26 19 67 
2 5 20 40 12 22 38 26 28 66 
44 14 45 10 1 13 54 47 38 12 23 67 
59 54 1 14 12 13 19 23 49 67 
2 6 20 40 12 22 38 26 28 66 
