13 32 56 60 58 1 12 46 23 26 67 
13 14 56 35 40 1 12 46 23 26 67 
13 14 56 35 40 1 12 46 23 26 67 
13 47 56 35 58 1 12 46 23 26 67 
13 14 56 35 1 38 12 46 23 26 67 
13 14 56 35 58 1 12 46 23 26 67 
13 56 35 8 32 1 59 58 12 52 23 26 67 
13 14 56 35 40 1 12 46 23 26 67 
13 14 56 35 58 1 59 12 46 23 26 67 
13 14 56 35 58 1 59 12 46 23 26 67 
13 14 56 35 58 1 59 12 46 23 26 67 
13 14 56 35 58 1 54 12 46 23 26 67 
13 14 56 35 58 1 59 12 46 23 26 67 
13 32 56 35 1 58 12 52 23 67 
13 14 56 35 58 1 59 12 46 23 26 67 
13 47 56 35 1 58 12 46 23 67 
13 32 56 35 1 58 12 52 23 67 
13 14 56 35 1 58 12 46 23 67 
13 32 56 35 1 58 12 46 23 67 
13 14 56 35 1 58 12 46 23 67 
13 14 56 35 1 58 12 46 23 67 
55 17 10 8 32 1 59 42 12 23 35 26 67 
55 17 10 8 32 1 59 42 12 23 35 26 67 
55 50 10 62 32 1 59 42 12 23 35 26 67 
55 17 10 62 32 1 59 42 12 23 35 26 67 
55 17 10 8 32 1 59 42 12 23 35 26 67 
55 17 10 62 32 1 59 42 12 23 35 26 67 
55 44 10 64 1 58 32 62 12 23 67 
55 44 10 64 1 58 32 62 12 23 67 
55 17 32 44 10 64 62 1 52 12 23 47 67 
55 17 32 42 10 64 1 58 62 12 33 23 67 
55 17 10 42 62 32 1 12 59 54 14 23 67 
55 44 10 64 62 1 58 32 12 23 67 
55 17 10 42 62 56 32 1 14 12 40 23 67 
55 17 10 62 56 14 59 32 1 42 12 23 67 
55 44 10 64 1 58 32 62 12 23 67 
55 42 10 64 1 14 33 58 62 12 23 67 
55 42 10 64 1 58 62 12 33 23 48 67 
55 17 10 65 64 32 1 42 12 67 
55 48 10 64 62 14 33 1 58 12 23 67 
55 44 10 64 1 58 32 62 12 23 67 
55 44 10 64 1 58 32 62 12 23 67 
55 44 10 58 64 32 1 62 12 67 
55 1 19 10 47 42 65 15 12 67 
55 17 10 42 62 56 32 1 14 12 59 23 67 
55 42 10 64 1 14 33 58 62 12 23 67 
55 44 10 58 64 32 1 62 12 67 
55 17 10 42 62 32 1 12 59 23 15 67 
55 17 10 58 42 62 32 1 12 67 
55 17 32 64 1 58 59 42 12 47 10 54 67 
55 42 10 64 1 58 62 12 33 23 48 67 
19 10 64 49 14 33 1 42 12 9 56 67 
55 17 59 52 13 42 32 1 49 12 47 67 
40 17 10 64 1 58 32 42 12 59 54 14 67 
19 5 55 17 10 64 62 32 1 42 12 9 67 
55 54 47 41 1 58 51 5 59 65 42 12 67 
55 17 10 64 62 32 1 42 12 9 13 67 
34 24 20 52 1 42 12 13 32 49 67 
19 57 10 58 52 8 64 45 1 67 
55 54 47 41 1 58 51 5 59 65 42 12 67 
55 17 10 64 62 32 1 42 12 59 54 67 
19 42 14 56 47 8 44 1 57 67 
19 42 14 10 64 32 1 56 18 67 
55 42 10 64 1 58 62 12 33 59 65 67 
55 17 10 64 62 32 1 42 12 59 54 67 
55 17 10 32 1 42 12 59 54 14 67 
19 54 47 41 1 58 51 5 39 44 15 64 67 
19 50 55 17 10 32 1 42 12 59 67 
19 50 44 56 1 42 12 47 10 64 67 
55 42 10 64 1 58 62 14 33 59 65 32 67 
55 54 47 41 1 58 51 15 13 42 10 64 67 
55 17 10 32 1 42 12 59 54 14 67 
13 45 10 64 54 14 32 51 55 1 31 9 67 
55 65 24 20 54 56 47 1 10 64 52 41 67 
55 1 19 10 47 42 65 15 12 67 
19 42 14 56 47 8 44 1 10 67 
19 5 32 50 44 51 15 64 54 14 35 1 67 
55 17 10 32 1 42 12 59 54 14 67 
55 54 47 41 1 58 51 5 59 65 42 12 67 
19 57 10 58 52 8 64 45 1 67 
55 42 10 64 62 14 33 1 59 65 32 67 
55 42 10 64 62 14 33 1 56 47 51 67 
19 50 44 64 54 14 51 15 35 1 56 67 
19 42 14 56 47 64 52 1 10 43 54 67 
19 42 14 56 47 1 10 64 52 24 67 
55 42 10 32 1 59 54 14 50 44 67 
19 42 10 64 1 56 54 14 33 47 67 
19 42 14 56 47 1 10 64 52 24 67 
19 42 10 64 54 14 33 1 56 47 24 67 
19 57 10 58 52 8 64 45 1 67 
19 50 44 51 15 64 54 14 35 1 67 
15 20 64 5 41 14 56 47 24 50 33 69 
5 13 53 19 51 42 47 41 10 45 69 
19 50 44 51 15 64 54 14 32 1 67 
58 20 64 5 41 14 56 47 24 10 19 69 
19 42 10 64 54 14 56 47 24 15 32 69 
9 24 20 51 31 44 53 45 54 15 69 
58 24 20 51 5 47 41 10 19 33 69 
19 42 10 64 54 14 56 47 24 15 32 69 
13 42 10 64 54 14 32 1 31 55 9 67 
