1 57 64 9 38 47 34 14 51 30 24 17 67 
39 8 65 45 59 14 32 46 19 69 
18 65 44 13 1 62 49 8 12 29 67 
12 4 40 53 30 58 35 2 28 6 66 
40 25 17 53 48 1 15 65 20 67 
1 65 54 9 35 8 16 38 40 19 12 67 
65 6 54 16 26 62 23 28 25 66 
31 19 32 12 43 44 3 10 28 66 
20 53 5 41 19 18 62 57 48 1 67 
1 40 65 35 55 23 44 5 2 9 14 67 
25 52 65 12 59 28 23 29 8 9 66 
1 35 65 6 25 29 54 23 8 9 12 67 
1 12 29 34 42 15 4 18 31 67 
33 1 50 55 8 61 24 12 59 67 
3 7 65 16 23 12 11 13 53 66 
47 49 61 17 18 42 57 50 63 1 5 67 
2 6 11 21 62 23 31 27 57 66 
47 21 11 40 20 2 14 12 28 1 9 66 
1 36 9 13 2 12 28 26 7 66 
