25 2 35 49 9 33 12 22 28 66 
19 2 6 21 12 26 20 28 14 66 
3 2 9 45 49 12 22 28 24 66 
3 2 6 21 12 20 28 23 26 66 
13 2 62 40 49 12 20 22 28 66 
3 2 6 18 23 12 22 28 26 66 
3 2 62 6 49 12 22 28 23 66 
3 2 24 52 13 64 12 22 28 66 
3 2 9 33 49 12 22 28 24 66 
42 25 1 12 26 41 58 53 23 67 
3 2 6 25 12 18 22 28 26 66 
3 2 9 33 49 12 22 28 24 66 
19 2 6 21 12 26 20 28 14 66 
3 2 62 6 49 12 22 28 23 66 
25 2 9 33 49 12 22 28 42 66 
3 2 6 21 12 26 20 28 23 66 
42 13 1 12 64 41 58 53 23 67 
3 2 6 21 18 22 28 26 59 66 
25 2 9 33 49 12 22 28 47 66 
3 2 58 21 18 12 22 28 26 66 
3 2 6 21 12 20 28 23 26 66 
3 2 48 18 21 12 22 28 26 66 
3 2 32 62 6 49 12 22 28 66 
3 2 6 18 21 12 22 28 26 66 
3 2 24 52 13 6 12 22 28 66 
3 2 32 62 6 49 12 22 28 66 
62 2 6 33 12 20 13 22 28 66 
3 2 6 21 12 18 22 28 26 66 
3 2 6 18 21 12 22 28 26 66 
3 2 6 21 18 22 28 26 20 66 
3 2 6 18 21 12 22 28 26 66 
3 2 6 21 18 22 28 26 20 66 
62 2 6 49 13 20 12 22 28 66 
3 2 6 21 18 22 28 26 20 66 
62 2 6 49 12 22 28 23 20 66 
62 2 6 49 12 22 28 23 20 66 
32 2 6 24 50 12 22 28 51 66 
62 2 6 49 12 22 28 23 20 66 
3 2 6 21 12 26 47 20 28 66 
3 2 6 21 12 26 65 20 28 66 
3 2 6 21 12 26 65 20 28 66 
42 13 1 12 26 41 2 53 23 67 
42 13 1 12 26 41 2 53 23 67 
42 13 1 12 26 41 2 53 23 67 
3 2 6 21 12 20 28 40 57 66 
42 13 1 12 26 41 2 53 23 67 
3 2 6 21 13 51 12 20 28 66 
3 2 6 21 12 20 28 14 33 66 
3 2 6 21 12 20 28 23 59 66 
3 2 6 21 12 20 28 23 59 66 
3 2 6 21 12 20 28 23 35 66 
42 13 1 12 26 41 58 53 23 67 
42 45 44 1 14 51 17 12 62 23 26 67 
42 45 44 1 14 51 17 12 62 23 26 67 
42 13 1 12 26 41 58 53 23 67 
42 13 1 12 26 41 58 53 23 67 
42 13 1 12 64 41 58 53 23 67 
42 45 44 1 14 51 17 12 62 23 26 67 
42 13 1 12 64 41 58 53 23 67 
42 13 1 12 64 41 58 53 23 67 
51 42 14 45 44 1 17 12 39 23 26 33 67 
25 13 48 18 1 49 12 55 41 23 67 
51 42 14 45 44 1 17 12 62 23 26 33 67 
25 13 48 18 1 49 12 55 41 23 67 
25 13 48 18 1 43 12 55 41 23 67 
42 31 48 58 9 44 1 13 53 12 23 67 
51 42 14 45 44 1 17 12 62 23 26 33 67 
42 13 31 58 44 1 45 53 12 55 23 67 
42 13 31 58 44 1 45 53 12 55 23 67 
42 13 31 58 44 1 53 12 64 41 23 62 67 
42 13 31 58 44 1 53 12 64 41 23 62 67 
57 58 48 25 1 53 12 55 41 14 67 
40 13 58 1 24 53 51 17 12 67 
59 13 48 53 51 65 1 45 17 12 67 
40 13 58 1 48 53 51 17 12 67 
59 13 58 1 48 53 51 17 12 67 
60 13 48 18 1 53 31 58 44 12 67 
59 13 1 58 14 51 17 41 9 57 12 67 
42 13 31 58 44 1 53 12 64 41 23 62 67 
59 13 1 58 14 51 17 41 9 57 12 67 
57 58 64 20 13 49 56 1 62 12 35 67 
59 13 1 5 14 51 17 12 35 52 62 53 67 
18 13 1 48 53 51 17 12 45 25 55 39 67 
59 13 1 58 14 51 17 12 35 52 62 53 67 
45 13 38 35 42 65 1 41 53 25 67 
32 51 41 15 42 65 1 45 44 47 67 
59 51 64 20 13 49 1 58 48 45 25 55 67 
47 20 52 51 19 13 48 41 58 9 44 1 67 
59 65 48 41 52 62 56 1 51 17 40 67 
47 20 52 51 19 13 48 41 1 49 57 53 67 
59 13 1 58 52 62 53 48 45 25 55 67 
59 20 52 48 41 1 53 13 45 67 
32 51 41 15 42 65 1 17 40 48 67 
47 20 52 25 41 1 49 57 53 67 
47 20 52 58 14 51 17 48 41 1 49 67 
47 20 52 48 41 1 49 57 53 67 
18 13 53 48 45 25 55 39 32 69 
32 51 17 40 48 25 55 39 5 13 70 
59 13 53 45 48 25 55 39 32 57 70 
59 13 53 48 45 25 55 39 32 69 
