65 9 5 19 57 32 24 18 8 44 40 54 68 
44 1 12 33 17 23 26 49 52 67 
65 9 5 19 57 32 44 54 24 18 8 40 68 
44 1 12 33 17 23 26 20 19 67 
65 1 8 44 54 32 24 18 9 5 19 57 67 
60 1 12 55 19 57 23 52 14 67 
1 12 5 19 57 32 24 18 8 44 23 26 67 
65 9 5 44 19 54 32 42 15 1 51 53 67 
52 1 12 23 49 14 50 46 44 40 62 15 67 
53 1 8 44 54 32 24 18 12 39 17 14 67 
60 1 14 12 55 32 24 57 18 67 
14 1 33 17 12 10 23 26 62 44 67 
42 15 1 44 17 32 24 51 54 67 
44 42 15 1 12 23 18 33 17 26 67 
35 1 62 8 31 34 32 57 60 12 14 41 67 
1 12 23 49 52 8 62 50 14 46 26 67 
14 62 44 1 5 8 19 32 24 67 
14 1 12 44 8 51 54 33 17 23 26 67 
20 1 12 19 57 32 24 18 33 48 23 26 67 
65 9 5 49 42 15 1 12 23 18 8 62 67 
44 42 65 1 12 10 24 52 49 67 
42 15 1 12 23 25 33 62 44 17 67 
49 42 15 1 12 23 18 9 8 62 67 
35 1 60 12 14 32 23 53 62 67 
20 1 38 24 52 5 51 65 12 23 53 67 
52 1 12 23 31 57 32 24 49 14 50 67 
1 12 5 65 15 54 57 34 62 19 67 
5 24 18 19 1 12 57 32 8 44 67 
60 1 20 51 53 14 12 39 33 55 57 67 
35 1 62 8 31 57 34 60 12 14 41 67 
14 62 44 51 39 58 49 1 5 8 67 
8 1 14 65 15 54 57 34 62 19 67 
60 1 20 51 53 14 9 39 33 55 57 67 
31 60 1 51 53 57 32 34 18 54 43 67 
44 1 10 49 12 45 17 23 26 67 
65 9 5 19 57 32 24 18 8 44 40 54 68 
50 9 5 44 19 54 32 57 60 1 14 51 67 
44 1 12 17 14 25 32 62 23 26 67 
60 1 12 55 52 19 57 14 32 24 18 51 67 
1 5 62 8 19 32 24 44 54 67 
1 12 23 49 52 8 62 14 50 46 26 67 
20 1 47 12 33 17 50 46 44 23 26 8 67 
20 33 5 44 19 54 17 1 12 57 32 23 67 
35 1 60 12 14 32 24 52 17 67 
1 12 20 51 39 58 49 55 53 23 67 
35 1 60 12 14 32 23 52 17 67 
42 15 1 44 17 51 54 12 23 18 33 67 
35 1 53 12 14 65 62 10 9 5 67 
65 1 62 12 14 50 44 10 9 5 19 67 
8 65 15 1 43 57 34 62 19 32 67 
54 1 62 8 31 57 34 60 51 35 17 67 
65 9 5 19 57 32 25 18 8 44 40 54 68 
1 12 33 49 17 23 26 44 38 67 
65 9 5 19 57 32 44 62 1 54 38 52 67 
20 33 17 19 1 12 57 32 23 26 67 
60 1 12 55 52 19 57 14 32 24 18 51 67 
1 34 62 8 19 32 24 60 38 67 
20 1 47 44 12 33 17 23 26 8 40 67 
1 9 5 19 12 38 49 17 23 26 60 32 67 
56 33 1 51 19 54 32 35 17 12 23 53 67 
62 1 12 33 53 52 58 49 14 67 
35 1 60 12 14 17 23 62 44 5 67 
38 20 51 65 1 12 23 53 46 67 
1 12 20 51 53 23 14 46 59 15 18 67 
60 1 14 12 39 33 55 57 32 24 67 
65 1 62 10 54 55 19 32 12 57 52 67 
60 1 14 51 39 58 55 57 32 24 67 
53 1 62 8 31 57 32 24 52 44 65 67 
50 9 5 44 19 54 32 57 24 18 8 40 68 
1 12 10 49 17 23 26 64 32 67 
62 1 5 44 19 54 32 57 38 52 20 49 67 
44 42 15 1 51 53 54 12 23 26 67 
65 1 62 12 10 9 5 19 57 32 43 18 67 
43 62 44 54 1 53 39 58 49 67 
1 12 38 49 17 51 39 23 26 60 32 67 
44 1 12 33 60 19 57 32 17 23 26 49 67 
38 1 12 17 52 19 57 14 25 32 62 23 67 
20 1 12 19 52 32 62 51 49 67 
38 1 12 17 14 25 32 62 23 20 67 
44 1 12 33 17 23 32 49 52 67 
1 12 20 51 53 23 14 46 59 15 18 67 
53 62 5 19 1 12 57 32 15 18 67 
52 1 12 49 14 50 44 54 32 24 18 67 
8 65 15 1 43 57 32 24 18 25 67 
53 1 62 8 31 57 32 24 52 44 65 67 
14 1 12 33 17 23 26 62 44 67 
50 9 47 44 19 54 32 57 24 18 8 40 68 
60 14 65 1 19 54 52 41 51 39 5 10 67 
44 33 17 1 12 23 26 49 52 54 67 
19 1 20 44 12 49 32 50 57 24 18 33 67 
53 1 62 8 19 32 24 52 44 67 
44 42 65 1 12 10 49 17 23 26 33 67 
44 62 5 19 51 65 1 12 17 23 41 26 67 
1 12 23 49 52 32 24 8 62 50 14 46 67 
8 44 54 53 32 1 24 18 12 67 
35 1 60 12 14 17 23 62 44 5 67 
44 62 51 65 1 12 5 19 23 67 
1 12 23 49 52 8 62 38 41 51 53 67 
1 12 62 53 39 58 49 14 52 50 67 
60 1 14 12 55 57 32 24 18 51 65 67 
