8 51 49 35 44 18 10 25 57 43 47 19 67 
1 49 59 47 31 5 10 25 48 13 57 60 67 
1 64 14 51 12 10 25 5 23 26 67 
45 51 10 25 43 17 1 12 5 23 26 67 
24 5 49 35 44 1 33 10 62 48 12 25 67 
1 49 59 47 31 5 10 25 12 23 32 48 67 
1 12 44 39 5 10 25 57 35 67 
1 5 10 25 57 35 49 59 12 23 67 
1 49 59 47 14 51 12 10 25 5 23 26 67 
1 5 10 12 52 40 32 45 23 8 51 67 
1 64 10 25 57 35 43 44 12 47 67 
8 51 32 25 43 17 9 1 58 12 52 67 
1 14 10 25 57 39 5 15 42 67 
1 14 48 13 57 64 43 10 25 39 67 
8 51 10 25 43 17 9 1 47 57 15 67 
14 51 1 12 10 25 5 23 26 67 
14 51 1 12 10 25 5 23 26 67 
14 1 12 10 23 51 25 5 26 67 
14 51 1 12 10 25 5 23 26 67 
14 51 1 12 10 25 5 23 26 67 
14 51 1 12 10 64 5 23 26 67 
1 14 12 23 51 10 64 5 26 67 
1 14 12 23 51 10 64 5 26 67 
14 1 12 10 23 51 52 5 26 67 
14 51 1 12 10 25 5 23 26 67 
51 1 25 12 10 14 23 5 26 67 
14 51 1 12 10 23 52 5 26 67 
14 51 1 12 10 64 5 23 26 67 
1 14 12 51 10 25 5 23 26 67 
14 51 1 12 10 25 5 23 26 67 
14 51 1 12 10 25 5 23 26 67 
14 51 1 12 10 25 5 23 26 67 
49 50 10 51 1 12 23 26 14 67 
14 51 1 12 10 64 5 23 26 67 
14 51 1 12 10 25 5 23 26 67 
1 10 51 25 12 14 23 5 26 67 
14 51 1 12 10 25 5 23 26 67 
14 51 1 12 10 25 5 23 26 67 
14 51 1 12 10 25 5 23 26 67 
14 1 12 10 23 51 25 5 26 67 
45 51 1 12 10 25 5 23 26 67 
14 51 1 12 10 25 5 23 26 67 
14 1 12 10 23 51 64 5 26 67 
1 14 12 51 10 64 5 23 26 67 
14 51 1 12 54 25 5 23 26 67 
1 62 51 12 10 25 5 23 26 67 
1 14 10 12 23 51 25 5 26 67 
1 14 24 12 23 51 25 5 26 67 
51 1 10 25 12 14 23 5 26 67 
51 1 25 12 10 14 23 58 26 67 
1 14 12 51 10 25 5 23 26 67 
14 51 1 12 10 25 5 23 26 67 
1 51 12 14 10 9 5 23 26 67 
14 51 1 12 10 64 5 23 26 67 
14 32 1 12 10 25 5 23 26 67 
1 62 51 12 10 25 5 23 26 67 
14 51 1 12 10 64 5 23 26 67 
14 1 12 25 51 10 65 23 26 67 
1 62 12 25 51 10 19 23 26 67 
14 51 1 12 10 42 5 23 26 67 
1 51 12 14 10 64 5 23 26 67 
1 51 12 14 10 64 5 23 26 67 
1 14 12 51 10 50 5 23 26 67 
1 14 10 12 23 51 25 5 26 67 
1 51 14 12 44 25 5 23 26 67 
1 10 12 23 14 51 25 5 26 67 
14 51 1 12 10 23 52 5 26 67 
14 51 1 12 10 25 5 23 26 67 
32 1 33 12 10 14 23 5 26 67 
14 1 12 51 10 25 5 23 26 67 
14 51 1 12 10 25 5 23 26 67 
1 62 12 23 51 10 25 5 26 67 
14 51 1 12 10 25 5 23 26 67 
1 62 12 51 10 25 19 23 26 67 
51 1 14 12 10 25 23 5 26 67 
1 14 12 51 10 9 5 23 26 67 
14 51 1 12 23 10 64 5 26 67 
14 51 1 12 10 23 25 5 26 67 
14 1 10 51 25 12 23 5 26 67 
14 51 1 12 10 23 64 5 26 67 
1 10 12 23 14 51 25 5 26 67 
45 51 1 12 10 25 5 23 26 67 
1 62 12 51 10 25 19 23 26 67 
14 43 1 12 10 25 5 23 26 67 
14 51 1 12 10 25 5 23 26 67 
14 1 12 51 54 40 5 23 26 67 
14 51 1 12 10 25 5 23 26 67 
1 51 14 10 53 12 23 5 26 67 
14 51 1 12 10 23 25 5 26 67 
51 1 14 12 10 25 23 5 26 67 
14 51 1 12 10 25 5 23 26 67 
14 51 1 12 10 25 5 23 26 67 
64 51 1 10 12 23 25 5 26 67 
14 51 1 12 10 25 35 23 26 67 
1 10 12 23 14 51 49 50 26 67 
14 51 1 12 10 25 5 23 26 67 
14 51 1 12 10 23 64 5 26 67 
64 1 12 38 10 23 25 5 26 67 
1 14 12 51 10 65 5 23 26 67 
1 49 59 12 23 10 32 48 5 67 
