35 25 8 46 52 53 39 9 43 68 
60 31 5 2 12 22 28 56 17 66 
17 50 59 64 9 33 52 46 45 15 1 39 67 
25 46 48 18 60 1 58 12 9 23 67 
60 31 58 2 5 12 6 22 28 66 
60 31 38 2 12 23 28 56 48 66 
3 38 62 2 6 12 23 22 28 66 
60 31 58 2 5 12 3 22 28 66 
60 31 58 2 6 12 23 22 28 66 
60 31 5 2 12 35 3 28 56 66 
25 46 50 2 12 53 28 51 24 66 
3 31 58 2 6 12 21 26 28 66 
17 59 8 1 12 33 52 46 45 9 23 44 67 
48 25 8 38 59 52 1 53 15 33 46 12 67 
48 25 60 1 58 4 46 12 9 23 67 
38 59 8 52 1 53 15 33 46 12 67 
54 31 58 2 6 12 21 22 28 66 
60 31 5 2 12 21 28 58 56 66 
38 59 8 46 52 1 12 33 9 23 43 67 
3 31 58 2 6 12 33 22 28 66 
60 31 38 2 12 4 35 22 28 66 
38 59 8 46 60 1 58 25 12 54 9 67 
3 31 58 2 6 12 21 53 28 66 
3 31 58 2 6 12 21 23 28 66 
19 31 58 2 6 12 21 26 28 66 
17 50 59 46 9 64 15 1 52 39 67 
38 59 55 17 31 8 46 60 1 58 25 67 
3 31 58 2 6 12 21 22 28 66 
3 31 58 2 6 12 21 22 28 66 
3 31 58 2 6 12 21 22 28 66 
3 31 58 2 6 12 21 22 28 66 
3 31 58 2 6 12 21 22 28 66 
3 31 58 2 6 12 21 22 28 66 
3 31 58 2 6 12 21 22 28 66 
3 31 58 2 6 12 21 22 28 66 
3 31 58 2 6 12 21 22 28 66 
3 31 44 2 6 12 21 22 28 66 
3 31 38 2 6 12 21 22 28 66 
3 31 58 2 6 12 21 22 28 66 
3 31 58 2 6 12 21 22 28 66 
3 31 52 2 6 12 21 22 28 66 
3 31 58 2 6 12 21 22 28 66 
3 31 58 2 6 12 21 22 28 66 
3 31 58 2 6 12 21 22 28 66 
3 31 33 2 6 12 21 22 28 66 
3 31 52 2 6 12 21 22 28 66 
3 31 58 2 6 12 21 22 28 66 
3 31 58 2 6 12 21 22 28 66 
3 31 58 2 6 12 21 22 28 66 
3 31 44 2 6 12 21 22 28 66 
3 31 52 2 6 12 21 22 28 66 
3 15 58 2 6 12 21 22 28 66 
3 31 58 2 6 12 21 22 28 66 
3 31 58 2 6 12 21 22 28 66 
3 31 58 2 6 12 21 22 28 66 
3 31 58 2 6 12 21 22 28 66 
3 31 58 2 6 12 21 22 28 66 
3 31 58 2 6 12 21 22 28 66 
3 31 58 2 12 6 21 22 28 66 
3 31 58 2 6 12 21 22 28 66 
3 31 58 2 6 12 21 22 28 66 
3 31 58 2 6 12 21 22 28 66 
3 31 58 2 6 12 21 22 28 66 
3 31 58 2 6 12 21 22 28 66 
3 31 58 2 6 12 21 22 28 66 
3 31 58 2 6 12 21 22 28 66 
3 31 58 2 6 12 21 22 28 66 
3 31 38 2 6 12 21 22 28 66 
3 31 58 2 6 12 21 22 28 66 
3 31 43 2 6 12 21 22 28 66 
3 31 58 2 6 12 21 22 28 66 
3 31 58 2 6 12 21 22 28 66 
3 31 58 2 6 12 21 22 28 66 
3 31 58 2 6 12 21 22 28 66 
3 31 58 2 6 12 21 22 28 66 
3 46 58 2 6 12 21 22 28 66 
3 31 58 2 6 12 21 22 28 66 
3 15 58 2 6 12 21 22 28 66 
3 35 58 2 6 12 21 22 28 66 
3 31 58 2 6 12 21 22 28 66 
3 31 64 2 6 12 21 22 28 66 
3 46 58 2 6 12 21 22 28 66 
3 60 58 2 6 12 21 22 28 66 
3 46 58 2 6 12 21 22 28 66 
3 31 58 2 6 12 21 22 28 66 
3 31 58 2 6 12 21 22 28 66 
3 31 58 2 6 12 21 22 28 66 
3 31 58 2 6 12 21 22 28 66 
3 31 58 2 6 12 21 22 28 66 
3 31 58 2 6 12 21 22 28 66 
3 31 58 2 6 12 21 22 28 66 
3 31 38 2 6 12 21 22 28 66 
3 31 58 2 6 12 21 22 28 66 
3 31 58 2 6 12 21 22 28 66 
3 31 58 2 6 12 21 22 28 66 
3 31 58 2 6 12 21 22 28 66 
3 31 58 2 6 12 21 22 28 66 
3 46 58 2 6 12 21 22 28 66 
3 31 58 2 6 12 21 22 28 66 
3 20 58 2 6 12 21 22 28 66 
