60 24 5 65 32 1 12 23 26 67 
60 24 5 65 32 1 12 23 26 67 
60 1 10 24 5 65 32 12 23 26 67 
60 24 40 1 12 58 15 23 32 26 67 
60 24 42 1 58 65 12 23 32 26 67 
60 24 5 65 32 1 12 23 26 67 
24 44 60 58 65 1 12 23 17 26 67 
60 24 58 1 39 65 12 23 32 26 67 
60 24 40 58 15 1 12 23 32 26 67 
60 24 5 65 1 12 23 32 26 67 
60 24 46 44 58 65 1 12 23 32 26 67 
10 9 60 58 65 1 20 45 12 23 15 26 67 
24 18 31 58 15 1 5 59 65 12 23 26 67 
38 44 42 24 58 65 1 12 23 32 26 67 
10 9 60 58 65 1 20 45 12 23 15 26 67 
24 9 60 58 65 1 5 19 12 23 32 26 67 
1 12 60 58 65 34 15 10 23 32 26 62 67 
60 58 65 1 12 34 15 24 23 32 26 67 
60 58 65 1 12 34 15 24 23 32 26 67 
24 9 60 58 65 1 5 19 12 23 32 26 67 
60 24 58 65 1 5 49 12 23 32 26 67 
60 58 65 1 12 34 15 24 23 32 26 67 
60 24 58 65 1 12 23 32 26 67 
60 24 58 65 1 12 23 32 26 67 
1 9 18 31 12 23 15 24 65 55 60 8 67 
18 58 1 54 31 34 15 24 40 65 12 23 67 
24 18 58 54 31 59 1 15 9 65 12 23 67 
60 18 31 42 1 39 12 23 55 67 
24 18 8 42 1 9 12 23 55 67 
60 1 10 20 45 12 23 15 65 67 
18 9 60 58 65 1 42 12 23 32 15 62 67 
60 18 31 42 1 12 23 32 24 67 
43 19 18 1 57 12 14 9 40 23 62 41 67 
60 18 31 42 1 12 23 32 15 67 
24 18 31 58 1 15 40 65 12 23 67 
18 31 42 1 39 12 23 55 60 15 67 
18 31 42 1 64 12 23 55 60 15 67 
19 18 1 14 31 12 57 46 44 23 67 
24 18 31 58 1 15 9 65 12 23 67 
39 24 60 58 65 1 5 54 12 45 10 20 67 
1 24 9 18 31 12 23 55 60 8 67 
43 9 1 31 19 18 12 14 23 62 49 54 67 
8 24 10 42 1 12 9 18 31 67 
43 9 60 58 1 24 18 44 38 49 31 12 67 
43 44 60 31 15 51 1 5 49 12 67 
50 54 19 59 44 5 49 1 12 67 
39 60 20 31 44 5 1 49 12 67 
10 65 14 31 44 5 56 1 12 67 
47 44 60 54 58 65 1 5 49 12 31 62 67 
1 24 9 18 44 38 49 31 12 67 
18 44 60 54 31 59 15 42 1 64 12 9 67 
10 65 14 31 44 5 49 1 12 67 
60 1 40 20 31 12 57 46 44 10 67 
31 19 18 1 57 12 14 23 62 49 25 67 
18 15 9 65 31 1 60 32 53 38 67 
1 65 10 38 9 46 44 17 31 12 67 
39 44 60 54 31 34 57 10 65 1 12 24 67 
60 8 51 1 57 5 49 12 14 23 46 67 
43 8 60 18 31 1 32 54 10 25 67 
1 24 9 18 57 5 49 12 14 31 23 67 
60 18 31 42 1 15 43 8 64 12 67 
40 8 51 1 57 46 53 31 12 10 23 67 
10 1 65 14 31 12 19 13 49 62 67 
44 60 52 17 31 46 20 1 5 49 67 
43 24 10 38 9 46 44 1 14 58 67 
50 54 19 59 1 5 49 12 14 23 44 67 
60 1 10 20 45 15 43 8 46 18 67 
60 8 51 1 57 5 49 12 14 23 46 67 
43 44 60 54 31 59 15 35 42 1 5 49 67 
10 1 65 14 31 12 19 13 49 62 67 
39 44 60 20 1 5 49 31 12 14 54 67 
39 44 60 54 31 34 15 24 65 42 1 5 67 
60 8 51 1 57 46 53 31 12 10 25 67 
43 9 60 58 20 1 5 49 46 44 14 54 67 
60 1 10 20 45 15 65 14 19 13 67 
60 57 44 42 1 5 46 10 25 54 31 67 
60 31 15 51 1 5 49 12 14 9 59 67 
57 24 58 65 1 5 49 12 44 31 10 67 
39 24 65 42 1 5 49 46 57 67 
39 24 60 58 65 1 5 49 12 45 31 62 67 
60 18 31 1 15 9 65 32 53 67 
1 31 19 18 12 14 23 62 49 67 
46 18 31 42 1 64 12 39 43 8 44 67 
43 9 46 44 1 14 58 54 31 67 
13 44 60 51 1 54 31 59 15 9 40 67 
39 44 60 54 31 34 15 24 65 42 1 5 67 
39 57 46 44 19 54 31 59 15 70 
43 9 46 44 1 31 10 25 62 24 65 67 
60 57 46 44 10 25 54 31 59 70 
39 57 46 44 10 65 62 24 5 70 
60 24 58 65 1 5 49 12 44 31 62 67 
39 24 65 42 1 5 49 46 38 31 10 67 
13 44 60 54 31 59 15 9 40 46 41 1 67 
60 24 58 65 44 5 49 1 31 67 
43 8 46 44 60 54 31 59 15 70 
60 1 31 15 9 65 14 53 13 67 
43 9 46 44 1 31 10 25 62 24 65 67 
43 8 46 44 10 25 62 24 65 70 
60 1 65 14 19 13 49 62 42 67 
39 57 46 44 10 25 62 24 5 70 
