34 60 49 38 51 15 48 62 59 69 
58 2 12 7 22 6 18 26 28 66 
34 60 49 38 51 15 48 62 8 69 
34 1 49 41 60 10 14 38 17 58 46 67 
14 1 58 41 31 12 23 40 26 67 
58 2 12 46 22 5 3 32 28 66 
58 2 12 64 22 5 3 21 28 66 
19 2 12 42 22 6 18 28 46 66 
8 1 49 41 46 12 23 51 57 26 60 67 
14 1 58 64 44 13 31 12 23 67 
58 2 12 44 22 6 18 26 28 66 
14 1 51 40 49 43 38 53 41 31 12 67 
40 14 1 33 10 58 59 24 64 67 
46 2 12 64 31 22 6 18 28 66 
55 2 12 56 22 5 3 21 28 66 
17 20 19 40 31 1 49 53 62 12 23 67 
40 1 49 41 46 12 23 33 10 56 62 67 
58 2 12 64 22 17 26 57 28 66 
8 1 43 34 41 46 12 49 60 67 
8 1 43 46 31 12 19 41 23 26 67 
8 1 43 34 41 46 12 49 57 67 
8 1 49 41 46 12 23 51 57 26 19 67 
8 1 14 58 41 31 12 23 40 26 67 
10 2 12 43 22 6 40 26 28 66 
8 1 49 14 58 46 17 33 41 12 5 67 
34 60 1 10 14 38 17 58 41 46 52 67 
8 1 57 41 31 12 23 40 43 67 
14 1 51 41 31 12 23 40 26 67 
14 1 58 41 31 46 52 47 49 67 
34 47 46 49 51 41 8 1 12 23 67 
8 1 43 49 41 15 52 47 12 23 67 
58 2 12 46 22 5 3 32 28 66 
58 2 12 64 22 17 26 57 28 66 
8 49 38 51 52 41 1 54 12 17 67 
56 1 49 43 34 41 46 12 60 14 67 
8 60 49 18 43 44 10 1 41 31 67 
8 1 49 64 34 41 51 44 52 47 67 
34 60 49 38 51 15 48 62 59 69 
46 2 12 64 44 22 6 18 28 66 
55 2 12 56 22 5 3 21 28 66 
8 1 49 41 46 52 47 12 23 51 57 67 
14 1 58 41 31 12 5 60 49 67 
8 1 49 41 46 12 23 51 57 26 19 67 
8 1 49 46 43 34 12 23 57 26 67 
10 2 12 43 22 6 40 26 28 66 
34 60 1 40 17 33 41 8 56 46 12 67 
34 60 1 10 14 38 17 43 41 49 46 67 
8 49 1 41 31 46 12 23 24 67 
14 1 51 41 31 12 23 40 26 67 
47 1 42 41 31 38 46 8 49 67 
8 32 46 49 1 41 12 23 51 57 67 
58 2 12 46 22 56 3 32 28 66 
58 2 12 64 22 17 26 57 28 66 
8 1 49 43 34 41 46 12 60 31 67 
13 1 49 46 43 34 57 33 31 47 67 
60 49 38 64 34 41 51 50 48 62 69 
14 2 12 42 22 6 18 28 38 66 
55 2 12 56 22 5 3 21 28 66 
14 1 49 41 46 12 60 43 34 40 23 67 
8 1 43 34 60 55 46 12 49 67 
8 1 49 41 46 12 23 51 57 26 19 67 
8 1 14 58 41 31 12 23 40 26 67 
58 2 12 44 22 6 18 26 28 66 
14 1 58 46 17 33 41 49 12 5 60 67 
34 60 1 10 14 38 17 33 41 49 46 67 
14 1 58 41 31 12 23 40 8 67 
14 1 51 41 31 12 23 40 26 67 
47 1 42 41 31 38 46 43 34 67 
34 47 46 49 51 8 1 43 12 23 67 
58 2 12 46 22 56 3 32 28 66 
58 2 12 64 22 17 26 57 28 66 
33 1 49 46 43 34 42 41 31 12 67 
46 52 47 49 51 41 8 1 65 13 67 
5 60 49 46 43 44 40 38 53 15 69 
46 2 12 64 44 22 6 18 28 66 
46 2 12 64 22 5 3 21 28 66 
8 1 49 41 44 52 47 12 46 23 51 67 
8 1 43 34 55 46 12 49 58 67 
8 1 49 41 46 12 23 51 57 26 19 67 
8 1 43 46 31 12 19 41 23 26 67 
52 2 12 44 22 6 18 26 28 66 
8 60 1 40 17 33 41 49 46 12 56 67 
34 60 41 56 14 38 1 53 42 59 43 67 
8 49 1 41 31 46 12 23 44 67 
14 1 51 41 31 12 23 40 26 67 
8 1 42 41 31 38 46 43 34 67 
8 1 49 46 43 34 12 23 57 41 67 
58 2 12 25 22 19 3 65 28 66 
58 2 12 64 22 17 26 57 28 66 
8 1 49 46 43 34 12 41 60 31 67 
34 47 46 49 51 41 14 1 58 52 67 
5 60 44 40 49 43 38 53 15 41 56 69 
14 2 12 42 22 6 18 28 38 66 
58 2 12 64 22 5 3 21 28 66 
8 1 49 41 46 12 60 43 34 23 38 67 
8 1 49 46 31 12 5 60 43 67 
8 1 49 41 46 12 23 51 57 26 60 67 
8 1 49 41 46 12 23 51 57 26 67 
58 2 12 44 22 6 18 26 28 66 
14 1 58 41 46 52 31 12 5 60 49 67 
