25 50 64 18 9 5 32 10 60 15 70 
65 18 14 1 38 12 23 42 26 67 
65 18 14 1 38 12 50 23 26 67 
52 24 14 42 9 5 32 10 65 18 70 
43 19 18 14 1 58 50 59 62 65 42 13 67 
14 18 34 1 58 12 23 65 50 67 
65 18 14 42 41 13 38 1 64 12 23 26 67 
45 19 18 14 1 46 47 43 42 56 8 25 67 
9 43 1 56 50 41 13 51 14 59 12 23 67 
52 24 1 64 59 46 47 13 41 12 51 57 67 
5 42 60 1 38 12 14 65 41 67 
65 18 14 42 1 38 12 23 26 20 67 
43 18 14 42 38 10 24 41 1 67 
65 1 14 18 38 12 23 42 26 24 67 
43 19 18 14 1 64 13 51 50 59 12 38 67 
65 25 42 59 18 35 1 38 12 23 26 67 
65 18 57 38 1 48 56 39 14 67 
65 64 44 18 14 1 38 12 23 41 26 67 
65 18 1 56 50 64 14 38 12 42 23 26 67 
18 1 14 42 13 43 50 65 38 12 23 24 67 
20 60 1 12 38 59 65 52 18 67 
65 44 64 42 1 38 18 8 12 23 67 
52 24 14 42 65 18 1 38 12 23 67 
50 20 65 1 38 12 23 42 60 67 
64 44 18 14 1 42 13 12 23 65 38 67 
43 19 18 14 1 64 50 59 12 23 62 67 
65 18 57 1 38 42 41 12 14 54 67 
8 14 35 50 1 38 12 65 18 17 67 
52 24 64 59 46 47 13 38 1 12 41 67 
43 19 18 14 1 64 50 59 12 38 62 67 
9 60 43 50 1 42 19 18 64 58 67 
38 18 14 59 9 42 41 53 1 54 67 
25 24 64 18 50 65 1 9 5 59 53 67 
43 18 14 42 13 41 24 65 17 1 64 67 
65 20 14 59 18 42 13 38 9 41 52 70 
65 18 14 42 1 38 12 23 26 67 
43 19 18 14 1 64 50 59 62 65 38 32 67 
65 18 14 42 1 54 12 23 26 50 67 
45 19 18 14 1 46 47 43 12 56 8 41 67 
43 18 14 42 38 10 1 15 55 67 
65 42 60 33 50 54 1 38 12 23 26 67 
65 18 1 56 50 41 14 38 12 42 23 26 67 
18 1 14 42 13 43 50 65 38 12 23 58 67 
65 20 60 1 38 12 18 14 59 67 
65 18 14 42 24 1 38 12 23 47 67 
65 18 14 1 38 12 23 42 60 67 
65 18 14 42 13 43 1 38 12 23 58 67 
25 24 64 42 1 38 12 18 9 50 67 
65 14 1 45 50 12 56 38 41 42 24 67 
65 18 38 1 8 60 50 42 24 55 67 
65 8 60 18 50 54 1 38 59 9 43 67 
65 20 14 59 9 42 41 53 5 49 70 
65 18 14 1 38 12 42 23 26 67 
64 18 14 42 13 43 50 65 52 1 48 56 67 
65 18 14 42 1 38 12 23 24 26 67 
8 10 1 41 13 64 42 14 35 50 38 12 67 
65 18 14 1 38 35 9 43 56 67 
65 64 44 18 14 1 38 12 23 42 26 67 
65 1 14 42 18 50 38 12 41 24 23 26 67 
18 14 35 50 1 38 12 9 5 65 59 23 67 
65 18 57 1 38 12 14 42 41 67 
65 18 59 9 43 14 1 12 23 55 67 
65 14 60 1 38 12 18 50 23 67 
14 18 34 1 58 42 13 12 23 65 50 67 
8 14 35 50 1 42 38 12 65 13 67 
52 24 64 59 46 47 13 38 1 12 41 67 
9 42 60 43 1 50 19 18 64 56 67 
25 64 18 9 50 1 5 46 62 10 43 67 
65 18 14 1 38 12 23 42 26 67 
65 19 18 14 58 50 64 9 5 32 10 60 70 
25 24 1 64 18 9 50 5 59 53 52 48 67 
65 18 14 42 1 38 12 23 26 50 67 
43 18 14 42 41 13 38 1 15 55 50 12 67 
64 18 14 1 38 59 65 52 48 67 
65 42 60 18 50 54 1 38 12 23 26 67 
65 1 14 42 18 50 38 12 41 24 23 26 67 
18 10 1 41 13 64 42 65 50 38 12 23 67 
8 42 60 1 38 12 14 65 13 67 
50 24 65 42 1 38 12 23 60 14 67 
43 18 14 1 15 55 50 12 23 67 
65 20 14 59 18 35 13 38 1 12 23 67 
65 14 1 18 50 38 42 24 55 12 67 
65 64 44 1 33 14 18 9 34 38 12 67 
43 39 14 42 1 50 19 18 64 59 67 
43 18 14 42 13 41 24 65 54 1 38 67 
65 18 14 1 38 12 23 42 26 67 
25 62 14 18 9 5 32 10 42 41 70 
45 19 18 14 1 43 42 56 8 41 13 5 67 
65 18 14 42 1 38 12 23 26 20 67 
9 43 1 56 50 41 13 14 18 34 58 12 67 
65 18 14 1 38 35 9 43 56 67 
1 50 65 18 14 42 38 12 23 26 57 67 
65 18 14 42 13 43 1 38 12 50 23 26 67 
45 19 18 14 1 43 42 65 50 38 12 23 67 
65 42 60 1 38 12 18 50 54 67 
65 18 41 42 24 1 53 38 12 23 67 
14 18 34 1 58 12 23 65 50 67 
65 20 14 59 18 42 13 38 1 12 23 67 
65 18 14 42 24 1 55 38 12 43 67 
52 42 60 18 50 54 1 38 12 14 35 67 
