59 5 55 38 49 15 18 65 9 43 70 
13 3 54 2 7 6 50 21 27 66 
59 5 55 38 49 15 18 65 64 34 70 
42 3 54 2 7 6 50 21 27 66 
58 47 38 48 20 1 31 53 14 56 49 51 67 
13 1 49 60 12 23 34 24 48 26 67 
18 45 20 5 2 4 6 12 28 66 
32 3 54 2 52 6 50 21 28 66 
13 3 54 2 42 6 50 21 27 66 
58 57 1 59 55 34 60 12 23 67 
38 34 55 48 49 1 20 62 12 23 41 26 67 
45 5 55 3 2 13 50 6 21 28 66 
18 46 3 5 2 57 6 12 28 66 
13 3 54 2 42 6 50 21 27 66 
13 3 54 2 42 6 27 21 28 66 
53 34 52 47 48 13 51 1 15 20 62 12 67 
58 34 38 1 17 55 49 15 31 67 
18 45 3 5 2 4 6 12 28 66 
45 5 55 3 2 13 50 6 21 28 66 
58 34 55 48 51 1 38 15 20 49 12 23 67 
38 34 55 48 49 1 20 62 52 53 12 23 67 
31 34 13 1 20 62 12 23 41 26 58 67 
58 34 38 1 20 55 49 12 48 67 
13 1 55 48 49 60 12 23 34 24 26 67 
58 34 55 48 20 1 31 53 14 56 49 59 67 
60 31 13 1 20 62 49 12 14 67 
58 34 38 48 49 1 20 51 17 55 12 52 67 
18 45 10 3 2 4 6 12 28 66 
32 3 54 2 52 6 50 21 28 66 
13 1 49 60 12 23 34 24 48 26 67 
13 3 54 2 42 6 27 21 28 66 
3 54 2 56 49 12 45 21 28 66 
31 34 13 1 20 55 49 62 15 67 
58 34 38 1 17 55 12 35 23 31 67 
58 34 1 38 49 55 60 12 23 57 67 
18 45 3 5 2 57 6 12 28 66 
13 55 48 49 51 1 52 12 23 44 24 26 67 
58 34 49 17 38 1 55 12 35 23 31 67 
18 45 20 5 2 4 6 12 28 66 
49 60 31 13 1 20 62 12 23 34 24 67 
58 57 1 59 55 43 60 12 23 67 
3 54 2 56 49 12 45 21 28 66 
34 5 55 38 32 51 52 1 17 12 67 
13 1 49 60 12 58 57 59 55 33 67 
32 24 52 1 20 53 51 58 48 12 35 67 
38 34 52 47 31 13 1 20 62 15 12 67 
59 5 55 38 49 18 34 48 51 1 67 
31 34 1 24 49 53 52 55 48 13 67 
58 24 52 1 20 53 51 34 38 55 48 67 
32 24 52 1 20 53 51 58 48 38 49 67 
13 3 34 2 7 6 50 21 27 66 
59 5 55 38 49 64 18 65 9 43 70 
13 3 54 2 42 6 50 21 27 66 
45 5 9 3 2 13 50 6 21 28 66 
58 34 55 48 51 1 38 15 20 49 12 23 67 
13 1 55 48 49 52 12 23 44 24 26 67 
32 14 56 20 49 1 58 24 52 53 51 48 67 
31 34 13 1 20 62 49 15 12 67 
53 34 52 47 48 13 51 1 15 20 62 12 67 
48 45 3 10 2 4 6 12 28 66 
32 3 54 2 52 6 50 21 28 66 
58 34 1 24 49 60 12 23 48 26 67 
24 3 54 2 65 6 27 21 28 66 
32 34 38 1 17 24 52 20 53 67 
58 34 1 55 49 60 12 23 57 42 67 
18 46 3 5 2 10 6 12 28 66 
38 34 55 48 49 1 20 62 12 23 41 26 67 
31 45 20 5 2 4 6 12 28 66 
49 55 13 1 20 62 12 23 34 24 48 67 
60 31 13 1 20 62 49 12 23 67 
3 54 2 56 49 12 45 21 28 66 
58 34 38 17 32 51 52 1 55 12 67 
39 55 13 1 58 34 38 20 49 12 48 67 
58 38 49 1 34 50 57 59 55 60 67 
41 5 31 13 1 55 38 49 15 18 65 67 
13 3 54 2 7 6 50 21 27 66 
58 57 42 59 49 15 18 55 34 60 70 
13 3 54 2 42 6 50 21 27 66 
45 5 55 3 2 13 50 6 21 28 66 
58 34 55 13 51 1 38 15 20 49 12 23 67 
13 1 55 48 49 60 12 23 44 24 26 67 
58 34 55 48 52 1 31 53 14 56 49 59 67 
58 34 38 1 17 55 49 12 52 67 
59 13 55 48 49 1 20 51 38 15 62 12 67 
18 45 10 3 2 4 6 12 28 66 
32 3 54 2 52 6 50 21 28 66 
58 34 1 24 49 60 12 23 48 26 67 
24 3 54 2 65 6 27 21 28 66 
18 45 10 39 55 13 1 58 34 67 
58 34 38 1 17 55 12 45 23 31 67 
18 46 3 5 2 57 6 12 28 66 
38 34 55 48 49 1 20 62 12 23 41 26 67 
18 45 20 5 2 4 6 12 28 66 
31 34 13 20 38 1 55 62 12 23 41 67 
58 57 1 59 55 43 60 12 23 67 
3 54 2 56 49 12 45 21 28 66 
31 34 1 24 49 60 12 13 20 62 67 
31 34 13 48 49 1 20 62 53 15 12 67 
58 5 55 38 34 50 48 49 1 20 67 
31 34 53 52 55 48 13 51 1 15 20 67 
