31 10 14 40 5 49 59 48 47 69 
4 60 2 3 56 6 22 47 26 66 
14 40 9 25 31 10 38 44 46 56 54 69 
4 52 2 3 56 6 22 47 26 66 
31 46 5 40 9 1 17 49 14 51 10 67 
54 1 17 12 49 50 23 26 9 67 
44 46 2 3 56 22 23 12 28 66 
44 46 2 3 56 6 23 12 28 66 
4 60 2 5 56 6 22 47 26 66 
44 46 2 3 56 6 22 23 26 66 
4 60 2 5 56 6 22 47 26 66 
1 40 46 34 48 41 17 12 23 26 25 67 
54 17 1 12 23 49 50 46 15 67 
33 46 5 40 9 1 17 49 14 12 10 67 
50 9 25 47 41 1 43 53 60 67 
44 46 2 3 56 6 22 23 26 66 
45 44 1 46 54 41 39 12 23 38 51 67 
44 46 1 17 34 35 10 12 23 49 40 67 
32 38 1 51 10 55 43 12 58 67 
40 46 1 17 41 34 48 12 23 26 67 
1 25 54 32 10 12 17 41 34 67 
1 10 32 54 17 12 23 49 50 33 26 67 
54 1 17 12 41 34 49 50 23 26 67 
44 46 2 3 56 6 23 12 28 66 
40 1 17 12 46 9 25 31 10 38 49 67 
25 1 58 46 9 47 41 51 56 19 17 67 
40 1 54 32 10 12 23 17 33 67 
54 38 1 51 10 55 43 47 40 67 
54 1 17 12 23 49 50 9 26 67 
17 1 25 10 12 54 41 47 23 55 67 
17 1 25 10 12 54 41 47 23 13 67 
44 46 2 3 56 22 23 12 28 66 
45 44 1 46 12 54 41 39 38 51 67 
54 1 17 9 25 44 12 40 46 51 67 
31 46 1 17 41 34 5 62 40 9 67 
40 46 1 47 41 9 25 31 10 34 67 
4 60 2 3 56 6 22 47 26 66 
44 9 31 10 14 40 5 52 59 69 
4 32 2 5 56 6 22 47 26 66 
44 46 2 3 56 6 22 23 26 66 
31 38 1 12 23 25 15 10 14 8 5 67 
32 38 1 51 10 55 43 12 58 67 
31 38 1 40 54 12 23 17 33 44 26 67 
54 1 17 12 41 34 49 50 23 26 67 
31 46 5 40 9 1 17 12 10 49 60 67 
32 40 46 34 44 41 17 38 1 51 10 67 
40 46 1 17 5 12 23 58 9 67 
1 10 32 40 46 34 48 41 54 67 
40 1 54 12 23 17 33 50 26 67 
1 25 17 10 12 41 34 54 47 23 67 
44 46 2 3 56 22 23 12 28 66 
64 17 1 46 12 5 40 54 10 51 67 
40 46 1 47 41 9 25 31 10 38 67 
4 60 2 3 56 6 22 47 26 66 
44 46 31 10 14 40 5 49 50 69 
4 60 2 5 56 6 22 47 26 66 
44 46 2 3 56 6 22 23 26 66 
64 40 46 54 10 1 17 12 23 49 60 67 
64 46 1 17 5 12 40 54 10 67 
40 46 1 17 34 48 41 51 12 23 26 67 
14 46 1 17 41 34 48 12 23 26 67 
32 38 1 10 33 12 60 40 46 34 48 67 
40 46 9 25 31 10 38 49 14 1 17 67 
44 46 35 1 10 12 23 49 40 67 
44 9 25 47 41 1 43 10 46 67 
40 1 54 12 23 17 33 50 26 67 
1 25 10 17 41 34 12 54 47 23 67 
44 46 2 3 56 22 23 12 28 66 
17 1 44 40 12 54 41 25 9 46 67 
44 46 1 17 41 34 39 40 5 48 67 
4 60 2 3 56 6 22 47 26 66 
31 10 14 8 5 49 59 48 47 69 
4 60 2 46 56 6 22 47 26 66 
44 46 2 3 56 6 22 23 26 66 
54 1 46 12 40 25 9 17 49 50 23 67 
31 46 1 17 5 12 40 9 10 67 
1 40 46 34 48 41 17 12 23 26 25 67 
40 46 1 17 41 34 48 12 23 26 67 
40 1 58 33 12 46 9 47 10 51 56 67 
17 1 44 31 10 14 40 5 49 59 48 67 
64 40 46 54 1 10 12 23 49 67 
40 46 31 10 1 17 41 34 48 67 
54 1 17 12 23 49 50 9 26 67 
32 38 1 44 41 34 39 12 23 13 67 
44 46 2 3 56 22 23 12 28 66 
45 44 1 46 12 54 41 39 38 51 67 
54 1 17 15 41 34 39 40 49 50 67 
4 60 2 3 56 6 22 47 26 66 
31 10 5 44 41 34 39 40 46 56 69 
4 60 2 5 56 6 22 47 26 66 
44 46 2 3 56 6 22 23 26 66 
54 40 15 34 48 1 17 12 23 33 60 67 
54 38 1 51 10 55 43 12 40 67 
54 1 17 12 23 25 15 49 50 26 55 67 
54 1 17 12 23 49 9 31 50 26 67 
1 10 32 33 12 60 40 46 34 48 41 67 
31 1 17 46 9 10 41 14 40 5 49 67 
40 46 1 17 5 12 23 41 34 67 
44 46 31 10 1 17 41 34 48 67 
54 1 17 12 23 49 50 9 26 67 
