1 25 5 31 41 12 32 23 26 67 
1 57 56 41 17 5 12 33 23 26 67 
1 57 56 41 17 5 12 33 23 26 67 
1 17 19 56 41 12 32 23 26 67 
1 57 56 41 17 5 12 33 23 26 67 
1 25 5 56 41 12 32 23 26 67 
1 25 5 56 41 12 32 23 26 67 
1 25 19 56 41 12 32 23 26 67 
1 24 19 56 41 5 12 33 23 26 67 
1 31 19 56 41 5 12 33 23 26 67 
1 19 34 41 17 5 12 33 23 26 15 67 
17 59 1 19 56 41 12 32 23 26 34 67 
1 53 56 41 17 5 12 33 23 14 26 67 
1 19 56 41 17 14 12 5 33 23 26 15 67 
17 59 1 19 56 41 12 32 23 26 52 67 
1 31 19 56 41 5 12 33 23 26 67 
13 9 1 65 24 17 14 64 12 32 23 26 67 
1 19 56 65 5 51 12 17 41 33 23 26 67 
1 56 41 15 12 19 17 5 33 23 26 67 
1 19 56 14 17 5 41 12 33 23 26 15 67 
17 19 1 65 5 14 56 41 12 32 23 26 67 
1 19 56 41 17 5 12 33 23 26 15 67 
1 17 19 65 5 14 56 41 12 32 23 26 67 
13 1 57 15 41 12 32 23 14 67 
13 1 14 15 12 57 52 53 23 67 
13 1 14 15 12 57 52 53 23 67 
1 17 19 56 41 12 32 23 26 67 
44 25 64 5 32 9 1 12 23 67 
13 1 34 14 12 57 53 52 23 67 
13 1 57 15 12 52 53 14 64 23 67 
44 25 64 5 32 9 1 12 23 67 
1 25 24 15 5 20 12 19 23 49 67 
13 1 57 15 14 12 52 53 23 9 67 
13 1 57 15 14 12 52 53 23 9 67 
13 1 57 15 14 12 52 53 23 9 67 
13 1 57 15 14 12 52 53 23 9 67 
13 59 1 17 14 41 65 5 24 12 23 67 
1 25 24 46 15 5 20 12 19 23 49 67 
1 13 8 55 64 40 12 48 57 19 23 67 
41 10 57 59 24 1 53 64 65 5 67 
25 59 1 65 24 15 5 20 12 19 23 49 67 
13 59 1 65 5 20 24 17 14 41 12 23 67 
1 17 24 15 14 12 52 51 57 33 23 67 
1 13 64 40 12 48 57 19 23 60 15 25 67 
13 9 57 1 53 59 65 5 47 17 67 
13 9 1 24 53 59 17 14 64 65 67 
13 53 38 5 56 51 50 41 65 69 
13 1 57 15 14 12 52 53 64 9 67 
13 59 1 17 14 41 65 5 24 12 23 67 
64 13 57 1 59 39 24 17 5 42 67 
41 59 1 12 25 24 65 5 44 64 67 
64 35 13 59 39 24 17 5 42 69 
1 17 24 15 14 12 52 19 5 65 67 
41 38 57 1 53 59 65 5 20 17 67 
17 14 1 65 5 20 41 59 12 19 67 
1 17 24 15 14 12 59 51 57 33 67 
1 25 24 15 5 20 12 19 23 49 60 14 67 
1 17 24 15 14 12 52 51 57 33 67 
41 38 57 1 53 59 65 5 20 17 67 
64 57 13 59 39 24 17 5 42 69 
44 25 52 5 56 51 50 64 41 69 
44 57 52 5 25 64 24 17 13 69 
13 59 1 17 14 41 65 5 24 12 23 67 
44 46 13 59 24 15 1 17 49 60 14 64 67 
13 53 1 65 5 14 12 57 64 8 62 58 67 
44 59 1 65 5 20 24 17 14 25 54 57 67 
17 1 19 5 14 24 65 12 25 47 38 67 
13 59 39 24 17 5 42 57 53 14 15 1 67 
5 53 1 65 42 57 12 48 15 8 17 23 67 
41 59 1 65 12 25 24 44 64 17 5 42 67 
33 59 1 65 5 20 24 17 14 19 57 12 67 
13 53 65 15 1 12 5 14 57 64 8 67 
13 53 1 65 5 14 12 39 34 57 64 8 67 
41 59 24 1 53 57 64 65 5 18 17 67 
13 64 9 8 1 41 57 53 14 62 17 67 
1 25 24 15 12 19 57 49 60 14 41 67 
41 59 24 15 1 12 48 65 5 20 17 67 
50 59 1 65 5 15 8 42 34 57 52 67 
1 25 24 15 12 19 57 49 60 14 41 67 
64 56 57 24 1 65 5 20 52 67 
25 13 1 65 5 20 24 17 14 19 42 57 67 
5 25 1 65 42 57 12 48 15 8 17 23 67 
13 9 1 24 17 14 64 65 12 67 
44 25 64 41 59 1 65 5 20 67 
49 13 1 24 12 59 60 14 5 67 
13 59 24 15 1 17 49 60 14 64 8 67 
39 57 8 55 24 1 15 41 25 64 65 67 
39 1 57 15 41 25 64 65 59 67 
1 17 14 24 12 59 51 57 33 67 
41 59 1 65 5 20 24 17 14 19 57 12 67 
1 45 14 12 59 24 19 57 15 67 
44 25 1 65 5 34 57 24 14 19 32 9 67 
1 25 46 15 12 57 53 19 8 67 
44 25 64 41 59 1 65 5 20 67 
13 53 1 65 5 14 12 57 64 8 62 58 67 
41 59 57 24 1 65 5 20 17 67 
1 25 24 15 12 19 57 8 42 59 51 67 
39 1 57 15 41 25 64 65 59 67 
44 25 64 5 32 9 1 12 48 67 
64 57 52 5 56 51 50 41 39 69 
