33 52 42 60 46 39 17 43 9 70 
39 48 31 33 43 9 10 1 49 40 67 
39 48 31 33 43 9 10 1 49 12 67 
24 45 12 50 64 25 10 1 23 15 67 
42 2 12 38 10 64 22 28 50 66 
3 2 6 12 22 21 26 50 28 66 
46 35 9 47 2 12 28 52 15 66 
3 2 6 12 22 21 23 26 28 66 
2 10 12 6 64 22 28 50 31 66 
40 9 53 2 12 38 22 48 31 28 66 
24 2 12 50 64 25 23 15 28 66 
3 2 40 12 6 34 23 22 28 66 
3 2 6 12 22 35 26 28 23 66 
3 2 6 12 22 35 26 28 34 66 
46 47 35 2 12 43 50 22 9 28 52 66 
3 2 46 6 22 21 26 28 5 66 
3 2 46 6 22 21 26 28 27 66 
24 2 12 50 64 22 26 28 25 66 
46 9 47 35 2 12 28 52 15 60 66 
3 2 12 50 22 47 26 28 46 66 
40 2 12 6 31 23 22 28 64 66 
2 10 6 12 22 41 26 64 28 66 
3 2 12 38 10 64 22 28 50 66 
40 2 12 57 39 43 50 64 9 28 46 66 
3 2 12 55 22 21 26 28 47 66 
3 2 6 12 50 21 28 58 26 66 
3 2 6 12 25 21 26 28 23 66 
58 3 65 2 6 21 12 49 28 66 
3 2 12 6 21 8 49 23 28 66 
3 2 12 6 47 57 22 28 58 66 
24 2 12 50 64 25 10 1 23 15 67 
31 2 6 12 50 64 21 28 26 66 
3 2 6 12 22 21 26 28 27 66 
3 2 6 12 22 21 26 28 27 66 
3 2 6 12 21 22 26 28 27 66 
3 2 6 12 21 22 27 26 28 66 
3 2 6 12 22 21 26 28 27 66 
3 2 6 12 22 21 26 28 27 66 
3 2 6 12 22 21 26 28 27 66 
3 2 6 12 21 22 27 26 28 66 
3 2 6 12 22 21 26 28 27 66 
3 2 6 12 22 21 26 28 27 66 
3 2 6 12 22 21 26 28 27 66 
3 2 6 12 22 21 26 28 27 66 
3 2 6 12 22 21 26 28 27 66 
3 2 6 12 21 22 26 28 27 66 
3 2 6 12 21 22 26 28 27 66 
3 2 6 12 22 21 26 28 27 66 
3 2 6 12 22 21 26 28 27 66 
3 2 6 12 22 21 27 26 28 66 
3 2 6 12 22 21 26 28 27 66 
3 2 6 12 22 21 26 28 27 66 
3 2 6 12 21 22 27 26 28 66 
3 2 6 12 22 21 26 28 27 66 
3 2 6 12 22 21 27 26 28 66 
3 2 6 12 22 21 26 28 27 66 
3 2 6 12 22 21 26 28 27 66 
3 2 6 12 22 21 27 26 28 66 
3 2 6 12 22 21 26 28 27 66 
3 2 6 12 22 21 27 26 28 66 
3 2 6 12 22 21 27 26 28 66 
3 2 6 12 22 21 26 28 27 66 
3 2 6 12 21 22 27 26 28 66 
3 2 6 12 22 21 26 27 28 66 
3 2 6 12 22 21 26 28 27 66 
3 2 6 12 22 21 26 28 27 66 
3 2 6 12 21 22 26 27 28 66 
3 2 6 12 22 21 26 28 27 66 
3 2 6 12 22 21 26 28 27 66 
3 2 6 12 21 22 26 28 27 66 
3 2 6 12 21 22 26 28 27 66 
3 2 6 12 22 21 26 28 27 66 
3 2 6 12 22 21 26 28 27 66 
3 2 6 12 22 21 26 28 27 66 
3 2 6 12 22 21 26 28 27 66 
3 2 6 12 22 21 26 28 27 66 
3 2 6 12 22 21 26 27 28 66 
3 2 6 12 22 21 27 26 28 66 
3 2 6 12 22 21 26 28 27 66 
3 2 6 12 22 21 26 28 27 66 
3 2 6 12 21 22 26 27 28 66 
3 2 6 12 22 21 26 28 27 66 
3 2 6 12 22 21 26 28 27 66 
3 2 6 12 22 21 26 28 27 66 
3 2 6 12 22 21 27 26 28 66 
3 2 6 12 22 21 26 28 27 66 
3 2 6 12 21 22 27 26 28 66 
3 2 6 12 22 21 26 28 27 66 
3 2 6 12 22 21 26 28 27 66 
3 2 6 12 22 21 26 28 27 66 
3 2 6 12 21 22 26 28 27 66 
3 2 6 12 21 22 27 26 28 66 
3 2 6 12 22 21 26 28 27 66 
3 2 6 12 21 22 26 28 27 66 
3 2 6 12 22 21 26 27 28 66 
3 2 6 12 22 21 27 26 28 66 
3 2 6 12 22 21 27 26 28 66 
3 2 6 12 22 21 26 28 27 66 
3 2 6 12 22 21 26 28 27 66 
3 2 6 12 21 22 26 27 28 66 
