64 60 18 50 47 25 44 19 8 34 59 68 
3 60 2 54 6 21 12 22 28 66 
64 9 18 50 47 25 44 19 8 34 59 68 
3 60 2 54 6 21 12 22 28 66 
10 19 13 46 40 43 25 54 42 9 1 67 
44 25 56 60 9 1 12 23 14 26 67 
43 60 2 64 54 12 22 28 52 66 
43 49 2 64 54 12 22 28 41 66 
8 60 2 3 64 62 12 22 28 66 
3 44 2 48 6 12 22 28 23 66 
10 19 13 46 40 1 12 23 24 14 26 67 
10 19 13 42 40 1 20 12 23 67 
3 39 2 33 52 6 12 21 28 66 
48 60 2 64 6 12 22 28 23 66 
3 60 2 54 6 12 22 28 23 66 
43 60 18 65 47 25 56 1 20 12 46 67 
52 60 2 54 6 12 22 28 48 66 
43 44 2 64 54 12 3 22 28 66 
52 51 49 31 62 45 5 1 19 67 
52 60 2 54 6 12 22 28 23 66 
8 60 2 3 54 6 12 22 28 66 
43 60 2 54 6 32 12 22 28 66 
10 19 13 57 40 1 12 23 24 14 64 67 
10 42 56 13 46 40 1 19 8 12 23 67 
38 41 62 1 12 59 31 45 47 67 
8 60 50 56 53 1 20 12 23 26 67 
39 41 62 1 12 56 59 31 45 67 
10 19 13 1 12 46 40 23 24 62 26 67 
43 60 18 65 47 25 56 1 20 12 9 67 
43 54 9 1 47 25 8 24 39 57 59 67 
8 60 24 53 56 1 20 12 23 67 
52 51 49 31 62 45 5 1 10 67 
43 46 54 8 47 24 5 1 12 23 67 
52 51 49 33 1 54 12 23 40 10 67 
3 39 2 33 6 52 12 21 28 66 
8 14 2 3 54 6 12 22 28 66 
43 25 54 9 1 8 47 24 5 12 67 
43 25 42 56 1 20 12 40 9 8 67 
10 19 56 60 9 13 46 40 1 57 67 
10 19 56 60 9 13 46 40 1 57 67 
3 60 2 54 6 21 12 22 28 66 
31 59 18 50 47 25 44 42 46 40 19 68 
43 60 2 32 54 12 22 28 52 66 
3 60 2 48 6 12 22 28 23 66 
43 60 2 64 54 12 3 22 28 66 
48 60 2 64 6 12 22 28 23 66 
58 9 2 39 6 12 22 28 62 66 
46 40 1 12 23 24 44 10 19 13 57 67 
5 25 56 60 9 1 12 23 14 26 67 
10 25 62 1 12 56 60 19 44 67 
5 25 56 60 40 1 59 12 23 14 26 67 
10 25 62 1 12 41 44 19 13 57 56 67 
43 25 54 42 40 9 1 8 47 24 5 67 
41 25 62 1 12 56 60 9 23 67 
41 62 46 25 56 9 50 1 60 67 
25 60 50 56 1 54 12 23 41 24 67 
3 39 2 33 52 6 12 21 28 66 
8 60 2 3 54 6 12 22 28 66 
41 25 62 1 12 56 47 24 60 51 67 
10 19 56 60 9 1 42 13 46 40 67 
3 60 2 6 21 54 12 22 28 66 
60 59 42 46 40 25 44 19 8 18 56 68 
43 49 2 64 54 12 22 28 41 66 
3 60 2 54 6 12 22 28 23 66 
8 60 2 3 64 62 12 22 28 66 
48 60 2 64 6 12 22 28 23 66 
48 15 2 64 6 12 22 28 9 66 
10 42 56 13 46 40 1 19 8 12 23 67 
5 25 56 60 9 1 12 23 14 26 67 
45 25 62 1 12 56 19 5 17 67 
10 19 13 42 40 1 12 23 35 14 26 67 
10 25 62 1 12 41 44 19 47 59 50 67 
43 25 54 42 40 9 1 8 47 24 5 67 
10 13 57 1 12 56 19 40 23 67 
43 25 54 42 40 9 50 1 8 67 
25 38 50 56 53 1 20 12 23 41 67 
3 39 2 33 52 6 12 21 28 66 
8 60 2 3 54 6 12 22 28 66 
43 19 54 8 47 24 5 1 12 13 67 
13 48 52 51 49 31 38 41 62 1 67 
64 9 20 50 47 25 44 10 19 13 46 68 
3 60 2 6 54 21 12 22 28 66 
43 19 2 64 54 12 22 28 32 66 
3 60 2 32 6 12 22 28 23 66 
8 60 2 3 64 62 12 22 28 66 
48 15 2 64 6 12 22 28 23 66 
58 9 2 54 6 12 22 28 62 66 
10 19 13 46 40 1 12 23 24 57 60 67 
25 60 50 56 1 54 12 23 14 26 67 
41 25 50 39 56 1 20 62 12 67 
10 19 13 1 12 46 40 23 24 14 26 67 
60 50 13 1 12 56 44 19 8 53 20 67 
43 54 9 1 47 25 8 24 5 57 59 67 
8 60 50 53 56 1 20 12 23 67 
58 51 49 5 9 62 1 42 41 67 
52 40 49 33 1 54 12 23 10 25 67 
3 39 2 33 52 6 12 21 28 66 
8 60 2 3 54 6 12 22 28 66 
43 46 54 8 47 24 5 1 12 52 67 
41 60 49 25 9 56 47 50 1 17 67 
