8 49 32 18 1 4 12 23 6 67 
54 2 3 6 18 45 22 26 28 66 
49 2 3 6 18 12 22 8 28 66 
2 13 3 6 18 12 22 64 28 66 
8 49 32 18 1 4 12 23 6 67 
49 2 3 6 18 12 22 8 28 66 
8 49 32 18 1 4 12 23 6 67 
8 49 32 18 1 4 12 23 6 67 
49 2 5 3 18 12 22 26 28 66 
8 49 32 18 1 4 12 23 6 67 
49 2 3 6 18 12 22 64 28 66 
13 2 3 6 18 12 22 64 28 66 
2 13 3 6 18 12 22 64 28 66 
8 49 32 18 1 4 12 23 6 67 
49 2 5 3 18 12 22 26 28 66 
54 2 3 6 18 12 22 26 28 66 
54 2 3 6 18 12 22 26 28 66 
49 2 3 6 18 12 22 26 28 66 
49 2 3 6 18 12 22 26 28 66 
49 2 3 6 18 12 22 26 28 66 
49 2 5 3 18 12 22 26 28 66 
49 2 5 3 18 12 22 26 28 66 
49 2 3 6 18 12 22 26 28 66 
42 9 59 18 1 4 12 23 2 67 
42 51 59 44 1 4 12 23 2 67 
33 2 53 3 18 12 22 64 28 66 
42 2 8 3 20 12 22 64 28 66 
42 2 53 3 20 12 22 64 28 66 
42 51 59 44 1 4 12 23 2 67 
42 54 59 44 1 4 12 23 2 67 
42 2 53 3 20 12 22 64 28 66 
42 2 53 3 18 12 22 64 28 66 
42 51 59 44 1 4 12 23 2 67 
42 51 59 44 1 4 12 23 2 67 
42 2 53 3 18 12 22 64 28 66 
18 43 56 50 65 1 52 38 39 10 67 
42 2 53 25 18 12 22 64 28 66 
42 2 53 25 18 12 22 64 28 66 
8 2 32 42 18 12 64 22 28 66 
42 2 4 6 18 12 22 26 28 66 
8 2 32 51 18 12 22 25 28 66 
42 2 4 6 18 12 22 26 28 66 
42 2 53 25 18 12 22 64 28 66 
42 2 4 6 18 12 22 26 28 66 
42 2 4 6 18 12 22 26 28 66 
49 2 4 6 18 12 22 26 28 66 
42 2 4 6 18 12 22 26 28 66 
8 2 32 51 18 12 22 64 28 66 
50 2 43 6 18 12 22 64 28 66 
8 2 25 6 18 12 64 22 28 66 
8 2 32 6 12 64 18 22 28 66 
50 2 43 6 18 12 22 64 28 66 
35 2 55 6 18 12 22 64 28 66 
50 2 43 6 18 12 22 64 28 66 
54 51 59 44 1 4 12 23 9 67 
1 54 51 59 9 4 46 12 23 67 
1 54 51 59 9 4 46 12 23 67 
39 9 59 18 1 4 12 23 57 67 
1 54 51 59 9 4 12 23 38 67 
54 51 59 18 1 4 12 23 9 67 
1 54 51 59 9 38 12 23 18 67 
1 54 51 59 9 38 12 23 18 67 
1 54 51 59 9 38 12 23 20 67 
17 51 59 9 45 1 38 12 23 20 67 
1 54 51 59 9 38 48 10 12 23 67 
1 54 51 59 9 38 12 23 40 67 
1 9 57 54 18 38 51 59 12 23 67 
9 57 54 51 59 18 38 1 12 23 67 
54 51 59 9 45 1 38 12 23 20 67 
1 54 51 59 9 38 12 23 20 67 
1 54 51 59 9 38 12 23 20 67 
9 57 54 18 38 1 51 59 12 23 67 
39 62 1 54 51 59 9 38 12 67 
52 43 1 54 51 9 62 59 38 12 67 
18 43 56 50 65 1 24 12 34 5 67 
40 50 59 18 38 1 33 41 65 12 67 
1 57 51 9 54 59 38 12 46 67 
1 54 51 59 9 38 12 46 43 67 
52 43 38 65 39 1 10 12 46 9 67 
1 54 51 9 57 59 38 12 46 67 
1 9 57 54 51 59 38 12 46 50 67 
40 50 59 18 38 1 15 41 65 12 67 
39 62 8 9 57 18 38 1 10 67 
1 54 51 59 9 38 12 46 50 67 
39 62 8 38 50 59 41 1 65 67 
39 62 8 9 57 18 38 1 10 67 
1 54 51 59 9 38 12 46 50 67 
39 9 57 62 8 18 38 1 49 51 67 
52 43 38 65 39 1 10 50 59 54 67 
39 62 8 9 57 18 38 1 10 67 
39 9 57 62 8 5 38 1 10 50 67 
39 9 57 62 8 18 38 1 10 50 67 
46 57 65 45 17 1 10 38 50 59 67 
39 62 8 38 50 59 41 1 65 67 
38 50 59 41 18 65 35 14 49 69 
49 52 15 59 9 24 46 57 41 18 70 
18 43 56 50 39 62 15 9 54 14 70 
40 5 47 32 10 56 38 46 24 54 70 
40 5 47 32 10 62 48 20 24 65 70 
38 50 59 41 18 65 35 14 9 69 
