18 24 33 58 64 8 13 51 65 70 
18 2 49 12 15 10 22 32 28 66 
13 10 1 58 64 14 12 59 15 23 67 
41 64 18 2 25 6 12 22 28 66 
41 9 18 2 3 6 12 22 28 66 
50 25 1 53 48 33 58 64 8 13 51 47 67 
18 10 2 5 59 12 3 22 28 66 
57 8 18 2 10 49 12 59 22 28 66 
33 5 18 2 10 23 12 59 28 66 
13 10 1 53 57 58 64 14 12 59 15 23 67 
33 2 10 5 49 12 59 28 64 66 
18 5 39 2 49 10 41 17 12 22 28 66 
50 25 1 12 35 53 45 17 18 34 60 49 67 
50 1 18 64 54 5 48 12 25 67 
13 10 1 58 64 14 12 59 2 23 67 
41 9 18 2 4 6 12 22 28 66 
50 25 1 53 48 23 18 34 49 39 12 26 67 
54 18 1 58 64 14 12 31 33 53 67 
31 5 1 54 18 48 60 12 35 56 34 67 
9 64 18 2 3 21 12 22 28 66 
41 38 18 2 3 6 12 21 28 66 
50 1 62 64 54 5 48 25 53 67 
52 25 1 54 60 58 64 53 48 17 67 
50 25 1 53 48 17 35 49 18 38 39 67 
12 64 18 2 3 6 21 22 28 66 
41 64 12 2 3 6 21 22 28 66 
41 64 18 2 3 6 21 22 28 66 
41 64 18 2 3 6 21 22 28 66 
41 64 18 2 3 6 21 22 28 66 
41 64 18 2 3 6 21 22 28 66 
41 64 18 2 3 6 21 22 28 66 
41 64 18 2 3 6 21 22 28 66 
41 64 18 2 3 6 21 22 28 66 
41 64 18 2 3 6 21 22 28 66 
41 64 18 2 3 6 21 22 28 66 
41 64 18 2 3 6 21 22 28 66 
41 64 33 2 3 6 21 22 28 66 
41 64 18 2 3 6 21 22 28 66 
41 64 18 2 3 6 21 22 28 66 
41 64 18 2 3 6 21 22 28 66 
41 64 18 2 3 6 21 22 28 66 
41 64 43 2 3 6 21 22 28 66 
41 64 18 2 3 6 21 22 28 66 
41 64 33 2 3 6 21 22 28 66 
41 64 18 2 3 6 21 22 28 66 
41 64 18 2 3 6 21 22 28 66 
41 64 18 2 3 6 21 22 28 66 
41 64 18 2 3 6 21 22 28 66 
41 64 18 2 3 6 21 22 28 66 
65 64 18 2 3 6 21 22 28 66 
41 64 18 2 3 6 21 22 28 66 
41 64 18 2 3 6 21 22 28 66 
41 64 18 2 3 6 21 22 28 66 
41 64 18 2 3 6 21 22 28 66 
41 64 18 2 3 6 21 22 28 66 
41 64 43 2 3 6 21 22 28 66 
41 64 18 2 3 6 21 22 28 66 
41 64 18 2 3 6 21 22 28 66 
41 64 18 2 3 6 21 22 28 66 
41 64 18 2 3 6 21 22 28 66 
41 64 18 2 3 6 21 22 28 66 
41 64 18 2 3 6 21 22 28 66 
41 64 18 2 3 6 21 22 28 66 
10 64 18 2 3 6 21 22 28 66 
41 64 18 2 3 6 21 22 28 66 
41 64 18 2 3 6 21 22 28 66 
41 64 18 2 3 6 21 22 28 66 
41 64 18 2 3 6 21 22 28 66 
41 64 55 2 3 6 21 22 28 66 
41 64 18 2 3 6 21 22 28 66 
41 64 18 2 3 6 21 22 28 66 
41 64 18 2 3 6 21 22 28 66 
15 64 18 2 3 6 21 22 28 66 
41 64 18 2 3 6 21 22 28 66 
41 64 33 2 3 6 21 22 28 66 
41 64 18 2 3 6 21 22 28 66 
62 64 18 2 3 6 21 22 28 66 
41 64 43 2 3 6 21 22 28 66 
41 64 43 2 3 6 21 22 28 66 
41 64 18 2 3 6 21 22 28 66 
41 64 18 2 3 6 21 22 28 66 
41 64 18 2 3 6 21 22 28 66 
41 33 18 2 3 6 21 22 28 66 
41 64 18 2 3 6 21 22 28 66 
62 64 18 2 3 6 21 22 28 66 
41 64 18 2 3 6 21 22 28 66 
41 64 18 2 3 6 21 22 28 66 
40 64 18 2 3 6 21 22 28 66 
41 64 18 2 3 6 21 22 28 66 
41 64 18 2 3 6 21 22 28 66 
41 64 18 2 3 6 21 22 28 66 
41 64 18 2 3 6 21 22 28 66 
41 64 18 2 3 6 21 22 28 66 
41 64 18 2 3 6 21 22 28 66 
41 64 18 2 3 6 21 22 28 66 
41 64 48 2 3 6 21 22 28 66 
41 64 18 2 3 6 21 22 28 66 
41 64 18 2 3 6 21 22 28 66 
41 64 43 2 3 6 21 22 28 66 
41 64 18 2 3 6 21 22 28 66 
