18 58 34 31 45 59 24 5 40 39 69 
20 56 53 50 45 40 1 51 44 49 34 15 67 
58 20 15 40 1 12 17 18 23 67 
20 43 1 12 45 40 23 56 26 51 67 
58 51 53 50 40 1 20 9 12 23 26 67 
20 56 53 50 45 40 1 51 44 49 17 12 67 
20 15 40 1 56 58 12 65 18 23 34 53 67 
41 45 13 40 1 34 50 15 12 67 
40 1 19 15 56 43 35 57 12 23 67 
58 20 1 24 9 51 12 23 59 49 34 67 
20 56 48 53 51 40 1 50 12 44 67 
41 1 51 44 45 40 48 13 34 12 43 67 
18 31 58 34 40 39 56 1 51 67 
41 45 35 9 17 56 53 50 40 1 67 
20 56 40 43 53 50 45 1 51 44 49 67 
20 43 1 12 23 40 56 26 51 67 
20 56 42 43 1 49 12 23 26 67 
20 17 58 40 1 43 12 23 26 67 
20 43 1 12 23 40 56 26 51 67 
20 43 1 12 23 40 56 26 51 67 
20 43 1 12 23 40 8 26 51 67 
20 56 40 43 1 12 23 8 26 67 
20 56 43 40 1 12 23 8 26 67 
58 43 1 12 23 40 56 26 53 67 
20 43 1 12 23 40 56 26 17 67 
20 40 43 1 65 12 23 8 26 67 
58 1 40 43 12 23 56 26 53 67 
58 43 40 56 1 12 23 26 65 67 
20 43 15 40 1 12 23 56 26 67 
20 43 1 12 23 40 56 26 51 67 
20 40 43 65 1 12 23 8 26 67 
20 13 1 12 23 40 56 26 41 67 
55 43 1 12 23 40 56 20 26 67 
20 56 43 40 1 12 23 59 26 67 
20 43 1 12 23 40 8 26 56 67 
20 43 1 12 23 40 56 26 65 67 
20 43 1 12 23 40 56 26 51 67 
58 43 1 12 23 40 56 26 53 67 
20 43 15 40 1 12 23 56 26 67 
58 1 40 43 12 23 56 26 53 67 
20 43 1 12 23 40 8 26 56 67 
20 56 40 43 1 12 23 26 51 67 
58 40 56 43 1 12 51 23 26 67 
58 1 40 43 12 23 56 26 53 67 
58 56 34 43 1 12 23 40 26 67 
20 43 1 12 23 40 56 59 26 67 
58 51 1 40 43 56 12 23 26 67 
20 56 40 43 1 58 12 23 26 67 
20 43 1 12 23 40 8 56 26 67 
20 45 1 12 23 56 8 26 13 67 
20 43 1 12 23 40 56 26 58 67 
20 43 1 12 23 40 56 26 17 67 
20 43 1 12 23 40 56 26 51 67 
20 43 40 1 12 23 56 26 51 67 
58 43 40 49 1 12 23 26 65 67 
58 40 48 1 12 23 56 26 53 67 
58 56 34 17 40 1 12 23 26 67 
55 1 40 43 12 23 56 20 26 67 
41 56 58 40 43 1 12 23 26 67 
20 1 40 43 12 23 39 26 13 67 
58 1 40 43 12 23 56 26 53 67 
20 43 1 12 45 23 56 40 26 67 
58 1 40 43 12 23 56 26 20 67 
58 1 60 12 23 40 56 51 26 67 
58 34 43 1 12 23 56 26 40 67 
58 43 40 56 1 12 51 23 26 67 
58 34 52 1 12 23 56 40 26 67 
20 43 1 12 23 56 40 58 26 67 
55 1 43 12 23 40 56 26 20 67 
20 40 65 8 1 43 12 23 26 67 
58 15 40 17 1 12 23 26 20 67 
20 1 40 43 12 23 56 26 8 67 
58 43 40 1 49 12 23 26 65 67 
58 40 1 43 12 23 64 49 26 67 
20 43 1 12 23 40 8 26 51 67 
20 43 1 12 23 58 40 56 26 67 
55 1 40 43 12 23 56 20 26 67 
20 43 44 49 1 12 23 26 56 67 
20 56 40 43 1 58 12 23 26 67 
58 43 1 12 23 40 56 26 53 67 
20 43 1 12 23 40 56 26 58 67 
51 56 49 40 43 1 12 23 26 67 
20 1 40 43 12 23 56 26 51 67 
20 43 1 12 23 40 56 26 59 67 
20 43 1 12 23 40 56 26 17 67 
58 43 46 56 1 12 23 26 65 67 
20 43 1 12 23 40 56 26 51 67 
20 1 43 12 23 40 59 26 51 67 
20 10 1 12 23 40 59 8 26 67 
20 43 1 12 45 40 23 56 26 67 
20 43 1 12 23 40 15 56 26 67 
20 43 1 12 23 40 56 58 26 67 
20 13 1 43 12 23 40 56 26 67 
58 56 34 43 1 12 23 40 26 67 
20 43 1 12 23 40 56 26 51 67 
58 33 46 1 12 23 56 26 65 67 
20 56 40 43 1 12 23 8 26 67 
58 43 1 12 40 56 51 23 26 67 
55 40 43 56 1 12 23 26 20 67 
20 17 53 50 45 40 58 1 43 12 23 26 67 
