52 44 65 14 25 5 41 60 56 49 69 
35 14 1 12 43 23 54 44 26 67 
44 10 54 24 34 46 1 35 58 49 43 41 67 
35 14 1 49 43 41 12 10 23 67 
2 6 39 10 12 9 22 47 28 66 
2 6 53 21 12 22 8 28 26 66 
2 6 39 10 12 22 8 28 26 66 
2 19 3 10 12 9 22 8 28 66 
2 3 53 21 12 22 8 28 26 66 
35 1 12 14 34 43 23 49 44 26 67 
35 44 9 14 34 1 12 43 23 54 26 67 
2 6 3 21 12 22 48 28 26 66 
53 44 65 14 34 46 1 31 52 12 13 25 67 
2 6 3 21 38 22 27 28 26 66 
2 6 3 21 12 22 23 28 26 66 
53 44 9 14 34 60 1 12 23 54 64 35 67 
35 58 1 10 43 41 12 50 53 67 
2 55 53 3 12 22 8 28 26 66 
2 6 53 23 12 22 8 28 26 66 
2 6 23 21 12 22 52 28 26 66 
2 6 4 21 12 22 8 28 26 66 
2 6 39 10 12 22 23 28 8 66 
52 14 1 12 23 54 43 41 24 44 67 
44 10 54 24 51 46 1 35 12 43 23 26 67 
52 14 1 12 10 23 44 38 64 58 40 67 
2 6 53 3 12 22 8 28 26 66 
2 57 39 12 10 4 22 8 28 66 
52 14 1 64 35 12 10 54 24 19 67 
2 3 53 6 21 38 22 27 28 66 
2 6 39 21 12 34 8 28 26 66 
2 6 53 21 12 22 27 28 26 66 
52 14 1 12 10 54 24 19 46 35 49 67 
2 3 12 6 21 38 22 27 28 66 
8 14 1 53 44 65 25 5 41 67 
14 1 53 43 10 40 35 45 24 41 67 
53 44 65 14 10 54 24 19 46 34 1 67 
2 6 3 21 12 22 27 28 26 66 
2 6 3 21 12 22 27 28 26 66 
2 6 3 21 12 22 27 28 26 66 
2 6 3 21 12 22 27 28 26 66 
2 6 3 21 12 22 27 28 26 66 
2 6 3 21 12 22 27 28 26 66 
2 6 3 21 12 22 27 28 26 66 
2 6 3 21 12 22 27 28 26 66 
2 6 3 21 12 22 27 28 26 66 
2 6 3 21 12 22 27 28 26 66 
2 6 3 21 12 22 27 28 26 66 
2 6 3 21 12 22 27 28 26 66 
2 6 3 21 12 22 27 28 26 66 
2 6 3 21 12 22 27 28 26 66 
2 6 3 21 12 22 27 28 26 66 
2 6 3 21 12 22 27 28 26 66 
2 6 3 21 12 22 27 28 26 66 
2 6 3 21 12 22 27 28 26 66 
2 6 3 21 12 22 27 28 26 66 
2 6 3 21 12 22 27 28 26 66 
2 6 3 21 12 22 27 28 26 66 
2 6 3 21 12 22 27 28 26 66 
2 6 3 21 12 22 27 28 26 66 
2 6 3 21 12 22 27 28 26 66 
2 6 3 21 12 22 27 28 26 66 
2 6 3 21 12 22 27 28 26 66 
2 6 3 21 12 22 27 28 26 66 
2 6 3 21 12 22 27 28 26 66 
2 6 3 21 12 22 27 28 26 66 
2 6 3 21 12 22 27 28 26 66 
2 6 3 21 12 22 27 28 26 66 
2 6 3 21 12 22 27 28 26 66 
2 6 3 21 12 22 27 28 26 66 
2 6 3 21 12 22 27 28 26 66 
2 6 3 21 12 22 27 28 26 66 
2 6 3 21 12 22 27 28 26 66 
2 6 3 21 12 22 27 28 26 66 
2 6 3 21 12 22 27 28 26 66 
2 6 3 21 12 22 27 28 26 66 
2 6 3 21 12 22 27 28 26 66 
2 6 3 21 12 22 27 28 26 66 
2 6 3 21 12 22 27 28 26 66 
2 6 3 21 12 22 27 28 26 66 
2 6 3 21 12 22 27 28 26 66 
2 6 3 21 12 22 27 28 26 66 
2 6 3 21 12 22 27 28 26 66 
2 6 3 21 12 22 27 28 26 66 
2 6 3 21 12 22 27 28 26 66 
2 6 3 21 12 22 27 28 26 66 
2 6 3 21 12 22 27 28 26 66 
2 6 3 21 12 22 27 28 26 66 
2 6 3 21 12 22 27 28 26 66 
2 6 3 21 12 22 27 28 26 66 
2 6 3 21 12 22 27 28 26 66 
2 6 3 21 12 22 27 28 26 66 
2 6 3 21 12 22 27 28 26 66 
2 6 3 21 12 22 27 28 26 66 
2 6 3 21 12 22 27 28 26 66 
2 6 3 21 12 22 27 28 26 66 
2 6 3 21 12 22 27 28 26 66 
2 6 3 21 12 22 27 28 26 66 
2 6 3 21 12 22 27 28 26 66 
2 6 3 21 12 22 27 28 26 66 
2 6 3 21 12 22 27 28 26 66 
