62 65 64 52 53 13 5 53 17 70 
65 56 46 20 3 23 16 7 25 66 
1 5 24 18 10 64 33 44 60 67 
1 42 53 26 23 51 29 48 65 7 67 
65 48 39 9 53 14 8 12 32 38 67 
65 63 8 61 33 49 57 29 37 1 12 67 
65 63 1 2 12 4 42 44 36 23 67 
3 12 22 21 28 15 40 65 27 66 
31 47 5 44 17 41 8 12 63 15 35 67 
64 1 32 54 40 61 23 56 15 14 67 
30 65 15 19 55 50 63 58 40 49 18 1 67 
1 2 10 54 39 34 58 12 6 41 67 
13 39 30 29 32 1 9 12 15 67 
60 3 6 19 63 56 32 26 28 66 
65 62 23 46 51 32 25 41 24 17 1 67 
42 30 60 16 49 35 12 15 10 23 56 19 67 
1 47 2 12 21 52 28 44 45 66 
5 65 12 53 23 36 29 44 1 67 
12 7 9 32 34 65 61 2 28 66 
