1 51 20 58 5 12 23 18 26 67 
1 25 20 58 5 12 23 18 26 67 
1 25 20 58 5 12 23 8 26 67 
1 25 20 58 5 12 23 18 26 67 
1 25 20 58 5 12 23 18 26 67 
1 25 20 58 5 18 12 23 26 67 
1 25 20 58 24 12 23 18 52 26 67 
1 25 20 58 24 12 23 18 52 26 67 
1 25 20 58 24 12 23 18 52 26 67 
1 25 20 58 24 12 23 18 52 26 67 
25 1 20 58 24 12 23 18 52 26 19 9 67 
55 24 1 9 52 49 25 48 12 23 59 26 67 
65 41 1 12 20 24 58 5 23 52 26 67 
1 25 20 58 24 12 23 18 52 26 50 67 
20 24 1 9 60 25 39 12 23 18 52 26 67 
1 25 20 58 24 12 23 18 52 26 19 67 
65 56 1 47 41 20 58 5 12 23 52 26 67 
47 41 1 12 20 24 18 65 23 52 26 67 
20 24 1 25 58 39 12 23 18 52 26 67 
65 41 1 12 60 20 58 5 23 52 26 48 67 
65 41 20 1 25 58 5 12 23 52 26 48 67 
65 41 1 20 58 5 12 23 52 26 48 67 
1 25 20 58 24 12 23 18 52 26 67 
1 25 20 58 5 18 12 23 52 67 
1 55 52 49 25 34 12 23 59 67 
65 41 1 20 58 5 12 23 52 26 67 
60 41 1 9 32 20 58 18 12 67 
1 47 20 24 12 18 58 23 52 67 
1 25 34 20 58 18 48 13 12 67 
25 32 1 20 58 39 33 45 12 67 
34 32 1 20 58 18 12 25 23 67 
1 47 20 24 12 18 48 23 52 67 
1 55 40 32 20 58 18 12 50 67 
40 32 1 20 58 18 12 25 24 67 
1 47 20 24 12 18 48 23 52 67 
40 41 1 12 60 25 20 58 34 23 52 48 67 
9 32 1 20 58 18 12 25 34 67 
25 20 1 58 39 34 12 23 52 59 67 
1 25 20 18 24 12 23 52 59 14 67 
1 25 8 62 58 18 48 39 12 34 23 24 67 
56 46 20 18 1 17 60 31 40 12 67 
1 25 20 17 60 31 43 12 9 58 67 
1 25 20 19 18 48 64 34 12 23 52 67 
1 46 45 58 39 34 12 23 52 18 10 67 
1 25 20 58 39 34 12 23 52 59 14 67 
1 25 20 34 12 23 52 59 18 10 67 
18 56 1 17 58 39 60 31 25 12 9 50 67 
56 1 20 65 45 18 17 60 31 40 12 9 67 
1 25 18 20 39 48 13 45 57 19 24 12 67 
18 56 1 17 60 31 40 12 9 50 67 
1 25 40 20 58 43 47 9 17 67 
1 55 20 58 18 48 40 12 13 45 67 
60 41 1 25 20 58 59 18 48 67 
1 25 34 12 23 52 59 20 14 40 67 
1 25 34 12 23 52 59 18 10 39 67 
25 41 1 17 60 32 40 12 34 20 67 
60 41 1 25 20 58 39 18 48 67 
9 14 1 12 18 25 20 58 34 23 52 59 67 
59 54 17 20 58 18 48 13 45 5 1 12 67 
1 25 20 58 39 33 45 12 19 23 17 67 
1 25 20 58 18 12 34 23 52 10 39 67 
1 62 39 51 40 48 14 20 58 18 13 45 67 
1 25 8 58 62 39 48 18 12 34 23 67 
41 1 40 20 58 18 48 13 60 67 
1 25 20 58 39 33 53 56 18 12 19 67 
1 25 20 58 42 38 40 39 33 45 67 
1 25 20 58 42 38 40 39 33 59 67 
1 25 20 65 45 18 48 13 57 19 55 24 67 
40 41 1 20 58 18 48 13 45 62 19 24 67 
1 25 20 58 62 39 48 14 12 60 8 67 
20 41 1 25 58 39 33 45 32 48 12 23 67 
1 25 20 58 42 38 40 39 33 45 67 
1 51 40 48 14 20 58 18 13 45 67 
1 55 52 49 20 25 58 18 48 67 
1 25 20 58 43 8 9 17 31 18 67 
59 5 54 17 60 10 35 48 20 1 58 67 
1 55 40 20 58 18 48 13 45 67 
1 40 20 41 25 58 39 33 45 12 19 67 
41 1 54 17 60 10 35 48 20 62 12 67 
1 46 20 18 10 54 24 34 9 17 67 
1 40 39 48 34 12 60 8 20 58 18 13 67 
40 41 1 60 58 18 48 13 45 62 19 24 67 
1 25 20 58 18 48 62 45 57 19 24 67 
9 41 1 17 60 31 40 12 34 58 67 
41 1 54 17 60 10 35 48 20 58 12 67 
59 54 17 5 1 58 12 25 19 48 39 52 67 
20 41 1 25 58 39 33 45 12 19 23 8 67 
40 41 1 20 58 18 48 13 45 62 19 24 67 
1 40 20 58 18 48 13 45 57 19 24 67 
1 25 20 58 39 33 45 56 18 12 19 67 
18 10 9 17 31 50 53 32 45 42 69 
1 25 20 58 18 48 13 45 57 19 24 67 
18 10 54 24 34 53 39 46 19 9 69 
18 10 39 56 34 9 17 31 15 53 69 
32 41 1 25 39 48 20 58 12 23 51 65 67 
1 25 20 58 18 48 13 45 57 19 24 67 
1 25 20 58 39 33 45 12 19 23 67 
35 17 31 50 18 48 19 5 44 13 69 
18 10 39 56 34 9 17 31 50 53 69 
18 10 39 56 34 46 19 5 44 25 69 
