41 47 9 1 45 49 12 23 53 26 67 
65 1 45 49 44 32 12 23 53 26 67 
62 48 13 24 1 12 23 53 26 31 58 67 
65 45 53 10 1 49 12 23 26 17 54 67 
58 1 53 45 49 19 65 32 12 23 26 67 
41 1 45 49 12 23 53 26 17 67 
1 45 53 10 38 39 12 33 23 26 47 67 
58 1 53 65 45 49 32 12 23 26 67 
58 1 53 65 45 49 32 12 23 26 67 
38 1 20 14 12 23 53 39 26 67 
38 1 45 39 12 33 53 23 26 47 67 
58 1 53 65 45 49 32 12 23 26 67 
17 47 9 5 1 12 23 53 26 65 34 67 
38 1 45 39 12 23 53 26 47 67 
38 1 20 12 14 53 39 23 26 67 
65 1 45 49 32 12 23 53 26 17 51 67 
38 1 20 39 12 23 53 26 47 67 
65 1 45 49 12 23 53 26 17 67 
1 45 53 10 58 12 35 49 23 19 54 26 67 
1 45 53 10 58 12 25 19 35 23 54 26 67 
58 1 45 25 53 10 19 12 35 23 54 26 67 
1 45 53 10 58 12 35 49 23 19 54 26 67 
1 45 53 10 58 12 35 49 23 19 54 26 67 
38 1 20 39 12 23 47 45 32 65 67 
58 1 45 49 32 19 12 23 65 17 67 
1 45 53 10 58 12 35 49 23 19 54 26 67 
38 33 42 1 45 53 39 12 23 47 67 
65 1 58 45 49 12 23 53 14 17 67 
38 1 55 52 33 8 19 39 53 12 23 67 
38 1 25 53 5 39 12 23 47 32 67 
58 1 53 45 65 12 35 49 23 19 67 
38 1 39 53 12 23 10 58 35 67 
9 1 55 34 64 53 39 12 23 67 
38 1 45 53 39 12 23 47 32 67 
38 1 48 44 34 33 53 12 17 23 39 67 
10 45 49 1 53 35 58 12 23 19 54 67 
10 1 53 39 12 23 47 45 9 67 
38 1 39 53 10 58 12 35 23 19 54 17 67 
38 1 53 55 45 65 41 49 12 17 34 23 67 
38 1 48 55 34 33 53 12 17 23 39 67 
9 1 53 39 12 23 47 45 32 67 
1 44 53 10 58 12 35 49 23 19 54 62 67 
38 1 53 39 12 23 47 45 32 67 
38 1 39 53 10 58 12 35 23 19 54 17 67 
52 1 53 33 32 19 65 12 8 24 48 67 
51 1 47 49 32 19 65 12 9 62 5 67 
58 1 53 55 45 49 32 19 65 12 17 23 67 
51 1 53 35 9 62 39 45 65 12 55 67 
48 1 53 49 32 46 12 17 39 55 34 67 
38 1 48 55 34 64 53 12 17 23 39 67 
38 1 45 49 10 19 25 5 65 12 51 67 
1 45 53 10 58 12 35 49 23 19 54 62 67 
48 45 49 1 53 35 9 19 34 64 39 67 
48 1 55 52 33 8 19 51 24 32 57 67 
38 1 39 59 53 55 5 54 43 35 64 12 67 
38 1 65 58 12 48 39 53 10 67 
51 1 53 34 50 47 19 65 35 9 32 57 67 
48 1 19 49 12 53 55 34 65 67 
42 1 53 55 32 19 25 5 35 57 17 67 
51 45 49 1 53 35 9 19 8 62 39 67 
38 1 53 55 65 41 49 12 17 34 67 
58 1 45 49 53 19 25 10 65 46 51 67 
38 1 39 53 10 58 12 35 62 59 9 24 67 
64 14 57 55 17 34 1 65 12 44 38 13 67 
38 1 48 55 34 64 53 39 47 18 32 57 67 
48 1 53 35 17 34 64 5 8 54 55 42 67 
48 1 53 46 12 17 39 55 34 67 
38 1 45 49 32 19 25 10 65 12 51 67 
65 1 45 49 12 53 39 17 34 67 
58 1 45 49 32 19 65 12 17 23 53 67 
47 33 19 8 44 32 58 1 53 12 67 
48 1 55 34 64 53 58 12 17 67 
58 1 53 12 17 48 64 5 8 45 67 
48 1 55 34 17 47 9 5 53 67 
38 1 17 34 64 5 8 54 43 67 
48 1 55 34 64 53 39 47 18 67 
1 45 49 53 10 58 12 35 62 19 65 51 67 
53 1 65 58 12 48 39 55 34 67 
48 1 53 39 58 12 17 34 56 49 67 
51 1 53 35 9 62 39 45 55 59 33 20 67 
48 1 55 34 64 53 39 47 18 67 
47 33 19 8 44 32 24 48 1 56 67 
1 39 59 52 33 19 43 8 24 48 67 
58 1 53 12 17 48 64 5 8 45 67 
48 1 35 34 64 53 39 47 18 67 
38 1 53 39 47 45 32 9 5 65 67 
58 1 45 49 53 10 19 65 12 51 32 60 67 
38 1 17 34 5 54 43 35 39 59 67 
62 48 13 24 1 53 31 58 12 17 67 
48 1 55 34 64 53 39 47 45 67 
17 47 9 53 5 54 65 34 38 1 67 
38 1 53 35 39 59 9 62 24 15 5 42 67 
9 62 24 15 46 59 42 55 45 70 
9 62 39 45 55 59 33 20 24 70 
9 62 39 45 55 59 33 20 24 70 
47 33 19 8 24 48 32 56 62 70 
52 33 19 8 24 48 32 56 62 70 
64 14 57 55 17 34 49 44 38 13 70 
17 47 9 5 53 65 34 38 1 45 67 
38 1 45 49 25 10 19 65 12 51 32 57 67 
