39 42 19 35 33 45 64 20 43 38 70 
32 3 2 46 6 21 27 9 26 66 
32 3 2 6 21 17 27 42 26 66 
39 42 48 58 5 50 19 35 33 54 64 70 
39 38 14 54 1 58 5 33 42 20 53 45 67 
32 3 2 6 21 33 60 26 28 66 
32 5 1 58 12 54 2 23 4 67 
55 45 1 51 32 12 10 62 23 67 
55 5 1 51 52 12 4 23 10 67 
55 5 1 51 32 12 4 23 10 67 
13 19 2 9 12 24 25 33 22 28 66 
10 41 2 6 12 59 33 23 28 66 
52 3 2 6 21 33 38 12 28 66 
18 14 51 24 54 17 32 1 58 39 12 62 67 
54 39 1 38 5 33 42 56 53 67 
10 3 2 6 12 35 21 23 28 66 
10 3 2 6 12 34 21 65 28 66 
10 3 2 6 12 34 21 23 28 66 
44 3 2 6 12 45 33 23 28 66 
32 3 2 6 21 33 60 26 28 66 
32 3 2 6 44 21 14 25 28 66 
10 3 41 6 12 33 21 23 28 66 
32 43 2 6 21 33 38 12 28 66 
32 19 2 6 12 24 25 41 22 28 66 
32 3 2 46 21 33 8 12 28 66 
32 3 2 6 44 21 14 25 28 66 
10 41 2 6 12 59 33 23 28 66 
13 34 2 9 12 24 25 33 22 28 66 
5 1 33 54 39 14 48 55 32 12 23 53 67 
32 19 2 3 12 24 25 33 22 28 66 
55 45 51 24 54 1 10 32 12 62 23 53 67 
54 5 1 53 12 32 33 45 64 67 
39 5 1 58 12 54 8 19 35 67 
39 1 5 38 54 17 32 51 55 58 9 42 67 
32 43 2 6 21 33 42 12 28 66 
32 19 2 3 12 24 25 33 22 28 66 
54 5 53 59 1 58 39 12 32 33 45 64 67 
10 3 41 6 12 33 21 23 28 66 
15 3 2 6 12 45 33 23 28 66 
13 19 2 48 9 12 18 25 34 22 28 66 
54 39 1 38 5 33 42 20 53 67 
54 39 1 14 5 48 64 20 12 23 67 
13 19 2 48 9 12 18 25 34 22 28 66 
55 45 1 51 32 12 62 23 24 38 67 
55 45 1 10 32 12 62 23 24 67 
32 19 2 6 12 24 25 41 22 28 66 
54 1 53 58 24 39 12 5 57 49 23 67 
55 45 1 58 12 33 51 32 62 23 9 67 
38 46 2 3 12 21 33 8 28 66 
54 39 1 12 20 24 57 49 17 33 67 
44 1 53 58 46 24 25 33 39 12 67 
54 49 38 18 57 33 42 39 1 12 64 67 
54 53 48 58 5 59 1 39 12 13 33 67 
54 39 1 14 5 48 55 51 32 10 67 
54 39 1 14 5 48 55 51 32 10 67 
55 51 1 18 57 33 42 14 5 48 64 67 
55 51 1 18 57 33 42 14 5 48 64 67 
32 3 2 6 21 17 27 9 26 66 
39 42 48 58 5 50 19 35 33 54 64 70 
54 39 1 51 32 12 4 23 14 67 
9 3 2 6 12 32 21 38 28 66 
10 3 2 6 12 35 21 23 28 66 
32 3 2 6 21 33 60 26 28 66 
32 3 2 6 44 21 14 25 28 66 
10 41 2 6 12 59 33 23 28 66 
13 19 2 9 12 24 42 33 22 28 66 
5 1 51 24 54 17 32 15 12 62 23 53 67 
54 39 1 14 32 12 62 5 9 67 
56 40 14 54 1 58 18 5 19 35 33 45 67 
32 43 2 6 21 65 38 12 28 66 
32 19 2 3 12 24 25 33 22 28 66 
18 14 51 24 54 17 32 1 58 39 12 62 67 
10 3 41 6 12 33 21 23 28 66 
44 3 2 6 12 45 33 23 28 66 
39 42 1 38 5 48 54 50 19 67 
13 19 2 48 9 12 18 25 34 22 28 66 
55 45 1 51 32 12 62 23 24 38 67 
55 45 1 10 32 12 62 23 24 67 
32 19 2 6 12 24 25 41 22 28 66 
54 1 53 58 46 39 12 32 62 23 5 67 
38 3 2 46 21 33 8 12 28 66 
54 39 1 14 5 48 55 51 32 12 67 
54 39 1 53 24 12 20 57 49 17 33 67 
39 42 19 35 33 56 40 14 54 1 67 
54 1 53 32 5 51 13 33 39 42 19 67 
32 3 2 6 21 17 27 9 26 66 
39 42 48 58 5 50 19 35 33 45 64 70 
55 5 1 51 32 12 4 23 10 67 
8 3 2 6 12 32 21 38 28 66 
10 3 2 6 12 34 21 23 28 66 
32 3 2 6 21 33 60 26 28 66 
32 3 2 6 44 21 14 58 28 66 
10 41 2 6 12 59 33 23 28 66 
13 19 2 9 12 18 25 34 22 28 66 
54 38 33 59 1 58 39 12 23 5 24 57 67 
55 45 1 51 5 53 32 12 62 67 
56 40 14 54 1 58 39 5 19 35 33 45 67 
32 43 2 6 21 33 38 12 28 66 
32 19 2 3 12 24 44 33 22 28 66 
18 14 51 24 54 17 32 1 58 39 12 62 67 
