40 20 1 42 34 12 23 4 26 67 
55 57 1 42 34 12 23 4 26 67 
55 57 1 42 34 12 23 4 26 67 
40 20 1 42 34 12 23 4 26 67 
40 57 1 42 34 12 23 4 26 67 
40 20 1 42 34 12 23 4 26 67 
15 38 65 20 14 5 1 40 10 12 17 67 
56 55 8 19 14 58 40 1 54 67 
9 32 19 60 5 1 15 38 40 10 67 
8 39 1 64 38 10 12 17 23 26 67 
8 39 1 64 38 10 12 17 23 26 67 
15 8 33 38 1 40 10 12 23 26 67 
8 39 1 64 38 10 12 17 23 26 67 
8 39 1 64 38 10 12 17 23 26 67 
8 39 1 64 38 10 12 17 23 26 67 
8 5 1 15 38 40 10 65 12 17 23 26 67 
8 5 1 60 35 65 14 54 12 17 23 26 67 
8 5 1 15 38 40 10 65 12 19 23 26 67 
15 8 5 38 1 40 10 12 17 23 26 67 
15 38 8 5 1 40 10 12 56 23 26 67 
39 32 50 56 13 24 54 38 25 15 40 44 69 
15 38 8 5 1 40 10 12 56 23 26 67 
15 38 8 5 1 40 10 12 17 23 26 67 
15 38 8 5 1 40 10 12 17 23 26 67 
15 38 8 1 39 10 12 17 23 67 
56 5 1 15 38 8 40 10 12 17 23 26 67 
15 55 50 56 13 24 54 38 25 18 40 48 69 
39 32 50 56 13 24 54 38 25 15 40 44 69 
9 5 1 15 38 40 10 65 12 17 23 33 67 
56 5 1 20 44 43 46 12 23 14 24 26 67 
15 38 1 52 18 12 8 20 23 67 
31 40 24 15 38 44 8 1 12 23 64 35 67 
8 5 1 15 38 40 10 65 12 17 23 26 67 
39 32 50 56 13 24 54 38 25 18 40 44 69 
8 5 1 15 38 40 10 65 12 17 23 33 67 
10 20 1 55 8 44 46 12 23 14 38 67 
39 1 43 65 56 8 46 12 23 32 53 67 
8 5 1 15 38 40 10 12 17 23 33 67 
56 20 1 44 8 46 50 65 12 23 14 38 67 
39 32 50 56 13 24 54 38 25 18 40 44 69 
20 1 43 65 56 8 46 12 23 14 38 67 
56 54 43 1 40 12 23 41 8 67 
60 35 65 14 1 55 39 8 40 10 12 17 67 
15 55 50 56 13 24 54 38 25 18 40 48 69 
56 20 1 43 8 46 12 23 14 38 67 
56 55 8 19 31 1 50 65 18 40 10 12 67 
15 38 8 1 40 41 65 18 10 12 17 23 67 
60 35 14 65 56 55 39 8 20 5 1 41 67 
39 55 8 41 38 1 50 65 20 59 53 12 67 
44 8 1 15 38 40 12 23 41 35 10 67 
56 20 1 44 43 46 12 23 14 38 67 
60 14 38 55 8 31 53 20 1 41 59 35 67 
60 14 38 55 8 20 1 41 54 5 59 53 67 
56 55 8 1 19 31 65 18 40 10 12 20 67 
60 14 8 1 52 18 12 23 39 38 67 
15 38 8 1 64 18 40 12 23 39 67 
15 38 65 20 8 1 40 10 12 17 23 67 
39 32 44 15 38 1 50 65 20 41 12 55 67 
60 65 1 34 35 48 53 14 54 5 8 20 67 
39 32 44 15 38 1 19 8 10 12 52 18 67 
15 8 5 38 1 40 10 12 17 23 26 67 
60 35 14 65 56 55 8 1 54 5 33 51 67 
39 32 20 56 1 25 51 44 8 12 67 
10 32 19 60 57 14 1 40 12 17 67 
15 38 8 1 52 18 40 10 12 17 67 
31 38 40 55 8 20 1 41 24 12 17 67 
56 20 1 44 8 46 12 23 14 38 67 
31 38 8 1 52 18 40 24 12 17 67 
60 20 1 44 8 12 58 52 56 40 67 
15 38 8 1 19 31 53 40 10 12 17 23 67 
15 38 8 1 52 18 12 23 39 32 67 
15 44 8 1 40 12 23 41 35 67 
60 50 65 20 1 41 38 44 32 12 35 67 
39 32 44 15 38 8 1 52 18 40 10 67 
32 13 1 34 35 14 65 8 12 67 
39 55 19 20 56 8 14 1 54 5 33 67 
39 50 65 20 1 41 38 44 55 56 13 67 
60 14 38 55 8 20 1 41 59 53 35 67 
31 38 8 1 40 24 12 17 20 67 
56 55 8 19 14 65 40 1 54 67 
60 35 65 14 1 54 5 8 12 67 
55 44 34 56 40 10 8 20 1 67 
15 38 8 1 40 10 12 17 23 67 
32 58 52 56 1 40 59 25 44 34 67 
15 38 8 1 52 18 40 10 12 17 67 
56 35 44 55 8 20 52 48 1 67 
60 13 1 34 35 14 65 8 12 67 
60 14 38 55 8 20 1 41 59 53 35 67 
60 58 52 56 1 40 59 55 24 39 67 
56 55 8 14 1 54 5 33 51 67 
15 8 20 56 40 38 1 10 12 67 
39 14 38 55 8 20 1 41 59 53 12 67 
56 55 44 34 40 10 8 20 1 67 
15 38 8 1 40 10 12 17 23 67 
60 58 52 56 1 40 59 19 24 39 67 
39 50 65 20 1 41 38 44 32 12 55 67 
39 32 20 1 25 51 44 8 12 67 
39 55 8 20 1 41 38 59 53 12 50 67 
10 32 19 51 58 44 56 1 40 59 67 
60 58 52 56 1 40 59 19 24 35 67 
