38 56 54 24 5 62 39 49 25 70 
44 1 46 60 47 59 38 24 49 41 52 67 
1 38 43 60 47 44 12 41 23 26 24 67 
44 1 41 18 5 38 12 23 24 26 67 
44 1 5 60 47 43 12 51 35 62 46 67 
44 1 5 24 49 43 12 60 47 23 65 67 
44 1 5 24 49 60 47 43 12 67 
5 60 44 1 24 49 47 43 12 23 67 
42 1 41 18 5 60 47 43 12 51 67 
44 1 38 24 49 41 52 25 15 67 
44 1 41 18 5 60 43 9 20 35 67 
44 1 38 12 41 23 5 24 26 67 
20 1 38 12 41 23 5 24 26 67 
20 1 38 12 41 23 5 24 26 67 
20 1 38 12 41 23 5 24 26 67 
20 1 38 12 41 23 5 24 26 67 
44 1 38 12 41 23 5 24 26 67 
20 1 38 12 41 23 5 24 26 67 
20 1 38 12 41 23 19 24 26 67 
20 1 38 12 25 23 19 24 26 67 
20 1 38 12 39 23 5 24 26 67 
20 1 38 12 41 23 5 24 26 67 
44 1 38 12 41 23 5 24 26 67 
20 1 31 12 41 23 5 24 26 67 
20 1 38 12 41 23 5 24 26 67 
20 1 5 38 12 41 23 24 26 67 
20 1 41 38 12 23 5 24 26 67 
20 1 38 12 8 23 5 24 26 67 
20 1 5 38 41 12 23 24 26 67 
20 1 38 12 41 23 5 32 26 67 
20 1 38 12 41 23 5 24 26 67 
1 38 44 12 41 23 5 24 26 67 
1 5 20 38 12 41 23 44 26 67 
20 1 38 12 41 23 5 24 26 67 
20 1 60 12 41 23 5 24 26 67 
20 1 38 41 12 23 5 24 26 67 
20 1 38 12 41 23 5 9 26 67 
20 1 9 12 41 23 5 24 26 67 
44 1 38 12 41 23 5 24 26 67 
44 1 38 12 41 23 5 24 26 67 
20 1 38 12 41 5 23 24 26 67 
20 1 38 12 41 23 5 24 26 67 
20 1 38 12 33 23 5 24 26 67 
20 1 38 12 41 5 23 24 26 67 
20 1 38 12 41 23 5 24 26 67 
20 1 38 12 41 23 5 24 26 67 
50 1 12 41 5 38 23 9 26 67 
20 1 5 38 41 12 23 24 26 67 
50 1 5 12 41 23 15 9 26 67 
20 1 38 12 46 23 5 24 26 67 
1 14 38 12 41 23 5 44 26 67 
20 1 38 12 41 23 5 24 26 67 
20 1 38 12 5 41 23 24 26 67 
20 1 38 12 41 5 23 24 26 67 
20 1 38 12 41 23 5 24 26 67 
20 1 49 12 41 23 5 24 26 67 
44 1 38 12 41 23 5 24 26 67 
20 1 46 38 12 23 5 24 26 67 
20 1 38 12 41 23 5 24 26 67 
44 1 38 12 41 23 5 24 26 67 
20 1 38 12 5 48 23 24 26 67 
5 1 38 12 41 20 23 44 26 67 
20 1 5 42 12 46 23 24 26 67 
44 1 38 12 41 23 5 24 26 67 
44 1 38 12 41 5 23 24 26 67 
20 1 38 12 46 23 5 24 26 67 
14 1 12 41 38 23 5 24 26 67 
20 1 38 12 41 23 5 24 26 67 
20 1 38 12 8 23 5 24 26 67 
20 1 38 12 41 23 51 24 26 67 
5 1 20 38 12 41 23 24 26 67 
1 38 12 41 20 23 5 44 26 67 
1 38 12 41 20 23 5 24 26 67 
20 1 5 38 41 12 23 24 26 67 
1 38 9 12 41 23 5 26 24 67 
5 1 20 43 12 41 23 24 26 67 
20 1 49 12 41 23 5 24 26 67 
20 1 5 38 12 41 23 24 26 67 
20 1 38 12 25 23 19 24 26 67 
20 1 38 12 41 5 23 24 26 67 
44 1 38 12 41 23 5 13 26 67 
20 1 38 12 47 23 19 24 26 67 
1 44 10 38 12 41 23 24 26 67 
20 1 38 12 41 23 5 24 26 67 
20 1 38 12 41 5 23 24 26 67 
44 1 5 38 12 41 23 24 26 67 
20 1 38 12 25 23 19 24 26 67 
20 1 38 12 60 23 5 24 26 67 
20 1 38 12 41 23 5 24 26 67 
20 1 38 12 41 23 5 24 26 67 
20 1 38 12 41 23 5 24 26 67 
5 1 38 12 41 20 23 44 26 67 
44 1 38 12 62 23 5 24 26 67 
20 1 12 41 38 23 5 24 26 67 
44 1 5 38 12 41 23 24 26 67 
20 1 38 12 41 23 5 24 26 67 
1 20 38 41 12 23 5 24 26 67 
20 1 38 12 41 23 5 24 26 67 
44 1 13 12 41 23 5 24 26 67 
44 1 38 12 41 23 25 24 49 67 
