38 10 31 44 65 53 57 15 46 70 
1 40 34 50 46 12 23 60 26 67 
1 40 60 18 50 46 12 23 26 67 
43 42 31 44 65 53 40 14 46 70 
58 1 40 13 24 49 42 46 34 50 55 51 67 
1 40 34 50 31 12 56 46 23 67 
34 1 40 50 46 56 12 23 60 26 17 58 67 
34 1 40 50 46 56 31 5 65 53 62 58 67 
1 53 18 40 50 46 12 58 35 65 42 23 67 
34 42 1 50 46 56 15 38 12 31 17 58 67 
45 40 34 50 46 1 56 15 12 67 
1 40 46 12 34 42 49 23 60 26 67 
1 40 38 42 58 20 34 10 31 67 
1 8 46 12 34 42 50 23 60 26 67 
1 40 45 58 46 34 5 25 56 12 50 31 67 
1 34 40 56 65 60 46 47 12 23 26 67 
40 60 54 49 34 1 50 46 38 67 
1 40 31 13 46 50 56 12 23 52 26 67 
1 40 34 50 46 12 23 60 26 31 17 53 67 
34 1 32 50 46 56 12 23 25 31 44 65 67 
56 40 58 15 1 50 42 12 53 67 
1 8 12 34 50 46 42 23 60 40 67 
1 40 58 46 34 42 50 12 56 23 67 
1 40 34 50 46 12 60 18 23 67 
20 58 1 35 40 60 12 64 23 42 34 67 
31 58 1 35 40 60 12 64 23 42 34 67 
56 15 20 38 40 1 50 42 12 53 67 
1 8 46 12 34 58 20 32 50 56 67 
1 40 31 5 65 60 12 53 45 58 46 67 
39 47 1 35 40 42 34 50 46 12 65 67 
42 58 20 38 34 1 50 46 24 15 67 
1 34 40 31 14 65 53 18 50 46 67 
38 10 1 35 31 44 65 53 57 15 33 67 
1 40 45 14 65 18 53 58 46 34 42 67 
59 10 31 44 65 53 57 58 14 70 
1 40 53 50 46 12 23 60 26 67 
58 1 40 13 24 49 42 46 34 50 55 56 67 
1 40 56 12 46 50 31 23 52 26 67 
56 15 1 50 46 40 42 12 34 38 60 58 67 
40 39 1 58 46 34 57 15 54 67 
34 40 60 18 50 46 1 12 23 26 62 67 
40 45 1 50 46 56 15 12 31 23 52 26 67 
58 1 40 20 39 34 42 12 23 31 25 44 67 
1 40 56 47 34 49 12 50 46 67 
1 40 60 34 50 46 38 12 39 23 67 
1 40 34 50 46 12 39 23 47 67 
56 15 1 50 40 42 12 53 34 46 23 67 
34 58 20 1 32 50 46 56 12 43 67 
58 14 60 40 50 34 1 12 39 35 65 67 
1 40 45 18 53 58 46 34 42 25 67 
34 32 1 35 40 42 51 46 62 14 65 67 
1 40 34 50 46 12 23 60 26 67 
38 40 34 50 35 31 44 65 53 70 
1 5 25 32 24 49 42 46 17 19 50 56 67 
1 40 53 34 50 46 12 23 26 20 67 
56 40 39 47 34 49 15 1 62 42 12 46 67 
47 31 1 58 46 34 57 15 42 67 
34 40 60 18 50 46 1 12 23 26 62 67 
1 40 53 50 46 56 34 12 23 26 20 58 67 
1 40 53 50 46 56 34 12 23 24 20 58 67 
40 58 14 60 34 50 1 12 39 67 
34 58 20 1 32 50 46 56 12 23 67 
1 34 50 12 59 53 40 14 23 67 
1 53 18 40 50 46 12 23 58 35 65 67 
1 8 46 12 34 40 39 47 49 53 67 
57 59 1 50 40 42 12 46 39 47 34 67 
1 34 40 31 5 65 53 62 58 46 67 
1 34 40 14 65 42 58 20 38 56 18 67 
1 13 34 50 46 12 23 60 26 67 
38 42 58 20 34 10 31 44 65 53 70 
1 40 45 58 46 34 5 25 32 24 49 42 67 
1 40 56 12 46 50 31 23 52 26 67 
1 40 45 58 46 34 5 25 56 12 50 31 67 
40 31 1 58 46 34 57 15 42 67 
1 34 40 14 65 60 46 47 12 23 26 67 
34 1 40 25 46 56 57 50 12 23 60 26 67 
1 40 45 58 60 18 53 57 50 12 23 46 67 
40 39 54 49 34 1 50 46 12 67 
1 8 46 12 34 42 50 23 60 40 67 
1 40 34 50 31 12 39 23 42 67 
31 58 1 35 40 42 46 34 50 12 23 67 
1 58 20 38 40 34 50 46 12 39 67 
56 15 1 50 40 42 12 46 34 38 60 67 
40 24 60 18 1 50 56 45 38 52 67 
42 58 20 34 38 1 46 50 31 25 10 67 
1 40 34 50 12 39 23 47 26 67 
34 42 31 44 65 53 40 14 46 70 
1 40 39 47 34 49 42 50 46 56 58 13 67 
1 40 60 34 50 46 12 23 26 20 67 
40 58 14 60 1 34 50 12 39 15 38 44 67 
1 40 39 47 34 50 5 25 32 67 
1 34 40 14 46 42 12 23 60 26 58 67 
1 40 50 18 46 34 42 12 23 60 26 58 67 
34 1 32 50 46 56 12 23 60 35 17 58 67 
1 40 58 14 46 34 50 12 39 67 
1 58 60 18 53 57 50 12 23 46 67 
40 39 47 49 34 42 1 12 23 67 
1 40 34 50 64 60 12 46 23 42 5 67 
60 18 1 10 25 15 35 46 12 54 67 
1 53 31 5 65 18 40 19 46 12 58 67 
