1 39 57 13 65 52 12 23 26 67 
1 39 57 13 65 52 12 23 26 67 
1 39 57 13 65 52 12 23 26 67 
1 65 52 12 32 31 23 26 10 67 
33 52 57 1 12 20 65 23 26 67 
25 49 64 1 18 31 42 65 12 23 26 10 67 
1 34 12 65 23 39 62 38 25 26 19 18 67 
1 65 52 12 23 26 10 53 51 60 25 48 67 
1 65 52 12 57 5 23 64 31 26 10 67 
1 65 12 40 23 64 39 62 38 26 67 
1 65 52 12 23 26 10 53 51 64 25 48 67 
1 65 52 12 23 26 10 5 55 20 51 64 67 
1 65 12 23 39 62 38 64 26 19 67 
1 65 52 40 12 23 64 39 62 38 26 67 
1 65 52 12 23 26 10 20 51 64 25 48 67 
1 65 52 40 12 23 64 39 62 38 26 67 
1 33 12 20 55 23 38 64 26 45 67 
1 25 49 42 64 18 65 12 23 26 10 67 
1 65 12 23 39 62 38 64 26 19 67 
1 40 12 56 33 39 20 23 51 26 57 67 
1 65 12 23 26 10 20 51 64 25 67 
56 33 1 52 12 20 23 51 26 67 
1 40 12 23 64 39 62 38 26 19 57 67 
1 65 12 23 39 62 38 64 26 19 67 
1 65 12 23 39 62 38 34 41 52 67 
1 65 12 23 52 5 34 57 41 18 67 
1 65 12 39 52 57 5 23 64 31 67 
1 65 12 23 52 57 5 18 25 31 67 
1 34 57 52 12 5 23 51 44 31 67 
25 5 57 1 12 20 23 51 49 67 
1 65 12 39 52 57 5 23 64 31 67 
1 33 51 64 12 20 23 25 31 67 
46 25 34 39 57 13 64 1 19 12 33 23 67 
1 52 12 57 5 23 25 31 24 51 64 42 67 
52 5 57 1 12 20 23 51 64 67 
46 33 1 52 12 57 65 5 23 67 
46 33 1 52 12 57 5 23 51 67 
1 65 52 12 57 5 25 31 24 23 64 42 67 
33 52 57 1 12 20 5 23 51 67 
1 25 49 42 64 52 32 19 12 33 18 23 67 
25 49 64 1 18 31 42 62 10 39 12 23 67 
1 65 52 12 57 5 23 64 31 42 51 67 
1 25 49 42 64 52 32 18 12 23 10 67 
1 33 52 12 57 5 23 51 64 31 42 67 
54 39 25 1 5 12 57 33 38 15 50 13 67 
46 39 25 33 13 64 1 19 12 38 17 41 67 
1 52 12 57 5 23 51 64 31 42 43 67 
55 39 25 33 13 64 1 19 12 38 62 5 67 
1 34 12 20 51 64 25 31 24 57 55 18 67 
58 39 1 33 12 20 51 64 25 67 
49 42 25 1 65 5 64 52 39 18 12 23 67 
46 33 13 62 9 31 10 1 12 67 
1 25 49 42 60 52 39 18 12 10 34 67 
1 33 12 20 51 64 25 31 24 9 42 62 67 
1 33 12 20 55 45 18 51 14 8 35 67 
1 64 12 20 19 31 42 17 38 34 67 
46 39 57 13 64 1 19 12 33 67 
1 33 12 20 51 64 25 42 62 31 67 
46 39 5 1 57 13 64 19 12 38 67 
1 25 49 42 64 52 39 18 12 23 10 67 
1 33 12 39 42 62 58 51 64 31 67 
1 64 12 20 19 31 42 17 38 34 51 67 
46 39 25 33 13 64 1 19 12 38 17 41 67 
1 33 12 20 51 64 25 15 42 5 34 67 
46 39 57 15 42 31 64 1 19 12 67 
1 33 12 39 51 64 31 42 62 25 67 
5 39 57 13 64 1 60 34 41 67 
34 39 25 1 9 47 55 18 31 67 
41 10 46 57 5 39 25 1 65 24 32 67 
1 25 49 42 64 18 10 46 39 57 5 67 
46 39 57 13 64 1 19 12 38 67 
18 42 5 53 64 39 25 1 65 34 57 67 
35 40 14 53 64 52 32 43 25 1 18 67 
58 42 5 1 18 25 53 62 38 34 41 67 
1 33 12 20 51 64 25 31 42 62 38 67 
46 39 57 13 64 1 19 12 38 67 
15 39 25 1 9 31 50 12 42 67 
1 33 12 20 51 60 45 18 25 31 10 67 
34 39 25 1 9 31 50 64 17 67 
54 39 25 1 5 34 57 33 38 15 50 13 67 
46 33 13 20 9 31 50 64 1 67 
1 25 49 42 64 52 39 18 12 23 50 67 
54 39 25 1 5 34 57 33 38 15 50 13 67 
18 39 25 1 65 5 34 57 46 24 32 43 67 
43 39 25 1 18 31 42 62 45 14 65 41 67 
35 40 14 43 39 25 1 18 31 67 
1 34 57 55 18 25 31 42 62 38 67 
1 64 25 31 42 62 38 34 45 14 67 
1 64 25 31 42 62 38 34 41 47 67 
1 10 64 34 57 55 18 25 31 42 67 
43 39 25 1 18 31 42 62 45 14 57 41 67 
1 34 57 55 18 25 31 42 62 38 67 
1 18 25 31 42 62 38 34 41 47 67 
18 10 46 39 57 5 24 32 43 53 70 
54 39 5 34 57 33 38 18 50 13 70 
46 33 13 20 9 31 10 64 1 67 
20 55 45 18 51 14 8 35 40 50 46 70 
43 48 5 24 9 33 45 58 17 25 70 
5 34 57 41 18 49 45 64 24 69 
18 10 46 39 57 5 24 32 52 45 70 
