64 10 17 25 32 50 56 15 9 70 
2 3 12 40 6 21 22 26 28 66 
2 3 12 6 21 34 22 26 28 66 
19 41 17 64 10 25 32 50 56 70 
1 43 40 54 47 59 25 48 5 64 10 44 67 
1 12 42 47 32 59 31 23 50 26 67 
2 13 12 5 46 33 18 22 28 66 
2 13 12 5 46 33 18 22 28 66 
2 13 12 5 46 4 18 22 28 66 
2 3 12 25 24 34 22 26 28 66 
2 49 12 14 6 41 22 32 28 66 
1 12 42 47 5 23 32 59 31 67 
1 14 47 31 12 40 59 25 32 23 26 19 67 
2 52 3 6 21 34 22 26 28 66 
2 3 12 58 6 23 22 26 28 66 
2 3 12 24 6 23 22 26 28 66 
2 3 62 6 12 34 22 26 28 66 
2 3 12 6 5 60 22 42 28 66 
1 32 12 46 59 64 47 42 33 56 38 14 67 
1 54 47 48 56 14 45 9 18 67 
2 52 3 6 21 44 22 26 28 66 
2 3 12 40 41 13 22 15 28 66 
2 3 12 25 24 34 22 26 28 66 
2 49 12 40 6 41 22 32 28 66 
2 3 12 6 5 60 22 42 28 66 
2 3 12 6 5 23 22 42 28 66 
2 3 12 24 6 23 22 48 28 66 
2 52 3 6 21 18 64 26 28 66 
2 3 12 40 6 21 33 26 28 66 
1 12 25 47 32 59 31 23 50 26 67 
2 3 12 40 39 21 22 26 28 66 
1 12 32 31 59 64 51 42 5 23 40 14 67 
1 59 32 12 46 33 64 56 38 67 
1 12 32 59 25 47 31 23 50 26 8 67 
1 5 18 48 8 58 31 12 40 59 25 23 67 
1 12 32 59 25 47 31 23 50 26 8 67 
1 42 12 25 24 34 59 47 31 67 
1 43 40 54 47 59 25 48 5 64 10 44 67 
1 14 18 48 8 58 31 12 47 40 59 25 67 
1 12 40 59 25 14 47 31 23 50 67 
1 54 47 48 56 14 45 9 18 67 
1 12 40 44 25 14 47 31 23 50 67 
2 3 12 40 41 13 22 15 28 66 
1 14 47 31 12 40 59 25 32 23 26 19 67 
1 32 31 12 5 34 25 59 47 23 50 67 
2 3 12 40 39 21 22 26 28 66 
1 14 47 31 12 40 25 59 44 23 50 67 
2 3 52 6 21 18 53 26 28 66 
1 12 25 47 44 34 31 23 50 67 
1 54 47 59 25 48 5 40 31 12 67 
2 13 12 5 46 4 18 22 28 66 
1 12 40 59 25 14 47 31 5 34 67 
1 12 40 31 5 34 25 32 59 33 47 67 
1 12 40 31 5 34 25 65 42 47 38 67 
2 3 12 40 6 21 33 26 28 66 
2 3 52 6 12 34 22 26 28 66 
1 54 20 59 25 48 5 43 40 64 67 
1 38 47 59 25 48 5 40 15 42 67 
1 38 47 15 5 42 25 59 31 20 48 67 
1 38 62 40 48 25 58 56 54 47 59 67 
2 3 12 6 21 40 22 26 28 66 
8 41 17 57 39 25 47 59 32 70 
2 38 12 41 5 40 22 15 28 66 
2 3 12 24 6 23 22 26 28 66 
2 52 3 6 21 18 22 26 28 66 
2 3 12 40 39 10 22 26 28 66 
2 49 12 40 6 41 22 32 28 66 
2 3 12 6 5 53 22 42 28 66 
2 3 12 6 5 23 22 42 28 66 
1 12 25 47 31 23 50 59 32 26 67 
1 14 47 31 12 40 59 25 32 23 5 18 67 
1 12 47 31 23 50 59 25 53 26 19 67 
1 12 42 47 38 15 5 25 59 67 
1 43 40 54 47 59 25 48 5 64 10 44 67 
1 12 32 31 59 64 47 42 24 5 40 14 67 
1 40 32 10 44 25 14 47 31 67 
1 12 40 38 25 14 47 31 23 50 67 
2 3 12 40 9 13 22 15 28 66 
1 12 31 50 59 32 5 45 47 23 26 19 67 
2 3 12 40 39 21 22 26 28 66 
1 5 18 31 12 40 25 59 44 23 34 67 
2 52 3 6 21 18 59 26 28 66 
1 12 42 47 32 64 44 23 31 67 
2 13 12 5 46 4 18 22 28 66 
1 32 31 12 46 40 5 34 25 59 67 
1 12 40 31 5 34 25 65 59 33 47 67 
2 3 12 40 6 21 33 26 28 66 
2 52 3 6 12 34 22 26 28 66 
1 54 47 59 18 48 8 25 5 40 67 
1 38 62 40 48 8 58 56 54 47 59 67 
2 3 12 40 6 21 22 26 28 66 
8 41 17 25 47 59 32 54 48 56 20 44 70 
2 38 12 40 33 5 22 15 28 66 
2 3 12 40 6 23 22 26 28 66 
2 52 3 6 21 34 22 26 28 66 
2 3 12 25 44 34 22 26 28 66 
2 49 12 40 6 5 22 32 28 66 
2 3 12 6 5 60 22 42 28 66 
2 3 12 55 6 5 23 22 28 66 
1 12 25 47 32 59 31 23 50 26 67 
