53 64 9 47 35 48 14 58 5 8 70 
52 1 9 48 12 15 23 26 49 67 
53 49 51 9 48 52 64 14 58 35 25 1 67 
51 48 17 18 1 55 12 23 34 67 
3 2 6 19 23 60 21 12 28 66 
3 49 45 60 2 6 21 12 28 66 
18 9 1 65 32 48 12 15 23 26 67 
45 52 31 18 9 1 48 12 15 23 26 67 
15 54 45 18 9 34 65 32 1 55 56 12 67 
48 57 49 1 9 8 58 38 12 15 60 23 67 
41 48 57 1 47 56 33 38 12 67 
3 9 60 2 6 21 18 22 28 66 
3 43 6 19 23 60 21 12 28 66 
3 43 6 19 23 21 60 18 28 66 
54 45 1 65 32 34 12 15 23 9 67 
3 15 60 9 2 21 12 22 28 66 
18 9 1 65 32 48 58 38 12 15 23 26 67 
2 6 43 19 23 60 21 12 28 66 
48 57 31 18 9 1 19 12 45 23 60 67 
3 2 6 60 33 48 21 37 28 66 
3 49 6 60 53 21 45 12 28 66 
15 54 45 65 32 34 1 55 52 12 67 
51 48 38 9 17 18 34 1 65 12 45 67 
45 33 57 1 54 49 9 52 32 67 
15 54 17 18 9 34 1 65 50 44 67 
15 54 39 9 17 18 34 1 65 50 44 67 
3 6 60 9 2 21 12 22 28 66 
3 9 6 60 2 21 12 22 28 66 
3 6 60 9 2 21 12 22 28 66 
3 6 60 9 2 21 12 22 28 66 
3 6 60 9 2 21 12 22 28 66 
3 6 60 9 2 21 12 22 28 66 
3 9 6 60 2 21 12 22 28 66 
3 6 60 9 2 21 12 22 28 66 
3 6 60 9 2 21 12 22 28 66 
3 6 60 9 2 21 12 22 28 66 
3 6 60 9 2 21 12 22 28 66 
3 6 60 9 2 21 12 22 28 66 
3 6 60 9 2 21 12 22 28 66 
3 6 60 9 2 21 12 22 28 66 
3 6 60 52 2 21 12 22 28 66 
3 6 60 9 2 21 12 22 28 66 
3 9 6 60 2 21 12 22 28 66 
3 6 60 9 2 21 12 22 28 66 
3 6 60 9 2 21 12 22 28 66 
3 6 24 9 2 21 12 22 28 66 
3 6 60 9 2 21 12 22 28 66 
3 6 60 9 2 21 12 22 28 66 
3 6 60 9 2 21 12 22 28 66 
3 6 60 9 2 21 12 22 28 66 
3 6 9 60 2 21 12 22 28 66 
3 6 60 9 2 21 12 22 28 66 
3 6 9 60 2 21 12 22 28 66 
3 9 6 60 2 21 12 22 28 66 
3 6 14 9 2 21 12 22 28 66 
3 6 60 9 2 21 12 22 28 66 
3 6 24 9 2 21 12 22 28 66 
3 6 9 60 2 21 12 22 28 66 
3 6 60 41 2 21 12 22 28 66 
3 9 6 60 2 21 12 22 28 66 
3 6 14 9 2 21 12 22 28 66 
3 6 60 9 2 21 12 22 28 66 
3 6 60 9 2 21 12 22 28 66 
3 6 60 9 2 21 12 22 28 66 
3 6 60 9 2 21 12 22 28 66 
3 6 9 60 2 21 12 22 28 66 
3 6 60 34 2 21 12 22 28 66 
3 6 60 34 2 21 12 22 28 66 
3 6 24 9 2 21 12 22 28 66 
3 6 60 9 2 21 12 22 28 66 
3 9 12 60 2 6 21 22 28 66 
3 6 60 9 2 21 12 22 28 66 
3 6 60 56 2 21 12 22 28 66 
3 6 60 38 2 21 12 22 28 66 
3 6 60 9 2 21 12 22 28 66 
3 6 60 56 2 21 12 22 28 66 
3 6 60 57 2 21 12 22 28 66 
3 6 60 34 2 21 12 22 28 66 
3 6 60 9 2 21 12 22 28 66 
3 6 60 9 2 21 12 22 28 66 
3 6 14 9 2 21 12 22 28 66 
3 6 14 47 2 21 12 22 28 66 
3 6 60 9 2 21 12 22 28 66 
3 6 60 9 2 21 12 22 28 66 
3 6 60 9 2 21 12 22 28 66 
3 9 6 60 2 21 12 22 28 66 
3 9 60 2 6 21 26 22 28 66 
