5 42 34 18 56 46 31 51 62 38 45 69 
3 2 12 6 22 27 21 26 28 66 
52 2 12 48 22 10 28 46 62 66 
64 1 9 12 31 26 32 42 23 67 
64 58 1 59 9 42 62 12 23 67 
38 42 62 9 1 59 47 19 46 15 54 60 67 
52 2 12 3 64 48 22 10 28 66 
52 2 12 6 48 22 10 28 46 66 
3 2 12 6 22 24 21 28 26 66 
3 2 14 6 12 22 23 28 26 66 
3 2 12 6 48 22 10 23 28 66 
52 2 12 3 6 48 22 10 28 66 
3 2 14 6 12 22 10 28 26 66 
3 2 14 6 22 24 21 28 26 66 
38 25 31 42 1 59 47 9 14 5 12 34 67 
46 5 62 9 25 31 1 18 59 56 12 23 67 
58 9 1 59 55 54 12 42 14 67 
3 2 12 48 22 10 28 26 47 66 
40 2 12 48 6 22 10 28 23 66 
64 62 9 1 12 31 26 32 42 23 67 
46 62 1 5 25 59 56 12 23 17 67 
3 2 12 48 22 10 21 28 26 66 
1 34 31 10 25 9 24 62 12 23 54 67 
64 58 1 9 59 4 62 12 23 67 
34 19 1 54 25 59 56 12 46 15 67 
3 2 14 6 12 45 21 28 26 66 
59 42 14 1 15 58 24 41 12 9 54 67 
3 2 12 6 49 10 21 48 28 66 
64 62 9 42 14 1 12 56 26 32 23 67 
3 2 12 6 48 23 10 21 28 66 
3 2 12 6 18 23 21 26 28 66 
9 62 1 59 34 19 46 15 54 67 
46 62 1 25 31 60 54 24 5 42 67 
46 62 9 42 14 1 57 24 38 18 58 67 
3 2 12 6 22 23 21 26 28 66 
3 2 12 6 22 23 21 26 28 66 
3 2 12 6 22 23 21 26 28 66 
3 2 12 6 22 23 21 26 28 66 
3 2 12 6 22 23 21 26 28 66 
3 2 12 6 22 23 21 26 28 66 
3 2 12 6 22 23 21 26 28 66 
3 2 12 6 22 23 21 26 28 66 
3 2 12 6 22 23 21 26 28 66 
3 2 12 6 22 23 21 26 28 66 
3 2 12 6 22 23 21 26 28 66 
3 2 12 6 22 23 21 28 26 66 
3 2 12 6 22 23 21 26 28 66 
3 2 12 6 22 23 21 26 28 66 
3 2 12 6 22 23 21 28 26 66 
3 2 12 6 22 23 21 26 28 66 
3 2 12 6 22 23 21 26 28 66 
3 2 12 6 22 23 21 26 28 66 
3 2 12 6 22 23 21 28 26 66 
3 2 12 6 22 23 21 26 28 66 
3 2 12 6 22 23 21 26 28 66 
3 2 12 6 22 23 21 28 26 66 
3 2 12 6 22 23 21 26 28 66 
3 2 12 6 22 23 21 26 28 66 
3 2 12 6 22 23 21 26 28 66 
3 2 12 6 22 23 21 26 28 66 
3 2 12 6 22 23 21 26 28 66 
3 2 12 6 22 23 21 26 28 66 
3 2 12 6 22 23 21 26 28 66 
3 2 12 6 23 22 21 28 26 66 
3 2 12 6 22 23 21 26 28 66 
3 2 12 6 22 23 21 26 28 66 
3 2 12 6 22 23 21 26 28 66 
3 2 12 6 22 23 21 26 28 66 
3 2 12 6 22 23 21 26 28 66 
3 2 12 6 22 23 21 28 26 66 
3 2 12 6 22 23 21 26 28 66 
3 2 12 6 22 23 21 26 28 66 
3 2 12 6 22 23 21 26 28 66 
3 2 12 6 22 23 21 26 28 66 
3 2 12 6 22 23 21 26 28 66 
3 2 12 6 22 23 21 26 28 66 
3 2 12 6 23 22 21 28 26 66 
3 2 12 6 22 23 21 26 28 66 
3 2 12 6 22 23 21 26 28 66 
3 2 12 6 22 23 21 26 28 66 
3 2 12 6 22 23 21 26 28 66 
3 2 12 6 22 23 21 26 28 66 
3 2 12 6 22 23 21 28 26 66 
3 2 12 6 22 23 21 26 28 66 
3 2 12 6 22 23 21 26 28 66 
3 2 12 6 22 23 21 26 28 66 
3 2 12 6 22 23 21 26 28 66 
3 2 12 6 22 23 21 26 28 66 
3 2 12 6 23 22 21 26 28 66 
3 2 12 6 22 23 21 26 28 66 
3 2 12 6 23 22 21 26 28 66 
3 2 12 6 22 23 21 28 26 66 
3 2 12 6 22 23 21 28 26 66 
3 2 12 6 22 23 21 28 26 66 
3 2 12 6 22 23 21 26 28 66 
3 2 12 6 22 23 21 26 28 66 
3 2 12 6 22 23 21 26 28 66 
3 2 12 6 22 23 21 26 28 66 
3 2 12 6 22 23 21 26 28 66 
3 2 12 6 23 22 21 28 26 66 
