50 20 25 34 45 48 38 49 42 10 32 55 70 
35 1 25 51 12 54 23 26 39 67 
50 60 39 25 9 48 38 33 34 45 32 55 70 
35 1 20 51 12 25 54 23 26 67 
58 10 60 51 39 20 44 25 64 33 31 1 67 
50 39 65 20 1 10 12 54 23 67 
59 46 10 1 34 49 53 12 23 64 25 26 67 
50 1 64 39 54 49 53 20 10 34 60 65 67 
17 1 39 65 35 10 41 12 19 54 46 23 67 
54 39 58 33 31 1 41 12 5 62 35 59 67 
50 1 64 51 12 54 34 39 49 67 
35 10 1 9 65 12 54 23 38 26 67 
1 60 25 9 51 33 34 39 20 67 
35 25 1 10 64 12 54 23 38 26 67 
1 33 60 35 50 41 25 64 39 12 54 58 67 
35 25 64 56 1 10 12 54 23 38 26 67 
1 20 45 65 48 53 60 39 58 67 
59 46 35 1 25 51 12 54 23 26 39 67 
54 58 33 1 35 15 41 25 52 12 23 26 67 
1 35 15 41 54 49 53 45 25 51 12 23 67 
35 20 58 65 53 10 1 9 12 67 
35 25 64 45 60 1 18 12 54 23 67 
54 1 35 33 12 15 41 25 51 23 67 
50 20 60 65 1 12 41 23 54 67 
1 15 9 25 38 51 12 49 35 54 23 67 
59 46 10 1 12 54 25 34 49 53 23 67 
59 46 1 12 25 54 10 34 48 47 67 
35 15 39 58 1 57 51 12 54 64 67 
59 46 10 35 1 39 58 42 57 12 54 67 
35 1 57 39 65 51 12 33 25 10 64 67 
1 33 34 9 25 60 51 39 20 45 67 
1 33 15 9 25 60 51 39 20 45 67 
32 25 34 51 56 35 20 1 60 38 58 67 
58 10 64 33 31 1 60 38 39 54 49 67 
50 20 32 34 25 8 65 51 17 70 
35 1 20 25 12 54 23 26 45 67 
59 46 14 35 20 1 60 65 64 39 54 33 67 
54 1 35 15 41 25 51 12 23 26 67 
54 58 33 31 39 20 1 41 12 5 62 35 67 
1 20 45 65 48 53 60 54 58 67 
59 46 10 1 25 51 12 54 23 26 34 67 
59 46 62 35 20 1 12 42 23 26 60 65 67 
59 46 10 1 34 48 38 49 42 53 12 23 67 
32 1 25 51 12 54 34 56 20 67 
35 1 39 58 42 57 12 54 64 23 67 
50 20 1 10 12 54 23 8 14 67 
57 1 39 65 15 51 12 33 25 54 23 67 
35 15 1 12 25 54 14 60 20 51 67 
35 50 1 41 25 64 39 12 54 33 58 67 
35 20 1 60 38 58 33 31 42 54 67 
32 25 34 51 56 1 20 8 65 45 58 67 
60 20 13 1 25 12 40 23 26 67 
32 34 20 25 8 65 51 17 39 70 
59 46 10 35 20 1 60 65 49 25 64 39 67 
54 1 35 15 41 25 51 12 23 26 67 
1 33 60 51 39 20 44 25 45 64 12 57 67 
1 33 60 25 9 51 39 20 45 67 
35 1 15 9 25 41 12 54 23 26 39 67 
59 46 10 1 34 49 53 12 23 64 25 26 67 
50 20 10 1 34 49 60 65 12 41 23 54 67 
57 1 15 39 8 65 51 12 33 67 
35 15 1 33 12 25 54 23 51 52 67 
50 20 1 10 12 54 23 8 13 67 
1 33 35 39 58 25 57 12 54 64 23 67 
35 1 20 33 12 42 39 58 40 54 67 
35 50 1 41 25 64 20 45 58 51 12 67 
35 1 64 45 60 25 20 41 56 51 67 
35 20 58 33 31 1 60 38 42 54 25 67 
50 60 39 25 9 33 34 45 48 70 
35 1 20 25 51 12 54 23 26 67 
1 33 60 51 39 20 45 58 65 32 54 25 67 
35 39 58 1 25 51 12 54 23 26 67 
35 46 60 8 58 50 1 41 45 64 51 12 67 
32 34 20 25 8 65 51 56 1 67 
35 15 1 41 25 51 12 54 23 26 39 67 
59 46 50 1 34 49 53 12 23 64 25 26 67 
59 46 10 1 34 60 20 25 12 54 40 23 67 
35 39 65 1 12 41 15 5 52 67 
35 15 1 12 25 54 33 60 23 51 67 
50 20 60 65 1 12 41 23 54 67 
57 1 15 39 65 51 12 33 25 54 23 67 
35 1 20 33 38 45 65 53 54 12 67 
20 8 54 39 35 1 19 64 12 25 34 67 
35 20 33 1 25 57 18 39 58 40 67 
35 1 20 45 41 25 56 51 34 53 60 67 
60 1 20 13 12 54 23 26 35 67 
17 39 50 20 25 34 45 48 38 49 42 10 70 
50 20 58 33 31 1 60 38 45 65 53 54 67 
35 39 58 1 25 51 12 54 23 26 67 
59 46 10 1 34 49 53 12 60 39 32 38 67 
50 20 1 10 8 13 39 25 9 67 
35 1 15 9 25 41 12 54 23 26 39 67 
1 20 45 58 25 51 12 42 23 26 39 10 67 
59 46 10 1 34 49 53 12 60 39 32 23 67 
33 1 58 65 12 60 54 49 51 67 
35 39 58 1 25 57 12 54 64 23 67 
60 39 45 65 1 12 41 23 25 67 
57 1 39 65 15 51 12 33 25 54 23 67 
35 1 20 33 12 25 39 58 40 54 67 
35 20 1 60 65 49 25 64 39 12 54 67 
