2 12 3 13 22 8 21 49 28 56 66 
2 3 12 21 22 4 56 28 26 54 66 
2 3 12 19 22 56 55 28 18 17 66 
2 12 3 13 21 54 22 55 25 28 66 
2 3 12 19 22 55 56 28 18 17 66 
2 12 3 13 21 22 56 28 26 32 66 
2 12 3 54 22 55 56 28 18 17 66 
2 12 3 54 22 8 21 49 28 26 66 
2 12 3 13 22 55 23 56 28 8 66 
2 12 3 54 22 55 23 56 28 13 66 
2 12 3 54 22 55 23 56 28 19 66 
2 12 3 54 22 8 21 49 28 26 66 
2 12 3 54 22 23 21 49 28 26 66 
2 12 3 54 22 55 23 19 28 26 66 
2 12 3 54 22 55 13 47 28 26 66 
2 4 12 59 22 56 28 26 32 46 66 
2 8 12 21 22 55 4 56 28 26 66 
2 12 3 54 22 55 13 47 28 26 66 
2 12 3 13 21 22 56 28 26 32 66 
2 4 12 59 22 56 28 26 32 46 66 
2 12 3 54 22 55 56 28 18 17 66 
2 8 12 21 22 4 56 28 26 32 66 
2 12 3 54 22 13 47 28 26 59 66 
2 17 12 21 22 4 56 28 26 32 66 
2 12 3 54 22 55 56 28 23 26 66 
2 12 3 54 22 13 10 28 26 59 66 
2 4 12 54 22 55 56 28 26 32 66 
2 12 3 54 22 55 23 56 28 13 66 
2 8 12 21 22 4 56 28 26 32 66 
2 4 12 54 22 56 28 26 32 46 66 
2 12 3 54 22 55 23 56 28 26 66 
2 12 3 54 22 13 23 56 28 26 66 
1 35 5 48 12 56 31 23 24 26 65 67 
1 5 48 12 49 35 31 23 24 26 67 
1 5 48 12 49 35 31 23 24 26 67 
1 5 48 12 49 35 31 23 24 26 67 
1 48 12 49 35 5 31 23 24 26 9 67 
1 5 48 12 49 35 31 23 24 26 67 
1 35 49 12 5 45 58 50 47 23 13 26 67 
1 41 48 12 14 33 35 31 23 24 26 67 
1 41 48 12 35 64 49 31 23 24 26 67 
1 48 64 12 5 65 49 17 31 23 13 26 67 
1 48 64 12 5 65 49 35 31 23 13 26 67 
1 41 48 12 49 35 31 23 24 26 43 17 67 
1 12 35 52 24 5 15 49 31 23 26 55 67 
1 5 48 12 49 35 31 23 24 26 67 
1 35 12 49 45 58 50 47 23 67 
1 5 48 12 24 14 19 49 35 9 23 43 67 
1 5 48 12 24 14 49 35 31 23 43 17 67 
1 35 12 49 33 58 50 47 23 67 
25 1 35 12 49 33 58 50 47 23 34 67 
35 1 12 49 33 58 50 47 23 67 
24 1 64 12 5 65 48 49 9 23 43 54 67 
1 48 12 49 24 18 19 5 38 35 9 23 67 
17 46 35 52 8 58 1 51 31 62 19 41 67 
1 35 12 42 50 49 33 58 47 23 65 67 
59 38 35 52 24 47 33 25 1 5 42 50 67 
1 5 48 12 49 35 58 43 31 23 67 
1 12 42 17 35 64 47 44 62 34 23 67 
1 5 48 12 49 35 9 23 43 17 67 
1 5 48 12 49 35 31 23 43 17 67 
1 35 12 49 33 58 50 47 23 67 
1 35 12 49 33 58 50 47 23 67 
1 12 35 52 24 14 58 19 34 33 9 55 67 
59 38 35 52 24 14 33 51 65 25 1 5 67 
17 46 8 25 31 62 19 41 59 51 70 
1 5 48 12 49 35 9 23 43 17 67 
17 46 8 25 31 62 19 41 59 51 70 
62 35 1 38 51 48 9 18 33 65 67 
1 45 35 52 24 14 19 5 13 20 12 54 67 
25 38 52 17 46 51 34 15 57 64 59 70 
24 1 35 12 59 58 51 33 65 64 55 54 67 
25 1 35 52 24 14 19 5 38 17 46 9 67 
17 46 8 25 31 62 19 41 59 51 70 
18 33 65 1 5 43 17 49 35 64 67 
62 35 1 38 33 65 12 42 50 8 67 
62 35 1 12 42 50 8 56 33 47 67 
1 35 45 13 20 12 42 50 8 56 54 67 
24 1 35 12 59 17 51 48 42 50 45 25 67 
25 1 5 42 50 15 38 52 17 46 9 67 
1 12 42 33 35 64 47 44 62 34 23 67 
62 35 1 38 33 65 58 43 51 44 67 
51 33 65 25 1 5 38 52 17 46 9 67 
51 33 65 1 35 5 38 52 17 46 9 67 
62 35 1 38 33 65 58 43 51 44 67 
17 46 8 25 31 62 19 41 59 51 70 
1 35 12 42 50 15 38 33 65 58 43 67 
1 35 12 42 33 47 44 9 34 67 
25 51 14 58 1 35 12 42 5 38 67 
1 35 12 9 55 65 42 50 8 67 
51 1 5 38 52 17 46 9 34 67 
24 1 5 43 56 65 20 8 17 67 
51 33 65 1 35 64 55 54 58 14 24 67 
1 35 12 42 50 15 39 58 48 43 41 67 
25 1 5 38 52 17 46 9 34 67 
17 51 14 58 1 35 12 42 50 8 67 
1 35 12 42 33 47 44 62 34 67 
38 33 65 58 43 51 1 44 12 64 17 67 
35 1 5 43 17 12 42 50 8 67 
24 1 5 43 17 65 50 34 10 67 
