15 64 8 46 44 32 52 39 5 70 
64 56 20 25 50 34 1 13 51 44 57 53 67 
64 25 20 1 65 42 54 12 23 67 
44 25 20 1 55 54 51 12 23 26 67 
44 25 20 1 55 54 51 62 12 23 26 67 
53 64 65 25 50 34 1 42 54 12 8 46 67 
64 20 65 25 50 34 1 42 54 12 23 46 67 
15 64 20 1 54 62 57 52 12 67 
64 25 20 1 57 54 65 42 12 23 67 
64 25 65 54 55 34 1 12 23 26 8 46 67 
64 41 18 1 13 20 54 65 42 12 23 67 
1 54 12 64 5 45 49 42 39 13 67 
64 56 20 1 57 54 51 62 13 18 12 67 
1 64 56 45 65 57 20 13 51 62 67 
49 64 18 1 13 56 20 8 46 58 32 67 
64 25 20 1 54 55 12 23 26 67 
64 25 20 1 54 55 12 23 26 67 
64 25 20 1 55 54 12 23 26 67 
44 25 20 1 54 55 12 23 26 67 
64 25 20 1 31 55 12 23 26 67 
50 25 20 1 55 54 12 23 26 67 
44 25 20 1 54 55 12 23 26 67 
25 20 44 1 54 55 12 23 26 67 
44 25 20 1 54 55 12 23 26 67 
44 20 1 12 25 54 55 23 26 67 
50 25 52 1 55 54 12 23 26 67 
64 25 20 1 31 55 12 23 26 67 
34 25 20 1 31 55 12 23 26 67 
44 25 20 1 55 54 12 23 26 67 
34 25 20 1 55 31 12 23 26 67 
44 25 20 1 55 54 12 23 26 67 
9 25 20 1 31 55 12 23 26 67 
64 25 20 1 31 55 12 23 26 67 
50 25 52 1 55 54 12 23 26 67 
44 20 1 25 54 12 23 55 26 67 
64 25 20 1 54 55 12 23 26 67 
34 25 20 1 55 43 12 23 26 67 
34 20 25 1 55 31 12 23 26 67 
25 20 44 1 54 55 12 23 26 67 
34 25 20 1 55 43 12 23 26 67 
44 25 20 1 55 54 12 23 26 67 
25 20 44 1 54 55 12 23 26 67 
44 20 1 12 25 54 55 23 26 67 
34 20 25 1 55 31 12 23 26 67 
44 25 20 1 54 55 12 23 26 67 
34 25 20 1 55 43 12 23 26 67 
64 25 20 1 54 13 12 23 26 67 
44 25 20 1 54 55 12 23 26 67 
44 25 20 1 54 55 12 23 26 67 
34 25 20 1 64 43 12 23 26 67 
64 25 20 1 31 55 12 23 26 67 
15 25 20 1 64 43 12 23 26 67 
34 25 18 1 55 31 12 23 26 67 
44 25 20 1 55 54 12 23 26 67 
44 25 20 1 55 54 12 23 26 67 
64 58 20 1 55 54 12 23 26 67 
64 25 20 1 54 55 12 23 26 67 
15 25 20 1 55 43 12 23 26 67 
38 25 20 1 55 54 12 23 26 67 
44 25 20 1 54 55 12 23 26 67 
44 20 1 25 54 12 23 55 26 67 
25 20 44 1 54 55 12 23 26 67 
50 20 1 25 54 12 55 23 26 67 
34 25 20 1 55 43 12 23 26 67 
50 51 52 1 55 54 12 23 26 67 
44 25 20 1 54 55 12 23 26 67 
44 20 1 12 25 54 55 23 26 67 
34 25 20 1 55 43 12 23 26 67 
25 44 20 1 54 55 12 23 26 67 
64 25 20 1 13 55 12 23 26 67 
25 20 44 1 54 55 12 23 26 67 
64 42 20 1 31 55 12 23 26 67 
44 20 1 12 25 54 55 23 26 67 
50 5 20 1 54 55 12 23 26 67 
25 44 20 1 54 55 12 23 26 67 
25 20 44 1 54 33 12 23 26 67 
44 25 20 1 55 54 12 23 26 67 
44 25 20 1 55 54 12 23 26 67 
34 20 1 12 25 64 43 23 26 67 
34 25 20 1 55 17 12 23 26 67 
44 25 17 1 55 12 54 23 26 67 
25 44 20 1 55 54 12 23 26 67 
44 25 20 1 12 54 55 23 26 67 
50 48 52 1 55 54 12 23 26 67 
44 25 20 1 54 55 12 23 26 67 
44 25 20 1 54 55 12 23 26 67 
50 25 52 1 55 54 12 23 26 67 
64 25 20 1 13 58 12 23 26 67 
50 25 52 1 55 54 12 23 26 67 
44 25 20 1 54 55 12 23 26 67 
64 65 20 1 13 55 12 23 26 67 
44 25 20 1 54 55 12 23 26 67 
44 25 20 1 55 54 12 23 26 67 
25 20 44 1 54 55 12 23 26 67 
44 25 20 1 12 54 55 23 26 67 
44 20 1 12 25 54 55 23 26 67 
34 25 18 1 55 31 12 23 26 67 
34 10 25 1 55 31 12 23 26 67 
44 20 25 1 12 54 55 23 26 67 
58 5 45 65 57 20 53 1 17 67 
