15 62 44 18 31 1 12 23 26 67 
15 62 44 18 31 1 12 23 26 67 
15 60 44 52 1 18 12 23 26 67 
17 62 44 18 31 1 12 23 26 67 
32 18 2 12 52 6 22 14 25 28 66 
32 18 2 12 55 6 22 14 24 28 66 
32 18 2 12 5 6 22 14 24 28 66 
17 62 44 18 31 1 12 23 26 67 
32 18 2 12 52 6 22 14 25 28 66 
32 50 2 12 58 6 22 14 24 28 66 
32 18 2 12 59 6 22 14 25 28 66 
32 18 2 12 59 6 22 14 25 28 66 
15 62 44 18 31 1 12 23 26 67 
32 18 2 12 55 6 22 14 24 28 66 
32 18 2 12 3 6 22 14 24 28 66 
32 18 2 12 59 6 22 14 25 28 66 
32 18 2 12 3 6 22 14 24 28 66 
32 18 2 12 3 6 22 14 24 28 66 
15 60 44 18 31 1 12 23 26 67 
32 50 2 12 3 6 22 14 24 28 66 
32 50 2 12 3 6 22 14 24 28 66 
32 18 2 12 3 6 22 14 24 28 66 
15 62 44 18 31 1 12 23 26 67 
32 18 2 12 3 6 22 14 25 28 66 
32 18 2 12 3 6 22 14 24 28 66 
32 18 2 12 3 6 22 14 25 28 66 
47 34 1 32 58 18 12 23 4 67 
47 34 1 32 25 18 12 23 4 67 
14 34 1 20 25 18 12 23 4 67 
14 34 1 65 25 18 12 23 4 67 
14 34 1 32 25 18 12 23 4 67 
47 34 1 32 25 18 12 23 4 67 
25 62 44 18 31 1 12 23 38 26 67 
49 25 18 31 32 1 12 23 53 26 67 
49 31 32 25 1 18 12 23 53 26 67 
52 31 32 25 1 18 12 23 60 26 67 
47 34 1 32 25 18 12 23 4 67 
47 56 1 32 25 18 12 23 4 67 
52 31 32 25 1 18 12 23 60 26 67 
15 62 44 18 31 1 12 23 38 26 67 
53 31 1 25 15 47 12 23 4 67 
52 31 32 25 1 18 12 23 53 26 67 
15 62 44 18 31 1 12 23 38 26 67 
20 38 14 35 62 64 53 15 18 42 69 
32 15 35 57 18 47 54 33 60 56 69 
20 38 35 55 18 47 54 33 65 14 62 70 
20 38 14 35 62 64 39 18 42 55 69 
20 38 5 35 46 64 54 33 60 45 69 
42 39 53 60 31 1 25 12 14 23 67 
42 39 53 59 31 1 25 12 14 23 67 
34 1 49 42 31 25 18 38 12 23 67 
17 18 53 55 31 42 1 12 23 67 
15 31 1 8 25 18 12 23 53 67 
32 47 18 55 31 1 12 23 44 67 
32 15 18 47 31 1 12 8 55 23 67 
32 18 65 25 15 55 31 1 12 23 67 
15 31 1 32 25 18 12 23 53 67 
53 25 18 47 31 1 12 8 38 23 67 
15 18 53 42 31 1 12 23 38 67 
53 25 18 47 31 1 12 8 38 23 67 
53 25 57 35 31 1 47 62 60 12 67 
53 25 1 8 46 38 18 12 51 60 67 
42 39 53 60 31 1 25 12 14 23 67 
53 15 18 35 31 1 56 65 25 12 67 
18 55 53 42 39 31 1 62 25 12 67 
32 20 18 55 31 1 12 23 44 67 
1 8 55 46 12 44 5 18 32 67 
1 8 55 33 12 44 5 18 32 67 
15 8 43 47 31 1 13 12 52 67 
39 18 57 25 47 31 1 62 60 12 67 
1 5 18 38 40 65 57 31 12 56 67 
1 25 8 46 38 18 12 51 60 67 
32 15 35 55 18 47 54 56 65 57 31 70 
32 15 18 55 31 1 12 23 20 67 
53 38 14 35 46 25 18 15 47 32 69 
42 39 18 55 31 1 62 56 38 67 
32 25 18 35 31 1 56 65 57 44 67 
32 25 53 42 39 1 47 15 44 31 67 
53 25 18 5 55 47 31 1 62 52 67 
32 25 18 42 39 1 47 56 15 49 67 
32 15 35 55 18 47 54 56 65 57 31 70 
53 25 18 47 31 1 62 52 60 67 
53 39 18 55 31 1 62 25 12 67 
39 18 42 55 31 1 62 56 38 47 67 
53 18 1 32 64 12 31 47 49 67 
32 39 18 55 31 1 62 56 15 67 
32 58 18 55 31 1 62 15 35 67 
53 25 18 47 31 1 62 60 12 9 67 
32 15 18 35 31 1 56 65 57 44 67 
32 15 18 35 31 1 56 65 57 44 67 
49 25 18 47 31 1 62 52 39 67 
49 39 18 55 31 1 62 8 33 67 
49 25 18 42 39 1 47 56 12 53 67 
1 8 55 33 12 44 5 18 31 67 
42 39 18 55 31 1 62 56 38 67 
53 15 18 42 31 25 47 1 62 60 67 
15 31 1 32 25 18 12 23 56 67 
49 25 18 47 31 1 62 52 39 67 
53 25 18 47 31 1 62 60 12 67 
20 38 14 35 46 64 54 33 60 45 69 
