1 38 12 48 49 55 9 23 26 67 
1 38 12 48 49 55 9 23 26 67 
1 38 12 56 52 54 24 23 26 67 
1 38 12 48 49 55 9 23 26 67 
1 38 12 56 52 54 24 23 26 67 
38 20 52 54 1 24 12 23 26 67 
1 38 51 9 12 10 60 34 23 26 67 
1 10 24 25 39 9 12 23 53 26 62 67 
1 10 38 49 59 39 9 60 12 23 55 26 67 
1 10 41 38 51 9 12 60 34 23 26 67 
1 40 24 9 39 25 12 38 23 64 26 13 67 
1 10 24 25 12 23 53 19 62 39 26 67 
1 38 51 9 12 10 60 34 23 26 67 
1 38 51 10 59 39 9 60 12 23 34 26 67 
1 51 10 9 60 34 12 38 23 64 26 67 
1 10 12 38 49 55 9 23 26 39 65 5 67 
1 48 12 38 49 55 9 23 26 60 34 53 67 
1 48 34 12 38 51 55 9 60 23 26 53 67 
1 40 24 25 39 9 12 38 23 64 26 67 
1 38 51 10 9 60 12 23 34 26 67 
1 38 12 51 10 9 60 34 23 26 67 
1 10 39 38 51 9 12 60 34 23 26 67 
1 38 51 9 12 10 60 34 23 26 67 
1 38 51 9 35 12 10 60 23 26 67 
1 38 20 50 24 12 23 10 53 19 67 
1 18 10 39 40 12 23 64 49 65 67 
1 38 20 52 24 12 23 64 48 19 67 
1 10 59 52 24 12 23 65 34 8 67 
1 64 18 12 10 39 40 49 65 34 23 15 67 
17 18 42 19 1 38 12 65 39 51 41 23 67 
17 18 42 19 25 39 65 1 53 38 12 23 67 
1 48 34 12 10 39 65 44 20 35 23 53 67 
1 10 12 23 64 19 65 34 44 67 
1 38 20 52 24 12 23 64 48 19 67 
1 19 34 12 10 39 65 44 20 35 23 15 67 
1 18 10 9 39 12 51 60 34 23 67 
1 38 12 23 64 48 19 25 53 67 
64 48 53 10 18 39 40 49 1 12 56 51 67 
10 64 39 38 51 18 55 49 1 12 56 13 67 
1 48 53 38 10 64 18 39 40 19 65 34 67 
1 64 39 38 51 10 41 12 43 60 34 13 67 
17 10 39 51 5 64 1 41 32 46 58 40 67 
1 38 12 51 10 39 65 5 9 60 34 23 67 
1 48 53 10 59 39 65 38 9 60 12 51 67 
10 54 18 40 57 39 49 1 12 56 67 
1 10 59 39 5 38 65 12 51 35 67 
1 38 62 9 60 34 12 51 23 67 
17 18 53 10 59 1 38 12 65 39 32 41 67 
1 38 10 9 39 5 60 65 12 51 67 
1 5 48 64 57 39 12 56 40 45 67 
1 38 51 10 9 12 56 39 25 34 23 67 
1 10 19 65 34 12 44 20 35 23 15 67 
1 40 19 65 34 12 38 51 9 60 23 67 
1 64 39 51 5 65 34 18 10 20 56 13 67 
1 48 53 38 10 64 18 39 40 49 12 62 67 
1 38 12 51 10 9 60 34 23 67 
1 10 39 38 12 9 65 51 60 34 23 67 
1 38 10 9 39 5 60 65 12 51 67 
1 48 53 10 59 39 65 5 57 25 54 62 67 
64 18 20 65 34 1 40 49 10 12 24 67 
1 5 48 64 57 39 12 56 40 51 67 
1 10 39 65 5 48 43 34 12 31 54 67 
1 38 10 59 65 12 56 39 45 19 9 67 
17 64 1 38 50 19 65 34 12 44 20 67 
1 10 39 51 5 65 34 40 25 59 64 13 67 
17 64 1 38 12 51 41 56 46 19 40 67 
1 38 12 51 10 9 60 48 45 67 
1 38 10 9 60 65 12 51 34 67 
1 5 48 64 19 25 53 41 65 40 67 
1 10 19 65 34 12 44 20 35 23 15 67 
58 44 19 25 13 20 5 1 39 54 67 
10 64 18 39 40 49 1 12 56 67 
1 5 48 64 18 39 40 49 10 65 67 
1 10 59 65 5 56 39 45 19 67 
1 5 48 53 32 55 13 12 50 67 
10 40 24 25 39 54 62 49 1 67 
1 10 39 38 12 51 9 60 34 23 13 67 
1 5 38 10 59 65 12 51 35 67 
19 25 39 54 1 17 45 20 5 67 
5 64 48 19 25 1 53 41 65 38 67 
31 64 20 52 24 48 19 25 5 1 67 
1 38 12 51 10 9 60 34 23 67 
62 25 39 54 20 5 15 13 10 31 58 70 
1 10 59 65 12 56 39 45 19 67 
31 64 48 19 25 20 5 1 13 39 67 
34 25 39 54 20 5 43 1 10 12 51 67 
34 25 40 39 59 45 19 15 8 50 64 70 
24 25 39 54 62 57 38 43 5 48 53 70 
62 25 39 54 20 5 15 13 10 31 58 70 
1 5 24 25 39 54 62 57 38 67 
1 64 18 39 40 49 10 65 34 67 
34 25 39 54 1 17 45 20 5 67 
10 17 64 1 41 32 46 19 40 60 39 67 
1 10 39 65 34 50 5 25 59 64 13 67 
19 25 20 5 1 13 39 54 34 15 10 67 
24 25 39 54 62 57 38 43 5 48 53 70 
1 38 12 51 10 9 60 34 23 67 
19 25 20 5 1 13 39 54 34 46 10 67 
1 10 39 65 34 25 54 20 5 46 13 67 
19 25 39 54 34 20 5 43 56 46 13 70 
