58 53 13 18 20 51 43 48 59 1 5 67 
42 2 12 13 57 4 10 22 28 66 
42 62 24 18 14 38 33 45 5 69 
42 62 24 18 5 1 35 4 12 23 67 
40 53 9 59 14 38 1 12 42 67 
42 2 13 12 57 4 10 22 28 66 
42 62 24 13 1 45 35 5 52 12 23 67 
42 62 24 18 35 5 1 59 12 23 67 
42 13 57 2 12 22 28 62 24 66 
43 2 10 12 57 6 22 28 56 66 
64 62 24 18 5 1 59 12 23 26 67 
59 43 2 12 58 3 24 22 28 66 
42 62 24 50 35 5 1 4 12 23 67 
42 62 24 18 5 1 59 12 20 58 67 
43 9 17 13 1 51 5 58 59 12 41 67 
42 62 24 18 35 45 20 5 1 67 
40 25 43 18 9 10 14 1 59 53 67 
42 62 24 18 5 1 59 12 23 58 67 
43 2 10 12 57 6 23 22 28 66 
43 2 10 12 57 6 22 28 23 66 
43 10 3 2 57 6 12 22 28 66 
42 62 24 13 1 45 35 5 59 12 23 67 
42 2 10 12 57 6 13 22 28 66 
40 18 20 9 14 38 54 62 5 69 
42 2 44 12 57 22 28 62 56 66 
19 2 10 12 6 23 57 22 28 66 
43 2 10 12 57 6 23 22 28 66 
43 2 10 12 57 6 23 22 28 66 
43 2 10 12 57 6 23 22 28 66 
43 2 10 12 6 23 57 22 28 66 
64 2 12 15 57 4 22 28 17 66 
56 43 2 12 57 4 22 28 58 66 
42 2 12 13 57 4 22 28 62 66 
42 2 12 13 57 4 22 28 62 66 
42 62 24 18 35 5 1 4 12 23 67 
42 62 24 18 35 5 1 4 12 23 67 
42 62 24 18 35 5 1 4 12 23 67 
42 62 24 18 35 5 1 4 12 23 67 
42 2 12 13 57 4 10 22 28 66 
42 62 24 18 35 5 1 4 12 23 67 
47 2 13 12 57 3 24 22 28 66 
59 43 2 12 58 3 24 22 28 66 
42 2 12 10 58 3 57 22 28 66 
56 43 2 12 58 3 24 22 28 66 
42 62 24 18 35 5 1 59 12 23 49 67 
42 62 24 18 5 1 46 12 35 23 67 
42 62 24 45 35 5 1 59 12 23 67 
42 62 24 18 35 5 1 59 12 23 67 
42 62 24 18 5 1 59 12 23 58 67 
42 62 24 18 20 1 5 59 12 23 58 67 
40 25 43 18 9 59 53 1 12 14 23 67 
42 62 24 18 5 1 59 12 23 58 67 
40 32 43 18 9 59 53 1 12 14 23 67 
40 25 43 18 9 59 53 1 12 14 23 67 
42 2 12 10 58 3 57 22 28 66 
43 2 10 12 57 6 22 28 56 66 
56 43 25 2 57 6 12 22 28 66 
56 43 58 2 57 6 12 22 28 66 
43 2 10 12 57 6 13 22 28 66 
43 2 10 12 57 6 13 22 28 66 
42 2 13 12 57 22 28 52 43 66 
42 2 13 12 57 22 28 62 24 66 
56 32 58 31 65 2 12 22 28 66 
42 2 13 12 57 22 28 62 56 66 
42 2 13 12 57 22 28 62 24 66 
42 62 24 18 14 38 1 12 5 67 
40 43 9 59 14 38 1 12 42 67 
42 62 24 59 14 18 5 1 12 67 
44 43 9 59 14 38 1 12 18 67 
42 62 24 18 5 1 59 12 20 58 67 
40 43 9 59 14 38 1 12 33 67 
40 25 43 18 17 1 5 9 59 12 67 
40 25 43 18 20 9 1 59 12 14 10 67 
40 43 9 18 20 10 59 1 25 12 67 
40 43 9 18 20 10 59 1 25 12 67 
40 25 43 18 9 1 59 12 20 14 67 
43 9 17 13 1 51 5 58 59 12 41 67 
58 43 9 18 20 10 13 1 40 24 67 
58 53 13 60 20 10 14 1 5 38 67 
42 62 24 18 20 1 5 58 59 12 10 67 
58 43 10 14 9 1 59 20 41 47 67 
58 43 9 18 20 10 59 1 40 24 67 
43 9 17 13 1 60 5 58 59 12 41 67 
42 62 24 18 20 1 5 58 59 12 10 67 
51 43 58 17 44 10 59 1 5 47 67 
15 43 58 10 17 59 20 1 9 67 
40 43 58 10 17 59 20 1 9 67 
58 18 9 10 17 59 20 1 32 67 
58 18 9 10 17 59 20 1 32 67 
51 43 58 10 17 59 20 1 5 67 
44 62 10 59 20 1 5 65 14 38 33 67 
58 53 13 51 43 9 59 20 1 5 47 67 
51 43 9 59 20 1 5 47 14 38 33 67 
42 62 24 18 20 1 5 47 58 43 9 67 
42 62 24 18 20 1 5 47 39 38 51 67 
52 43 10 59 14 38 33 45 9 69 
35 43 9 59 14 38 33 45 55 69 
40 43 9 59 14 38 33 18 10 69 
40 18 20 9 14 38 54 62 5 69 
35 43 9 59 14 38 33 45 55 69 
