24 20 42 1 12 49 41 23 50 26 67 
24 1 12 20 23 42 48 41 50 26 67 
24 1 12 20 23 42 48 41 50 26 67 
24 1 12 20 23 42 25 41 50 26 67 
24 1 12 20 23 42 25 41 50 26 67 
24 1 12 20 23 42 48 41 50 26 67 
24 1 12 20 23 42 48 41 50 26 67 
24 20 46 48 41 1 12 62 35 23 26 67 
56 48 41 20 34 35 1 12 23 5 26 67 
24 48 41 20 34 62 1 12 35 23 26 5 67 
24 48 41 20 52 5 34 1 12 35 23 26 67 
24 48 41 1 12 20 34 62 35 23 26 67 
24 48 41 20 34 62 1 12 35 23 26 5 67 
24 17 57 35 34 41 1 12 48 23 26 5 67 
24 20 52 19 34 41 1 12 48 35 23 26 67 
24 20 34 48 41 1 12 57 35 23 26 5 67 
24 48 41 20 34 57 1 12 35 23 26 5 67 
24 20 34 57 41 1 12 48 35 23 26 67 
24 48 41 1 12 23 64 54 60 5 26 67 
24 20 34 57 41 1 12 48 35 23 26 67 
33 48 41 64 24 1 12 23 50 67 
62 39 41 43 34 1 12 20 23 67 
24 48 41 17 43 1 12 23 50 67 
48 57 1 24 41 12 23 20 50 54 60 15 67 
48 41 1 12 23 24 52 43 50 40 60 5 67 
33 64 24 48 41 1 12 23 50 54 60 5 67 
24 48 41 43 34 1 12 23 55 67 
24 48 41 1 60 55 38 9 5 33 12 23 67 
48 41 33 24 35 1 12 23 20 50 67 
33 64 24 48 41 1 12 23 50 54 60 5 67 
24 48 41 1 60 20 33 12 23 50 67 
35 57 41 1 12 23 19 20 50 56 67 
24 20 42 48 41 1 12 23 50 67 
24 20 34 48 35 1 41 12 23 67 
33 20 41 48 54 24 1 12 19 43 23 67 
24 48 46 1 12 19 43 23 50 54 60 67 
62 48 41 1 12 19 43 23 39 54 40 67 
35 1 57 19 40 15 24 48 41 12 23 67 
24 48 41 1 12 23 20 50 54 60 5 67 
1 12 41 48 54 60 17 23 50 67 
24 48 41 1 65 20 40 12 23 50 67 
24 48 41 1 12 23 19 20 50 54 67 
24 48 41 1 12 23 56 20 50 54 60 5 67 
24 57 39 19 40 50 38 41 1 12 20 54 67 
24 48 41 1 12 19 43 23 50 54 60 67 
33 24 41 43 34 9 19 40 1 12 20 50 67 
35 1 12 24 41 62 5 33 40 44 50 8 67 
24 48 41 1 12 23 50 54 60 5 67 
57 1 39 19 40 50 38 9 5 53 56 12 67 
35 1 12 24 41 57 19 52 33 40 15 8 67 
35 57 39 19 40 50 38 41 1 12 56 20 67 
64 50 38 9 5 53 57 59 52 69 
5 44 15 56 64 55 49 54 24 70 
35 48 41 1 12 20 19 65 62 40 51 67 
35 24 42 9 19 1 60 20 40 65 8 47 67 
33 64 41 49 34 14 1 43 12 20 50 67 
35 1 9 19 40 15 8 53 47 55 48 65 67 
57 19 1 56 12 46 48 20 42 40 41 67 
33 20 41 48 54 52 43 60 24 1 12 67 
64 1 39 19 40 50 38 9 5 53 57 59 67 
33 64 17 19 34 24 52 43 53 47 41 1 67 
62 39 19 1 56 20 40 41 12 5 67 
33 24 41 1 9 40 5 12 60 20 67 
64 50 38 9 35 57 19 24 41 69 
35 1 62 24 41 9 19 40 65 8 47 58 67 
33 20 34 48 40 15 8 54 60 24 1 67 
62 39 41 49 34 14 1 54 19 40 15 67 
42 46 34 43 52 10 1 64 44 59 67 
35 57 19 24 41 1 56 20 40 15 8 47 67 
35 1 9 49 60 20 40 44 55 8 67 
53 20 41 43 34 42 19 1 64 67 
33 5 57 56 64 55 32 52 20 70 
35 57 41 1 12 19 40 15 8 47 67 
53 20 42 43 34 19 1 50 13 67 
62 5 41 1 60 20 33 24 12 50 67 
33 20 34 48 54 60 24 1 12 67 
24 57 19 1 56 20 40 48 41 42 67 
35 1 57 19 40 15 8 47 50 13 54 67 
35 1 57 19 52 33 40 15 8 67 
24 48 41 1 12 65 5 52 43 20 50 67 
62 39 41 1 65 5 12 24 60 67 
33 64 34 24 52 43 53 47 41 1 67 
35 57 19 1 56 20 40 15 8 47 67 
33 20 34 48 54 60 24 1 12 67 
33 24 41 43 34 1 12 20 50 67 
62 5 33 24 41 1 40 44 50 12 67 
24 48 41 1 12 52 43 20 50 54 60 67 
24 48 41 1 20 42 19 64 44 59 67 
62 39 41 1 54 19 40 15 12 67 
53 20 42 43 34 19 1 64 44 67 
33 20 41 48 54 60 24 1 12 67 
33 24 52 43 34 53 47 41 1 67 
35 1 48 19 40 65 5 15 56 64 55 67 
35 1 52 43 57 33 40 15 8 67 
24 48 41 1 12 20 50 54 60 5 67 
35 1 57 19 40 15 45 47 50 13 54 67 
65 5 15 56 64 55 32 52 42 70 
35 1 57 19 40 15 8 47 50 13 54 67 
64 50 38 9 5 53 57 59 52 69 
64 50 38 9 5 53 34 59 18 69 
