20 2 65 12 3 22 9 21 28 66 
20 2 65 12 3 22 9 21 28 66 
20 2 65 12 3 22 9 21 28 66 
20 2 65 12 3 22 9 21 28 66 
3 2 65 12 6 22 9 59 28 66 
3 2 65 12 6 22 9 59 28 66 
3 2 65 12 6 22 9 59 28 66 
3 2 65 12 6 22 9 59 28 66 
17 2 65 12 4 22 9 59 28 66 
17 2 65 12 4 22 9 59 28 66 
17 2 65 12 4 22 9 59 28 66 
20 2 65 12 3 22 9 21 28 66 
60 14 44 8 25 41 1 65 12 53 23 26 67 
17 2 65 12 4 22 9 59 28 66 
65 44 1 48 25 41 8 12 53 23 26 18 67 
3 2 65 12 6 22 9 59 28 66 
52 14 44 1 8 41 32 12 23 53 26 19 67 
18 54 44 8 53 51 1 12 23 33 26 19 67 
65 44 1 58 13 41 46 60 12 53 23 26 67 
18 54 34 1 8 51 12 23 53 26 19 67 
18 54 44 1 8 12 23 53 51 26 19 67 
65 58 44 1 8 41 12 53 23 26 19 67 
65 44 1 58 35 12 60 53 23 26 67 
17 2 65 12 6 22 9 59 28 66 
17 2 65 12 6 22 9 59 28 66 
65 44 1 58 8 60 12 53 23 26 67 
17 2 65 12 6 22 9 59 28 66 
65 44 1 58 8 60 12 53 23 26 67 
18 54 44 1 8 12 23 53 51 26 19 67 
65 58 44 1 8 12 53 41 23 26 19 67 
17 2 65 12 6 22 9 59 28 66 
65 44 1 58 8 41 12 53 23 26 67 
17 2 65 12 4 22 9 59 28 66 
65 44 1 60 8 41 12 53 23 26 67 
17 2 65 12 6 22 9 59 28 66 
17 2 65 12 47 22 9 59 28 66 
17 2 65 12 47 22 9 59 28 66 
17 2 65 12 47 22 25 59 28 66 
17 2 65 12 47 22 25 59 28 66 
17 2 65 12 47 22 9 59 28 66 
20 2 65 12 3 22 9 59 28 66 
20 2 65 12 3 22 9 59 28 66 
20 2 65 12 3 22 9 59 28 66 
17 2 65 12 3 22 9 59 28 66 
17 2 65 12 3 22 9 59 28 66 
53 65 44 1 60 8 12 41 23 67 
53 65 44 1 60 8 12 41 23 67 
53 65 44 1 60 8 12 41 23 67 
53 65 39 19 1 8 12 62 23 67 
53 65 60 19 1 8 12 62 23 67 
13 14 1 44 8 51 5 35 54 12 23 67 
17 60 1 8 38 15 53 58 12 41 23 19 67 
53 65 60 8 44 1 12 41 23 19 46 49 67 
60 14 44 8 25 41 1 12 23 33 45 18 67 
53 65 60 8 25 41 1 46 12 23 19 34 67 
53 44 60 1 8 12 41 23 19 46 67 
52 14 44 1 8 12 41 23 32 53 67 
60 14 44 1 8 12 41 23 47 54 67 
53 65 60 1 8 12 41 23 19 46 67 
13 14 1 44 8 51 5 35 54 12 23 67 
13 14 1 44 8 51 5 35 54 12 23 67 
8 1 9 17 32 59 49 12 31 41 23 67 
60 14 44 1 8 12 41 23 33 45 67 
62 14 1 12 44 48 51 15 13 67 
62 14 44 1 8 51 15 13 12 67 
40 54 13 1 8 41 9 12 33 10 67 
62 14 44 1 8 51 15 13 12 67 
62 14 44 1 8 15 13 41 46 12 67 
65 32 53 1 49 8 12 31 9 17 67 
40 54 13 1 8 51 12 41 48 67 
40 14 1 44 38 15 53 58 12 18 8 54 67 
40 14 1 44 38 15 53 58 18 8 12 54 67 
38 14 60 19 46 18 17 1 41 67 
20 54 1 44 8 41 24 38 15 67 
53 65 60 19 46 18 17 1 8 67 
65 32 53 64 60 41 1 10 51 12 9 59 67 
40 54 13 1 8 41 62 50 9 12 33 67 
40 54 13 1 8 41 9 12 33 10 67 
65 32 1 44 15 53 64 39 51 12 41 67 
38 14 1 44 65 32 53 64 60 51 12 67 
38 42 60 46 19 41 1 18 8 59 53 67 
65 32 53 43 25 41 1 46 64 60 51 12 67 
60 14 31 64 45 39 53 9 1 34 25 67 
38 14 53 43 25 39 62 50 33 9 1 67 
20 54 41 59 60 44 38 1 15 67 
65 32 53 1 8 35 54 47 64 60 67 
62 14 1 44 15 13 12 31 64 18 47 67 
38 1 64 60 14 53 9 25 44 15 67 
20 54 41 24 38 1 15 56 65 62 67 
38 14 53 43 25 41 1 46 13 5 35 54 67 
53 65 60 19 46 18 8 59 25 69 
35 18 34 32 59 14 24 49 38 70 
53 65 60 19 46 40 8 59 25 69 
38 14 1 44 15 53 62 50 33 9 25 67 
13 5 35 54 19 41 1 10 32 51 50 59 67 
53 65 60 19 46 18 8 59 25 69 
38 14 33 9 25 41 1 46 18 8 57 56 67 
20 54 41 24 38 1 15 56 65 62 67 
13 5 35 54 19 10 32 51 50 70 
38 14 53 9 25 41 1 46 18 8 57 56 67 
