46 5 25 35 39 51 15 18 10 70 
46 5 1 53 25 60 55 62 35 39 42 17 67 
48 43 38 1 12 15 8 17 23 67 
10 8 56 48 5 1 12 23 53 26 67 
48 43 1 53 44 65 55 5 12 23 26 67 
46 5 1 53 8 12 19 43 13 15 42 17 67 
60 1 40 15 12 13 48 65 55 14 17 23 67 
57 43 45 20 34 1 12 9 8 67 
48 43 1 53 15 12 8 17 23 20 67 
48 43 1 53 25 60 15 12 8 17 23 26 67 
48 1 40 60 65 15 9 12 54 23 17 67 
45 43 1 65 15 12 8 9 24 57 67 
48 43 59 17 34 1 53 44 20 12 8 67 
19 43 1 9 25 55 40 17 10 60 67 
50 38 48 65 17 47 34 1 46 24 57 67 
48 43 53 1 12 55 23 15 26 67 
48 1 43 53 12 5 23 15 26 67 
48 43 1 53 12 5 23 15 26 67 
48 43 55 53 5 1 12 23 26 67 
48 5 1 8 12 23 53 26 17 67 
48 51 8 53 9 1 12 23 26 67 
48 43 1 53 12 5 23 15 26 67 
53 8 48 1 12 5 23 26 17 67 
48 43 55 53 5 1 12 23 26 67 
48 43 1 53 12 59 23 15 26 67 
53 8 48 1 12 5 23 26 43 67 
48 43 1 8 12 23 26 15 5 67 
49 51 8 53 9 1 12 23 26 67 
48 43 1 8 12 23 53 26 15 67 
48 43 1 8 12 23 53 26 15 67 
48 1 12 43 53 5 23 15 26 67 
48 18 1 53 55 5 12 23 26 67 
48 43 1 53 12 8 23 26 15 67 
48 18 55 53 5 1 12 23 26 67 
48 43 1 53 49 12 8 23 26 67 
8 46 32 1 12 5 23 26 53 67 
52 46 32 1 12 43 8 23 26 67 
48 1 43 53 15 12 5 23 26 67 
8 46 32 1 12 5 23 26 53 67 
43 62 1 12 8 48 23 53 26 67 
48 1 12 43 53 8 23 26 15 67 
48 1 12 43 53 8 23 26 54 67 
43 49 1 12 8 48 23 53 26 67 
48 43 53 1 49 12 8 23 26 67 
48 43 1 53 49 12 8 23 26 67 
48 46 38 1 12 23 53 26 15 67 
43 8 48 1 12 5 23 26 54 67 
48 43 1 8 12 23 40 26 15 67 
1 12 43 53 8 17 48 23 26 67 
48 43 1 53 8 12 23 26 15 67 
18 43 1 53 12 48 5 23 26 67 
43 49 1 12 8 48 23 53 26 67 
48 46 38 1 12 5 23 26 53 67 
48 43 1 49 12 8 23 53 26 67 
48 43 1 12 53 8 23 26 15 67 
48 43 1 53 8 12 23 26 15 67 
1 12 43 53 8 17 48 23 26 67 
48 43 53 1 12 15 8 23 26 67 
48 43 1 53 12 42 8 23 26 67 
48 43 1 53 49 8 12 23 26 67 
43 53 15 48 1 12 41 23 26 67 
48 1 43 53 49 12 8 23 26 67 
48 43 1 53 12 8 13 23 26 67 
48 1 12 43 46 8 23 26 5 67 
48 1 43 53 49 12 8 23 26 67 
48 1 43 38 12 49 8 23 26 67 
48 1 12 43 53 8 5 23 26 67 
48 1 12 43 53 8 23 26 15 67 
49 51 8 53 9 1 12 23 26 67 
48 43 1 53 15 12 55 23 26 67 
1 43 53 8 12 19 5 23 26 67 
48 43 53 1 12 5 23 8 26 67 
60 1 8 46 32 12 5 23 26 67 
48 43 8 53 9 1 12 23 26 67 
48 43 1 46 38 12 5 23 26 67 
48 1 43 38 12 49 8 23 26 67 
48 43 1 12 52 5 23 15 26 67 
1 12 43 53 8 17 48 23 26 67 
48 18 43 1 53 8 12 23 26 67 
48 43 1 12 53 8 5 23 26 67 
48 43 8 1 12 5 23 40 26 67 
48 43 53 1 12 8 9 23 26 67 
48 43 1 53 12 20 23 26 15 67 
48 43 1 8 12 23 53 5 26 67 
46 5 1 8 12 23 26 53 25 67 
48 43 1 12 53 8 23 26 15 67 
48 46 38 53 5 1 12 23 26 67 
43 62 1 12 8 48 23 45 26 67 
48 1 43 53 12 5 23 15 26 67 
1 43 8 17 12 23 53 26 48 67 
48 43 8 1 12 5 23 53 26 67 
48 18 43 1 53 8 12 23 26 67 
48 43 53 1 12 5 8 23 26 67 
48 1 12 62 53 5 23 15 26 67 
48 49 1 62 53 12 8 23 26 67 
48 18 1 53 45 12 23 26 55 67 
40 43 1 53 12 46 8 23 26 67 
48 43 1 53 15 12 5 23 26 67 
46 34 48 1 12 5 23 26 32 67 
9 43 45 19 34 1 24 57 32 67 
