54 41 25 35 56 10 55 17 24 15 43 70 
20 1 42 12 23 54 31 26 24 67 
20 1 42 12 24 23 31 26 47 67 
54 25 41 24 33 48 39 42 35 70 
1 15 41 24 33 42 5 48 39 65 43 9 67 
1 43 42 12 41 57 54 32 23 67 
20 1 42 12 24 23 31 26 47 25 54 65 67 
1 62 42 15 64 49 38 41 34 43 44 45 67 
1 47 42 12 65 64 9 60 20 10 31 23 67 
54 1 12 39 57 46 38 62 55 60 47 33 67 
20 1 39 42 12 65 44 53 40 67 
1 25 12 23 54 10 65 64 38 26 67 
1 43 42 15 41 24 33 65 57 67 
20 1 42 12 24 23 31 47 8 26 67 
54 1 12 39 57 46 38 62 55 60 47 33 67 
1 43 41 57 12 54 31 23 26 39 65 67 
32 39 33 65 51 62 42 9 1 67 
1 44 24 45 12 54 32 23 57 26 39 67 
1 44 24 45 12 46 38 54 32 23 57 26 67 
20 1 42 12 24 23 31 44 15 39 47 8 67 
24 1 53 42 12 65 46 51 62 67 
1 25 12 23 54 10 65 64 35 24 67 
1 62 33 35 51 42 47 43 12 23 67 
1 44 39 51 12 23 45 49 41 67 
1 44 41 57 12 39 51 23 45 49 24 67 
54 41 25 1 44 39 51 45 49 12 23 67 
54 1 19 65 44 55 31 47 8 12 67 
44 1 41 57 47 10 65 12 54 31 67 
42 1 41 24 45 57 12 47 31 65 14 67 
20 1 42 12 24 25 65 47 48 62 5 67 
1 43 62 42 15 64 49 38 41 34 67 
1 43 15 41 57 47 44 39 25 42 67 
54 41 25 35 56 10 55 17 24 20 1 67 
20 1 42 44 24 25 49 47 48 62 5 67 
1 43 42 12 23 33 31 26 20 67 
8 39 35 56 44 54 10 24 55 70 
1 62 42 15 64 49 38 41 34 43 44 45 67 
39 1 42 15 12 23 54 31 26 44 67 
54 1 12 39 57 46 38 62 55 60 47 20 67 
1 15 41 24 33 48 39 42 65 67 
1 43 41 57 12 54 32 23 26 39 40 67 
1 43 41 57 12 54 23 31 65 38 26 24 67 
1 44 39 12 24 23 31 51 41 25 65 47 67 
1 31 65 12 44 54 10 24 42 67 
1 47 42 25 65 12 23 54 5 24 67 
1 44 39 51 45 49 12 23 41 67 
44 1 41 57 12 54 31 20 42 23 24 67 
1 43 15 41 57 47 20 42 12 10 67 
1 44 39 51 42 47 8 60 12 65 64 67 
20 1 42 15 47 10 65 64 9 60 67 
44 53 40 24 42 51 65 1 33 59 19 67 
24 1 42 12 23 31 65 43 26 67 
44 39 35 56 47 62 8 55 17 70 
24 53 39 44 54 40 65 20 49 15 1 42 67 
20 1 42 15 12 23 54 31 26 55 67 
54 1 12 39 57 46 38 62 55 60 47 41 67 
20 1 42 44 24 47 48 62 5 67 
20 1 42 12 24 25 65 23 31 26 47 67 
20 1 42 12 24 23 31 26 47 25 54 65 67 
24 53 1 65 64 42 12 14 47 23 43 9 67 
1 25 65 12 44 54 34 38 24 67 
1 47 42 12 65 25 45 20 23 54 67 
1 62 33 65 51 42 12 23 54 67 
1 43 42 12 20 10 9 23 44 39 24 67 
1 65 64 42 12 32 47 43 41 57 67 
24 53 1 42 12 65 46 51 62 9 59 67 
1 43 15 41 57 47 20 44 45 39 67 
1 44 39 35 56 10 55 17 24 15 51 67 
20 1 42 12 47 23 44 41 26 67 
62 44 39 35 56 10 55 17 24 15 51 70 
24 53 39 44 54 40 65 20 49 15 1 42 67 
24 1 42 12 65 44 23 54 31 26 67 
1 43 41 57 12 49 38 62 55 42 24 45 67 
20 44 24 1 47 48 62 45 49 67 
1 43 41 57 12 24 45 42 32 23 26 67 
1 43 41 57 12 54 23 31 65 38 26 24 67 
44 1 12 39 57 46 38 48 42 23 19 24 67 
1 31 65 12 44 54 38 24 42 67 
1 47 42 12 65 25 45 64 23 32 67 
1 25 65 12 23 54 38 24 42 67 
1 43 41 57 12 54 31 20 42 15 23 67 
44 1 42 15 12 39 24 47 8 60 67 
1 44 39 24 42 51 46 55 12 62 9 67 
1 39 24 42 47 44 65 64 14 51 67 
1 44 39 51 42 47 8 31 65 20 15 67 
1 62 42 12 23 54 31 26 8 67 
54 41 25 35 56 10 55 17 24 15 43 70 
24 53 39 44 54 40 65 20 49 15 1 42 67 
1 42 12 24 65 44 23 54 31 26 67 
20 1 42 12 39 44 53 40 58 49 15 32 67 
39 1 42 15 41 24 33 65 51 67 
20 1 42 12 24 25 65 23 31 26 47 67 
20 1 42 12 23 44 41 26 24 17 62 39 67 
54 1 19 47 31 65 44 12 23 24 62 39 67 
1 44 24 12 47 48 62 42 9 67 
1 65 64 42 12 32 47 23 43 9 67 
1 47 42 65 12 23 19 32 9 67 
1 44 45 42 64 47 12 65 31 23 43 67 
1 43 15 41 57 47 12 24 20 44 67 
1 42 24 45 57 12 47 31 65 20 8 67 
