49 65 43 14 40 24 60 51 32 69 
1 19 58 39 53 64 42 51 20 33 5 40 67 
1 31 33 46 56 12 35 23 26 43 67 
1 53 25 14 12 35 23 10 39 26 31 67 
1 53 35 20 38 10 49 65 43 14 31 12 67 
1 24 31 10 56 12 53 14 65 43 23 20 67 
1 8 5 54 35 47 20 57 12 67 
55 53 38 35 1 14 31 12 23 20 67 
1 24 31 10 56 17 33 46 12 35 23 26 67 
1 54 35 19 12 23 38 10 39 41 58 67 
1 43 35 25 10 53 14 57 12 56 67 
1 53 14 54 35 19 12 47 20 46 39 67 
39 53 56 42 41 47 1 51 25 67 
1 43 35 25 10 53 14 57 51 38 67 
1 60 35 20 38 10 65 5 49 25 43 67 
1 31 33 46 35 56 12 23 26 67 
1 54 35 9 18 56 12 23 26 67 
1 53 35 12 23 47 8 26 31 67 
1 31 35 12 33 46 56 23 26 67 
1 54 35 12 23 47 8 26 19 67 
1 54 9 64 56 12 35 23 26 67 
1 31 35 33 56 12 46 23 26 67 
1 31 33 46 56 12 35 23 26 67 
1 35 31 33 56 12 38 23 26 67 
1 31 35 33 56 12 46 23 26 67 
1 31 35 33 56 12 59 23 26 67 
1 31 33 46 56 12 35 23 26 67 
1 54 9 64 56 12 5 23 26 67 
1 54 35 12 23 47 8 26 53 67 
1 53 35 12 23 47 8 26 31 67 
1 53 25 12 23 47 8 26 40 67 
1 31 35 12 54 46 56 23 26 67 
1 54 9 18 56 12 35 23 26 67 
1 31 35 12 33 46 56 23 26 67 
1 31 33 35 46 56 12 23 26 67 
1 54 35 12 23 47 8 26 9 67 
1 53 35 12 23 47 8 26 25 67 
1 31 33 35 56 12 46 23 26 67 
1 54 35 62 50 56 12 23 26 67 
1 55 9 12 23 47 8 26 18 67 
1 5 58 12 23 47 8 26 10 67 
1 55 9 12 23 47 8 26 18 67 
1 54 9 12 18 56 35 23 26 67 
1 54 19 12 23 47 8 26 53 67 
1 5 58 12 23 47 8 26 10 67 
1 54 35 12 23 47 8 26 33 67 
1 31 35 12 23 33 17 56 26 67 
1 54 35 9 56 12 18 23 26 67 
1 31 33 17 56 12 35 23 26 67 
1 54 19 12 23 47 8 26 13 67 
1 31 33 46 56 12 35 23 26 67 
1 54 35 12 23 47 8 26 9 67 
1 54 9 12 23 47 8 26 50 67 
1 54 35 12 23 47 8 26 9 67 
1 54 19 12 23 47 8 26 31 67 
1 31 33 17 56 12 35 23 26 67 
1 31 9 12 23 47 8 26 35 67 
1 54 15 12 23 47 8 35 26 67 
1 31 35 12 54 46 56 23 26 67 
1 31 33 17 56 12 35 23 26 67 
1 54 9 64 56 12 60 23 26 67 
1 31 54 39 12 23 47 8 26 67 
1 31 60 12 33 46 56 23 26 67 
1 14 35 9 18 56 12 23 26 67 
1 31 33 46 35 56 12 23 26 67 
1 31 35 12 54 46 56 23 26 67 
1 53 35 12 23 47 33 26 31 67 
1 54 9 12 18 56 35 23 26 67 
1 31 43 12 23 47 8 26 35 67 
1 54 9 12 35 23 47 8 26 67 
1 31 35 12 33 46 56 23 26 67 
1 5 19 12 23 47 8 58 26 67 
1 31 33 46 56 12 19 23 26 67 
1 31 33 46 56 12 19 23 26 67 
1 31 33 46 35 12 56 23 26 67 
1 31 9 12 23 47 8 26 35 67 
1 31 33 46 56 12 19 23 26 67 
1 5 42 12 23 47 8 26 10 67 
1 31 35 12 33 46 56 23 26 67 
1 35 31 33 56 12 38 23 26 67 
1 5 58 12 23 47 8 26 10 67 
1 54 19 12 23 35 47 8 26 67 
1 31 35 12 33 20 56 23 26 67 
1 31 33 60 35 56 12 23 26 67 
1 31 33 46 56 12 35 23 26 67 
1 31 33 35 46 56 12 23 26 67 
1 31 35 33 56 12 38 23 26 67 
1 31 33 46 51 12 35 23 26 67 
1 54 35 12 23 47 8 26 57 67 
1 31 33 35 56 12 46 23 26 67 
1 31 35 33 56 12 46 23 26 67 
1 31 35 12 23 47 8 26 33 67 
1 54 35 9 18 56 12 23 26 67 
1 54 35 12 23 47 8 26 19 67 
1 31 33 35 46 56 12 23 26 67 
1 31 9 12 23 47 8 26 35 67 
1 31 56 12 33 46 35 23 26 67 
1 31 35 12 23 47 8 26 54 67 
1 31 35 33 46 56 12 23 26 67 
1 8 24 20 46 55 12 35 23 67 
