53 64 20 33 38 59 17 54 19 70 
42 9 49 61 51 45 20 65 53 14 1 67 
65 40 1 53 34 55 54 48 15 67 
36 6 3 26 21 28 44 55 8 66 
65 33 44 51 8 17 48 1 12 67 
47 59 62 43 12 49 23 48 14 1 67 
58 1 65 9 28 23 46 26 14 67 
1 36 12 65 23 47 26 28 2 9 67 
20 65 1 27 53 12 23 15 18 4 67 
1 24 38 23 2 57 65 44 18 67 
32 14 58 65 46 44 9 55 31 12 51 48 67 
25 60 49 51 42 19 54 65 43 1 67 
13 36 37 11 1 65 55 12 23 21 67 
10 16 23 12 65 20 8 45 26 67 
9 20 28 1 40 23 4 14 26 67 
49 19 65 24 47 42 1 32 12 10 67 
