32 57 15 52 49 14 59 10 18 5 64 70 
2 12 8 22 34 49 9 28 62 66 
13 44 57 1 51 15 12 49 47 35 33 23 67 
46 44 57 1 31 55 45 15 60 64 5 24 67 
2 3 6 12 44 22 21 26 28 66 
2 3 6 12 23 22 21 26 28 66 
2 12 8 34 9 6 22 49 28 66 
2 12 3 6 22 34 35 28 32 66 
2 12 31 22 34 49 28 5 64 54 66 
2 62 54 12 23 34 9 28 5 66 
2 12 40 3 22 34 49 41 28 66 
17 57 31 24 1 15 12 49 47 43 26 23 67 
2 17 3 6 34 22 21 26 28 66 
2 3 6 12 23 22 56 26 28 66 
17 57 15 24 31 1 43 12 49 47 26 67 
2 12 3 6 23 22 34 25 28 66 
2 3 6 12 44 22 46 26 28 66 
2 12 62 34 9 24 51 28 47 66 
2 8 31 10 54 12 62 22 34 49 28 66 
54 44 57 1 31 55 45 15 60 19 35 12 67 
52 44 57 31 1 19 35 54 12 5 67 
2 12 43 6 22 23 40 28 51 66 
2 3 20 12 38 22 21 26 28 66 
2 12 4 6 22 34 64 49 28 66 
2 3 37 12 8 22 31 26 28 66 
2 17 3 6 34 15 21 26 28 66 
2 12 4 34 22 64 49 28 5 66 
2 3 6 12 38 17 21 26 28 66 
32 57 15 52 31 1 43 34 35 59 12 67 
17 12 57 31 24 1 43 26 23 50 67 
2 3 6 12 23 50 21 26 28 66 
41 44 57 24 8 18 5 65 35 1 67 
13 33 57 24 31 1 43 34 35 15 38 67 
2 3 6 12 22 27 21 26 28 66 
2 3 6 12 22 27 21 26 28 66 
2 3 6 12 22 27 21 26 28 66 
2 3 6 12 22 27 21 26 28 66 
2 3 6 12 22 27 21 26 28 66 
2 3 6 12 22 27 21 26 28 66 
2 3 6 12 22 27 21 26 28 66 
2 3 6 12 22 27 21 26 28 66 
2 3 6 12 22 27 21 26 28 66 
2 3 6 12 22 27 21 26 28 66 
2 3 6 12 22 27 21 26 28 66 
2 3 6 12 22 27 21 26 28 66 
2 3 6 12 22 27 21 26 28 66 
2 3 6 12 22 27 21 26 28 66 
2 3 6 12 22 27 21 26 28 66 
2 3 6 12 22 27 21 26 28 66 
2 3 6 12 22 27 21 26 28 66 
2 3 6 12 22 27 21 26 28 66 
2 3 6 12 22 27 21 26 28 66 
2 3 6 12 22 27 21 26 28 66 
2 3 6 12 22 27 21 26 28 66 
2 3 6 12 22 27 21 26 28 66 
2 3 6 12 22 27 21 26 28 66 
2 3 6 12 22 27 21 26 28 66 
2 3 6 12 22 27 21 26 28 66 
2 3 6 12 22 27 21 26 28 66 
2 3 6 12 22 27 21 26 28 66 
2 3 6 12 22 27 21 26 28 66 
2 3 6 12 22 27 21 26 28 66 
2 3 6 12 22 27 21 26 28 66 
2 3 6 12 22 27 21 26 28 66 
2 3 6 12 22 27 21 26 28 66 
2 3 6 12 22 27 21 26 28 66 
2 3 6 12 22 27 21 26 28 66 
2 3 6 12 22 27 21 26 28 66 
2 3 6 12 22 27 21 26 28 66 
2 3 6 12 22 27 21 26 28 66 
2 3 6 12 22 27 21 26 28 66 
2 3 6 12 22 27 21 26 28 66 
2 3 6 12 22 27 21 26 28 66 
2 3 6 12 22 27 21 26 28 66 
2 3 6 12 22 27 21 26 28 66 
2 3 6 12 22 27 21 26 28 66 
2 3 6 12 22 27 21 26 28 66 
2 3 6 12 22 27 21 26 28 66 
2 3 6 12 22 27 21 26 28 66 
2 3 6 12 22 27 21 26 28 66 
2 3 6 12 22 27 21 26 28 66 
2 3 6 12 22 27 21 26 28 66 
2 3 6 12 22 27 21 26 28 66 
2 3 6 12 22 27 21 26 28 66 
2 3 6 12 22 27 21 26 28 66 
2 3 6 12 22 27 21 26 28 66 
2 3 6 12 22 27 21 26 28 66 
2 3 6 12 22 27 21 26 28 66 
2 3 6 12 22 27 21 26 28 66 
2 3 6 12 22 27 21 26 28 66 
2 3 6 12 22 27 21 26 28 66 
2 3 6 12 22 27 21 26 28 66 
2 3 6 12 22 27 21 26 28 66 
2 3 6 12 22 27 21 26 28 66 
2 3 6 12 22 27 21 26 28 66 
2 3 6 12 22 27 21 26 28 66 
2 3 6 12 22 27 21 26 28 66 
2 3 6 12 22 27 21 26 28 66 
2 3 6 12 22 27 21 26 28 66 
2 3 6 12 22 27 21 26 28 66 
