15 58 41 64 5 17 24 9 46 69 
65 33 39 4 46 22 29 28 26 66 
65 63 58 1 41 12 44 32 16 14 67 
52 44 1 57 19 65 9 40 5 13 12 67 
17 32 33 34 65 46 1 5 10 67 
33 32 31 19 55 35 18 5 13 1 67 
5 45 65 18 1 44 40 39 12 67 
65 1 64 26 12 34 54 59 50 67 
4 3 64 28 54 2 26 32 23 66 
15 2 53 12 48 18 37 28 17 4 40 66 
65 57 50 5 47 48 34 43 51 1 15 67 
12 2 6 32 23 65 29 27 26 67 
19 12 23 17 50 34 28 14 48 15 66 
35 2 16 1 34 23 6 9 22 67 
29 65 3 28 23 34 7 12 8 66 
4 22 39 30 49 65 1 18 12 67 
50 33 65 29 40 12 28 23 19 66 
