3 2 17 4 42 6 19 22 26 66 
3 2 53 4 42 19 6 22 26 66 
65 2 12 4 42 43 22 34 28 66 
3 2 53 4 19 6 42 22 26 66 
65 2 12 4 42 60 22 34 28 66 
65 2 12 4 42 43 22 34 28 66 
3 2 17 4 19 6 42 22 26 66 
3 2 17 4 42 6 19 22 26 66 
65 2 12 4 42 6 22 34 28 66 
53 2 42 12 19 33 22 21 28 66 
3 2 53 19 42 6 22 26 28 66 
53 2 42 12 19 33 22 21 28 66 
53 2 41 12 19 33 22 21 28 66 
3 2 42 53 19 6 22 26 28 66 
44 2 64 12 19 6 22 21 28 66 
53 2 55 12 19 6 22 21 28 66 
65 2 12 4 42 6 22 34 28 66 
53 2 42 12 19 33 22 21 28 66 
3 2 53 19 42 6 22 26 28 66 
65 2 12 4 42 6 22 34 28 66 
3 2 42 12 51 6 20 21 28 66 
3 2 42 53 19 6 22 26 28 66 
53 2 42 12 19 6 22 21 28 66 
62 50 57 46 1 54 12 23 4 67 
3 2 42 12 51 6 20 21 28 66 
3 2 12 19 58 6 22 7 28 66 
62 50 57 46 1 54 12 23 4 67 
3 2 42 12 19 6 20 21 28 66 
53 2 42 12 19 6 22 21 28 66 
3 2 42 12 19 6 22 7 28 66 
62 50 57 46 1 54 12 23 4 67 
62 50 57 46 1 54 12 23 4 67 
65 2 12 19 42 6 22 23 28 66 
3 2 12 19 42 6 22 7 28 66 
44 2 12 19 60 6 22 23 28 66 
3 2 42 12 19 6 20 21 28 66 
3 2 42 12 19 6 22 7 28 66 
44 2 12 19 60 6 22 23 28 66 
44 2 12 19 42 6 22 23 28 66 
65 2 12 19 42 6 22 23 28 66 
65 2 12 4 42 6 22 34 28 66 
3 2 64 12 19 6 22 21 28 66 
3 2 64 12 19 6 22 21 28 66 
3 2 64 12 19 6 22 21 28 66 
3 2 64 12 19 6 22 21 28 66 
3 2 42 12 19 6 22 21 28 66 
20 50 18 46 1 54 12 23 26 67 
20 50 33 46 1 54 12 23 26 67 
60 50 33 46 1 54 12 23 26 67 
62 50 57 46 1 54 12 23 4 67 
13 50 33 46 1 54 12 23 26 67 
3 2 62 12 19 5 22 34 28 66 
62 50 57 46 1 54 12 23 39 26 67 
3 2 42 12 19 5 22 34 28 66 
62 50 57 46 1 54 12 23 25 26 67 
3 2 42 12 46 14 57 22 28 66 
58 2 42 12 46 6 22 15 28 66 
20 50 33 46 1 54 12 23 26 67 
3 2 12 42 14 57 46 22 28 66 
65 2 12 19 42 6 22 34 28 66 
58 2 42 12 46 6 22 15 28 66 
62 50 57 46 1 54 12 23 25 26 67 
62 50 57 46 1 54 12 23 25 26 67 
58 2 42 12 46 6 22 15 28 66 
3 2 42 12 19 6 22 34 28 66 
62 50 57 46 1 54 12 23 25 26 67 
3 2 12 19 42 6 22 34 28 66 
3 2 42 12 19 6 22 34 28 66 
3 2 42 12 19 6 22 34 28 66 
9 50 57 25 1 54 12 23 20 67 
9 50 57 25 62 46 1 54 12 23 67 
9 50 62 57 46 1 54 12 23 25 67 
62 50 57 46 1 54 12 23 25 67 
62 50 57 46 1 54 12 23 25 67 
62 50 57 25 1 12 54 20 23 19 67 
62 50 57 46 1 54 12 23 25 67 
62 50 57 46 1 12 54 20 23 33 67 
32 18 57 25 1 12 54 60 10 23 67 
62 50 57 46 1 54 12 23 25 67 
62 43 49 25 45 40 14 34 50 57 68 
44 50 57 25 1 56 15 12 54 67 
35 43 48 9 49 18 1 8 12 67 
9 50 57 25 1 58 13 12 20 53 67 
9 40 17 25 1 12 54 20 62 43 67 
35 43 49 18 1 8 12 32 60 67 
9 50 35 57 56 40 49 34 60 54 68 
9 50 57 25 1 58 13 12 20 47 67 
62 43 49 18 1 8 12 32 50 67 
9 50 35 57 56 40 14 34 60 54 68 
9 50 35 57 62 40 14 34 43 49 68 
9 40 17 25 1 12 54 20 53 50 67 
62 43 32 18 5 25 1 56 57 67 
9 50 57 20 55 25 1 53 13 67 
9 50 57 25 1 20 53 13 47 62 67 
13 64 48 9 1 8 58 14 15 67 
9 50 35 57 1 20 53 13 58 62 67 
32 18 5 25 1 56 15 64 46 67 
9 40 17 25 1 20 53 50 35 57 67 
9 50 57 25 1 20 53 13 47 62 67 
9 50 35 57 62 40 14 34 60 54 68 
