44 14 25 58 32 15 59 45 18 57 47 70 
39 58 9 49 1 15 25 35 32 18 45 42 67 
35 32 1 12 19 57 40 56 23 67 
42 41 19 1 56 12 20 23 46 26 67 
44 39 9 1 41 15 25 12 56 18 43 19 67 
44 17 9 49 1 15 25 12 23 40 58 32 67 
44 58 56 35 52 1 18 45 12 67 
53 35 32 1 56 12 19 40 15 23 67 
39 58 9 42 41 1 12 19 53 23 46 26 67 
53 20 32 1 56 15 25 12 19 40 23 67 
31 18 9 1 56 12 19 17 34 65 67 
35 55 65 43 31 32 1 56 12 19 40 67 
53 35 56 49 32 1 43 39 64 67 
44 47 56 57 45 53 35 32 1 50 67 
53 57 65 43 31 56 35 18 32 1 40 67 
42 41 1 12 19 53 23 46 26 67 
42 41 1 12 19 53 23 46 26 67 
42 41 1 12 19 53 23 46 26 67 
42 41 1 12 19 20 23 46 26 67 
42 41 1 12 19 53 23 46 26 67 
42 41 1 12 19 53 23 46 26 67 
42 41 1 12 19 53 23 46 26 67 
42 41 1 12 19 53 23 46 26 67 
42 41 1 12 19 53 23 46 26 67 
42 41 1 12 19 53 23 46 26 67 
42 41 1 12 19 53 23 46 26 67 
42 41 1 12 19 20 23 46 26 67 
42 41 1 12 19 51 23 46 26 67 
42 1 12 20 23 19 41 46 26 67 
42 41 1 12 19 53 23 46 26 67 
42 41 1 12 19 20 23 13 26 67 
42 41 1 12 19 53 23 46 26 67 
42 41 1 12 19 53 23 46 26 67 
42 41 1 12 19 53 23 46 26 67 
42 41 1 12 19 53 23 46 26 67 
42 41 1 12 19 53 23 46 26 67 
42 41 1 12 19 53 23 46 26 67 
42 41 1 12 19 53 23 46 26 67 
42 41 1 12 19 53 23 46 26 67 
42 41 1 12 19 53 23 46 26 67 
42 41 1 12 19 53 23 46 26 67 
42 1 12 53 23 48 41 46 26 67 
42 41 1 12 19 49 23 46 26 67 
42 41 1 12 19 53 23 46 26 67 
42 41 1 12 19 53 23 46 26 67 
42 41 1 12 19 53 23 46 26 67 
42 41 1 12 19 53 23 46 26 67 
42 41 1 12 19 25 23 46 26 67 
42 20 1 12 19 23 41 46 26 67 
42 41 1 12 19 53 23 46 26 67 
42 41 1 12 19 49 23 46 26 67 
42 41 1 12 19 53 23 46 26 67 
42 41 1 12 19 53 23 46 26 67 
42 41 1 12 19 53 23 51 26 67 
42 41 1 12 35 53 23 46 26 67 
42 41 1 12 19 53 23 46 26 67 
42 41 1 12 19 20 23 33 26 67 
33 41 1 12 19 53 23 46 26 67 
42 41 1 12 19 53 23 46 26 67 
42 41 1 12 19 53 23 46 26 67 
42 41 1 12 51 20 23 33 26 67 
42 41 1 12 19 53 23 46 26 67 
42 1 12 20 23 19 41 46 26 67 
42 41 1 12 19 53 23 46 26 67 
42 41 1 12 19 53 23 46 26 67 
42 41 1 12 19 10 23 46 26 67 
42 34 1 12 19 53 23 46 26 67 
42 41 1 12 19 53 23 46 26 67 
42 41 1 12 19 49 23 46 26 67 
40 41 1 12 19 53 23 46 26 67 
42 41 1 12 19 53 23 46 26 67 
42 41 1 12 19 53 23 46 26 67 
42 41 1 12 19 53 23 46 26 67 
42 56 1 12 19 53 23 46 26 67 
42 41 1 12 19 53 23 46 26 67 
42 41 1 12 19 53 23 46 26 67 
33 41 1 12 19 53 23 46 26 67 
42 41 1 12 19 53 23 46 26 67 
42 41 1 12 19 53 23 46 26 67 
42 41 1 12 19 53 23 46 26 67 
42 1 12 20 23 19 49 46 26 67 
42 1 12 53 41 19 23 48 26 67 
40 41 1 12 19 53 23 46 26 67 
42 41 1 12 19 53 23 46 26 67 
42 41 1 12 19 53 23 46 26 67 
42 41 1 12 19 53 23 46 26 67 
42 41 1 12 19 53 23 46 26 67 
42 53 1 12 19 23 41 46 26 67 
18 41 1 12 19 53 23 46 26 67 
42 41 1 12 19 53 23 46 26 67 
42 41 1 12 19 53 23 46 26 67 
42 41 1 12 20 23 19 46 26 67 
42 41 1 12 19 53 23 46 26 67 
42 41 1 12 19 53 23 46 26 67 
42 41 1 12 19 53 23 46 26 67 
42 41 1 12 19 20 23 33 26 67 
18 41 1 12 19 53 23 58 26 67 
42 62 1 12 19 53 23 46 26 67 
18 25 1 12 19 53 23 46 26 67 
42 41 1 19 53 15 25 12 23 46 26 67 
