2 15 12 4 7 21 6 22 28 26 66 
2 15 12 47 41 46 6 22 21 28 66 
2 15 12 4 7 21 6 22 28 26 66 
2 15 12 4 7 21 6 22 28 26 66 
2 15 12 47 41 46 6 22 21 28 66 
2 15 12 48 21 46 6 22 28 26 66 
2 15 12 4 7 21 6 22 28 26 66 
2 15 12 48 21 46 6 22 28 26 66 
2 15 12 3 41 7 46 6 22 28 66 
2 15 12 48 21 46 6 22 28 26 66 
2 15 12 48 21 46 6 22 28 26 66 
2 15 12 48 8 46 6 22 28 26 66 
2 15 12 4 7 46 6 22 28 26 66 
2 15 12 4 7 9 6 22 28 26 66 
2 57 12 48 41 46 6 22 28 26 66 
2 15 12 4 7 46 6 22 28 26 66 
2 15 12 4 7 46 6 22 28 26 66 
2 15 12 48 41 46 6 22 28 26 66 
2 15 12 48 41 46 6 22 28 26 66 
13 5 57 53 1 25 12 41 23 26 67 
40 17 53 42 1 25 12 65 23 26 67 
2 47 12 4 41 44 6 22 28 57 66 
40 5 57 53 1 25 12 41 23 26 67 
2 47 12 4 41 44 6 22 28 57 66 
2 47 12 4 48 44 6 41 22 28 66 
40 5 57 53 1 25 12 41 23 26 67 
48 40 53 59 5 57 25 1 12 41 23 26 67 
40 5 57 53 1 24 43 25 12 41 23 26 67 
32 40 57 53 25 1 12 41 23 26 31 67 
48 40 53 59 5 57 25 1 12 41 23 26 67 
2 47 12 4 41 44 6 22 28 57 66 
40 45 53 59 57 25 1 12 41 23 26 31 67 
40 5 57 53 25 1 12 41 23 26 31 67 
2 47 12 46 48 44 6 41 22 28 66 
2 47 12 20 48 44 6 41 22 28 66 
40 5 57 53 25 1 12 41 23 26 31 67 
2 47 12 46 48 44 6 41 22 28 66 
40 5 57 53 25 1 12 41 23 26 31 67 
2 15 12 48 41 22 28 46 26 65 66 
2 47 12 15 48 41 22 28 46 26 66 
2 15 12 48 41 22 28 46 26 20 66 
2 47 12 46 48 44 6 41 22 28 66 
2 15 12 48 41 22 28 46 26 44 66 
2 47 12 4 41 22 28 57 17 51 66 
2 47 12 4 41 22 28 9 17 40 66 
2 47 12 4 41 22 28 57 17 40 66 
2 47 12 4 41 22 28 57 17 51 66 
25 40 57 53 1 12 42 23 50 65 67 
40 17 53 25 1 42 12 49 65 23 67 
25 40 57 53 1 12 42 23 50 65 67 
65 48 5 25 1 12 46 50 43 23 67 
40 17 53 25 1 12 42 65 23 67 
57 40 53 25 1 12 42 47 23 67 
32 40 53 57 25 1 12 41 23 67 
65 40 17 53 25 1 12 42 23 59 24 67 
32 40 57 53 25 1 12 41 23 50 65 67 
57 58 31 59 1 8 40 53 25 12 42 23 67 
57 40 53 59 1 50 25 12 39 23 65 48 67 
57 40 53 59 25 1 12 42 23 50 65 48 67 
32 40 57 53 25 1 12 42 23 50 65 67 
57 40 53 59 1 50 25 12 39 23 65 48 67 
57 40 53 25 1 12 42 23 50 67 
65 48 5 25 1 12 50 59 42 23 15 67 
65 48 5 34 1 55 40 53 39 67 
57 40 53 59 1 24 60 38 9 13 31 12 67 
64 42 5 57 1 17 40 49 59 67 
57 40 53 17 5 49 1 25 59 12 42 65 67 
65 40 53 59 1 45 5 25 43 67 
65 40 53 49 58 31 59 1 8 24 47 12 67 
31 64 5 49 1 48 65 38 32 25 67 
57 40 53 59 1 12 42 65 48 67 
65 48 5 55 40 53 1 39 12 64 67 
65 48 53 59 1 32 5 43 25 67 
48 5 40 65 25 1 12 42 50 43 67 
14 40 57 43 1 25 59 15 5 58 67 
65 58 31 59 1 17 56 48 12 67 
65 48 57 43 1 25 59 15 62 50 67 
65 48 5 25 1 12 42 50 43 67 
49 47 40 65 59 1 10 20 64 48 12 67 
57 25 32 17 56 53 1 39 12 64 67 
49 47 40 65 59 1 10 17 64 42 12 67 
53 5 49 1 45 50 31 9 54 25 43 59 67 
57 40 53 59 1 24 60 38 9 13 41 32 67 
31 64 5 49 1 48 65 12 32 25 67 
57 40 53 59 1 12 42 50 34 67 
57 40 53 59 1 24 43 38 9 13 41 32 67 
57 14 5 49 1 40 53 54 24 32 65 67 
57 25 40 53 1 39 12 64 54 24 32 67 
57 40 53 31 5 25 43 59 15 62 1 67 
49 47 40 65 59 1 10 17 64 48 12 67 
65 48 5 43 1 25 59 15 62 40 67 
57 40 53 59 1 24 43 38 32 56 41 46 67 
49 58 31 59 1 8 24 47 65 12 41 46 67 
31 64 5 49 1 25 43 59 56 42 8 67 
57 40 53 31 5 25 43 59 15 62 1 67 
57 40 53 24 43 59 38 32 56 70 
65 45 5 25 43 59 15 24 40 70 
64 42 5 25 43 59 65 55 47 70 
57 65 25 51 49 38 64 40 53 24 69 
65 45 5 25 43 59 15 62 40 70 
