60 48 45 35 25 54 9 62 15 70 
64 14 55 1 43 12 53 41 50 23 26 67 
9 2 49 43 12 45 40 10 22 28 66 
38 41 14 1 32 20 39 56 57 18 53 8 67 
53 46 50 64 1 31 55 43 12 23 67 
9 2 49 6 12 45 40 10 22 28 66 
9 2 3 43 12 6 40 65 22 28 66 
9 2 49 43 12 3 40 10 22 28 66 
64 14 55 43 20 1 12 53 41 50 23 26 67 
39 1 33 12 13 32 20 18 55 53 50 56 67 
9 2 49 3 12 6 23 65 22 28 66 
65 2 49 3 5 6 22 21 26 28 66 
64 14 1 39 56 43 12 53 46 50 55 23 67 
64 14 1 12 40 46 57 18 60 67 
65 2 49 3 12 6 22 21 23 28 66 
9 2 49 6 12 23 55 40 22 28 66 
59 2 49 3 12 6 40 21 22 28 66 
65 2 49 3 12 6 22 55 26 28 66 
38 14 55 1 43 12 53 41 50 23 57 67 
59 2 49 3 12 53 40 21 22 28 66 
65 2 49 3 12 9 22 21 26 28 66 
65 2 49 3 45 6 64 21 26 28 66 
9 2 49 43 12 45 40 4 22 28 66 
14 55 8 64 1 25 12 60 31 45 67 
65 2 4 3 12 6 22 43 26 28 66 
19 14 64 1 39 56 18 43 12 49 32 67 
59 2 49 3 12 6 32 21 26 28 66 
59 2 49 3 12 6 40 21 35 28 66 
14 55 8 64 1 60 57 18 24 67 
14 55 8 64 1 25 40 60 31 45 67 
8 14 31 1 32 20 57 18 52 35 55 67 
65 2 4 3 12 6 22 21 26 28 66 
65 2 4 3 12 6 22 21 26 28 66 
65 2 4 3 12 6 22 21 26 28 66 
65 2 4 3 12 6 22 21 26 28 66 
65 2 4 3 12 6 22 21 26 28 66 
65 2 4 3 12 6 22 21 26 28 66 
65 2 4 3 12 6 22 21 26 28 66 
65 2 4 3 12 6 22 21 26 28 66 
65 2 4 3 12 6 22 21 26 28 66 
65 2 4 3 12 6 22 21 26 28 66 
65 2 49 3 12 6 22 21 26 28 66 
65 2 49 3 12 6 22 21 26 28 66 
65 2 49 3 12 6 22 21 26 28 66 
65 2 49 3 12 6 22 21 26 28 66 
65 2 49 3 12 6 22 21 26 28 66 
65 2 49 3 12 6 22 21 26 28 66 
65 2 49 3 12 6 22 21 26 28 66 
65 2 49 3 12 6 22 21 26 28 66 
65 2 49 3 12 6 22 21 26 28 66 
65 2 49 3 12 6 22 21 26 28 66 
65 2 49 3 12 6 22 21 26 28 66 
65 2 49 3 12 6 22 21 26 28 66 
65 2 49 3 12 6 22 21 26 28 66 
65 2 49 3 12 6 22 21 26 28 66 
65 2 49 3 12 6 22 21 26 28 66 
65 2 49 3 12 6 22 21 26 28 66 
65 2 49 3 12 6 22 21 26 28 66 
65 2 49 3 12 6 22 21 26 28 66 
65 2 49 3 12 6 22 21 26 28 66 
65 2 49 3 12 6 22 21 26 28 66 
65 2 49 3 12 6 22 21 26 28 66 
65 2 49 3 12 6 22 21 26 28 66 
65 2 49 3 12 6 22 21 26 28 66 
65 2 49 3 12 6 22 21 26 28 66 
65 2 49 3 12 6 22 21 26 28 66 
65 2 60 3 12 6 22 21 26 28 66 
65 2 49 3 12 6 22 21 26 28 66 
65 2 38 3 12 6 22 21 26 28 66 
65 2 49 3 12 6 22 21 26 28 66 
65 2 60 3 12 6 22 21 26 28 66 
65 2 49 3 12 6 22 21 26 28 66 
65 2 49 3 12 6 22 21 26 28 66 
65 2 49 3 12 6 22 21 26 28 66 
65 2 49 3 12 6 22 21 26 28 66 
65 2 49 3 12 6 22 21 26 28 66 
65 2 38 3 12 6 22 21 26 28 66 
65 2 49 3 12 6 22 21 26 28 66 
65 2 49 3 12 6 22 21 26 28 66 
65 2 49 3 12 6 22 21 26 28 66 
65 2 49 3 12 6 22 21 26 28 66 
65 2 49 3 12 6 22 21 26 28 66 
65 2 49 3 12 6 22 21 26 28 66 
65 2 49 3 12 6 22 21 26 28 66 
65 2 49 3 12 6 22 21 26 28 66 
65 2 49 3 12 6 22 21 26 28 66 
65 2 49 3 12 6 22 21 26 28 66 
65 2 49 3 12 6 22 21 26 28 66 
13 2 49 3 12 6 22 21 26 28 66 
65 2 14 3 12 6 22 21 26 28 66 
65 2 60 3 12 6 22 21 26 28 66 
65 2 47 3 12 6 22 21 26 28 66 
65 2 49 3 12 6 22 21 26 28 66 
65 2 60 3 12 6 22 21 26 28 66 
65 2 38 3 12 6 22 21 26 28 66 
65 2 5 3 12 6 22 21 26 28 66 
65 2 49 3 12 6 22 21 26 28 66 
65 2 49 3 12 6 22 21 26 28 66 
65 2 49 3 12 6 22 21 26 28 66 
65 2 49 3 12 6 22 21 26 28 66 
