52 59 40 57 64 5 48 15 25 70 
2 3 6 12 27 21 26 44 28 66 
2 3 6 12 27 21 26 41 28 66 
52 59 40 41 57 64 32 65 5 70 
65 48 1 31 15 18 40 39 64 54 24 47 67 
54 48 1 24 12 23 26 44 20 67 
2 43 12 6 49 21 45 42 28 66 
2 3 6 12 20 21 26 14 28 66 
2 3 19 6 27 21 26 41 28 66 
2 43 6 12 7 21 26 42 28 66 
41 1 56 57 52 12 25 64 23 67 
15 31 1 12 40 39 64 5 43 23 45 26 67 
2 43 6 12 64 21 26 42 28 66 
15 31 1 12 9 39 64 52 48 18 54 24 67 
2 3 6 64 60 21 26 44 28 66 
14 43 1 31 8 55 65 52 24 67 
2 43 12 6 49 21 45 52 28 66 
2 3 19 6 27 21 26 41 28 66 
2 43 12 6 49 21 45 23 28 66 
2 3 6 12 60 21 26 44 28 66 
2 43 12 6 49 21 45 23 28 66 
41 64 1 12 56 23 18 19 26 5 67 
2 3 12 53 20 21 26 19 28 66 
15 1 47 12 31 8 55 23 26 65 67 
2 3 12 6 18 19 26 41 28 66 
2 3 19 6 13 21 26 41 28 66 
41 31 1 12 40 39 64 24 8 55 38 23 67 
10 1 56 57 52 12 25 39 34 67 
52 49 1 47 12 23 54 64 51 8 26 67 
65 48 1 31 40 39 5 24 34 12 23 47 67 
41 64 1 12 56 23 18 19 26 5 45 67 
15 31 1 24 12 5 17 57 47 67 
54 48 1 24 12 47 23 59 26 67 
15 31 1 41 40 39 57 56 64 48 52 8 67 
2 3 12 6 60 20 26 14 28 66 
2 3 12 38 60 21 26 14 28 66 
10 31 1 12 32 39 64 56 57 52 25 34 67 
2 43 6 12 64 21 26 42 28 66 
2 43 6 12 7 21 26 42 28 66 
41 64 1 12 31 8 55 38 23 56 67 
52 59 40 54 31 62 1 34 33 67 
59 48 1 24 18 40 12 47 23 31 67 
15 31 1 41 40 39 47 12 8 55 23 26 67 
65 31 1 12 40 57 64 5 43 23 45 67 
54 31 1 12 40 57 64 48 24 47 23 67 
41 1 56 57 52 12 25 64 23 67 
52 49 8 41 1 31 64 12 56 39 67 
34 31 1 12 56 40 13 43 8 55 67 
34 31 1 43 8 55 65 52 39 12 58 67 
34 31 1 12 40 57 64 5 43 8 55 67 
54 31 62 1 34 33 18 40 56 39 67 
1 31 8 41 14 60 55 65 52 24 67 
54 31 40 62 1 34 33 56 39 48 24 67 
52 59 1 47 40 57 64 5 48 15 25 67 
2 3 6 12 27 21 26 41 28 66 
52 59 40 57 34 5 48 15 25 70 
2 43 12 6 49 21 45 52 28 66 
2 3 19 6 27 21 26 41 28 66 
2 43 6 12 49 21 5 23 28 66 
41 34 1 12 56 23 18 19 26 5 67 
2 3 19 6 13 21 26 41 28 66 
65 48 1 31 34 39 57 56 12 23 40 8 67 
34 31 15 1 47 12 8 55 23 26 65 67 
15 33 1 12 64 41 40 39 57 67 
54 48 1 24 12 47 23 59 26 67 
15 48 1 41 40 17 57 56 52 64 8 34 67 
2 3 12 6 18 19 26 41 28 66 
2 3 12 53 20 21 26 19 28 66 
10 31 1 12 32 39 64 56 57 52 25 34 67 
2 24 6 12 64 21 26 42 28 66 
2 43 6 12 7 21 26 42 28 66 
52 59 41 57 54 32 49 1 47 67 
54 48 1 24 18 40 12 47 23 59 67 
15 31 1 12 40 39 64 24 47 23 26 54 67 
14 44 1 41 40 43 64 12 56 23 38 67 
14 43 1 41 64 12 56 23 38 67 
46 48 1 12 56 40 13 34 47 31 67 
34 31 1 12 40 57 64 10 56 52 25 67 
15 48 1 31 18 40 39 64 54 24 67 
54 31 40 62 1 34 33 56 39 48 24 67 
2 3 6 12 27 21 26 41 28 66 
52 59 41 57 64 32 65 5 48 70 
2 43 12 6 49 21 45 42 28 66 
2 3 19 6 27 21 26 31 28 66 
2 43 12 6 49 21 45 23 28 66 
15 1 47 12 31 8 55 23 26 38 67 
2 3 19 6 13 21 26 41 28 66 
54 44 1 41 40 39 5 24 12 23 20 14 67 
52 49 1 47 40 57 33 12 23 26 59 67 
14 43 1 53 41 40 39 64 12 67 
41 64 1 24 12 47 23 26 31 67 
15 48 1 41 40 17 57 56 52 64 8 34 67 
2 3 12 6 18 19 26 41 28 66 
2 3 12 53 20 21 26 10 28 66 
15 31 1 12 40 39 64 5 43 48 56 13 67 
2 43 6 12 64 21 26 42 28 66 
2 43 6 12 7 21 26 42 28 66 
14 43 40 57 64 5 49 1 41 67 
15 52 1 12 56 40 13 34 47 23 67 
15 31 1 5 12 17 57 47 23 26 40 34 67 
