8 52 1 33 43 42 12 23 26 67 
8 52 1 42 33 53 12 23 26 67 
8 52 1 33 43 42 12 23 26 67 
8 52 1 33 43 42 12 23 26 67 
8 52 1 25 38 19 33 39 42 12 23 26 67 
8 52 1 42 33 53 12 23 26 67 
8 52 1 42 60 33 43 12 23 39 26 24 67 
8 52 1 43 42 13 12 18 23 26 24 67 
8 52 1 33 43 42 12 23 26 24 67 
8 52 1 42 60 33 43 12 23 26 24 10 67 
8 52 1 33 39 42 12 23 26 24 9 67 
8 52 1 42 60 33 43 45 12 23 26 67 
8 52 1 13 43 42 12 23 26 24 67 
52 38 1 42 60 53 12 23 26 24 33 67 
8 52 1 42 60 33 53 12 23 26 24 10 67 
8 52 1 42 33 53 12 23 26 24 25 67 
8 52 1 33 39 42 12 23 26 24 9 46 67 
8 52 1 33 53 42 12 23 26 24 67 
8 52 1 33 43 24 12 23 26 67 
8 52 1 33 43 24 12 23 26 57 67 
8 52 1 33 42 12 43 24 23 26 15 67 
8 52 1 42 60 33 43 12 23 26 24 25 67 
8 52 1 33 43 42 12 23 26 24 67 
8 52 1 33 43 42 12 23 26 24 67 
8 52 1 32 39 60 43 5 40 33 67 
8 52 1 33 43 24 57 46 12 60 67 
5 38 1 42 60 33 39 12 15 45 9 67 
8 52 1 24 57 33 43 39 56 67 
8 52 1 25 38 19 43 24 57 46 33 12 67 
8 52 1 42 60 33 24 12 23 67 
8 52 24 38 1 58 43 12 23 67 
8 52 43 38 1 33 24 12 23 67 
8 19 1 33 25 38 24 12 23 39 67 
64 52 1 33 43 24 12 23 42 8 67 
5 52 1 33 43 13 12 18 38 42 23 67 
8 52 1 25 38 33 24 12 23 20 42 67 
8 52 1 42 60 24 12 23 19 49 67 
8 52 1 33 43 24 38 12 23 67 
8 52 1 25 38 33 24 12 23 39 15 67 
8 42 19 38 52 24 1 33 43 12 23 67 
8 52 24 38 1 33 43 12 23 67 
64 52 1 33 42 8 41 46 12 23 67 
8 52 43 38 1 33 24 12 23 67 
8 52 1 33 43 24 12 23 57 39 67 
8 52 1 33 43 24 12 23 57 39 67 
59 42 41 60 19 31 39 1 33 12 18 23 67 
59 18 8 52 1 33 43 12 41 24 23 67 
5 52 1 33 43 13 12 18 38 42 23 67 
59 18 41 60 19 31 53 52 1 46 12 23 67 
59 42 41 60 19 31 39 1 33 12 18 23 67 
59 42 41 60 19 31 39 1 33 12 18 23 67 
59 42 41 60 19 31 39 1 33 12 18 23 67 
59 18 41 60 19 31 53 54 1 46 12 23 67 
8 52 1 33 43 24 12 18 5 39 15 67 
5 38 1 42 60 33 39 12 64 45 9 67 
8 52 1 33 43 12 18 41 24 67 
8 52 40 1 33 12 18 60 20 67 
8 52 1 42 60 59 39 33 12 18 41 67 
8 52 1 33 43 12 18 41 24 67 
59 39 48 38 1 33 43 12 42 67 
55 52 1 33 43 24 18 12 64 5 10 67 
59 39 44 1 33 12 18 41 60 67 
8 52 1 42 60 33 43 24 57 46 12 25 67 
8 39 45 40 60 33 38 1 55 25 52 67 
32 52 1 50 24 19 43 57 46 12 10 5 67 
5 54 19 38 1 9 39 14 15 10 33 67 
52 38 1 42 60 33 64 45 40 55 41 67 
52 38 1 42 60 33 64 45 40 65 41 67 
39 5 64 18 60 10 32 45 40 38 1 55 67 
8 52 1 33 19 5 31 43 24 57 9 46 67 
10 52 1 42 60 19 9 39 14 57 13 25 67 
32 39 44 40 38 1 55 43 5 67 
8 52 1 42 60 33 43 19 24 57 46 67 
5 9 39 40 38 1 13 15 10 67 
8 52 1 33 43 24 57 39 45 40 67 
52 38 1 64 45 60 10 46 32 39 67 
10 52 1 42 60 57 9 13 25 17 45 50 67 
8 52 1 33 43 19 5 9 24 57 46 12 67 
8 52 1 33 43 24 12 18 5 10 67 
32 39 1 64 45 50 10 46 33 43 67 
8 52 1 33 43 24 57 46 12 60 67 
32 39 44 40 38 1 55 43 12 67 
8 52 1 32 39 60 43 5 48 55 67 
8 52 1 42 60 19 31 43 24 57 46 12 67 
39 5 64 18 60 10 32 45 40 38 1 55 67 
8 52 18 60 10 1 33 43 24 67 
15 42 19 38 1 33 43 12 64 45 25 67 
31 52 1 33 43 24 57 46 12 60 67 
8 39 45 40 38 1 55 25 52 67 
8 52 1 42 60 19 43 24 57 46 12 15 67 
32 39 5 40 38 1 55 25 51 67 
5 9 39 14 15 45 33 43 41 69 
5 9 39 13 15 10 33 43 41 69 
5 9 39 14 15 10 33 43 41 69 
8 52 1 33 43 24 57 46 12 60 67 
32 39 5 40 33 50 9 51 60 69 
32 39 1 33 43 5 48 55 25 51 67 
32 39 5 40 55 25 51 41 59 69 
8 52 1 33 43 24 57 46 12 60 67 
32 39 5 48 55 25 51 41 59 69 
