1 34 48 40 9 12 23 17 26 67 
1 34 59 12 48 40 23 17 26 67 
1 34 48 40 59 12 23 17 26 67 
1 64 8 55 9 12 33 23 26 67 
1 50 48 40 9 12 23 17 26 67 
1 34 48 40 9 12 23 17 26 67 
1 18 9 12 23 17 20 48 33 26 67 
34 9 1 40 24 48 12 33 23 26 67 
34 9 1 40 24 48 12 33 23 26 67 
34 9 1 48 40 12 33 23 49 26 67 
34 9 1 40 24 48 12 33 23 26 67 
1 64 34 48 9 33 40 12 23 49 26 67 
34 9 1 24 48 57 40 12 33 23 26 67 
1 34 12 23 9 48 17 40 26 65 45 67 
1 34 12 24 48 40 46 23 9 50 26 67 
1 64 34 48 40 9 12 33 23 49 26 67 
34 9 1 40 24 48 12 33 23 26 67 
1 64 8 24 48 57 13 32 12 33 23 26 67 
1 64 8 24 48 57 40 9 12 33 23 26 67 
1 64 8 24 48 57 13 32 12 33 23 26 67 
1 64 8 24 57 48 40 9 12 33 23 26 67 
1 34 12 23 64 40 46 9 17 26 65 45 67 
1 64 8 24 57 13 32 48 12 33 23 26 67 
1 34 12 23 9 48 17 40 26 65 45 67 
64 33 57 24 9 25 48 8 47 52 18 60 70 
1 34 17 40 48 9 12 62 23 19 67 
64 19 57 24 9 25 48 8 47 52 45 60 70 
19 64 8 49 1 44 12 48 31 23 67 
1 64 8 57 32 48 40 9 12 33 23 67 
64 33 57 24 9 25 48 8 47 52 45 60 70 
1 34 9 12 23 17 48 40 19 65 67 
34 48 1 64 24 40 9 12 33 23 49 67 
1 64 8 24 48 9 12 62 23 57 67 
34 9 1 40 24 48 12 33 23 20 67 
34 32 1 64 24 40 9 12 33 23 19 67 
1 57 64 48 40 9 12 33 23 24 67 
1 64 8 55 9 12 33 23 42 67 
1 34 48 40 9 12 33 23 19 67 
34 48 40 9 1 12 33 23 49 67 
1 34 48 40 9 12 33 23 49 67 
34 17 1 64 24 40 9 12 33 23 19 67 
1 64 8 24 48 40 46 65 5 17 12 23 67 
1 64 8 24 48 40 46 65 17 12 23 50 67 
34 48 1 64 24 40 9 12 33 23 19 67 
1 64 8 24 48 34 40 9 12 33 23 49 67 
1 64 8 24 48 40 46 5 17 12 23 50 67 
64 19 57 24 9 25 48 8 47 52 45 60 70 
1 64 8 24 48 40 46 65 17 12 23 50 67 
49 19 1 64 8 48 31 12 23 40 46 67 
1 34 48 40 9 12 33 23 19 67 
1 64 8 24 48 40 46 65 17 12 23 50 67 
1 64 39 40 25 55 42 50 35 12 67 
1 64 8 57 46 65 24 48 20 12 33 67 
20 25 34 9 1 44 12 48 50 67 
1 64 8 48 40 33 17 24 34 9 67 
1 12 34 18 5 60 53 40 50 9 67 
1 52 25 64 8 24 48 40 46 65 67 
54 46 8 40 25 55 9 44 17 1 67 
1 57 8 48 24 5 44 53 40 67 
65 5 60 49 1 53 40 46 19 57 67 
1 64 48 44 50 8 52 45 49 67 
1 64 48 9 12 42 50 8 65 45 67 
1 17 8 9 65 45 59 12 46 33 67 
1 64 12 46 9 48 49 50 8 65 45 67 
1 64 48 44 50 8 65 45 53 67 
20 25 34 9 1 44 12 48 50 67 
1 34 48 40 9 12 33 23 49 67 
64 19 57 24 9 25 48 8 47 52 45 60 70 
1 64 8 24 48 57 46 40 65 17 9 12 67 
48 19 57 35 8 1 9 12 24 40 17 67 
1 57 8 48 24 5 60 53 40 67 
49 19 57 65 8 59 24 40 1 67 
19 57 49 9 1 44 12 33 17 67 
55 25 56 49 1 33 48 9 42 53 67 
1 46 5 60 53 40 12 50 9 19 57 65 67 
1 64 48 42 50 8 65 45 53 67 
1 64 8 48 40 33 17 24 46 65 67 
1 64 25 12 34 48 50 47 52 24 44 67 
1 34 48 40 9 12 33 17 19 67 
49 19 57 65 8 9 1 44 12 33 17 67 
19 57 8 34 49 1 58 12 48 9 67 
64 8 33 34 65 48 1 24 45 15 50 67 
39 8 24 40 46 1 58 48 65 17 9 67 
1 64 8 24 48 40 46 65 13 32 17 67 
19 57 49 9 1 44 12 33 17 67 
64 19 57 24 9 25 48 8 47 52 45 60 70 
1 64 8 55 42 40 9 12 17 50 10 52 67 
9 19 57 65 8 1 58 48 50 20 17 67 
1 64 8 48 9 12 24 40 46 67 
54 46 8 17 40 25 55 9 1 64 34 67 
1 64 8 9 52 45 12 33 24 48 57 46 67 
1 64 8 9 65 45 53 12 46 33 24 48 67 
1 64 8 24 48 40 46 65 17 9 12 33 67 
1 64 8 24 48 57 46 65 17 14 44 50 67 
1 64 8 17 40 25 48 47 52 12 18 67 
1 64 8 9 12 33 24 48 57 46 67 
1 64 8 24 48 40 46 65 17 14 44 50 67 
1 64 8 24 48 40 46 65 17 14 44 50 67 
1 64 8 24 48 57 46 65 17 14 44 50 67 
1 64 8 24 48 40 46 65 17 14 44 50 67 
