4 2 6 12 22 28 15 26 59 66 
58 2 6 12 22 28 44 15 23 66 
58 2 3 12 22 49 28 18 8 66 
58 2 6 12 22 28 44 15 23 66 
3 2 6 4 12 22 15 26 28 66 
58 2 12 6 22 28 59 15 23 66 
39 2 3 12 22 49 28 33 54 66 
3 2 6 12 22 15 26 7 28 66 
4 2 6 12 22 28 15 26 59 66 
50 2 3 12 22 49 28 33 15 66 
4 2 6 12 22 28 15 26 59 66 
4 2 6 12 22 15 26 28 59 66 
50 2 3 12 22 49 28 33 15 66 
58 2 12 6 22 28 59 15 23 66 
3 2 43 12 22 15 26 28 59 66 
3 2 10 12 15 22 26 49 28 66 
43 2 3 12 22 15 26 28 59 66 
43 2 3 12 22 15 26 28 59 66 
58 2 12 45 22 28 59 9 53 66 
55 2 12 45 22 28 59 9 43 66 
43 2 6 12 22 15 26 28 59 66 
50 2 6 12 15 22 26 49 28 66 
58 2 12 45 22 28 59 9 53 66 
58 2 12 45 22 28 59 9 55 66 
3 2 6 12 22 15 26 49 28 66 
3 2 6 12 15 22 26 49 28 66 
3 2 6 12 15 22 28 18 26 66 
55 2 6 12 15 22 26 28 59 66 
3 2 6 12 22 49 28 33 54 66 
3 2 58 12 6 22 28 59 9 66 
3 2 6 12 22 49 59 28 54 66 
55 2 12 6 22 28 59 15 53 66 
58 2 12 6 22 28 59 9 53 66 
58 2 12 6 22 28 59 9 53 66 
3 2 6 12 15 22 26 49 28 66 
3 2 33 6 22 28 18 26 53 66 
3 2 15 6 22 26 49 28 52 66 
43 2 12 6 22 28 59 54 60 66 
3 2 15 6 22 26 49 28 52 66 
3 2 15 6 22 26 49 28 52 66 
55 18 48 25 31 1 12 23 38 26 67 
55 18 48 25 31 1 12 23 38 26 67 
55 18 48 25 31 1 12 23 38 26 67 
55 18 25 65 1 48 12 23 38 26 67 
55 9 60 18 1 48 12 25 65 23 54 26 67 
55 9 8 1 60 18 48 12 25 45 23 26 67 
55 9 8 1 60 18 48 12 25 45 23 26 67 
20 9 60 18 45 10 1 48 12 25 23 26 67 
55 9 60 18 1 48 12 25 45 23 26 67 
18 38 65 1 46 55 12 25 23 10 67 
55 18 1 38 40 51 10 65 12 23 67 
55 9 60 18 1 45 48 12 25 23 26 67 
31 1 48 19 46 55 12 25 23 54 67 
55 9 60 18 1 48 12 25 45 23 26 67 
40 9 20 18 8 1 54 48 12 17 45 23 67 
55 9 60 18 1 48 12 25 45 23 26 67 
55 31 1 48 12 25 46 23 54 67 
55 18 1 48 12 25 65 23 54 67 
20 18 8 1 40 54 48 12 17 45 23 41 67 
55 18 48 65 1 8 42 12 25 45 23 67 
55 31 1 25 40 54 48 12 45 23 41 67 
58 18 8 1 40 54 48 9 53 38 32 12 67 
5 53 59 38 42 9 10 65 1 60 45 12 67 
55 9 14 8 60 19 1 48 18 25 12 34 67 
55 18 1 38 40 51 10 65 12 23 67 
58 53 10 1 31 12 34 9 38 60 19 67 
55 18 38 65 1 10 57 47 51 12 25 67 
58 9 20 18 8 1 40 54 48 12 17 45 67 
55 18 1 48 25 12 34 9 45 23 54 67 
20 50 8 1 40 55 48 12 25 45 23 54 67 
58 9 60 19 46 55 1 12 14 18 67 
35 18 59 1 34 9 48 12 25 45 23 67 
58 9 53 8 38 1 45 12 5 67 
58 51 60 19 1 57 53 38 47 65 12 67 
55 18 54 48 47 65 19 1 46 12 67 
55 31 1 48 12 25 45 23 54 67 
58 9 53 38 47 65 1 12 51 60 67 
20 18 8 1 40 54 48 12 17 45 23 41 67 
59 8 10 1 31 12 34 9 57 60 19 67 
55 18 1 48 12 25 45 23 54 67 
58 9 53 8 38 1 45 12 5 67 
59 9 53 8 41 1 46 12 57 67 
58 9 53 38 47 65 1 12 51 46 67 
25 47 59 38 42 5 19 1 32 24 50 65 67 
58 9 53 38 10 65 1 57 47 8 67 
25 47 59 38 42 24 50 65 39 10 69 
55 18 54 48 19 1 46 12 25 67 
58 9 57 60 19 1 46 14 18 67 
18 10 65 1 57 47 8 40 42 67 
58 9 60 19 1 48 14 18 45 50 24 67 
58 9 60 19 1 48 14 18 45 52 24 67 
58 9 59 50 40 51 60 19 1 46 67 
20 62 15 8 42 24 50 65 39 60 69 
18 10 65 1 57 47 8 40 42 67 
18 47 10 65 42 24 50 14 19 45 69 
58 9 53 8 38 5 19 1 46 14 45 34 67 
58 9 60 19 1 46 14 18 45 52 24 67 
58 9 59 50 40 31 60 19 1 46 67 
25 47 8 38 42 24 50 65 39 10 69 
58 9 53 8 38 5 19 1 46 14 45 34 67 
