1 13 12 23 26 38 65 51 55 67 
1 13 12 23 26 31 38 57 65 67 
1 13 12 46 9 50 23 31 26 67 
1 13 12 23 38 31 57 65 26 67 
1 13 12 23 38 31 57 65 26 67 
1 13 35 46 65 50 12 23 31 26 48 67 
1 13 42 46 9 50 12 23 31 26 65 67 
1 13 9 46 65 50 12 23 31 26 48 67 
1 13 12 23 38 31 57 65 55 67 
1 52 9 38 65 57 12 23 31 26 25 67 
65 57 33 1 13 12 23 31 38 55 26 67 
1 13 46 9 50 12 23 31 26 67 
1 13 46 65 10 12 45 57 23 67 
1 13 12 33 65 9 23 31 38 67 
1 13 43 49 45 57 50 12 23 67 
57 13 46 65 10 33 1 12 23 67 
65 57 33 1 13 12 23 31 38 55 26 56 67 
1 13 64 65 38 57 12 23 31 26 25 67 
1 13 12 23 31 38 65 57 55 26 25 33 67 
46 65 9 1 34 50 51 10 12 23 47 67 
1 13 38 57 45 54 33 65 12 23 31 67 
1 13 64 65 57 59 47 12 23 67 
1 13 9 65 57 33 8 12 23 31 26 25 67 
1 13 12 23 31 38 65 57 55 26 25 33 67 
1 13 38 41 34 50 51 10 12 23 49 67 
1 39 13 65 57 12 23 46 31 10 67 
34 46 65 9 1 50 51 10 12 23 67 
1 13 43 65 57 12 23 40 52 20 67 
1 13 38 65 57 12 23 46 43 59 67 
1 13 12 23 31 38 65 57 55 26 25 52 67 
34 46 65 9 1 50 51 10 12 23 67 
34 1 9 46 50 51 65 10 12 23 48 67 
1 13 9 38 17 57 12 23 31 26 67 
1 13 38 65 57 12 23 31 26 25 67 
1 13 38 65 57 12 23 31 26 25 67 
1 13 38 65 57 12 23 31 26 25 67 
1 13 38 65 57 12 23 31 26 25 67 
34 65 46 43 1 13 38 57 12 23 31 26 67 
1 13 38 65 57 12 23 31 26 25 67 
46 65 9 1 34 50 51 10 12 23 47 67 
34 1 9 46 65 50 51 10 12 23 48 67 
34 46 55 50 51 38 65 24 1 10 12 23 67 
34 65 46 43 9 1 50 51 10 12 23 15 67 
34 46 65 55 50 51 24 1 10 12 23 38 67 
34 46 65 9 50 51 24 1 10 12 23 38 67 
1 13 46 9 50 65 45 59 12 15 23 38 67 
34 46 65 9 50 51 24 1 10 12 23 38 67 
1 12 20 46 65 9 45 57 13 64 67 
1 19 42 25 47 57 17 39 34 12 67 
1 13 64 48 38 46 65 8 51 10 12 45 67 
1 13 9 46 65 45 59 12 50 15 67 
13 35 48 19 1 50 51 10 12 55 67 
1 12 39 43 45 33 64 19 13 46 65 57 67 
1 12 33 46 65 9 45 57 50 48 67 
19 8 59 43 45 33 24 1 13 12 9 38 67 
1 52 9 46 65 45 19 55 59 12 50 48 67 
1 12 39 13 46 38 65 31 57 10 45 52 67 
1 13 9 46 65 45 59 12 50 48 67 
1 12 39 64 19 13 46 65 57 55 43 67 
34 46 65 9 1 50 51 10 12 23 67 
1 13 35 48 19 44 56 43 12 53 45 67 
65 57 33 1 50 51 10 12 34 13 46 9 67 
1 13 46 65 10 12 45 57 55 67 
1 40 52 43 45 54 33 65 12 39 13 67 
1 13 42 48 19 38 55 43 56 5 40 65 67 
65 57 33 1 34 13 46 9 54 12 45 67 
19 33 8 59 24 45 1 13 12 9 38 67 
1 13 46 33 65 9 10 12 45 67 
1 13 46 43 59 12 50 48 19 33 8 67 
1 65 40 52 12 39 13 46 57 67 
1 13 64 48 19 38 65 57 55 43 40 52 67 
1 13 38 41 19 33 65 57 55 43 40 64 67 
1 13 35 43 45 33 18 8 24 54 44 65 67 
1 12 39 13 46 31 57 10 45 67 
1 65 57 48 19 55 44 56 5 40 39 67 
1 13 38 65 57 55 43 56 5 40 67 
24 51 1 43 45 54 33 65 56 5 34 67 
1 13 38 65 51 55 43 40 64 52 67 
1 13 46 65 10 12 45 57 50 67 
57 31 64 25 47 48 19 33 8 42 58 68 
24 31 64 48 19 33 8 9 1 42 25 47 67 
53 13 46 65 57 24 41 55 43 40 64 68 
57 31 17 48 19 1 13 46 65 45 50 67 
1 13 35 43 45 54 44 65 46 57 55 67 
57 31 64 25 47 48 19 33 8 24 50 68 
1 12 39 13 46 65 57 55 43 67 
1 13 38 65 57 55 43 24 64 52 67 
57 1 35 43 45 54 33 65 56 5 40 67 
42 31 64 51 39 34 35 41 5 55 47 68 
1 19 42 25 47 57 17 39 34 35 67 
1 65 40 52 20 42 25 17 55 67 
1 13 38 65 57 55 43 40 64 52 67 
65 57 1 33 55 43 56 5 40 67 
1 13 46 65 45 57 50 51 55 67 
57 31 64 25 47 48 19 33 8 24 50 68 
32 19 1 33 8 9 25 17 41 67 
1 13 46 65 57 55 43 40 64 52 67 
1 24 39 34 35 41 5 40 8 67 
1 65 57 55 43 56 5 40 39 67 
5 19 42 25 47 24 41 57 51 45 58 68 
