44 25 18 24 20 8 40 13 47 69 
1 59 38 5 53 46 47 32 39 65 48 18 67 
1 58 57 31 8 46 34 12 23 67 
1 38 18 46 14 44 12 23 26 32 67 
1 59 57 32 14 44 12 23 46 18 26 67 
1 53 52 48 47 12 59 25 42 8 19 5 67 
1 53 52 48 47 12 59 46 19 14 44 23 67 
1 53 59 12 18 57 40 65 31 23 67 
1 59 38 5 53 9 15 12 24 32 23 26 67 
44 9 1 46 40 25 38 5 35 12 23 67 
1 53 52 59 25 42 8 12 47 19 67 
1 49 53 65 31 5 47 8 12 43 39 67 
8 57 40 19 1 47 41 62 17 67 
8 25 53 65 31 57 40 33 1 47 67 
1 65 14 48 39 18 53 5 38 44 25 67 
1 59 57 32 12 23 46 18 26 67 
1 59 57 32 12 23 46 18 26 67 
1 45 57 32 12 23 26 18 65 67 
1 59 24 32 12 23 26 18 40 67 
1 45 57 32 12 8 23 26 18 67 
1 59 57 32 12 23 46 18 26 67 
1 45 57 32 12 8 23 26 18 67 
1 59 57 32 12 23 46 18 26 67 
1 59 24 32 12 23 26 18 38 67 
1 59 46 32 12 23 26 14 40 67 
1 59 9 15 12 24 32 23 26 67 
1 59 24 32 12 47 41 23 26 67 
1 59 24 32 12 23 26 18 52 67 
1 59 46 32 8 12 23 26 14 67 
1 59 46 32 8 12 23 26 14 67 
1 59 24 32 12 23 26 18 46 67 
1 45 57 32 12 46 23 26 18 67 
1 59 58 32 46 12 23 26 18 67 
1 20 32 59 24 12 23 26 18 67 
1 45 57 32 12 23 26 59 58 67 
20 44 1 32 59 24 12 23 26 67 
1 59 24 32 15 12 49 23 26 67 
1 45 57 32 12 23 26 18 65 67 
1 59 40 52 48 47 12 23 26 67 
1 59 46 32 12 23 26 14 57 67 
59 8 1 24 32 12 23 26 18 67 
1 59 24 32 12 23 26 18 46 67 
1 38 46 32 12 23 26 14 44 67 
1 40 44 32 46 12 23 26 31 67 
8 59 24 1 32 12 23 26 18 67 
1 20 32 55 24 53 12 23 26 67 
1 40 57 32 12 8 23 26 53 67 
1 59 57 32 12 23 46 42 26 67 
1 45 57 32 12 65 23 26 59 67 
1 59 24 32 12 8 23 26 18 67 
1 38 46 32 12 8 23 26 14 67 
1 59 46 32 12 23 26 53 52 67 
1 45 57 32 12 23 26 9 46 67 
1 59 62 19 24 32 12 23 26 67 
1 45 57 32 12 23 26 53 8 67 
1 59 32 8 12 23 46 26 14 67 
1 39 46 32 12 23 26 24 14 67 
1 45 57 32 12 23 26 9 46 67 
1 59 62 19 24 34 12 23 26 67 
1 64 24 32 12 23 26 18 46 67 
1 59 9 15 12 24 32 23 26 67 
1 59 24 32 12 8 23 26 31 67 
1 59 24 32 12 23 26 18 46 67 
45 57 24 1 32 12 23 26 9 67 
1 59 57 32 12 23 46 18 26 67 
1 59 57 32 12 23 46 18 26 67 
45 57 24 1 39 12 23 26 9 67 
1 59 24 32 12 8 23 26 18 67 
1 45 12 23 57 32 26 18 65 67 
1 40 57 32 8 12 23 26 53 67 
1 59 24 32 18 12 23 26 46 67 
59 24 1 32 12 31 23 26 18 67 
1 40 44 32 46 12 23 26 59 67 
1 59 46 32 8 12 23 26 40 67 
1 47 57 32 12 23 46 26 18 67 
1 52 24 32 12 23 57 26 18 67 
1 59 24 64 32 12 23 26 18 67 
1 40 24 32 57 12 8 23 26 67 
1 38 24 32 46 12 23 26 14 67 
1 38 46 32 12 23 26 14 44 67 
1 19 24 32 12 23 26 18 53 67 
1 59 57 32 12 23 46 18 26 67 
1 59 24 32 12 23 26 62 19 67 
1 45 57 32 12 23 26 53 52 67 
1 45 57 32 12 23 26 18 65 67 
52 24 1 32 12 31 23 44 26 67 
1 59 58 32 12 46 23 26 18 67 
1 39 24 64 32 12 23 26 46 67 
1 59 9 15 12 24 32 23 26 67 
1 45 57 19 12 47 32 23 26 67 
1 59 62 19 24 34 12 23 26 67 
45 57 24 1 32 12 8 23 26 67 
1 59 58 32 46 12 23 26 24 67 
1 40 57 32 12 8 23 26 53 67 
1 45 57 32 12 23 46 18 26 67 
1 15 57 32 8 12 23 26 52 67 
1 59 24 32 12 8 23 26 18 67 
1 45 57 32 12 23 46 26 9 67 
1 59 24 32 12 23 26 18 9 67 
1 38 62 19 12 47 24 43 65 67 
