20 32 38 25 58 42 57 56 55 69 
60 1 52 18 40 62 12 54 23 26 67 
20 32 52 18 40 62 14 38 25 58 69 
60 1 52 18 40 62 12 54 23 26 67 
48 1 14 32 55 65 52 18 49 62 43 8 67 
1 52 60 38 12 58 62 54 23 67 
60 1 58 52 62 40 18 49 12 5 23 26 67 
31 1 52 55 18 40 8 15 58 14 60 5 67 
52 60 18 1 49 62 12 54 34 50 23 14 67 
60 1 52 18 49 62 32 47 39 57 56 12 67 
60 62 52 1 12 54 25 40 18 67 
62 40 52 1 55 58 14 60 18 67 
52 60 1 53 55 65 18 12 49 62 8 44 67 
60 1 58 24 62 18 40 12 54 23 26 67 
60 1 58 52 62 18 40 12 54 23 26 67 
52 60 18 1 53 55 65 49 62 67 
60 1 43 52 62 8 12 18 40 54 23 26 67 
52 60 18 1 49 62 12 54 34 50 23 14 67 
20 8 52 1 12 58 32 38 25 67 
60 1 43 8 12 62 18 40 54 23 67 
60 1 52 18 40 62 12 8 25 23 67 
49 8 52 1 12 58 14 60 23 67 
60 1 18 40 52 62 20 12 54 25 23 67 
1 38 12 58 52 62 59 60 35 23 65 67 
60 1 52 18 32 8 62 12 24 20 67 
60 1 52 18 9 14 38 53 62 12 67 
60 8 18 1 58 52 40 62 20 12 49 67 
60 1 18 40 52 62 20 14 12 54 24 67 
60 1 32 45 52 14 38 18 47 9 67 
60 1 52 18 9 14 62 25 55 40 67 
53 1 52 31 8 18 40 62 58 48 57 67 
20 38 1 31 8 18 58 32 25 24 48 67 
60 1 52 18 40 62 12 54 23 26 67 
39 8 60 14 52 45 40 18 15 69 
60 1 14 32 52 18 9 38 25 55 40 5 67 
60 1 14 32 45 52 18 47 9 62 12 54 67 
31 59 18 1 58 52 12 14 62 23 26 67 
60 14 44 45 52 1 40 18 50 67 
60 1 58 52 62 40 18 49 12 5 23 26 67 
52 60 18 1 49 62 43 8 12 40 54 23 67 
52 60 18 1 12 55 65 49 62 67 
60 1 52 18 40 62 12 54 24 23 67 
1 52 60 18 40 62 12 54 23 67 
60 1 52 18 40 62 20 14 12 54 23 67 
49 1 52 18 9 14 38 25 8 12 67 
52 60 1 31 8 18 58 12 49 62 54 67 
20 38 18 32 25 1 24 8 48 50 67 
60 1 32 45 52 62 20 14 18 40 50 67 
20 32 38 50 52 55 8 58 51 69 
60 1 52 18 40 62 12 54 23 26 67 
60 1 14 55 65 8 32 47 45 52 42 39 67 
14 8 39 59 52 1 38 25 41 40 18 12 67 
31 8 18 1 58 52 12 14 62 23 26 67 
60 50 52 1 40 31 34 18 58 67 
47 1 52 18 62 40 8 15 12 55 23 26 67 
60 1 52 62 12 54 25 40 18 23 49 45 67 
31 8 60 1 12 58 62 40 18 67 
60 1 52 18 40 58 12 54 23 49 67 
1 52 60 38 12 58 62 54 23 67 
1 52 38 12 58 62 59 60 42 23 65 67 
60 1 32 18 47 62 12 24 20 49 67 
60 1 52 18 40 62 20 14 9 12 64 67 
60 1 52 18 9 14 38 25 55 40 67 
53 1 52 31 8 18 40 62 58 59 57 67 
60 1 52 18 40 62 12 54 23 26 67 
60 14 52 45 40 18 48 50 20 58 69 
60 1 14 32 55 65 8 44 39 58 62 5 67 
60 1 14 32 45 52 18 12 55 65 8 44 67 
31 34 18 1 58 52 12 14 60 23 26 67 
39 8 60 14 52 1 40 18 20 67 
60 1 58 52 62 18 17 8 12 54 23 26 67 
52 60 18 1 49 62 12 54 34 50 23 14 67 
60 62 52 1 18 40 12 54 57 67 
60 1 52 18 40 62 12 54 23 49 67 
31 8 52 1 12 58 14 60 23 67 
31 14 55 24 58 8 52 1 12 60 23 67 
1 58 52 18 40 62 12 54 59 60 67 
60 1 32 18 40 62 20 12 49 54 45 67 
60 1 52 18 9 14 38 25 55 40 67 
53 1 52 31 8 18 40 62 58 59 57 67 
60 1 52 18 40 62 12 24 23 26 67 
20 38 18 32 25 8 48 50 52 55 69 
60 1 14 55 65 8 32 47 45 52 62 20 67 
1 58 60 55 65 38 62 12 25 41 54 20 67 
60 1 52 31 8 18 58 12 14 23 26 67 
52 32 25 1 40 15 48 49 20 67 
60 1 52 18 62 40 8 15 12 55 23 26 67 
60 1 52 62 12 54 25 40 24 23 49 45 67 
31 1 52 55 12 58 18 51 8 67 
60 1 52 18 53 8 62 12 54 23 67 
49 8 52 1 12 58 14 60 23 67 
52 55 60 18 1 12 65 49 62 46 23 67 
31 8 52 18 49 1 24 20 56 12 67 
31 8 18 1 58 32 20 40 62 12 41 67 
52 24 55 60 1 58 62 40 18 49 67 
52 1 51 60 14 32 65 8 44 40 62 67 
60 1 52 18 13 62 12 54 23 26 67 
34 32 38 25 40 18 55 58 42 69 
60 1 14 55 65 8 32 47 39 57 44 40 67 
14 8 39 60 52 1 38 25 41 40 18 12 67 
