41 20 62 8 49 34 60 40 48 45 56 67 
41 20 62 8 60 49 40 48 44 56 1 67 
1 39 56 41 31 12 20 43 23 67 
14 1 12 23 39 38 31 57 26 50 48 67 
1 40 31 12 20 23 39 57 26 56 67 
1 20 14 8 60 38 31 12 43 39 48 67 
14 1 39 12 20 56 35 60 15 31 23 67 
31 1 39 12 45 19 25 60 46 67 
41 1 39 20 12 43 23 46 35 49 67 
1 20 60 62 12 43 39 14 8 48 67 
45 62 44 33 46 54 1 49 64 67 
38 42 60 62 1 20 18 64 46 25 67 
1 39 31 12 23 48 57 26 45 67 
1 39 8 12 23 48 57 26 45 67 
1 39 8 12 23 48 57 26 14 67 
1 39 31 12 23 48 57 26 42 67 
31 1 39 8 12 23 48 57 26 67 
1 40 31 12 23 39 57 26 56 67 
1 9 31 12 23 39 57 26 64 67 
14 1 31 12 23 39 57 26 50 67 
1 40 31 24 12 23 39 57 26 67 
14 1 31 12 23 39 57 26 47 67 
1 41 8 12 23 48 57 26 45 67 
1 41 8 12 23 48 57 26 45 67 
14 1 31 12 23 39 57 26 47 67 
1 40 31 24 12 23 39 57 26 67 
1 24 14 31 12 23 39 57 26 67 
14 1 31 12 23 39 57 26 50 67 
1 24 14 12 23 39 31 57 26 67 
1 41 8 12 23 48 57 26 59 67 
1 41 8 12 23 48 57 26 33 67 
1 40 31 24 12 23 39 57 26 67 
1 59 12 48 57 23 39 26 42 67 
1 59 12 48 57 23 39 26 20 67 
14 1 31 12 23 59 57 26 50 67 
14 1 31 12 23 39 57 26 47 67 
59 1 25 12 48 57 23 39 26 67 
1 39 31 12 23 51 57 26 45 67 
1 51 9 31 12 23 39 57 26 67 
8 1 31 12 23 39 48 57 26 67 
1 39 8 12 23 48 57 26 31 67 
1 51 39 12 31 35 23 57 26 67 
1 60 48 12 23 39 57 26 42 67 
14 1 39 12 20 31 23 57 26 67 
1 59 12 48 41 8 23 57 26 67 
1 24 14 12 23 39 31 57 26 67 
41 1 31 12 8 23 48 57 26 67 
1 39 8 12 48 57 17 23 26 67 
31 1 39 12 51 41 23 57 26 67 
1 59 12 48 57 23 39 26 20 67 
1 40 31 57 12 23 39 26 56 67 
1 41 8 12 23 39 40 26 48 67 
14 1 31 12 23 39 57 26 59 67 
31 1 39 14 12 23 24 26 50 67 
14 1 60 31 12 23 39 57 26 67 
31 1 39 8 12 23 48 57 26 67 
1 59 12 23 39 26 48 57 20 67 
1 40 31 12 23 39 57 26 56 67 
8 1 31 12 23 14 39 57 26 67 
34 1 8 12 23 39 57 26 48 67 
14 1 31 12 23 39 57 26 50 67 
14 1 48 12 31 23 39 57 26 67 
1 8 48 12 31 23 44 57 26 67 
1 41 12 48 8 23 39 40 26 67 
1 59 48 12 31 23 57 39 26 67 
1 51 9 12 23 39 57 31 26 67 
1 40 31 39 12 23 48 57 26 67 
1 59 12 23 39 26 32 57 20 67 
1 41 19 12 14 23 39 40 26 67 
50 1 39 12 51 41 23 57 26 67 
1 59 12 48 41 57 23 39 26 67 
1 39 48 12 31 8 23 57 26 67 
51 1 31 12 23 9 39 57 26 67 
1 9 31 12 23 39 57 26 64 67 
41 1 20 12 23 39 10 26 43 67 
1 40 31 12 23 39 57 26 48 67 
1 39 44 12 23 48 57 51 26 67 
1 40 31 12 23 39 57 26 8 67 
1 60 48 24 12 23 39 57 26 67 
1 41 20 12 23 39 10 26 33 67 
1 59 48 12 25 39 57 23 26 67 
1 60 12 48 41 57 23 39 26 67 
31 1 39 8 12 14 23 24 26 67 
39 1 31 8 12 23 48 57 26 67 
1 59 8 12 23 39 26 48 57 67 
14 1 38 12 23 44 57 26 31 67 
8 1 31 12 23 48 35 26 14 67 
40 1 31 12 23 9 39 57 26 67 
1 41 8 12 23 48 59 39 26 67 
1 44 31 12 23 39 57 26 48 67 
31 1 39 51 12 23 24 57 26 67 
1 39 8 12 23 48 57 26 31 67 
1 41 40 12 57 23 48 26 33 67 
1 59 8 12 23 39 57 26 48 67 
1 8 48 31 12 23 44 57 26 67 
1 39 8 12 48 57 17 23 26 67 
14 1 48 12 31 23 49 57 26 67 
1 9 31 12 23 39 57 26 64 67 
1 39 31 12 23 48 57 26 45 67 
31 1 12 51 41 23 39 57 26 67 
