53 9 47 31 25 60 14 20 42 38 5 69 
2 3 12 50 6 22 26 38 28 66 
2 3 12 50 6 22 26 38 28 66 
53 9 47 8 15 25 52 50 60 14 59 49 69 
42 1 9 58 13 33 8 50 43 47 31 24 67 
25 1 31 12 44 33 8 23 26 67 
2 3 12 50 8 22 25 38 28 66 
2 3 12 50 6 22 25 38 28 66 
40 1 31 12 44 33 8 23 58 67 
25 1 31 58 13 33 8 59 12 55 23 26 67 
2 3 12 50 6 22 25 57 28 66 
2 8 12 50 6 22 25 57 28 66 
2 3 12 50 8 22 25 38 28 66 
35 17 1 58 32 5 34 31 12 8 49 50 67 
42 46 8 25 5 10 17 39 1 67 
2 62 12 50 6 22 25 23 28 66 
2 3 12 50 10 22 26 38 28 66 
2 62 12 50 6 22 48 38 28 66 
2 3 12 50 57 22 26 38 28 66 
2 62 12 50 6 22 25 23 28 66 
25 1 31 12 55 33 40 38 23 26 67 
25 1 31 12 55 33 40 38 23 26 67 
40 1 31 12 44 33 8 23 26 67 
49 46 31 45 55 1 10 12 60 39 33 23 67 
1 13 12 50 55 33 40 5 34 23 46 10 67 
25 1 13 33 8 59 31 12 55 23 26 67 
40 1 31 12 52 33 8 5 13 67 
58 13 49 1 10 14 32 5 34 31 45 39 67 
14 1 8 12 44 39 32 5 34 67 
25 1 13 33 8 59 31 12 55 23 26 67 
1 31 25 58 13 53 52 50 57 55 12 44 67 
1 47 25 50 49 58 40 13 60 67 
1 58 52 31 25 5 12 39 23 8 67 
25 1 31 12 55 33 40 38 23 44 67 
40 1 31 12 13 33 8 52 5 55 23 26 67 
25 9 40 31 60 14 1 12 39 33 23 67 
1 9 47 31 25 60 12 44 33 8 23 67 
42 1 31 25 12 50 33 8 23 67 
42 9 40 49 39 1 25 5 31 12 67 
42 1 9 58 25 5 12 44 59 39 67 
35 39 32 5 34 31 1 12 8 49 50 67 
53 9 42 1 46 12 44 33 19 50 8 67 
9 40 60 49 39 1 25 5 31 14 67 
1 58 52 31 42 46 8 25 62 43 67 
53 9 32 5 34 64 31 25 42 1 58 67 
25 1 31 58 13 60 14 20 42 33 8 67 
2 3 12 50 6 22 26 38 28 66 
53 9 47 50 8 31 25 60 14 69 
2 3 12 50 6 22 42 38 28 66 
2 3 12 50 8 22 25 38 28 66 
2 62 12 50 6 22 48 38 28 66 
2 3 12 50 10 22 26 38 28 66 
2 62 12 50 6 22 25 23 28 66 
25 1 31 12 55 33 40 38 23 26 67 
40 1 31 12 44 33 8 23 26 67 
25 1 40 45 55 12 44 31 33 8 23 10 67 
42 1 9 58 13 33 8 50 43 47 31 25 67 
40 1 12 49 64 31 25 42 52 67 
42 1 38 58 33 12 44 8 23 25 26 67 
42 1 9 58 35 39 32 5 34 31 12 55 67 
25 1 31 50 49 58 40 13 33 67 
1 13 12 50 55 33 40 23 46 10 67 
25 1 31 58 13 33 8 59 12 55 23 26 67 
42 1 31 58 33 12 44 8 23 25 57 67 
1 13 12 50 49 10 17 33 23 67 
1 40 45 55 25 5 12 44 31 33 67 
1 58 47 13 25 60 42 31 33 12 44 67 
1 57 52 31 25 5 64 55 44 33 67 
1 58 47 13 25 60 14 20 42 38 33 67 
2 3 12 50 6 22 26 38 28 66 
53 9 47 5 25 60 14 20 39 56 42 69 
2 3 12 50 6 22 48 38 28 66 
2 3 12 50 8 22 25 38 28 66 
2 62 12 50 6 22 48 38 28 66 
2 3 12 50 57 22 26 38 28 66 
2 62 12 50 6 22 25 23 28 66 
25 1 31 12 55 33 40 9 23 26 67 
25 1 31 12 48 33 46 23 26 67 
35 17 1 58 62 8 12 44 33 46 31 23 67 
42 1 9 58 13 33 8 50 43 47 31 25 67 
42 1 31 12 44 33 19 50 8 67 
25 1 31 33 8 59 12 44 46 23 26 67 
42 1 25 13 33 31 60 14 12 39 8 48 67 
25 1 31 50 49 58 40 13 33 67 
42 1 31 12 55 33 40 23 46 8 67 
25 1 31 58 13 33 8 59 12 55 23 26 67 
35 39 32 5 34 1 31 12 55 23 8 67 
42 1 31 25 12 50 33 8 23 67 
42 1 31 12 55 33 40 38 46 8 67 
1 9 47 31 25 46 14 60 12 44 55 67 
1 58 52 31 42 46 8 25 62 43 67 
31 58 13 49 1 46 14 45 39 25 10 67 
2 3 12 50 6 22 26 38 28 66 
53 9 47 5 25 60 14 20 39 33 42 69 
2 3 12 50 6 22 42 38 28 66 
2 3 12 50 8 22 25 38 28 66 
2 62 12 50 6 22 48 38 28 66 
2 62 12 50 6 22 25 23 28 66 
25 1 31 12 55 33 40 38 23 26 67 
25 1 31 12 48 33 46 23 26 67 
