1 13 60 43 12 40 50 23 26 67 
43 40 13 39 50 1 12 23 26 67 
1 13 39 43 12 40 50 23 26 67 
1 60 39 43 12 40 50 23 26 67 
1 13 15 43 12 40 50 23 26 67 
1 13 39 43 12 40 50 23 26 67 
1 19 41 14 39 64 43 12 45 23 26 67 
1 43 8 45 14 9 20 19 12 23 39 26 67 
1 43 8 19 12 39 50 40 57 13 23 26 67 
1 43 12 14 65 64 40 13 50 23 26 67 
1 43 8 45 14 39 12 40 13 50 23 26 67 
1 43 12 58 62 40 13 39 5 23 26 67 
1 12 59 20 43 45 23 60 50 67 
1 9 20 19 43 12 45 23 39 67 
1 9 20 43 12 40 13 39 23 67 
5 9 20 1 43 12 45 23 39 67 
1 43 12 40 13 39 50 23 26 45 67 
1 43 8 19 12 40 57 13 39 50 23 26 67 
1 52 43 12 40 13 39 50 23 26 45 67 
1 9 20 43 12 40 13 39 23 67 
1 43 12 40 13 34 42 39 50 23 26 67 
1 43 12 45 14 39 64 23 9 40 57 8 67 
1 43 12 45 23 39 64 46 40 57 8 62 67 
1 43 12 40 13 39 50 23 26 51 67 
1 43 12 45 14 39 64 23 9 40 57 8 67 
1 43 12 40 13 39 50 23 26 45 67 
42 32 1 65 20 8 14 40 12 23 62 9 67 
1 43 40 41 19 12 13 39 50 23 26 45 67 
1 43 56 50 12 40 13 39 23 26 42 67 
1 43 12 40 13 39 5 23 26 45 67 
1 8 59 20 43 12 45 23 39 67 
42 32 8 1 40 20 35 59 54 12 23 67 
42 32 8 1 40 20 64 59 31 12 23 67 
42 32 8 1 40 20 35 59 14 12 23 67 
42 35 1 8 59 20 14 5 60 24 12 23 67 
1 43 12 40 13 39 50 23 26 45 67 
1 43 12 40 57 13 39 50 23 26 42 9 67 
42 32 8 1 40 20 64 59 31 12 23 67 
42 32 8 1 40 20 64 59 31 12 23 67 
1 43 12 45 57 20 23 39 64 46 67 
42 35 1 8 59 20 14 40 12 23 67 
1 43 12 40 13 39 50 23 26 42 67 
42 35 1 8 59 20 14 40 12 23 67 
1 43 12 45 23 39 64 46 40 57 8 62 67 
42 32 8 1 40 20 64 59 31 12 23 67 
8 19 56 57 9 20 51 1 12 62 40 67 
1 43 56 50 31 34 42 32 12 45 8 67 
8 19 56 57 9 20 50 1 12 62 40 67 
57 14 1 41 19 54 39 9 20 50 12 67 
42 32 1 8 59 20 14 40 12 23 67 
1 46 19 43 12 40 57 8 14 39 67 
1 52 12 40 53 24 41 19 55 38 67 
1 43 12 40 57 20 14 8 39 64 67 
42 35 1 8 59 20 14 40 12 23 67 
8 19 56 14 33 40 20 50 1 12 39 67 
1 52 24 41 10 64 46 19 43 12 67 
19 8 18 1 10 64 46 32 12 40 67 
57 9 42 19 50 1 12 62 14 67 
15 40 20 19 50 1 12 39 31 67 
42 32 1 8 59 20 14 40 12 23 67 
1 43 12 40 53 14 57 8 39 64 67 
57 9 20 19 50 1 12 62 40 67 
1 43 12 40 56 50 31 45 20 42 64 39 67 
57 9 20 19 14 39 50 1 12 62 51 32 67 
1 43 12 40 57 8 14 39 64 46 62 9 67 
43 40 20 19 50 1 12 39 31 67 
57 52 8 45 9 20 19 50 1 12 62 14 67 
8 19 56 14 39 64 46 24 40 50 1 67 
8 19 56 45 14 39 64 46 24 40 1 20 67 
1 52 8 45 14 39 64 46 59 20 51 32 67 
19 8 14 46 31 1 10 64 56 24 40 44 67 
1 43 12 40 56 50 31 45 20 42 64 39 67 
1 43 56 50 31 34 42 32 12 45 20 67 
1 52 24 41 19 12 44 55 38 40 20 59 67 
42 32 14 1 40 20 64 54 50 38 62 67 
19 8 14 1 54 39 64 46 41 59 67 
42 40 20 64 54 50 38 57 8 1 67 
57 9 20 19 50 1 12 62 14 67 
19 8 14 1 10 64 46 56 24 40 67 
8 14 39 50 41 57 32 1 64 67 
53 32 1 8 59 20 64 51 19 14 67 
57 19 14 46 56 39 64 40 8 1 48 67 
57 9 20 19 50 1 12 62 14 67 
1 52 24 41 19 55 38 40 20 67 
8 19 56 45 14 39 64 46 24 40 50 1 67 
19 8 14 1 10 64 46 56 24 40 67 
1 52 59 58 62 39 20 64 51 32 19 67 
42 40 20 64 54 50 38 57 8 1 67 
1 52 20 64 56 43 59 51 32 19 24 67 
1 52 24 41 19 55 38 40 56 67 
1 52 59 20 64 51 32 19 24 67 
51 58 56 34 31 45 20 5 60 59 50 1 67 
1 52 24 41 19 55 38 40 20 67 
53 8 56 39 64 46 43 59 55 68 
1 8 59 20 64 51 32 19 56 67 
57 8 58 17 14 39 64 46 25 68 
54 8 14 39 64 46 41 59 40 68 
8 19 14 39 64 46 56 24 40 68 
57 8 14 39 64 46 56 9 62 68 
57 8 14 39 64 46 25 52 33 68 
