40 8 46 47 65 51 10 24 60 70 
1 2 60 6 27 50 12 23 26 67 
55 39 49 8 46 14 52 58 60 10 5 70 
46 52 1 24 43 49 48 9 42 38 60 55 67 
1 2 60 59 27 50 12 23 26 67 
41 56 1 12 58 23 26 54 60 67 
41 1 55 38 53 14 12 60 23 67 
41 39 1 12 38 60 10 55 23 5 24 26 67 
55 45 1 12 38 60 10 54 8 53 39 17 67 
54 8 25 38 55 48 64 1 20 67 
41 1 44 38 60 10 53 48 12 23 26 67 
41 56 1 12 25 10 46 23 26 54 24 67 
41 1 12 58 25 33 10 55 23 39 17 60 67 
46 9 1 42 38 60 55 39 10 24 5 8 67 
41 52 1 38 60 19 12 10 44 67 
41 1 12 58 25 33 10 55 23 14 17 60 67 
44 52 1 24 38 60 10 55 58 53 14 12 67 
1 55 60 10 53 50 12 48 49 67 
54 8 25 38 55 48 64 1 20 67 
41 49 47 65 1 42 46 12 57 23 67 
44 52 1 24 43 55 48 53 31 12 23 26 67 
54 1 12 55 60 23 8 25 10 53 67 
48 39 1 15 10 55 12 56 38 60 23 67 
41 1 12 55 23 54 52 60 19 17 53 67 
41 1 55 38 53 14 12 60 23 67 
41 49 47 65 1 42 46 39 12 15 67 
46 9 1 42 38 60 55 39 12 10 67 
41 39 49 47 65 1 42 46 24 12 5 67 
54 8 1 12 47 10 53 38 24 60 42 67 
54 31 49 47 24 65 1 42 46 39 67 
40 31 38 47 1 8 60 34 10 53 67 
1 39 54 24 60 49 48 53 31 41 47 67 
55 49 52 58 60 10 5 50 1 39 31 67 
33 39 49 8 46 47 32 51 58 10 24 70 
44 52 1 24 43 60 10 54 58 8 46 49 67 
44 52 41 1 12 58 25 33 10 55 23 39 67 
54 1 12 58 25 33 8 10 53 38 55 48 67 
41 1 44 38 53 14 12 60 10 67 
46 9 1 38 20 10 24 48 12 23 26 67 
41 39 1 49 48 53 31 24 60 67 
44 52 1 24 43 49 48 53 31 12 23 26 67 
55 60 10 5 1 12 58 53 50 23 67 
1 49 14 12 60 48 53 38 58 23 64 67 
1 50 53 14 12 60 48 58 23 67 
55 49 46 5 8 41 24 1 12 38 67 
54 8 1 12 47 10 53 38 55 48 64 67 
55 31 49 47 1 8 5 46 57 38 67 
41 39 17 8 46 1 24 60 49 48 53 67 
33 64 46 47 32 51 58 10 24 70 
44 52 1 24 38 60 10 41 55 43 20 53 67 
41 8 1 12 60 39 10 55 23 5 24 46 67 
41 24 1 12 38 60 10 54 17 8 46 5 67 
40 31 1 38 60 14 12 10 19 67 
41 1 44 38 60 10 53 48 12 23 26 67 
55 1 53 48 58 51 10 38 60 67 
41 1 38 12 42 39 10 55 23 5 24 26 67 
41 1 12 55 60 23 33 8 46 47 67 
55 39 1 60 10 5 12 58 53 50 23 67 
1 49 53 14 12 60 48 58 23 67 
40 31 1 38 60 34 10 53 12 19 67 
54 8 1 12 25 10 53 38 55 48 64 67 
55 49 46 5 8 60 10 53 50 1 67 
55 45 1 58 25 54 52 60 10 53 39 67 
33 8 46 47 32 51 58 10 24 70 
46 9 1 42 38 60 55 39 10 24 5 8 67 
49 46 1 12 60 39 57 55 23 5 24 50 67 
39 49 53 5 38 1 12 60 10 41 14 55 67 
1 24 60 49 48 53 31 12 52 67 
41 1 44 38 60 10 53 48 12 23 26 67 
41 39 1 24 60 49 48 53 31 67 
41 39 1 12 38 60 10 55 23 5 24 26 67 
1 48 60 49 53 14 12 52 58 23 67 
41 1 12 58 60 10 53 25 33 55 23 67 
1 48 60 49 53 14 12 58 23 67 
54 24 47 65 1 42 46 39 12 60 67 
55 51 53 5 1 10 17 38 60 12 14 67 
55 31 49 47 1 8 5 46 10 38 67 
44 39 54 24 60 49 48 53 52 1 38 67 
33 8 46 47 32 51 58 10 24 70 
55 49 46 5 50 1 39 31 65 42 10 53 67 
49 46 1 12 60 39 57 55 23 5 24 50 67 
41 39 1 12 38 60 10 54 17 8 46 5 67 
44 52 1 38 60 14 12 10 9 67 
41 1 44 38 60 10 53 48 12 23 26 67 
1 24 60 49 48 53 31 41 47 67 
44 52 1 24 43 55 48 53 31 12 23 26 67 
39 1 15 10 55 56 38 48 12 60 23 67 
1 48 60 49 53 14 12 58 23 67 
41 55 45 54 8 39 1 12 38 60 67 
54 8 1 12 10 25 38 64 55 48 20 67 
1 55 45 54 8 60 10 53 39 17 67 
40 8 46 47 32 51 10 24 60 70 
40 32 1 38 60 10 34 53 12 19 67 
41 1 44 38 60 10 53 48 12 23 26 67 
41 1 57 38 60 10 53 48 12 23 26 67 
41 39 49 1 12 58 47 53 42 46 24 5 67 
41 44 1 24 60 49 48 38 53 67 
41 44 1 24 60 49 48 38 53 67 
44 52 1 24 38 46 9 20 10 48 12 23 67 
44 52 1 24 38 46 9 20 10 48 12 23 67 
