17 14 53 49 43 8 18 44 34 38 48 67 
2 65 6 52 3 21 12 28 27 66 
19 14 53 42 52 60 40 17 49 43 8 67 
65 52 2 6 3 21 12 28 27 66 
1 53 65 15 50 59 54 14 48 13 45 67 
60 53 40 54 14 59 1 12 23 26 67 
2 34 6 52 31 42 12 28 23 66 
2 34 6 23 19 21 12 28 26 66 
2 34 6 65 3 21 12 28 22 66 
19 14 53 1 52 15 50 12 23 65 26 67 
33 1 13 34 65 15 50 12 23 67 
2 64 6 23 31 42 12 28 48 66 
19 14 53 49 9 1 15 52 12 42 54 67 
17 59 53 49 31 38 1 24 14 67 
2 34 50 52 3 21 12 28 15 66 
2 34 6 23 41 21 12 28 26 66 
3 34 2 6 18 17 21 12 28 66 
3 41 58 6 7 21 23 12 28 66 
3 34 2 6 18 17 21 65 28 66 
19 14 53 49 9 1 15 52 12 50 23 67 
53 52 1 50 15 14 64 34 12 67 
60 1 45 53 40 59 54 14 12 23 48 67 
19 14 53 1 52 15 50 12 23 65 26 67 
17 59 58 53 40 54 14 1 12 67 
2 33 22 15 19 10 12 26 28 66 
2 34 6 18 14 21 12 28 50 66 
19 14 53 49 9 1 15 52 12 42 54 67 
2 3 6 52 31 42 12 28 23 66 
2 64 6 20 31 19 21 12 28 66 
2 34 58 6 23 19 21 12 28 66 
53 1 13 45 65 15 50 12 23 67 
13 1 45 53 65 15 17 40 54 52 60 67 
1 35 13 45 65 15 50 17 40 67 
2 33 22 15 19 10 12 26 28 66 
60 53 40 54 14 59 1 12 23 26 67 
3 34 58 6 23 32 21 12 28 66 
3 34 2 6 18 9 21 65 28 66 
2 3 6 23 31 52 42 12 28 66 
32 14 53 1 24 48 34 12 23 64 67 
2 57 50 14 3 21 12 28 60 66 
2 34 6 20 23 19 21 12 28 66 
3 34 58 6 23 32 21 12 28 66 
1 53 65 15 50 48 13 45 12 23 67 
2 34 6 52 3 21 12 28 22 66 
2 65 6 52 3 21 23 28 27 66 
49 31 38 1 14 48 34 12 24 18 67 
17 15 40 1 14 54 52 60 65 12 67 
2 64 6 48 19 21 12 28 26 66 
3 41 58 6 7 21 23 12 28 66 
2 64 6 48 19 21 12 28 26 66 
3 34 2 6 18 17 21 12 28 66 
2 50 6 52 3 21 23 28 27 66 
1 53 65 15 50 52 60 48 13 45 67 
53 31 35 1 24 48 34 15 19 40 67 
2 65 6 52 3 21 12 28 27 66 
60 13 40 49 43 48 45 53 65 15 50 67 
2 34 6 52 48 42 12 28 23 66 
2 34 6 23 19 21 12 28 26 66 
19 14 53 1 15 52 12 42 34 23 25 67 
60 1 8 53 40 59 54 14 12 23 26 67 
1 59 53 49 15 52 12 42 34 67 
60 53 40 57 1 45 65 54 14 59 12 67 
2 15 6 52 34 17 21 12 28 66 
9 1 15 52 12 42 34 23 14 67 
60 13 40 49 43 8 18 45 65 1 44 67 
17 59 53 49 31 38 1 24 14 67 
2 31 22 15 19 9 12 26 28 66 
60 53 40 54 14 59 1 12 23 26 67 
2 3 6 52 31 42 12 28 23 66 
2 34 50 52 3 21 12 28 15 66 
2 65 6 34 58 23 21 12 28 66 
3 34 58 6 23 32 21 12 28 66 
60 53 40 45 54 57 55 1 12 23 67 
2 34 6 52 3 21 12 28 22 66 
17 1 40 54 14 15 34 52 12 19 67 
3 41 58 6 7 21 23 12 28 66 
2 20 6 31 19 21 12 28 26 66 
3 34 2 6 18 17 21 12 28 66 
2 65 6 52 3 21 23 28 27 66 
13 53 40 45 54 57 1 65 15 50 67 
2 65 6 52 3 21 12 28 27 66 
19 14 53 49 43 8 18 42 52 60 40 67 
2 34 64 6 23 31 42 12 28 66 
2 34 6 23 19 21 12 26 28 66 
13 1 45 53 65 15 50 12 23 17 49 67 
60 53 40 59 1 54 14 12 23 26 17 67 
53 31 35 15 19 40 1 52 12 67 
53 1 15 52 12 19 40 45 42 31 5 67 
2 64 6 40 19 21 12 28 65 66 
53 1 15 52 12 42 34 23 60 67 
17 14 53 49 43 8 18 1 44 20 48 67 
17 34 58 59 53 49 31 38 1 67 
2 31 22 15 19 40 12 26 28 66 
60 53 40 54 14 59 1 12 23 26 67 
2 3 6 52 31 42 12 28 23 66 
2 57 50 34 52 3 21 12 28 66 
2 34 58 6 23 21 12 28 19 66 
3 34 58 6 23 32 21 12 28 66 
60 53 40 57 54 55 1 12 23 14 67 
2 34 6 52 3 21 12 28 22 66 
