39 9 62 5 17 13 32 57 55 44 48 70 
3 53 45 2 6 12 22 21 28 66 
57 50 48 25 17 13 32 39 59 34 9 70 
3 65 45 2 6 12 22 21 28 66 
56 49 53 44 31 20 46 1 58 39 9 67 
3 53 45 2 42 12 22 46 28 66 
39 53 45 2 18 12 22 38 28 66 
46 1 58 42 25 23 35 12 26 67 
47 33 2 53 45 35 12 22 40 28 66 
3 53 45 2 6 12 23 21 28 66 
48 53 45 2 6 12 22 25 28 66 
3 53 45 2 42 12 22 21 28 66 
57 1 58 42 25 41 35 12 23 67 
46 1 58 42 25 23 50 57 35 12 26 67 
57 58 9 1 31 20 42 32 18 12 41 67 
39 1 58 41 62 5 17 51 9 67 
3 52 45 2 6 12 23 21 28 66 
57 10 64 58 1 42 25 41 35 12 23 67 
57 10 64 58 1 42 13 41 35 12 23 67 
46 1 32 57 47 12 48 60 41 67 
39 53 45 2 46 12 22 21 28 66 
39 53 45 2 18 12 22 38 28 66 
46 1 48 60 47 12 41 4 23 67 
57 10 58 41 62 39 1 35 12 67 
57 58 1 42 46 48 60 25 12 35 9 67 
57 10 48 25 17 13 64 58 1 42 41 67 
46 1 53 60 47 12 41 4 23 67 
39 33 2 14 18 12 47 22 55 28 66 
3 65 45 2 39 12 22 21 28 66 
62 20 45 2 6 12 22 21 28 66 
3 2 6 53 45 12 54 21 28 66 
39 1 58 41 62 5 17 51 57 67 
46 1 58 42 25 23 35 12 26 67 
3 53 45 2 6 12 22 25 28 66 
51 20 39 2 6 12 22 21 28 66 
39 53 45 2 46 12 22 21 28 66 
1 58 24 64 39 60 5 62 12 23 67 
48 39 45 2 6 12 22 25 28 66 
1 8 24 64 39 60 5 62 12 23 67 
3 2 53 45 6 12 54 21 28 66 
46 1 58 42 25 23 50 57 35 12 26 67 
58 42 39 1 5 17 35 44 12 24 67 
46 48 60 1 9 25 47 12 41 62 67 
57 1 58 42 25 41 35 12 23 67 
3 65 45 2 6 12 22 32 28 66 
57 49 53 44 39 34 31 20 46 1 67 
33 58 39 1 9 25 5 17 13 32 67 
3 65 45 2 6 12 22 21 28 66 
57 50 48 44 31 20 46 25 17 13 32 70 
3 53 45 2 6 12 23 21 28 66 
1 58 32 44 31 20 9 62 18 12 23 67 
39 53 45 2 18 12 22 38 28 66 
57 10 39 1 58 41 35 12 46 67 
57 58 9 1 31 20 42 32 18 12 41 67 
57 49 53 44 31 20 46 1 58 42 25 67 
46 1 48 60 47 12 41 4 23 67 
39 33 2 14 18 12 47 22 55 28 66 
3 9 45 2 42 12 22 21 28 66 
58 1 48 60 42 39 5 17 35 67 
46 1 58 42 25 23 35 12 26 67 
51 20 45 2 6 12 22 21 28 66 
39 60 45 2 46 12 22 21 28 66 
62 53 45 2 6 12 22 44 28 66 
1 58 24 64 39 34 5 62 12 23 67 
3 2 53 45 6 12 54 21 28 66 
46 1 58 42 25 23 50 57 35 12 26 67 
46 48 60 1 9 25 47 12 41 13 67 
57 1 43 42 25 41 35 12 23 67 
58 42 39 1 5 17 35 44 53 45 67 
3 65 45 2 6 12 22 21 28 66 
57 50 48 25 17 13 32 39 59 34 9 70 
3 2 52 45 6 12 23 21 28 66 
57 58 64 1 42 24 44 25 35 12 23 67 
48 53 45 2 57 12 22 25 28 66 
57 10 39 1 58 41 35 12 46 67 
57 10 39 1 58 41 46 25 35 12 31 67 
39 9 62 5 17 54 32 1 8 24 64 67 
46 1 48 60 47 12 41 4 23 67 
39 33 2 47 12 22 5 35 55 28 66 
3 53 45 2 42 12 22 21 28 66 
57 58 35 60 24 42 48 9 1 67 
46 1 62 42 25 23 35 12 26 67 
20 45 62 2 6 12 22 21 28 66 
47 53 45 2 35 12 22 21 28 66 
39 35 45 38 2 6 12 22 28 66 
8 24 64 39 25 5 1 62 12 23 67 
57 10 46 1 58 31 25 23 35 12 26 67 
8 24 64 39 20 5 1 62 12 40 67 
57 1 58 42 25 41 35 12 23 67 
46 48 60 1 42 25 41 35 9 47 67 
3 65 45 2 6 12 22 21 28 66 
57 49 53 44 31 20 10 46 50 48 25 70 
57 58 64 1 42 25 24 35 12 23 46 67 
39 53 45 2 18 12 22 38 28 66 
46 1 58 42 25 54 60 47 12 67 
39 58 53 46 64 60 47 5 1 35 12 67 
46 1 58 42 9 31 13 32 48 60 47 67 
46 1 48 60 47 12 41 4 23 67 
39 33 2 47 12 22 5 35 55 28 66 
3 65 45 2 39 12 22 21 28 66 
