56 25 51 20 50 55 34 31 13 70 
2 40 3 21 6 8 12 22 28 66 
2 40 3 21 6 53 12 22 28 66 
5 25 51 20 50 40 46 62 44 70 
10 39 33 1 44 51 41 34 49 47 31 48 67 
49 34 54 1 12 59 23 56 26 67 
2 3 50 54 44 8 12 22 28 66 
2 40 3 21 65 8 12 22 28 66 
2 40 17 25 6 8 12 22 28 66 
49 34 1 54 44 39 59 12 23 67 
10 39 33 1 44 51 41 34 24 12 23 26 67 
2 47 3 53 6 18 12 22 28 66 
2 40 3 4 6 8 12 22 28 66 
2 3 50 54 9 31 12 22 28 66 
2 40 3 53 6 23 12 22 28 66 
2 40 3 4 6 8 12 22 28 66 
39 47 34 8 1 44 10 12 25 51 17 54 67 
48 53 41 34 45 47 13 1 56 67 
2 47 3 53 6 23 12 22 28 66 
2 40 17 25 6 8 12 22 28 66 
48 54 41 18 39 34 1 12 23 26 67 
48 54 41 18 39 34 1 12 23 26 67 
49 34 1 54 59 12 23 56 26 67 
5 47 34 46 44 51 1 12 23 8 10 62 67 
2 40 3 21 65 8 12 22 28 66 
56 25 10 39 48 54 41 18 34 1 12 23 67 
2 40 3 43 6 10 12 22 28 66 
5 39 31 48 62 1 41 12 23 26 35 67 
10 20 33 1 12 34 25 46 44 67 
48 54 18 39 34 1 41 12 23 26 35 67 
5 62 46 1 45 50 13 12 48 67 
17 62 1 46 44 51 34 25 33 47 31 48 67 
40 35 1 46 33 51 34 12 20 18 55 44 67 
10 20 33 1 62 46 47 54 44 67 
5 62 46 1 12 48 24 33 50 23 67 
47 39 31 48 62 1 10 12 23 33 67 
54 41 18 39 34 51 48 1 12 23 26 13 67 
5 39 1 46 33 12 25 56 8 23 20 67 
10 33 1 44 34 12 51 41 39 24 23 67 
5 47 34 1 12 23 17 10 62 67 
5 62 33 34 1 48 24 12 53 25 67 
5 39 46 53 62 1 12 48 24 33 67 
5 62 33 34 1 12 25 56 13 24 19 67 
10 33 1 44 34 12 51 56 25 20 50 67 
44 20 39 62 46 50 55 34 31 1 67 
44 20 10 62 25 50 55 34 31 1 67 
56 25 10 62 46 1 24 48 33 64 54 67 
47 39 31 48 62 1 10 33 44 51 41 67 
48 54 41 18 45 47 17 39 20 70 
2 40 3 21 6 8 12 22 28 66 
2 3 50 54 9 8 12 22 28 66 
2 40 3 4 6 15 12 22 28 66 
2 47 3 53 6 23 12 22 28 66 
2 40 17 25 6 8 12 22 28 66 
48 54 41 18 39 34 1 12 23 26 67 
49 34 1 54 44 12 23 56 26 67 
2 40 3 21 65 8 12 22 28 66 
5 62 33 1 51 49 34 54 12 23 56 13 67 
2 47 3 53 6 18 12 22 28 66 
5 62 49 34 1 54 59 12 23 56 26 67 
5 62 50 54 44 46 1 12 48 67 
40 35 17 25 10 39 48 54 41 18 34 1 67 
5 62 33 1 51 49 34 54 12 25 56 13 67 
48 34 1 44 5 39 54 41 18 67 
49 34 46 33 1 17 54 59 12 23 67 
5 62 44 1 51 49 54 59 12 23 56 26 67 
10 33 1 43 34 12 20 25 46 24 23 67 
49 34 1 54 59 12 23 56 10 67 
5 39 1 46 12 48 24 33 41 25 67 
62 33 1 44 34 12 51 41 46 20 50 67 
5 39 46 33 1 17 44 51 41 34 67 
56 25 10 62 46 1 24 20 33 32 34 67 
2 40 3 21 6 8 12 22 28 66 
5 39 40 53 41 59 45 47 46 20 50 70 
2 3 32 54 44 8 12 22 28 66 
2 40 3 4 6 8 12 22 28 66 
2 40 3 53 6 23 12 22 28 66 
2 40 17 25 6 8 12 22 28 66 
48 54 41 18 39 34 1 12 23 26 67 
44 47 34 1 12 23 17 54 26 67 
2 40 3 21 65 8 12 22 28 66 
56 25 10 39 48 54 41 18 34 1 12 23 67 
2 47 3 53 6 18 12 22 28 66 
47 39 31 48 62 1 41 12 23 26 35 67 
49 34 1 44 5 39 46 33 12 67 
17 62 1 46 44 51 34 25 33 47 31 48 67 
5 62 33 1 34 51 20 12 48 24 8 25 67 
44 62 46 20 50 55 34 31 1 67 
49 34 1 54 52 48 24 12 23 56 67 
5 62 49 1 34 51 54 59 12 23 56 26 67 
49 39 31 48 62 1 34 54 59 12 23 67 
49 34 1 54 59 12 23 56 10 67 
53 62 46 1 12 48 24 33 41 34 67 
25 17 39 47 34 8 1 62 10 12 51 67 
39 19 33 48 24 34 1 5 41 25 67 
58 25 31 48 62 1 41 42 33 49 34 67 
56 25 51 20 50 40 46 35 54 70 
2 40 3 21 6 18 12 22 28 66 
2 3 33 54 44 8 12 22 28 66 
2 40 3 4 6 8 12 22 28 66 
