39 60 25 50 62 20 55 47 35 59 31 68 
60 25 65 24 52 47 35 59 17 1 43 56 67 
1 39 58 52 12 45 50 62 23 26 67 
1 39 58 50 45 62 12 56 18 23 26 67 
1 60 39 31 55 47 35 59 12 38 56 10 67 
39 60 49 50 55 9 35 59 1 12 23 32 67 
1 32 50 25 14 45 5 13 12 67 
1 12 23 39 56 42 44 47 32 45 67 
1 39 58 50 45 62 12 23 26 64 53 24 67 
1 32 45 52 65 5 60 56 18 12 23 67 
1 12 39 9 55 42 44 51 35 59 67 
1 60 39 31 12 58 55 47 35 59 56 67 
19 46 50 25 14 18 1 60 65 67 
39 60 1 19 46 50 25 18 56 17 67 
60 25 59 65 24 52 47 58 1 43 56 67 
1 12 23 26 52 39 9 55 45 67 
1 12 23 26 52 39 60 24 45 67 
1 12 23 26 52 39 9 55 58 67 
1 12 23 39 31 55 51 26 48 67 
1 12 23 26 52 39 9 55 32 67 
1 12 23 26 52 39 60 24 45 67 
1 12 23 26 52 39 9 55 58 67 
1 32 50 25 12 23 26 42 39 67 
1 12 23 60 14 32 26 52 39 67 
1 12 23 32 45 26 52 39 60 67 
1 12 23 32 45 26 60 24 38 67 
1 12 23 39 31 55 51 26 48 67 
1 12 23 26 52 39 60 24 45 67 
1 12 23 60 14 17 58 52 26 67 
1 12 23 39 58 56 45 62 26 67 
1 60 17 59 52 12 23 26 39 67 
1 12 23 60 54 55 51 32 26 67 
1 12 23 60 14 32 26 52 45 67 
1 12 23 60 14 32 26 39 31 67 
1 12 23 56 31 55 51 26 48 67 
1 12 23 32 43 56 45 62 26 67 
1 12 23 26 52 60 14 17 35 67 
1 12 23 32 45 26 60 24 52 67 
1 39 58 25 12 23 26 42 52 67 
1 57 45 39 12 23 26 42 14 67 
1 12 23 32 43 56 45 26 52 67 
1 12 23 26 52 5 9 55 32 67 
1 12 23 32 39 58 25 26 42 67 
1 12 23 39 31 60 50 32 26 67 
1 12 23 60 14 32 26 52 65 67 
1 12 23 60 14 32 26 52 39 67 
1 12 23 60 54 19 51 32 26 67 
1 12 23 32 39 58 25 45 26 67 
1 12 23 32 45 26 54 38 65 67 
1 12 23 39 60 14 32 26 52 67 
1 12 23 26 57 39 9 55 58 67 
1 12 23 32 39 58 25 26 42 67 
1 32 50 12 23 58 25 26 42 67 
1 12 23 32 39 58 60 57 26 67 
1 12 23 39 31 35 50 32 26 67 
1 60 14 25 12 23 26 17 33 67 
1 12 23 39 58 50 45 62 26 67 
1 12 23 26 52 39 33 55 58 67 
1 12 23 26 57 39 58 50 45 67 
1 12 23 26 52 39 9 55 58 67 
1 60 17 12 52 39 23 32 26 67 
1 39 58 12 23 56 32 26 42 67 
1 12 23 26 57 39 58 44 45 67 
1 12 23 26 60 17 59 20 39 67 
1 12 23 26 52 39 9 55 58 67 
1 12 23 26 52 39 9 55 32 67 
1 12 23 32 39 58 60 57 26 67 
1 12 23 26 39 58 31 35 50 67 
1 12 23 45 26 60 50 32 24 67 
1 12 23 32 14 18 60 26 52 67 
1 8 45 12 23 14 25 26 15 67 
1 12 23 60 14 32 26 52 65 67 
1 12 23 60 14 17 58 32 26 67 
1 12 23 26 52 39 9 55 32 67 
1 32 50 25 12 23 26 42 39 67 
1 12 23 26 52 39 9 58 8 67 
1 12 23 26 52 39 9 55 58 67 
1 12 23 26 52 39 33 55 58 67 
1 32 50 12 23 58 59 26 42 67 
1 12 23 26 31 35 52 39 33 67 
1 12 23 59 52 26 39 33 55 67 
1 12 23 39 31 55 51 26 32 67 
1 12 23 26 57 39 9 55 58 67 
1 12 23 32 39 58 25 26 52 67 
1 12 52 39 9 23 26 55 58 67 
1 12 23 32 45 26 60 49 59 67 
1 60 17 12 52 39 9 23 26 67 
1 12 23 26 32 39 58 60 57 67 
1 12 32 39 9 23 26 55 58 67 
1 12 23 60 14 26 52 39 42 67 
1 12 23 32 39 58 60 57 26 67 
1 12 23 26 52 39 9 55 58 67 
1 39 51 12 23 56 32 26 42 67 
1 12 23 55 14 32 26 52 39 67 
1 12 23 26 52 39 33 55 64 67 
1 12 52 39 33 23 26 55 58 67 
1 12 23 32 14 60 26 52 65 67 
1 12 23 60 26 32 39 58 57 67 
1 12 23 47 14 32 26 52 65 67 
1 12 23 32 14 18 60 45 19 67 
