51 47 5 9 41 64 49 55 20 42 10 70 
25 38 1 48 18 33 15 12 23 26 67 
59 44 1 48 18 33 15 12 23 26 67 
51 47 5 9 18 33 41 49 44 53 64 70 
32 38 1 48 53 64 41 17 18 56 65 34 67 
17 38 1 58 18 12 64 15 23 67 
17 38 1 48 53 64 41 47 12 23 9 26 67 
44 18 1 48 17 59 60 25 34 38 51 56 67 
17 38 1 48 53 64 41 47 12 23 9 18 67 
60 38 1 48 53 15 50 12 25 64 8 58 67 
60 38 34 1 32 25 48 12 18 67 
25 57 1 43 18 33 15 59 38 67 
17 38 1 48 12 18 44 9 25 60 53 64 67 
17 38 1 48 8 64 51 18 12 23 26 67 
25 38 1 48 18 33 12 60 15 23 26 67 
17 38 59 44 1 53 48 18 33 67 
17 38 1 48 53 64 41 47 12 23 9 26 67 
1 25 48 53 38 18 33 13 57 15 12 23 67 
17 38 1 48 18 12 64 15 41 67 
59 44 1 48 18 33 15 12 23 56 67 
17 38 1 48 8 64 51 18 12 23 67 
59 44 1 48 18 33 41 12 23 67 
17 38 1 13 18 15 48 8 64 12 23 67 
38 1 25 48 53 18 33 57 15 12 23 67 
59 1 48 53 64 44 18 33 41 12 67 
59 25 1 34 18 33 38 17 12 10 67 
65 34 1 38 48 18 12 10 15 44 25 67 
38 41 1 48 17 18 12 10 15 55 64 67 
38 1 25 48 18 33 56 44 17 59 67 
17 38 1 48 18 15 44 50 64 41 67 
51 47 60 42 1 48 59 44 18 33 9 67 
34 1 48 25 38 65 42 44 18 56 8 67 
59 44 1 48 18 33 53 12 23 26 67 
51 47 5 9 41 49 44 53 64 55 70 
59 38 1 48 53 64 35 44 17 40 18 33 67 
60 38 1 48 12 18 44 33 5 9 15 64 67 
17 38 1 48 8 64 18 12 15 23 26 67 
60 38 53 1 51 47 48 46 33 67 
60 32 1 38 48 18 33 9 25 12 23 26 67 
25 32 1 48 38 18 33 13 41 15 12 23 67 
65 38 59 44 1 48 34 18 12 67 
59 44 1 48 18 33 15 12 23 17 67 
57 1 25 48 34 33 15 12 23 67 
25 34 1 38 48 18 51 56 15 12 23 67 
34 52 1 48 18 25 38 59 44 12 67 
17 38 1 48 12 18 44 60 53 64 41 67 
32 48 1 17 18 56 41 65 34 38 67 
51 47 60 42 1 48 18 17 59 62 41 67 
51 47 5 13 18 15 64 53 49 55 20 70 
25 38 1 48 18 33 15 12 23 26 67 
65 38 1 48 53 64 41 47 44 25 18 59 67 
38 34 1 48 53 64 41 18 33 19 12 15 67 
59 1 32 33 12 18 44 60 15 23 26 67 
60 38 53 1 32 25 48 64 59 67 
17 32 1 48 8 18 56 33 15 12 23 26 67 
44 18 1 48 17 59 60 47 33 15 12 23 67 
17 38 1 65 48 18 33 15 12 67 
59 44 1 48 18 33 15 12 23 38 67 
25 57 1 48 18 33 15 12 23 67 
17 38 1 48 18 12 41 55 64 15 23 67 
25 34 1 38 59 44 48 18 12 47 67 
60 38 5 9 1 48 12 18 44 33 15 67 
17 38 1 48 18 15 44 53 64 41 67 
17 32 1 48 18 56 34 13 25 15 50 67 
59 44 1 48 18 33 15 12 23 26 67 
51 47 5 9 41 64 49 55 20 42 10 70 
17 32 1 48 18 56 41 65 34 38 44 25 67 
38 56 1 48 53 15 50 12 35 64 17 59 67 
59 38 1 48 12 18 44 60 15 23 26 67 
17 38 34 1 32 25 48 53 41 67 
34 38 1 48 25 8 64 18 12 15 23 26 67 
17 1 48 33 38 53 64 41 35 12 23 9 67 
25 38 59 60 1 48 18 12 47 67 
25 57 1 48 18 33 15 44 12 23 67 
25 38 1 48 18 33 15 12 23 67 
17 38 1 48 18 12 41 55 64 15 23 67 
38 1 48 53 64 41 17 56 47 12 67 
9 34 1 48 18 33 13 41 15 12 38 67 
51 47 1 48 46 33 35 53 13 41 67 
17 53 1 38 48 18 40 10 64 41 47 67 
51 47 5 9 41 33 15 64 49 60 70 
59 44 1 48 18 33 15 12 23 26 67 
18 38 1 48 25 15 51 47 5 9 35 64 67 
38 56 1 48 53 15 50 12 35 64 17 59 67 
17 32 1 48 18 56 33 15 12 23 26 67 
17 38 41 1 32 25 48 64 14 67 
34 38 1 48 8 64 18 12 15 23 26 58 67 
34 1 48 33 17 38 53 45 41 47 12 23 67 
25 38 59 44 1 48 18 12 47 67 
25 38 1 48 18 33 15 44 12 23 67 
17 38 1 48 18 12 64 15 23 67 
60 38 1 48 12 18 44 33 15 23 17 67 
59 33 1 48 18 25 38 17 12 10 67 
65 34 1 38 48 18 12 10 15 44 25 67 
59 33 1 48 18 25 38 17 65 10 67 
9 34 1 48 38 65 42 44 18 56 59 67 
59 44 1 48 18 33 15 12 23 26 67 
51 47 5 9 41 64 49 60 38 44 48 70 
34 1 48 33 25 15 50 44 43 38 65 42 67 
59 10 47 49 17 25 52 1 38 64 18 12 67 
