2 12 3 57 22 21 28 45 54 66 
2 12 3 57 22 21 28 45 54 66 
2 12 3 57 22 21 28 45 54 66 
2 12 4 57 6 31 22 28 47 66 
2 12 4 6 8 31 22 28 33 66 
2 12 3 57 6 23 31 22 28 66 
2 12 3 57 6 31 22 23 28 66 
2 12 4 57 20 6 31 22 28 66 
2 12 4 6 8 31 22 28 48 66 
2 12 3 57 6 31 22 23 28 66 
2 12 6 23 31 22 28 48 54 66 
1 65 32 47 57 12 18 23 25 26 55 67 
2 12 4 57 31 58 22 28 47 66 
2 12 58 57 31 4 22 28 47 66 
56 1 65 10 47 57 12 64 23 25 26 55 67 
2 12 6 23 31 22 28 48 54 66 
1 65 32 57 64 47 12 23 25 26 67 
1 62 65 10 47 53 12 18 33 23 26 55 67 
2 12 4 57 31 22 28 47 45 66 
2 12 33 57 6 31 22 23 28 66 
1 65 32 47 57 64 25 12 23 26 67 
2 12 6 23 31 22 28 48 54 66 
1 65 32 40 64 47 57 12 23 25 26 67 
56 1 65 10 47 57 12 64 23 25 26 55 67 
1 65 32 47 57 64 12 23 25 26 67 
1 65 56 47 57 12 64 23 25 26 55 67 
1 65 32 47 57 64 12 23 25 26 67 
2 12 3 57 6 31 22 23 28 66 
2 12 4 57 31 22 45 35 28 66 
1 62 65 32 47 57 12 64 23 25 26 55 67 
1 65 32 47 57 12 64 23 25 26 55 67 
2 12 3 57 20 6 31 22 28 66 
2 12 33 57 31 22 28 13 45 66 
2 12 3 57 20 6 31 22 28 66 
2 12 33 57 31 22 28 48 65 66 
2 12 33 57 31 22 28 45 39 66 
2 12 33 57 31 22 28 45 39 66 
2 12 6 57 31 22 28 45 49 66 
2 12 3 57 6 31 22 45 28 66 
2 12 6 57 31 22 28 48 59 66 
2 12 6 57 31 22 28 48 59 66 
2 12 3 57 22 31 28 45 39 66 
2 12 3 57 31 22 45 35 28 66 
2 12 3 57 6 31 22 45 28 66 
2 12 3 57 31 22 45 35 28 66 
2 12 3 57 22 31 28 45 39 66 
2 12 6 57 31 22 28 48 59 66 
1 65 10 32 54 40 57 12 64 23 67 
1 65 10 47 57 64 12 40 55 23 67 
1 62 65 10 47 53 12 64 33 23 67 
1 65 10 47 53 12 64 33 23 67 
1 62 65 10 47 53 12 64 33 23 67 
1 65 10 47 53 12 64 33 23 67 
34 1 65 10 40 57 12 64 23 67 
32 1 65 10 40 54 57 12 64 23 48 25 67 
1 62 10 47 57 32 65 49 40 12 64 23 67 
1 65 10 47 57 64 46 32 12 23 42 19 67 
55 45 34 48 1 12 64 23 25 62 24 67 
44 65 49 40 57 62 1 12 64 23 48 67 
1 62 32 65 49 40 57 12 64 23 48 25 67 
55 45 34 48 1 12 64 23 25 62 24 67 
54 1 46 25 8 10 32 12 31 55 23 67 
1 62 65 10 40 64 46 32 8 31 42 19 67 
44 46 10 54 1 55 19 48 40 38 64 67 
54 1 39 47 33 62 12 40 57 19 67 
44 65 50 40 52 62 1 39 64 12 46 67 
54 1 39 31 13 45 34 48 25 12 67 
1 65 10 40 64 54 24 31 55 19 38 67 
45 62 65 56 1 32 13 34 54 39 64 33 67 
1 65 10 40 64 46 32 8 31 12 19 67 
44 40 18 62 1 39 64 12 46 67 
54 24 1 45 34 65 10 52 64 46 32 67 
54 1 46 25 8 10 32 34 39 58 33 67 
32 1 65 10 40 57 12 54 24 67 
45 62 65 56 1 32 31 12 43 40 57 20 67 
54 24 10 19 18 60 65 48 40 46 32 1 67 
54 1 44 40 45 62 12 46 64 33 67 
24 31 10 32 54 1 39 40 55 19 67 
45 62 65 19 40 55 48 1 47 56 46 25 67 
44 40 52 62 1 39 64 12 46 67 
56 1 32 31 12 43 40 57 62 20 44 45 67 
1 62 65 10 40 54 9 44 45 12 64 33 67 
24 31 10 40 54 1 55 19 38 53 67 
56 1 44 40 45 62 12 46 64 51 32 67 
1 62 65 10 40 54 46 32 8 31 12 19 67 
13 45 34 48 1 25 12 39 59 67 
32 1 65 10 40 57 12 64 23 67 
1 65 10 40 64 46 32 8 31 12 19 67 
13 45 34 54 1 39 64 33 62 67 
45 62 65 48 1 47 56 46 25 67 
54 1 39 64 33 62 12 24 10 19 67 
54 45 34 48 1 25 62 24 31 67 
54 24 31 10 40 55 19 38 53 33 41 60 70 
44 40 46 64 33 32 20 35 10 1 67 
54 24 31 10 40 55 19 38 53 33 41 49 70 
13 45 34 48 39 59 46 62 1 67 
54 24 31 10 40 55 19 38 53 60 45 5 70 
54 24 31 10 40 55 19 38 53 33 41 49 70 
44 40 46 32 20 35 17 1 55 42 67 
54 24 31 10 40 55 19 38 53 33 41 60 70 
