54 17 40 1 12 49 23 26 32 67 
33 25 44 1 47 42 12 23 26 67 
33 25 44 1 40 42 12 23 26 67 
33 1 12 5 52 25 23 8 26 67 
33 25 44 1 47 42 12 23 26 67 
33 25 44 1 47 42 12 23 26 67 
52 1 12 25 23 5 33 8 26 46 67 
31 1 12 25 65 23 5 64 8 52 46 26 67 
44 1 12 25 31 23 5 52 8 26 46 49 67 
31 1 12 23 9 25 5 52 8 26 46 49 67 
33 1 12 23 9 24 25 5 52 8 26 46 67 
33 1 12 25 65 23 5 64 8 26 46 47 67 
17 1 12 25 23 5 33 52 8 26 67 
33 1 12 25 65 23 5 64 8 26 46 47 67 
31 1 12 25 23 5 52 46 8 26 67 
33 1 12 25 23 5 52 8 26 46 67 
17 1 12 33 25 23 5 52 8 26 67 
31 1 12 25 23 5 52 8 26 46 49 67 
1 17 12 33 25 23 5 52 8 26 46 67 
33 1 12 9 47 25 23 5 52 8 26 67 
33 1 12 25 23 5 52 8 26 46 49 67 
33 1 12 25 23 5 52 8 26 46 49 67 
33 1 12 25 23 5 52 8 26 46 49 67 
33 25 44 1 12 59 53 49 23 67 
33 1 47 42 12 25 23 5 52 67 
33 25 44 1 12 59 53 23 5 67 
33 1 12 25 23 5 52 8 26 46 67 
44 1 39 48 38 19 54 41 15 9 47 67 
44 1 49 35 13 64 65 12 25 23 5 52 67 
54 41 44 1 12 59 53 52 25 67 
44 17 40 1 12 49 23 43 31 67 
44 25 9 34 1 12 52 8 57 15 67 
43 41 15 9 47 1 38 52 33 60 17 67 
41 8 57 48 39 52 33 15 44 1 12 25 67 
44 58 48 38 14 60 45 40 15 1 55 49 67 
48 17 58 1 12 25 47 40 54 67 
44 1 49 35 12 60 31 20 23 43 57 15 67 
54 41 35 15 1 49 46 60 47 13 67 
42 17 44 52 33 57 15 58 40 1 67 
33 1 47 42 12 25 23 5 52 67 
44 25 9 34 1 12 52 10 54 41 67 
58 8 57 15 52 40 1 48 12 67 
44 17 35 15 1 59 53 52 51 25 67 
54 49 35 41 9 65 60 45 40 15 1 59 67 
54 1 12 23 9 24 10 49 35 25 64 41 67 
54 17 35 15 1 12 41 53 52 34 67 
42 17 57 15 58 40 1 8 54 49 67 
44 25 9 34 1 12 52 10 40 23 67 
33 1 56 25 12 49 35 23 5 52 46 67 
1 17 12 25 44 52 33 24 19 47 40 67 
45 1 12 25 10 41 9 24 52 40 23 67 
44 1 12 25 23 5 52 46 57 8 67 
48 1 12 25 23 17 57 15 52 35 67 
43 41 15 9 47 1 17 44 52 33 24 67 
43 31 57 15 52 40 1 12 13 67 
54 1 12 23 9 24 10 49 35 13 64 65 67 
33 1 12 25 23 5 52 46 60 8 67 
44 1 12 25 23 5 47 41 49 35 60 67 
44 17 35 15 1 59 53 52 51 25 67 
54 1 12 23 9 24 10 49 35 13 64 65 67 
41 8 57 48 38 52 33 15 54 1 12 9 67 
8 1 12 57 15 41 9 24 10 52 40 67 
58 1 12 49 48 38 19 54 41 15 9 67 
44 1 59 53 52 12 25 20 40 67 
1 17 44 52 33 24 12 19 47 40 67 
33 1 12 25 23 5 52 46 57 8 67 
44 1 12 25 9 24 10 52 40 23 5 46 67 
44 1 12 25 65 60 45 54 8 49 35 47 67 
8 41 49 35 13 64 65 24 57 48 38 40 68 
43 41 15 9 47 1 17 44 52 13 24 67 
44 1 47 53 52 12 49 23 5 67 
54 35 1 13 48 17 57 15 38 12 46 67 
54 17 35 15 1 12 52 46 44 25 67 
54 41 49 35 65 60 45 40 15 1 9 59 67 
58 48 33 24 13 64 19 38 25 32 44 47 68 
58 1 12 13 56 48 38 52 33 60 47 67 
58 8 57 15 52 40 1 48 38 67 
44 1 12 25 54 41 49 35 60 47 13 67 
43 1 12 41 9 24 10 64 56 25 57 49 67 
54 32 35 53 52 34 15 1 12 67 
44 1 12 25 47 40 54 23 65 13 49 67 
41 8 57 48 38 35 40 1 52 67 
43 41 15 9 47 1 17 44 52 33 24 67 
44 1 12 25 23 5 52 46 57 8 67 
8 57 15 41 9 24 10 52 40 1 49 58 67 
54 1 12 49 23 5 41 35 65 60 45 67 
54 17 35 15 1 12 52 46 57 49 67 
54 41 49 35 13 64 65 24 60 45 15 46 68 
41 8 57 48 38 52 33 15 40 1 49 58 67 
54 1 12 41 9 24 10 49 35 13 64 65 67 
54 41 49 35 13 64 65 24 60 45 15 46 68 
44 13 47 41 9 24 10 64 19 1 12 49 67 
44 1 12 49 23 31 42 17 57 15 8 67 
48 17 57 15 52 35 40 1 49 67 
54 17 35 15 52 46 1 57 49 67 
41 8 57 15 52 40 1 49 58 67 
58 48 38 19 54 41 15 9 47 1 67 
48 17 57 15 52 35 40 1 49 67 
54 41 49 35 13 64 65 24 60 45 15 46 68 
58 48 33 24 13 64 19 38 25 32 57 46 68 
