58 24 46 56 13 40 45 5 14 31 70 
3 2 6 21 12 27 22 28 26 66 
58 24 46 32 14 31 56 33 19 49 70 
3 2 6 21 12 27 22 28 26 66 
1 8 25 39 58 49 56 48 43 54 24 67 
1 59 12 19 20 40 41 23 26 67 
3 2 52 20 12 51 22 17 28 66 
3 2 6 21 12 20 22 28 26 66 
8 1 59 12 58 49 56 23 44 26 24 67 
62 1 58 25 59 12 56 23 44 67 
1 59 56 13 60 45 8 39 51 32 12 67 
38 8 25 39 43 14 1 34 33 67 
3 2 6 21 12 20 22 28 26 66 
3 2 6 21 46 48 22 28 26 66 
34 2 6 56 12 38 22 48 28 66 
3 2 6 60 12 43 22 28 26 66 
3 2 6 21 46 39 22 28 26 66 
3 2 6 21 12 20 23 28 26 66 
3 2 6 21 12 53 22 23 28 66 
8 1 59 12 58 49 56 23 44 60 24 67 
8 2 6 60 12 48 22 28 23 66 
1 43 12 8 24 58 49 45 56 67 
3 2 6 21 12 38 53 23 28 66 
3 2 17 6 21 26 20 53 28 66 
3 2 6 21 12 33 53 23 28 66 
8 2 6 60 12 43 22 28 26 66 
3 2 62 44 12 48 22 28 26 66 
45 2 6 21 12 20 53 28 26 66 
8 1 59 12 48 49 56 23 44 26 67 
1 8 25 39 56 12 23 20 49 43 40 67 
8 1 59 12 58 25 42 23 44 26 49 67 
8 1 59 12 48 9 56 23 44 26 67 
59 2 19 8 12 48 22 28 26 66 
8 2 6 60 12 48 22 28 23 66 
34 2 6 56 12 48 22 28 20 66 
3 2 57 60 12 43 22 28 26 66 
3 2 6 21 8 12 35 26 28 66 
1 8 25 41 12 39 58 49 56 67 
20 1 59 32 12 23 62 24 25 67 
3 2 20 21 12 38 22 28 26 66 
60 1 12 48 58 25 59 62 8 42 56 67 
1 59 12 19 20 40 41 23 26 67 
38 25 20 40 58 60 8 39 43 14 1 67 
59 2 19 8 12 48 22 28 26 66 
1 8 5 39 48 49 38 20 40 67 
8 1 59 12 48 49 56 23 24 53 67 
8 1 59 56 13 60 45 32 12 23 67 
3 2 20 21 12 38 22 28 26 66 
3 2 57 60 12 43 22 28 45 66 
3 2 6 21 12 39 22 23 28 66 
3 2 17 6 21 26 8 28 20 66 
3 2 6 21 12 20 23 28 26 66 
1 25 60 33 47 58 8 10 12 48 67 
3 2 6 21 12 20 49 28 26 66 
1 43 12 56 33 19 49 40 8 24 67 
3 2 6 60 12 43 22 28 26 66 
3 2 6 21 12 20 47 8 28 66 
3 2 6 51 60 12 22 28 20 66 
3 2 6 60 12 48 22 28 43 66 
8 2 6 60 12 43 22 28 26 66 
46 2 6 21 12 8 35 26 28 66 
3 2 6 21 12 43 58 28 20 66 
54 24 46 56 34 40 9 5 1 59 67 
54 24 46 56 13 40 34 9 5 1 67 
58 24 46 56 33 19 49 40 45 5 70 
3 2 6 21 12 27 22 28 26 66 
3 2 6 21 12 20 22 28 26 66 
3 2 6 21 46 48 22 28 26 66 
3 2 6 12 21 47 20 23 28 66 
8 1 12 42 58 25 59 62 56 20 23 67 
62 1 59 12 58 25 56 23 44 26 24 67 
8 1 59 12 48 49 56 23 44 26 67 
8 2 6 60 12 48 22 28 23 66 
34 2 6 56 12 48 22 28 20 66 
3 2 57 60 12 43 22 28 26 66 
60 1 58 25 12 48 59 62 24 67 
1 59 12 23 20 49 43 40 41 67 
8 1 59 12 58 49 60 24 47 56 25 67 
1 65 12 19 20 40 41 23 26 67 
1 8 25 39 58 49 56 48 43 60 24 67 
5 2 62 44 12 48 22 28 26 66 
38 8 5 39 43 14 1 34 33 67 
8 25 60 33 9 1 59 32 12 23 67 
3 2 20 21 12 38 22 28 26 66 
3 2 52 20 12 51 22 28 17 66 
3 2 6 21 12 39 22 23 28 66 
3 2 6 21 46 48 10 28 26 66 
3 2 6 21 12 20 8 28 26 66 
8 1 59 12 55 52 20 25 39 48 67 
3 2 6 60 12 43 22 28 26 66 
3 2 6 17 60 12 22 28 20 66 
8 2 6 60 12 43 22 28 26 66 
45 2 6 21 12 20 55 28 26 66 
3 2 6 21 12 20 47 8 28 66 
1 25 60 33 9 49 56 58 8 10 67 
58 24 46 32 14 31 56 33 19 49 70 
3 2 6 21 12 27 22 28 26 66 
3 2 6 21 12 20 22 28 26 66 
3 2 6 21 46 48 22 28 26 66 
3 2 6 21 12 38 53 23 28 66 
