45 32 64 8 52 25 18 54 10 40 69 
1 34 32 45 59 12 23 26 46 67 
1 46 57 32 54 10 40 56 59 64 49 41 67 
1 34 32 45 12 40 62 33 23 67 
34 1 59 12 23 26 4 50 6 67 
34 1 12 23 26 4 2 6 59 67 
58 1 12 23 43 26 4 6 22 67 
1 54 45 34 49 58 55 12 23 26 67 
1 12 23 26 4 34 32 59 2 67 
1 34 59 45 55 12 42 32 23 26 8 67 
62 14 39 1 40 12 17 57 50 55 19 8 67 
34 32 45 1 40 12 42 62 33 23 19 8 67 
62 1 40 12 17 57 50 55 19 67 
14 40 59 34 32 58 24 1 12 23 67 
54 1 34 45 40 12 42 32 55 23 26 8 67 
1 34 8 31 32 45 12 40 62 33 23 67 
45 32 1 40 57 56 50 44 48 12 67 
1 57 8 31 46 56 59 12 49 41 39 67 
58 1 12 23 26 4 2 6 27 67 
14 40 57 46 38 50 32 48 1 67 
1 57 46 54 10 40 56 59 64 49 67 
14 40 57 46 25 5 1 64 38 50 32 67 
58 1 12 23 26 4 2 6 22 67 
58 1 12 23 26 4 2 6 22 67 
58 1 12 4 23 26 2 6 22 67 
58 1 12 23 26 4 2 6 22 67 
58 1 12 4 23 26 2 6 22 67 
58 1 12 23 4 26 2 6 22 67 
58 1 12 23 26 4 2 6 22 67 
58 1 12 23 26 4 2 6 22 67 
58 1 12 23 26 4 2 6 22 67 
58 1 12 23 4 26 2 6 22 67 
58 1 12 23 26 4 2 6 22 67 
58 1 12 23 26 4 2 6 22 67 
58 1 12 23 26 4 2 6 22 67 
58 1 12 4 23 26 2 6 22 67 
58 1 12 4 23 26 2 6 22 67 
58 1 12 23 26 4 2 6 22 67 
58 1 12 23 2 26 4 6 22 67 
58 1 12 23 4 26 2 6 22 67 
58 1 12 23 26 4 2 6 22 67 
58 1 12 23 26 4 2 6 22 67 
14 1 12 23 26 4 2 6 22 67 
64 1 12 23 26 4 2 6 22 67 
58 1 12 23 26 4 2 6 22 67 
58 1 12 4 23 26 2 6 22 67 
58 1 12 23 26 4 2 6 22 67 
58 1 12 23 26 4 2 6 22 67 
58 1 12 23 26 4 2 6 22 67 
64 1 12 23 26 4 2 6 22 67 
58 1 12 4 23 26 2 6 22 67 
58 1 12 23 26 4 2 6 22 67 
58 1 12 23 26 4 2 6 22 67 
58 1 12 23 4 26 2 6 22 67 
58 1 12 23 26 4 2 6 22 67 
58 1 12 23 26 4 2 6 22 67 
58 1 12 23 26 4 2 6 22 67 
58 1 12 23 26 4 2 6 22 67 
58 1 12 23 26 4 2 6 22 67 
9 1 12 23 26 4 2 6 22 67 
58 1 12 4 23 26 2 6 22 67 
58 1 12 23 26 4 2 6 22 67 
58 1 12 23 26 4 2 6 22 67 
14 1 12 23 26 4 2 6 22 67 
58 1 12 23 26 4 2 6 22 67 
58 1 12 23 26 4 2 6 22 67 
58 1 12 4 23 26 2 6 22 67 
58 1 12 23 26 4 2 6 22 67 
58 1 12 23 26 4 2 6 22 67 
58 1 12 23 26 4 2 6 22 67 
58 1 12 23 26 4 2 6 22 67 
58 1 12 23 26 4 2 6 22 67 
58 1 12 23 4 26 2 6 22 67 
58 1 12 4 23 26 2 6 22 67 
8 1 12 23 2 26 4 6 22 67 
58 1 12 4 23 26 2 6 22 67 
58 1 12 23 26 4 2 6 22 67 
58 1 12 23 26 4 2 6 22 67 
14 1 12 23 26 4 2 6 22 67 
58 1 12 23 26 4 2 6 22 67 
58 1 12 4 23 26 2 6 22 67 
58 1 12 23 26 4 2 6 22 67 
58 1 12 23 26 4 2 6 22 67 
58 1 12 23 26 4 2 6 22 67 
58 1 12 23 26 4 2 6 22 67 
58 1 12 23 26 4 2 6 22 67 
58 1 12 23 26 4 2 6 22 67 
58 1 12 23 26 4 2 6 22 67 
58 1 12 23 26 4 2 6 22 67 
58 1 12 23 4 26 2 6 22 67 
58 1 12 23 26 4 2 6 22 67 
9 1 12 23 26 4 2 6 22 67 
58 1 12 23 4 26 2 6 22 67 
58 1 12 23 26 4 2 6 22 67 
9 1 12 23 26 4 2 6 22 67 
58 1 12 23 26 4 2 6 22 67 
58 1 12 23 4 26 2 6 22 67 
9 1 12 23 26 4 2 6 22 67 
58 1 12 23 26 4 2 6 22 67 
58 1 12 23 26 4 2 6 22 67 
