5 44 15 59 9 45 31 47 13 69 
48 50 8 53 15 33 62 1 10 54 25 20 67 
62 17 33 1 53 5 12 9 23 26 67 
48 62 1 53 12 15 5 23 14 26 47 67 
42 1 8 53 15 12 38 52 33 39 17 34 67 
5 62 1 53 15 12 23 47 44 34 24 13 67 
42 62 1 48 54 34 24 12 31 67 
47 1 42 33 10 40 62 5 12 23 67 
5 62 1 53 15 12 23 14 26 44 54 42 67 
48 62 1 53 12 15 25 9 45 23 47 67 
42 1 8 33 10 54 24 12 38 52 67 
5 62 1 53 15 12 54 48 31 9 17 67 
42 20 1 31 13 58 53 17 24 67 
48 50 8 33 62 1 10 54 25 20 67 
48 62 20 31 41 1 13 40 33 15 51 67 
5 62 1 53 15 12 23 14 26 67 
5 62 1 53 15 12 23 14 26 67 
5 1 53 15 62 12 23 14 26 67 
1 49 15 53 62 5 12 23 26 67 
5 1 14 15 62 12 53 23 26 67 
55 1 53 15 62 12 23 14 26 67 
55 1 62 12 23 53 15 17 26 67 
5 1 14 15 62 12 53 23 26 67 
55 1 62 12 23 53 15 17 26 67 
1 53 15 14 62 5 12 23 26 67 
55 1 62 12 23 53 13 17 26 67 
1 53 15 14 12 23 62 5 26 67 
1 53 15 14 62 12 23 25 26 67 
1 15 14 62 5 12 53 23 26 67 
5 62 1 53 15 12 23 14 26 67 
5 62 1 34 14 12 23 53 26 67 
1 53 5 40 62 12 23 14 26 67 
5 1 15 14 12 23 62 53 26 67 
55 1 62 12 53 15 23 14 26 67 
41 1 14 15 62 53 12 23 26 67 
5 62 1 53 15 12 14 23 26 67 
5 1 15 14 12 23 62 53 26 67 
5 62 14 15 1 53 12 23 26 67 
5 1 15 62 14 12 65 23 26 67 
5 62 1 53 15 12 23 14 26 67 
5 15 14 62 1 53 12 23 26 67 
5 15 14 62 1 53 12 23 26 67 
1 15 14 62 5 12 53 23 26 67 
5 15 14 62 1 53 12 23 26 67 
5 62 1 53 15 12 14 23 26 67 
5 1 14 15 62 53 12 23 26 67 
5 62 1 53 15 12 23 14 26 67 
5 15 14 62 1 53 12 23 26 67 
5 62 1 53 15 12 23 14 26 67 
5 1 15 14 12 23 62 53 26 67 
1 14 62 53 15 12 33 23 26 67 
5 62 1 53 12 23 15 14 26 67 
5 1 53 15 12 23 62 14 26 67 
5 1 47 17 53 12 23 14 26 67 
5 59 1 53 15 12 23 14 26 67 
1 39 62 15 12 33 53 23 26 67 
5 59 14 15 1 53 12 23 26 67 
1 15 14 53 62 5 12 23 26 67 
5 15 14 62 1 53 12 23 26 67 
65 62 14 15 1 53 12 23 26 67 
5 1 40 15 62 53 12 23 26 67 
1 15 14 62 5 12 53 23 26 67 
15 14 62 1 53 5 12 23 26 67 
1 15 14 62 5 12 53 23 26 67 
5 62 14 15 1 12 23 53 26 67 
55 1 62 12 23 25 15 17 26 67 
5 1 14 15 62 53 12 23 26 67 
5 1 14 15 62 53 12 23 26 67 
5 62 1 53 15 12 23 14 26 67 
5 1 62 53 15 12 23 14 26 67 
5 1 15 62 14 53 12 23 26 67 
5 62 1 15 14 12 23 51 26 67 
52 1 15 62 14 12 65 23 26 67 
1 14 53 15 62 12 23 33 26 67 
1 15 14 62 5 12 23 53 26 67 
5 62 1 14 15 55 12 23 26 67 
5 59 1 53 15 12 23 14 26 67 
5 1 14 15 62 53 12 23 26 67 
5 62 14 1 53 12 23 15 26 67 
55 62 1 53 15 12 23 17 26 67 
5 62 1 50 15 12 14 23 26 67 
5 1 53 15 17 12 14 23 26 67 
53 15 14 62 1 12 23 25 26 67 
55 1 62 53 17 15 12 23 26 67 
5 15 14 62 1 53 12 23 26 67 
55 1 15 62 39 12 23 14 26 67 
55 15 58 62 1 53 12 23 26 67 
5 1 62 53 15 12 23 14 26 67 
1 40 15 62 5 12 53 23 26 67 
55 1 62 12 53 15 23 14 26 67 
5 15 14 62 1 12 51 23 26 67 
47 15 14 62 1 53 12 23 26 67 
14 62 1 53 15 12 5 23 26 67 
5 62 1 53 15 12 23 14 26 67 
1 40 15 62 5 12 53 23 26 67 
5 1 53 38 15 62 12 23 26 67 
5 1 38 53 15 62 12 23 26 67 
5 1 62 53 15 12 23 50 26 67 
43 62 1 53 15 12 23 14 26 67 
5 62 1 20 31 53 15 12 23 67 
