1 18 12 23 26 8 31 24 52 67 
1 18 12 23 26 60 31 24 52 67 
1 18 12 42 25 24 23 26 8 67 
1 18 12 23 26 8 31 24 52 67 
1 18 12 23 26 8 31 24 52 67 
1 18 12 23 26 8 31 24 52 67 
45 8 1 42 18 24 52 12 23 26 67 
62 8 1 42 25 59 52 12 23 26 67 
62 8 1 42 18 24 52 12 23 26 67 
62 8 1 42 25 24 52 12 23 26 67 
62 8 1 42 18 24 52 12 23 26 67 
62 52 1 42 18 24 8 12 23 26 67 
62 8 1 31 42 18 24 52 12 23 26 67 
62 52 1 42 18 24 8 12 23 26 20 67 
62 8 1 18 12 20 24 52 23 14 26 67 
31 8 1 42 39 24 52 12 23 14 26 67 
31 8 1 42 18 24 52 12 23 14 26 67 
8 31 1 18 12 23 42 24 52 14 26 67 
8 31 1 42 18 24 52 12 23 14 26 20 67 
62 31 1 42 18 24 8 52 12 23 26 20 67 
62 31 1 42 18 35 8 52 12 23 26 20 67 
62 31 1 42 18 24 8 52 12 23 26 20 67 
8 31 1 42 18 24 52 12 23 33 26 20 67 
8 31 1 42 18 24 52 12 23 33 26 20 67 
62 8 1 42 25 24 52 12 23 67 
45 8 1 42 55 24 52 12 23 67 
62 8 1 42 18 24 52 12 23 67 
45 8 31 1 39 18 24 52 12 23 67 
18 38 62 42 24 8 1 19 52 12 23 67 
10 8 1 19 46 45 12 14 20 23 67 
9 8 62 1 19 45 12 14 18 13 67 
54 45 25 32 53 8 1 19 12 23 14 67 
17 8 58 1 19 45 48 33 12 14 67 
45 8 1 31 12 14 33 42 18 24 67 
17 14 58 8 1 19 10 46 13 12 23 67 
17 8 31 1 19 45 12 14 48 54 67 
42 8 31 1 33 12 60 20 18 14 48 23 67 
56 8 1 31 12 42 18 24 52 23 46 67 
17 8 40 14 1 42 46 12 19 23 67 
44 1 19 45 48 14 8 62 18 5 67 
17 8 31 1 19 45 12 14 48 54 67 
62 8 38 5 39 9 1 18 13 12 67 
62 8 1 19 45 46 60 20 39 35 56 48 67 
57 8 1 42 12 14 18 24 10 19 52 23 67 
45 8 1 31 12 14 42 18 24 52 23 40 67 
17 14 8 1 19 58 46 31 12 23 67 
10 1 19 45 48 14 8 33 56 40 67 
57 8 1 5 18 24 10 19 52 12 23 56 67 
62 8 14 1 19 45 48 33 55 13 67 
18 38 8 1 19 62 42 24 52 12 23 67 
17 24 5 53 1 31 12 14 10 23 39 67 
42 18 25 35 56 31 53 1 58 24 59 38 67 
17 8 1 31 14 19 45 48 60 56 42 9 67 
62 8 31 1 42 18 24 52 12 23 67 
57 8 1 42 18 24 10 19 52 12 23 56 67 
34 5 1 31 47 10 50 52 9 58 33 53 67 
45 8 1 42 18 24 52 12 23 67 
17 8 14 1 19 45 48 33 56 42 67 
17 8 38 5 39 9 1 53 56 31 67 
62 8 1 42 18 24 52 12 23 35 56 48 67 
62 8 1 19 45 46 60 20 39 35 56 48 67 
62 8 1 14 18 24 5 53 56 9 67 
62 8 31 1 42 18 24 52 12 23 67 
47 31 1 35 12 14 8 56 24 33 19 45 67 
57 8 1 31 12 14 49 39 40 5 33 9 67 
62 8 1 42 18 24 52 12 23 67 
44 8 1 14 53 39 17 42 46 31 12 67 
17 8 1 31 12 14 10 19 45 46 33 56 67 
17 8 38 5 53 39 9 1 31 12 14 67 
17 14 58 8 1 19 10 24 31 12 56 67 
62 18 42 5 53 17 8 1 31 12 14 67 
17 8 1 31 12 14 52 19 45 46 53 40 67 
62 8 1 42 18 24 52 12 23 67 
17 8 1 31 12 14 52 54 9 35 56 48 67 
10 18 38 5 53 8 1 19 45 17 14 67 
17 8 1 31 12 14 19 45 10 42 46 67 
47 8 31 1 33 12 14 19 45 48 54 67 
19 14 1 42 46 8 31 12 45 67 
17 8 1 31 12 14 19 45 48 54 56 42 67 
17 64 1 42 46 8 31 12 19 67 
17 14 1 58 46 8 31 12 19 67 
42 18 38 5 53 39 9 44 8 1 14 67 
44 8 1 14 53 39 9 62 18 5 35 67 
17 14 1 42 46 8 31 12 19 67 
58 8 1 31 45 46 53 12 19 67 
62 18 24 5 53 39 9 46 8 50 1 67 
17 14 1 42 46 8 31 12 19 67 
10 8 1 19 45 48 33 56 24 67 
44 8 1 14 62 18 5 35 56 67 
10 8 1 19 45 46 33 56 24 67 
55 49 15 40 5 33 9 62 13 64 70 
34 5 47 10 13 52 9 58 33 53 70 
19 45 46 33 56 24 39 62 55 13 69 
62 8 1 19 60 18 39 17 33 67 
62 55 13 49 64 52 50 53 40 69 
10 8 1 19 45 46 33 56 24 67 
52 14 1 54 55 40 46 8 31 67 
19 45 46 33 56 24 39 51 8 48 69 
62 18 24 5 53 39 9 46 8 50 1 67 
55 49 15 40 5 33 9 59 24 44 70 
