17 55 18 8 65 42 24 34 31 44 69 
1 56 43 15 55 18 42 49 57 8 65 24 67 
1 60 56 8 64 12 23 65 31 67 
1 35 18 8 49 31 14 12 23 26 67 
1 35 18 14 65 60 56 12 23 26 43 67 
1 56 43 42 49 55 20 44 12 15 18 57 67 
1 56 43 15 55 18 8 65 60 64 12 23 67 
1 35 18 65 44 31 12 8 40 67 
1 55 18 8 56 31 43 15 12 23 67 
1 35 14 56 55 18 8 65 60 12 23 26 67 
1 55 18 8 65 60 56 64 12 23 31 67 
1 56 43 15 55 18 42 12 20 5 67 
1 56 43 15 55 18 42 5 32 12 33 67 
1 60 31 8 64 35 5 38 44 67 
17 24 55 8 20 1 64 35 5 38 67 
15 55 18 42 49 57 1 8 65 24 34 67 
1 35 18 14 12 23 26 43 64 67 
1 35 18 64 12 23 14 26 43 67 
1 35 18 14 12 23 26 43 64 67 
1 15 18 14 12 23 26 43 17 67 
1 35 18 14 12 23 26 43 56 67 
1 35 18 45 12 23 26 60 31 67 
1 35 18 14 12 23 26 31 8 67 
1 35 18 14 64 12 23 26 43 67 
1 35 18 25 12 23 26 43 64 67 
1 10 18 65 12 23 26 60 44 67 
1 15 18 14 12 20 64 23 26 67 
1 31 18 14 35 64 12 23 26 67 
1 35 18 45 12 23 26 14 33 67 
1 35 43 14 12 23 18 45 26 67 
1 15 18 14 12 35 45 23 26 67 
1 51 18 14 12 23 15 65 26 67 
1 35 18 59 12 23 56 43 26 67 
1 35 18 25 12 23 26 65 44 67 
35 18 14 1 12 55 23 26 31 67 
1 15 18 14 12 35 45 23 26 67 
1 35 18 14 12 23 26 43 64 67 
1 35 18 14 12 23 26 43 31 67 
1 35 18 25 12 23 26 65 44 67 
1 35 18 14 12 23 26 43 56 67 
1 35 18 14 12 23 26 31 33 67 
15 18 14 1 35 45 12 23 26 67 
1 35 18 51 12 23 26 43 56 67 
15 18 14 1 35 45 12 23 26 67 
1 35 18 14 12 23 33 46 26 67 
1 35 18 14 12 23 26 43 56 67 
1 35 18 14 12 23 26 56 43 67 
1 35 56 8 18 14 12 23 26 67 
1 35 18 51 12 23 26 43 14 67 
1 35 18 14 12 23 26 43 65 67 
1 35 18 15 33 12 14 23 26 67 
1 46 32 35 18 25 12 23 26 67 
1 39 18 14 12 65 23 26 60 67 
1 31 18 45 12 23 26 60 14 67 
1 35 18 14 64 12 23 26 45 67 
1 31 18 64 12 23 14 35 26 67 
1 35 18 14 12 23 26 31 64 67 
1 35 18 14 12 23 33 46 26 67 
15 1 18 14 12 23 26 35 10 67 
1 35 18 14 12 23 26 56 43 67 
1 15 32 14 12 23 26 43 17 67 
1 35 18 14 12 23 26 65 43 67 
1 35 18 14 12 51 23 26 43 67 
1 35 18 14 12 23 56 26 31 67 
1 15 18 14 12 20 64 23 26 67 
1 35 18 14 12 23 26 43 64 67 
1 56 43 35 45 51 12 23 26 67 
1 35 18 14 12 23 26 43 31 67 
15 1 18 35 14 12 23 26 56 67 
1 35 18 14 12 23 33 46 26 67 
1 35 18 31 45 12 23 26 60 67 
1 56 43 14 12 23 26 15 55 67 
1 35 18 14 51 12 23 26 43 67 
1 35 18 15 33 14 12 23 26 67 
1 35 18 9 12 23 26 43 56 67 
1 15 18 14 12 23 26 35 43 67 
1 39 18 14 12 65 23 26 60 67 
1 56 43 47 12 23 26 15 35 67 
1 35 18 14 64 12 23 26 43 67 
1 18 14 12 31 23 26 35 46 67 
1 35 18 14 12 23 33 46 26 67 
15 18 1 14 12 23 35 45 26 67 
1 35 18 64 12 23 14 26 43 67 
1 18 14 12 31 23 26 35 46 67 
1 15 18 45 12 23 26 8 5 67 
1 35 18 25 12 15 14 23 26 67 
1 60 18 14 31 64 12 23 26 67 
1 35 18 14 12 23 33 26 43 67 
1 35 18 46 12 23 26 65 60 67 
1 35 18 14 12 23 33 26 43 67 
1 35 18 14 12 15 33 23 26 67 
1 60 18 14 31 64 12 23 26 67 
15 1 18 14 35 45 12 23 26 67 
1 15 18 5 12 35 23 26 31 67 
1 18 14 12 23 33 26 35 43 67 
1 15 18 45 14 35 12 23 26 67 
1 35 18 14 12 23 26 43 31 67 
1 35 53 14 12 23 26 43 31 67 
1 35 18 14 12 23 26 64 43 67 
1 35 18 56 8 14 12 23 26 67 
