52 50 31 60 1 8 19 12 20 23 10 26 67 
2 55 59 44 6 12 18 22 21 28 66 
2 62 39 17 3 12 18 65 22 28 66 
52 64 1 31 8 53 50 20 12 23 54 14 67 
52 50 31 60 1 8 20 12 23 35 67 
2 55 3 44 6 12 18 22 21 28 66 
2 60 39 47 3 12 6 22 21 28 66 
2 55 3 44 6 12 18 22 21 28 66 
2 55 59 51 44 12 18 22 34 28 66 
2 43 3 44 6 12 18 22 21 28 66 
2 55 52 51 44 12 18 22 34 28 66 
2 55 59 51 44 12 18 22 34 28 66 
2 55 52 51 44 12 18 22 34 28 66 
2 55 59 51 44 12 18 22 34 28 66 
2 60 39 47 3 12 14 22 21 28 66 
2 60 39 47 3 12 18 22 21 28 66 
2 56 59 51 6 12 18 22 34 28 66 
2 55 59 51 6 12 18 22 34 28 66 
2 60 39 47 3 12 18 22 21 28 66 
2 55 59 51 6 12 18 22 34 28 66 
2 60 39 47 3 12 18 22 21 28 66 
2 55 59 51 6 12 18 22 34 28 66 
2 55 59 51 6 12 18 22 34 28 66 
2 55 3 44 6 12 18 22 21 28 66 
2 55 59 44 6 12 18 22 21 28 66 
2 55 59 51 6 12 18 22 21 28 66 
2 55 59 51 6 12 18 22 21 28 66 
2 56 39 3 51 6 22 18 21 28 66 
2 55 59 51 6 12 18 22 21 28 66 
2 56 39 3 51 6 22 18 21 28 66 
2 56 39 3 51 6 22 18 21 28 66 
52 64 1 50 31 8 20 12 23 67 
52 60 1 50 31 8 20 12 23 67 
52 50 31 60 1 8 20 12 23 67 
52 50 31 60 1 8 19 12 20 23 10 26 67 
2 56 39 3 51 6 22 18 21 28 66 
52 50 31 60 1 8 19 12 20 23 10 26 67 
52 64 1 50 31 8 20 12 23 67 
52 60 1 50 31 8 20 12 23 67 
52 50 31 60 8 1 53 20 12 23 10 26 67 
52 50 31 60 1 8 19 12 20 23 10 26 67 
2 56 39 3 51 6 22 18 21 28 66 
52 50 31 60 1 8 12 20 23 10 26 67 
2 60 39 47 3 12 18 6 21 28 66 
2 60 39 47 3 12 25 6 21 28 66 
52 50 31 60 1 8 20 12 23 10 26 67 
52 50 31 60 1 14 20 12 23 10 26 67 
2 60 39 47 3 12 18 6 21 28 66 
52 50 31 60 1 8 20 12 23 10 26 67 
2 60 39 47 3 12 18 6 21 28 66 
60 52 9 50 53 1 8 20 12 23 67 
44 39 54 60 1 59 42 62 12 23 67 
44 39 54 60 1 8 42 62 12 23 67 
52 50 60 8 51 1 31 12 20 23 67 
52 50 31 60 1 8 20 12 23 10 26 67 
44 39 17 60 1 8 12 49 42 35 23 67 
44 39 17 60 1 8 12 49 42 35 23 67 
44 39 17 60 1 8 12 49 42 35 23 67 
52 9 53 50 31 1 19 12 14 44 49 23 67 
44 39 17 60 1 8 12 49 42 35 23 67 
65 52 50 53 39 1 19 31 49 12 23 47 67 
44 39 17 60 1 8 12 10 41 50 42 23 67 
42 33 9 53 39 1 19 31 12 25 10 23 67 
50 53 1 44 65 43 9 12 25 10 67 
1 52 9 53 44 31 49 38 12 35 67 
42 33 9 53 19 31 1 12 25 10 67 
50 31 1 44 65 53 9 52 49 62 32 51 67 
44 39 17 60 1 49 42 8 12 35 67 
39 31 1 44 65 49 42 17 60 8 67 
65 53 9 14 17 31 44 52 50 49 1 67 
1 55 49 39 17 24 44 52 46 53 9 67 
42 53 9 50 25 24 1 20 10 67 
34 53 9 44 49 1 8 20 64 67 
65 53 9 14 17 31 44 52 50 49 1 67 
50 31 1 44 65 49 42 53 9 25 67 
44 39 42 17 46 1 53 9 50 31 49 62 67 
65 53 52 50 1 49 12 55 31 39 47 15 67 
52 50 9 44 31 1 12 14 25 49 62 67 
42 55 52 50 51 24 1 20 39 67 
42 39 17 46 1 53 9 50 31 49 62 54 67 
44 39 17 60 1 8 12 45 41 50 42 20 67 
65 9 10 46 50 31 1 12 14 67 
42 39 52 50 17 46 54 60 1 67 
34 17 25 48 31 1 12 54 10 67 
42 53 9 50 25 10 5 20 55 69 
1 52 9 50 31 49 62 38 51 24 67 
65 53 9 50 25 10 5 20 31 69 
65 53 52 50 49 1 31 58 12 67 
1 55 49 39 17 24 46 53 9 25 31 67 
9 31 1 44 65 53 50 49 42 62 54 14 67 
42 39 46 56 60 1 12 53 9 65 18 67 
42 53 9 44 8 20 64 35 25 70 
65 53 52 50 49 1 31 58 12 67 
42 39 46 56 60 1 12 53 9 50 31 67 
24 33 9 44 31 1 12 14 25 39 46 67 
44 39 17 60 1 8 12 10 41 50 42 20 67 
50 31 1 44 65 53 9 25 10 5 12 14 67 
42 53 9 44 25 10 5 52 50 69 
24 33 9 44 25 39 46 64 35 69 
1 53 9 50 31 49 42 62 54 44 67 
