-0.8885261025021761 -0.9968262747536927 
-0.8885261025021761 -0.9968262747536927 
-0.8175386279629545 -0.9969179876011305 
-0.8175386279629545 -0.9969179876011305 
-0.8885261025021761 -0.9968262747536927 
-0.7230200263994838 -0.9979887131268179 
-0.7230200263994838 -0.9979887131268179 
-0.8885261025021761 -0.9968262747536927 
-0.8175386279629545 -0.9969179876011305 
-0.8885261025021761 -0.9968262747536927 
-0.8175386279629545 -0.9969179876011305 
-0.7230200263994838 -0.9979887131268179 
-0.6933612743506347 -0.9985710947858297 
-0.6933612743506347 -0.9985710947858297 
-0.7230200263994838 -0.9979887131268179 
-0.8175386279629545 -0.9969179876011305 
-0.6933612743506347 -0.9985710947858297 
-0.6933612743506347 -0.9985710947858297 
-0.6933612743506347 -0.9985710947858297 
-0.7230200263994838 -0.9979887131268179 
-0.7370036662886055 -0.9977191590304367 
-0.7370036662886055 -0.9977191590304367 
-0.7370036662886055 -0.9977191590304367 
-0.7370036662886055 -0.9977191590304367 
-0.7370036662886055 -0.9977191590304367 
-0.896978766113503 -0.9253919206240399 
-0.896978766113503 -0.9253919206240399 
-0.896978766113503 -0.9253919206240399 
-0.7872725666763027 -0.9976517606218901 
-0.7872725666763027 -0.9976517606218901 
-0.7872725666763027 -0.9976517606218901 
-0.7872725666763027 -0.9976517606218901 
-0.7872725666763027 -0.9976517606218901 
-0.896978766113503 -0.9253919206240399 
-0.7089651806819823 -0.9983465392164989 
-0.7089651806819823 -0.9983465392164989 
-0.7089651806819823 -0.9983465392164989 
-0.7089651806819823 -0.9983465392164989 
-0.7089651806819823 -0.9983465392164989 
-0.6757744745078007 -0.9989289208755107 
-0.6757744745078007 -0.9989289208755107 
-0.6757744745078007 -0.9989289208755107 
-0.896978766113503 -0.9253919206240399 
-0.6465782264446164 -0.9989588136576628 
-0.6465782264446164 -0.9989588136576628 
-0.6465782264446164 -0.9989588136576628 
-0.6757744745078007 -0.9989289208755107 
-0.6465782264446164 -0.9989588136576628 
-0.6465782264446164 -0.9989588136576628 
-0.5856212004886759 -0.9991790612161456 
-0.6757744745078007 -0.9989289208755107 
-0.5856212004886759 -0.9991790612161456 
-0.6020466130909611 -0.9991558222421179 
-0.6020466130909611 -0.9991558222421179 
-0.5856212004886759 -0.9991790612161456 
-0.6020466130909611 -0.9991558222421179 
-0.5005605409330028 -0.9992463689084533 
-0.5005605409330028 -0.9992463689084533 
-0.5005605409330028 -0.9992463689084533 
-0.6020466130909611 -0.9991558222421179 
-0.6101901341533087 -0.9991077398948244 
-0.5005605409330028 -0.9992463689084533 
-0.6101901341533087 -0.9991077398948244 
-0.6316161706757121 -0.9990824095437052 
-0.6316161706757121 -0.9990824095437052 
-0.6101901341533087 -0.9991077398948244 
-0.6316161706757121 -0.9990824095437052 
-0.6101901341533087 -0.9991077398948244 
-0.6316161706757121 -0.9990824095437052 
-0.6316161706757121 -0.9990824095437052 
-0.5581161145103294 -0.99924165101909 
-0.5581161145103294 -0.99924165101909 
-0.5581161145103294 -0.99924165101909 
-0.5856212004886759 -0.9991790612161456 
-0.5581161145103294 -0.99924165101909 
-0.5650382096671698 -0.9992218816355607 
-0.5650382096671698 -0.9992218816355607 
-0.5650382096671698 -0.9992218816355607 
-0.5650382096671698 -0.9992218816355607 
-0.5738820411172648 -0.9992010479845232 
-0.5738820411172648 -0.9992010479845232 
-0.5738820411172648 -0.9992010479845232 
-0.5738820411172648 -0.9992010479845232 
-0.5000488543689853 -0.9993039433778941 
-0.5000488543689853 -0.9993039433778941 
-0.5002446785556427 -0.9992665967650111 
-0.5002446785556427 -0.9992665967650111 
-0.5002446785556427 -0.9992665967650111 
-0.5002446785556427 -0.9992665967650111 
-0.5001086248440816 -0.9992857608457814 
-0.5000488543689853 -0.9993039433778941 
-0.5001086248440816 -0.9992857608457814 
-0.5001086248440816 -0.9992857608457814 
-0.5001086248440816 -0.9992857608457814 
-0.5000488543689853 -0.9993039433778941 
-0.0 -1.0 
-0.0 -1.0 
-0.0 -1.0 
-0.0 -1.0 
-0.0 -1.0 
