-0.7626857965615017 -0.9972402084169083 
-0.7626857965615017 -0.9972402084169083 
-0.7626857965615017 -0.9972402084169083 
-0.8648602025361654 -0.9729305243365227 
-0.8648602025361654 -0.9729305243365227 
-0.8271112166643794 -0.9952940578580107 
-0.8271112166643794 -0.9952940578580107 
-0.8271112166643794 -0.9952940578580107 
-0.896978766113503 -0.9727771300630627 
-0.6942592296881508 -0.9981518663086857 
-0.8648602025361654 -0.9729305243365227 
-0.6942592296881508 -0.9981518663086857 
-0.8271112166643794 -0.9952940578580107 
-0.8648602025361654 -0.9729305243365227 
-0.6942592296881508 -0.9981518663086857 
-0.6942592296881508 -0.9981518663086857 
-0.6942592296881508 -0.9981518663086857 
-0.8271112166643794 -0.9952940578580107 
-0.6942592296881508 -0.9981518663086857 
-0.8271112166643794 -0.9952940578580107 
-0.6942592296881508 -0.9981518663086857 
-0.7200421355757181 -0.997730568526629 
-0.6942592296881508 -0.9981518663086857 
-0.9420484263509981 -0.9698615793975213 
-0.6942592296881508 -0.9981518663086857 
-0.6942592296881508 -0.9981518663086857 
-0.7626857965615017 -0.9972402084169083 
-0.7200421355757181 -0.997730568526629 
-0.8271112166643794 -0.9952940578580107 
-0.8648602025361654 -0.9729305243365227 
-0.8271112166643794 -0.9952940578580107 
-0.9420484263509981 -0.9698615793975213 
-0.5013140868853756 -0.9998648648648648 
-0.8128421169901086 -0.9969011290442109 
-0.0 -0.9999342105263158 
-0.896978766113503 -0.9727771300630627 
-0.6020466130909611 -0.9994907252673797 
-0.7425868755173398 -0.9974752672177566 
-0.6268330867223856 -0.9987196931767851 
-0.7626857965615017 -0.9972402084169083 
-0.5013140868853756 -0.9998648648648648 
-0.6639565498145684 -0.9984846343759368 
-0.6268330867223856 -0.9987196931767851 
-0.6268330867223856 -0.9987196931767851 
-0.8271112166643794 -0.9952940578580107 
-0.8271112166643794 -0.9952940578580107 
-0.6268330867223856 -0.9987196931767851 
-0.6268330867223856 -0.9987196931767851 
-0.6268330867223856 -0.9987196931767851 
-0.6268330867223856 -0.9987196931767851 
-0.6268330867223856 -0.9987196931767851 
-0.7626857965615017 -0.9972402084169083 
-0.7425868755173398 -0.9974752672177566 
-0.7425868755173398 -0.9974752672177566 
-0.7425868755173398 -0.9974752672177566 
-0.8128421169901086 -0.9969011290442109 
-0.8128421169901086 -0.9969011290442109 
-0.8128421169901086 -0.9969011290442109 
-0.7425868755173398 -0.9974752672177566 
-0.8128421169901086 -0.9969011290442109 
-0.7425868755173398 -0.9974752672177566 
-0.8128421169901086 -0.9969011290442109 
-0.7425868755173398 -0.9974752672177566 
-0.6268330867223856 -0.9987196931767851 
-0.6268330867223856 -0.9987196931767851 
-0.7425868755173398 -0.9974752672177566 
-0.8128421169901086 -0.9969011290442109 
-0.6020466130909611 -0.9994907252673797 
-0.7425868755173398 -0.9974752672177566 
-0.6020466130909611 -0.9994907252673797 
-0.6020466130909611 -0.9994907252673797 
-0.7425868755173398 -0.9974752672177566 
-0.8128421169901086 -0.9969011290442109 
-0.6020466130909611 -0.9994907252673797 
-0.6020466130909611 -0.9994907252673797 
-0.8128421169901086 -0.9969011290442109 
-0.6020466130909611 -0.9994907252673797 
-0.8128421169901086 -0.9969011290442109 
-0.0 -0.9999342105263158 
-0.6020466130909611 -0.9994907252673797 
-0.6020466130909611 -0.9994907252673797 
-0.6020466130909611 -0.9994907252673797 
-0.5013140868853756 -0.9998648648648648 
-0.5013140868853756 -0.9998648648648648 
-0.5013140868853756 -0.9998648648648648 
-0.5013140868853756 -0.9998648648648648 
-0.5013140868853756 -0.9998648648648648 
-0.5013140868853756 -0.9998648648648648 
-0.5013140868853756 -0.9998648648648648 
-0.5013140868853756 -0.9998648648648648 
-0.0 -0.9999342105263158 
-0.0 -0.9999342105263158 
-0.0 -0.9999342105263158 
-0.0 -0.9999342105263158 
-0.5013140868853756 -0.9998648648648648 
-0.0 -0.9999342105263158 
-0.0 -0.9999342105263158 
-0.0 -0.9999342105263158 
-0.0 -0.9999342105263158 
-0.0 -0.9999342105263158 
