-0.7370036662886055 -0.9980019154087885 
-0.7370036662886055 -0.9980019154087885 
-0.7370036662886055 -0.9980019154087885 
-0.7370036662886055 -0.9980019154087885 
-0.8175386279629545 -0.996790833370185 
-0.8175386279629545 -0.996790833370185 
-0.8648602025361654 -0.994075279428454 
-0.8175386279629545 -0.996790833370185 
-0.8760959198898003 -0.9906308421118165 
-0.8760959198898003 -0.9906308421118165 
-0.7370036662886055 -0.9980019154087885 
-0.8175386279629545 -0.996790833370185 
-0.8175386279629545 -0.996790833370185 
-0.8760959198898003 -0.9906308421118165 
-0.8648602025361654 -0.994075279428454 
-0.8760959198898003 -0.9906308421118165 
-0.7370036662886055 -0.9980019154087885 
-0.8648602025361654 -0.994075279428454 
-1.0 -0.9902922462502745 
-0.8648602025361654 -0.994075279428454 
-0.8175386279629545 -0.996790833370185 
-1.0 -0.9902922462502745 
-0.7017685234501846 -0.9980526902378315 
-0.7017685234501846 -0.9980526902378315 
-0.7017685234501846 -0.9980526902378315 
-1.0 -0.9902922462502745 
-1.0 -0.9902922462502745 
-0.7017685234501846 -0.9980526902378315 
-0.8648602025361654 -0.994075279428454 
-0.7017685234501846 -0.9980526902378315 
-1.0 -0.9902922462502745 
-0.8648602025361654 -0.994075279428454 
-0.8760959198898003 -0.9906308421118165 
-0.7872725666763027 -0.9976201412102893 
-0.9067308276588876 -0.990303742751709 
-0.7872725666763027 -0.9976201412102893 
-0.7872725666763027 -0.9976201412102893 
-1.0 -0.9902922462502745 
-0.9067308276588876 -0.990303742751709 
-0.9067308276588876 -0.990303742751709 
-0.7872725666763027 -0.9976201412102893 
-0.9067308276588876 -0.990303742751709 
-0.9067308276588876 -0.990303742751709 
-0.7872725666763027 -0.9976201412102893 
-0.7872725666763027 -0.9976201412102893 
-0.9067308276588876 -0.990303742751709 
-0.6020466130909611 -0.9996306204084529 
-0.6609748009422006 -0.9988706474660032 
-0.6020466130909611 -0.9996306204084529 
-0.6020466130909611 -0.9996306204084529 
-0.6020466130909611 -0.9996306204084529 
-0.6020466130909611 -0.9996306204084529 
-0.6020466130909611 -0.9996306204084529 
-0.6933612743506347 -0.9988412276100578 
-0.6933612743506347 -0.9988412276100578 
-0.6933612743506347 -0.9988412276100578 
-0.6933612743506347 -0.9988412276100578 
-0.6933612743506347 -0.9988412276100578 
-0.6379986098789187 -0.99889859422899 
-0.6379986098789187 -0.99889859422899 
-0.6379986098789187 -0.99889859422899 
-0.6379986098789187 -0.99889859422899 
-0.5738820411172648 -0.9996480429292929 
-0.6609748009422006 -0.9988706474660032 
-0.5738820411172648 -0.9996480429292929 
-0.6379986098789187 -0.99889859422899 
-0.5856212004886759 -0.9996395431016287 
-0.6609748009422006 -0.9988706474660032 
-0.6379986098789187 -0.99889859422899 
-0.5738820411172648 -0.9996480429292929 
-0.5856212004886759 -0.9996395431016287 
-0.5856212004886759 -0.9996395431016287 
-0.6609748009422006 -0.9988706474660032 
-0.5856212004886759 -0.9996395431016287 
-0.5738820411172648 -0.9996480429292929 
-0.5738820411172648 -0.9996480429292929 
-0.6609748009422006 -0.9988706474660032 
-0.5856212004886759 -0.9996395431016287 
-0.6609748009422006 -0.9988706474660032 
-0.5013140868853756 -0.9998136553369111 
-0.5013140868853756 -0.9998136553369111 
-0.5013140868853756 -0.9998136553369111 
-0.5013140868853756 -0.9998136553369111 
-0.5013140868853756 -0.9998136553369111 
-0.0 -0.9999404761904762 
-0.5005605409330028 -0.9998181818181818 
-0.0 -0.9999404761904762 
-0.0 -0.9999404761904762 
-0.0 -0.9999404761904762 
-0.5005605409330028 -0.9998181818181818 
-0.5005605409330028 -0.9998181818181818 
-0.5005605409330028 -0.9998181818181818 
-0.5002446785556427 -0.9998224932249322 
-0.5002446785556427 -0.9998224932249322 
-0.5005605409330028 -0.9998181818181818 
-0.5002446785556427 -0.9998224932249322 
-0.0 -0.9999404761904762 
-0.5002446785556427 -0.9998224932249322 
-0.0 -0.9999404761904762 
-0.5002446785556427 -0.9998224932249322 
