-0.7425868755173398 -0.9969681297458444 
-0.8648602025361654 -0.9921184394819914 
-0.7585312008512162 -0.9965441915046443 
-0.8648602025361654 -0.9921184394819914 
-0.7476104374175362 -0.996617604203057 
-0.8648602025361654 -0.9921184394819914 
-0.7425868755173398 -0.9969681297458444 
-0.8648602025361654 -0.9921184394819914 
-0.7230200263994838 -0.9972669642514557 
-0.7200421355757181 -0.9977443423327668 
-0.7626857965615017 -0.9939185710818899 
-0.7626857965615017 -0.9939185710818899 
-0.6942592296881508 -0.9978372883739036 
-0.6942592296881508 -0.9978372883739036 
-0.7626857965615017 -0.9939185710818899 
-0.6942592296881508 -0.9978372883739036 
-0.6942592296881508 -0.9978372883739036 
-0.7200421355757181 -0.9977443423327668 
-0.6942592296881508 -0.9978372883739036 
-0.896978766113503 -0.9912740017729303 
-0.7230200263994838 -0.9972669642514557 
-0.7200421355757181 -0.9977443423327668 
-0.7626857965615017 -0.9939185710818899 
-0.896978766113503 -0.9912740017729303 
-0.7200421355757181 -0.9977443423327668 
-0.896978766113503 -0.9912740017729303 
-0.896978766113503 -0.9912740017729303 
-0.7200421355757181 -0.9977443423327668 
-0.7230200263994838 -0.9972669642514557 
-0.7626857965615017 -0.9939185710818899 
-0.896978766113503 -0.9912740017729303 
-0.7230200263994838 -0.9972669642514557 
-0.8867831768135153 -0.9916992633717117 
-0.7230200263994838 -0.9972669642514557 
-0.5013140868853756 -0.9996778676210675 
-0.8271112166643794 -0.9936105869619615 
-0.8404586120495574 -0.9931917923224335 
-0.5013140868853756 -0.9996778676210675 
-1.0 -0.9853026642687043 
-1.0 -0.9853026642687043 
-0.5013140868853756 -0.9996778676210675 
-0.8271112166643794 -0.9936105869619615 
-0.8404586120495574 -0.9931917923224335 
-0.8271112166643794 -0.9936105869619615 
-0.8271112166643794 -0.9936105869619615 
-1.0 -0.9853026642687043 
-1.0 -0.9853026642687043 
-0.8404586120495574 -0.9931917923224335 
-0.8271112166643794 -0.9936105869619615 
-1.0 -0.9853026642687043 
-0.8404586120495574 -0.9931917923224335 
-0.8867831768135153 -0.9916992633717117 
-0.8404586120495574 -0.9931917923224335 
-0.8867831768135153 -0.9916992633717117 
-0.8867831768135153 -0.9916992633717117 
-0.5013140868853756 -0.9996778676210675 
-0.8867831768135153 -0.9916992633717117 
-0.6639565498145684 -0.9989692877798482 
-0.6639565498145684 -0.9989692877798482 
-0.6639565498145684 -0.9989692877798482 
-0.6639565498145684 -0.9989692877798482 
-0.6639565498145684 -0.9989692877798482 
-0.7974944350842875 -0.9938400122138573 
-0.7974944350842875 -0.9938400122138573 
-0.7974944350842875 -0.9938400122138573 
-0.7974944350842875 -0.9938400122138573 
-0.7974944350842875 -0.9938400122138573 
-0.7808653701047724 -0.9939074885971232 
-0.7808653701047724 -0.9939074885971232 
-0.7808653701047724 -0.9939074885971232 
-0.6268330867223856 -0.9990584952646148 
-0.8128421169901086 -0.9936862172140624 
-0.8128421169901086 -0.9936862172140624 
-0.6268330867223856 -0.9990584952646148 
-0.6268330867223856 -0.9990584952646148 
-0.8128421169901086 -0.9936862172140624 
-0.7808653701047724 -0.9939074885971232 
-0.8128421169901086 -0.9936862172140624 
-0.8128421169901086 -0.9936862172140624 
-0.5005605409330028 -0.9996861401205442 
-0.5005605409330028 -0.9996861401205442 
-0.5031849709985139 -0.9992712792898988 
-0.5005605409330028 -0.9996861401205442 
-0.7808653701047724 -0.9939074885971232 
-0.5780077484452236 -0.9991999579685775 
-0.5780077484452236 -0.9991999579685775 
-0.5031849709985139 -0.9992712792898988 
-0.5005605409330028 -0.9996861401205442 
-0.5031849709985139 -0.9992712792898988 
-0.5780077484452236 -0.9991999579685775 
-0.5780077484452236 -0.9991999579685775 
-0.5031849709985139 -0.9992712792898988 
-0.5780077484452236 -0.9991999579685775 
-0.6268330867223856 -0.9990584952646148 
-0.6268330867223856 -0.9990584952646148 
-0.0 -0.999861215303826 
-0.0 -0.999861215303826 
-0.0 -0.999861215303826 
-0.0 -0.999861215303826 
-0.0 -0.999861215303826 
