-0.9231820314882716 -0.9960356554347143 
-0.5013140868853756 -0.9990413696400896 
-0.7872725666763027 -0.9980762711512702 
-0.8189087443988545 -0.9972336501744327 
-0.6555486225011073 -0.9986323054504648 
-0.8038679774895205 -0.9979461997742588 
-0.6316161706757121 -0.9986859545178334 
-0.6933612743506347 -0.9985636075734744 
-0.8454044855118727 -0.9967876108382965 
-0.7089651806819823 -0.9984745271137042 
-0.6020466130909611 -0.9988182514489108 
-0.8454044855118727 -0.9967876108382965 
-0.5627060368117017 -0.9988743085056934 
-0.9231820314882716 -0.9960356554347143 
-0.6933612743506347 -0.9985636075734744 
-0.6933612743506347 -0.9985636075734744 
-0.7230200263994838 -0.998433536196463 
-0.7230200263994838 -0.998433536196463 
-0.6933612743506347 -0.9985636075734744 
-0.9231820314882716 -0.9960356554347143 
-0.6933612743506347 -0.9985636075734744 
-0.7230200263994838 -0.998433536196463 
-0.6933612743506347 -0.9985636075734744 
-0.6933612743506347 -0.9985636075734744 
-0.7230200263994838 -0.998433536196463 
-0.7872725666763027 -0.9980762711512702 
-0.6933612743506347 -0.9985636075734744 
-0.7872725666763027 -0.9980762711512702 
-0.7872725666763027 -0.9980762711512702 
-0.7872725666763027 -0.9980762711512702 
-0.6555486225011073 -0.9986323054504648 
-0.7230200263994838 -0.998433536196463 
-0.6555486225011073 -0.9986323054504648 
-0.6555486225011073 -0.9986323054504648 
-0.6555486225011073 -0.9986323054504648 
-0.7872725666763027 -0.9980762711512702 
-0.8038679774895205 -0.9979461997742588 
-0.6555486225011073 -0.9986323054504648 
-0.7872725666763027 -0.9980762711512702 
-0.6555486225011073 -0.9986323054504648 
-0.6555486225011073 -0.9986323054504648 
-0.7230200263994838 -0.998433536196463 
-0.7230200263994838 -0.998433536196463 
-0.8038679774895205 -0.9979461997742588 
-0.7872725666763027 -0.9980762711512702 
-0.8038679774895205 -0.9979461997742588 
-0.8038679774895205 -0.9979461997742588 
-0.8038679774895205 -0.9979461997742588 
-0.8038679774895205 -0.9979461997742588 
-0.8038679774895205 -0.9979461997742588 
-0.8885261025021761 -0.9962339043402803 
-0.8885261025021761 -0.9962339043402803 
-0.8885261025021761 -0.9962339043402803 
-0.8885261025021761 -0.9962339043402803 
-0.8978330023700154 -0.9960960443041643 
-0.8978330023700154 -0.9960960443041643 
-0.8885261025021761 -0.9962339043402803 
-0.8978330023700154 -0.9960960443041643 
-0.8885261025021761 -0.9962339043402803 
-0.8885261025021761 -0.9962339043402803 
-0.8978330023700154 -0.9960960443041643 
-0.8978330023700154 -0.9960960443041643 
-0.8978330023700154 -0.9960960443041643 
-0.0 -1.0 
-0.8978330023700154 -0.9960960443041643 
-0.6316161706757121 -0.9986859545178334 
-0.6316161706757121 -0.9986859545178334 
-0.6316161706757121 -0.9986859545178334 
-0.6316161706757121 -0.9986859545178334 
-0.5627060368117017 -0.9988743085056934 
-0.5627060368117017 -0.9988743085056934 
-0.5627060368117017 -0.9988743085056934 
-0.5627060368117017 -0.9988743085056934 
-0.6316161706757121 -0.9986859545178334 
-0.5627060368117017 -0.9988743085056934 
-0.5627060368117017 -0.9988743085056934 
-0.6316161706757121 -0.9986859545178334 
-0.5627060368117017 -0.9988743085056934 
-0.6316161706757121 -0.9986859545178334 
-0.8189087443988545 -0.9972336501744327 
-0.8189087443988545 -0.9972336501744327 
-0.8189087443988545 -0.9972336501744327 
-0.8189087443988545 -0.9972336501744327 
-0.6020466130909611 -0.9988182514489108 
-0.6020466130909611 -0.9988182514489108 
-0.6020466130909611 -0.9988182514489108 
-0.8189087443988545 -0.9972336501744327 
-0.6020466130909611 -0.9988182514489108 
-0.8189087443988545 -0.9972336501744327 
-0.6020466130909611 -0.9988182514489108 
-0.6020466130909611 -0.9988182514489108 
-0.6020466130909611 -0.9988182514489108 
-0.8189087443988545 -0.9972336501744327 
-0.0 -1.0 
-0.0 -1.0 
-0.0 -1.0 
-0.0 -1.0 
-0.0 -1.0 
-0.0 -1.0 
-0.0 -1.0 
