-0.8128421169901086 -0.991007326288229 
-0.8648602025361654 -0.9836786346248771 
-0.9160805457006107 -0.9784174055974983 
-0.8867831768135153 -0.98279407640994 
-0.9420484263509981 -0.9721058402753302 
-0.6942592296881508 -0.999012821523467 
-0.6268330867223856 -0.9992910819706269 
-0.7200421355757181 -0.9970912833108274 
-0.8404586120495574 -0.986502929251693 
-0.8648602025361654 -0.9836786346248771 
-0.8648602025361654 -0.9836786346248771 
-0.9160805457006107 -0.9784174055974983 
-0.8648602025361654 -0.9836786346248771 
-0.9160805457006107 -0.9784174055974983 
-0.8867831768135153 -0.98279407640994 
-0.9160805457006107 -0.9784174055974983 
-0.6942592296881508 -0.999012821523467 
-0.7808653701047724 -0.9911542222843897 
-0.6942592296881508 -0.999012821523467 
-0.6942592296881508 -0.999012821523467 
-0.8867831768135153 -0.98279407640994 
-0.7808653701047724 -0.9911542222843897 
-0.8648602025361654 -0.9836786346248771 
-0.9160805457006107 -0.9784174055974983 
-0.8867831768135153 -0.98279407640994 
-0.7808653701047724 -0.9911542222843897 
-0.6942592296881508 -0.999012821523467 
-0.7808653701047724 -0.9911542222843897 
-0.9160805457006107 -0.9784174055974983 
-0.9160805457006107 -0.9784174055974983 
-0.7808653701047724 -0.9911542222843897 
-0.6942592296881508 -0.999012821523467 
-0.7808653701047724 -0.9911542222843897 
-0.8867831768135153 -0.98279407640994 
-0.6942592296881508 -0.999012821523467 
-0.6942592296881508 -0.999012821523467 
-0.8867831768135153 -0.98279407640994 
-0.9160805457006107 -0.9784174055974983 
-0.6268330867223856 -0.9992910819706269 
-0.6268330867223856 -0.9992910819706269 
-0.7626857965615017 -0.995541837597943 
-0.7626857965615017 -0.995541837597943 
-0.6268330867223856 -0.9992910819706269 
-0.6268330867223856 -0.9992910819706269 
-0.7808653701047724 -0.9911542222843897 
-0.6268330867223856 -0.9992910819706269 
-0.8867831768135153 -0.98279407640994 
-0.7626857965615017 -0.995541837597943 
-0.6268330867223856 -0.9992910819706269 
-0.5780077484452236 -0.9995010128760129 
-0.7200421355757181 -0.9970912833108274 
-0.5780077484452236 -0.9995010128760129 
-0.8867831768135153 -0.98279407640994 
-0.0 -0.9998528174936921 
-0.7200421355757181 -0.9970912833108274 
-0.6268330867223856 -0.9992910819706269 
-0.7200421355757181 -0.9970912833108274 
-0.9420484263509981 -0.9721058402753302 
-0.0 -0.9998528174936921 
-0.7425868755173398 -0.9958222047647702 
-0.5031849709985139 -0.9996846953859149 
-0.5031849709985139 -0.9996846953859149 
-0.7626857965615017 -0.995541837597943 
-0.9420484263509981 -0.9721058402753302 
-0.9420484263509981 -0.9721058402753302 
-0.7200421355757181 -0.9970912833108274 
-0.9420484263509981 -0.9721058402753302 
-0.7200421355757181 -0.9970912833108274 
-0.7200421355757181 -0.9970912833108274 
-0.9420484263509981 -0.9721058402753302 
-0.7626857965615017 -0.995541837597943 
-0.7200421355757181 -0.9970912833108274 
-0.7626857965615017 -0.995541837597943 
-0.7626857965615017 -0.995541837597943 
-0.9420484263509981 -0.9721058402753302 
-0.9420484263509981 -0.9721058402753302 
-0.7425868755173398 -0.9958222047647702 
-0.7425868755173398 -0.9958222047647702 
-0.7425868755173398 -0.9958222047647702 
-0.7425868755173398 -0.9958222047647702 
-0.7425868755173398 -0.9958222047647702 
-0.7425868755173398 -0.9958222047647702 
-0.5780077484452236 -0.9995010128760129 
-0.5780077484452236 -0.9995010128760129 
-0.5780077484452236 -0.9995010128760129 
-0.5780077484452236 -0.9995010128760129 
-0.5780077484452236 -0.9995010128760129 
-0.5780077484452236 -0.9995010128760129 
-0.5031849709985139 -0.9996846953859149 
-0.5031849709985139 -0.9996846953859149 
-0.5031849709985139 -0.9996846953859149 
-0.5031849709985139 -0.9996846953859149 
-0.5031849709985139 -0.9996846953859149 
-0.5031849709985139 -0.9996846953859149 
-0.0 -0.9998528174936921 
-0.0 -0.9998528174936921 
-0.0 -0.9998528174936921 
-0.0 -0.9998528174936921 
-0.0 -0.9998528174936921 
-0.0 -0.9998528174936921 
