-0.7808653701047724 -0.9953190302431556 
-0.896978766113503 -0.9875779553139523 
-0.7089651806819823 -0.998317959553895 
-0.7230200263994838 -0.9982187084696694 
-0.7230200263994838 -0.9982187084696694 
-0.7230200263994838 -0.9982187084696694 
-0.7808653701047724 -0.9953190302431556 
-0.7230200263994838 -0.9982187084696694 
-0.7808653701047724 -0.9953190302431556 
-0.7230200263994838 -0.9982187084696694 
-0.8038679774895205 -0.9936003679330297 
-0.7230200263994838 -0.9982187084696694 
-0.7626857965615017 -0.995687610112598 
-0.7626857965615017 -0.995687610112598 
-1.0 -0.9857848634030268 
-0.8760959198898003 -0.9932576819967122 
-1.0 -0.9857848634030268 
-0.7230200263994838 -0.9982187084696694 
-0.7626857965615017 -0.995687610112598 
-0.8038679774895205 -0.9936003679330297 
-0.7425868755173398 -0.9970995690571183 
-0.6555486225011073 -0.998964495209433 
-0.7974944350842875 -0.9951925002690647 
-0.8885261025021761 -0.9920739290106124 
-0.6933612743506347 -0.9983219848229459 
-0.7808653701047724 -0.9953190302431556 
-0.8885261025021761 -0.9920739290106124 
-0.6757744745078007 -0.9985685190376896 
-0.7808653701047724 -0.9953190302431556 
-1.0 -0.9857848634030268 
-0.8885261025021761 -0.9920739290106124 
-0.8885261025021761 -0.9920739290106124 
-0.8885261025021761 -0.9920739290106124 
-0.8885261025021761 -0.9920739290106124 
-0.8885261025021761 -0.9920739290106124 
-0.8038679774895205 -0.9936003679330297 
-1.0 -0.9857848634030268 
-0.6316161706757121 -0.9991073523522901 
-1.0 -0.9857848634030268 
-1.0 -0.9857848634030268 
-0.6020466130909611 -0.9992032518231896 
-1.0 -0.9857848634030268 
-0.7425868755173398 -0.9970995690571183 
-0.0 -1.0 
-0.8038679774895205 -0.9936003679330297 
-0.5627060368117017 -0.9992903872807484 
-0.6757744745078007 -0.9985685190376896 
-0.5013140868853756 -0.9994142319438372 
-0.6757744745078007 -0.9985685190376896 
-0.6757744745078007 -0.9985685190376896 
-0.6933612743506347 -0.9983219848229459 
-0.6757744745078007 -0.9985685190376896 
-0.6933612743506347 -0.9983219848229459 
-0.6757744745078007 -0.9985685190376896 
-0.6933612743506347 -0.9983219848229459 
-0.6933612743506347 -0.9983219848229459 
-0.6933612743506347 -0.9983219848229459 
-0.7425868755173398 -0.9970995690571183 
-0.7425868755173398 -0.9970995690571183 
-0.6933612743506347 -0.9983219848229459 
-0.7425868755173398 -0.9970995690571183 
-0.7425868755173398 -0.9970995690571183 
-0.6757744745078007 -0.9985685190376896 
-0.6316161706757121 -0.9991073523522901 
-0.7425868755173398 -0.9970995690571183 
-0.6316161706757121 -0.9991073523522901 
-0.6316161706757121 -0.9991073523522901 
-0.6555486225011073 -0.998964495209433 
-0.6316161706757121 -0.9991073523522901 
-0.6555486225011073 -0.998964495209433 
-0.6555486225011073 -0.998964495209433 
-0.6555486225011073 -0.998964495209433 
-0.6555486225011073 -0.998964495209433 
-0.6316161706757121 -0.9991073523522901 
-0.6316161706757121 -0.9991073523522901 
-0.6555486225011073 -0.998964495209433 
-0.6020466130909611 -0.9992032518231896 
-0.6020466130909611 -0.9992032518231896 
-0.6020466130909611 -0.9992032518231896 
-0.6020466130909611 -0.9992032518231896 
-0.6020466130909611 -0.9992032518231896 
-0.6020466130909611 -0.9992032518231896 
-0.5013140868853756 -0.9994142319438372 
-0.5013140868853756 -0.9994142319438372 
-0.5013140868853756 -0.9994142319438372 
-0.5013140868853756 -0.9994142319438372 
-0.5013140868853756 -0.9994142319438372 
-0.5013140868853756 -0.9994142319438372 
-0.5627060368117017 -0.9992903872807484 
-0.5627060368117017 -0.9992903872807484 
-0.5627060368117017 -0.9992903872807484 
-0.5627060368117017 -0.9992903872807484 
-0.5627060368117017 -0.9992903872807484 
-0.5627060368117017 -0.9992903872807484 
-0.0 -1.0 
-0.0 -1.0 
-0.0 -1.0 
-0.0 -1.0 
-0.0 -1.0 
-0.0 -1.0 
