-0.9420484263509981 -0.9720868763600875 
-0.896978766113503 -0.9724871904660999 
-0.9420484263509981 -0.9720868763600875 
-0.896978766113503 -0.9724871904660999 
-0.8760959198898003 -0.9738343992573129 
-0.8760959198898003 -0.9738343992573129 
-0.896978766113503 -0.9724871904660999 
-0.8760959198898003 -0.9738343992573129 
-0.8760959198898003 -0.9738343992573129 
-0.8760959198898003 -0.9738343992573129 
-0.7808653701047724 -0.9958619312231537 
-0.7808653701047724 -0.9958619312231537 
-0.7808653701047724 -0.9958619312231537 
-0.8760959198898003 -0.9738343992573129 
-0.7808653701047724 -0.9958619312231537 
-0.7808653701047724 -0.9958619312231537 
-0.8760959198898003 -0.9738343992573129 
-0.9420484263509981 -0.9720868763600875 
-0.7808653701047724 -0.9958619312231537 
-0.896978766113503 -0.9724871904660999 
-0.7808653701047724 -0.9958619312231537 
-0.6942592296881508 -0.9980733733990189 
-0.6942592296881508 -0.9980733733990189 
-0.6942592296881508 -0.9980733733990189 
-0.6942592296881508 -0.9980733733990189 
-0.896978766113503 -0.9724871904660999 
-0.6942592296881508 -0.9980733733990189 
-0.7808653701047724 -0.9958619312231537 
-0.6942592296881508 -0.9980733733990189 
-0.896978766113503 -0.9724871904660999 
-0.6942592296881508 -0.9980733733990189 
-0.8760959198898003 -0.9738343992573129 
-0.6942592296881508 -0.9980733733990189 
-0.7626857965615017 -0.9972052912646385 
-0.7626857965615017 -0.9972052912646385 
-0.7626857965615017 -0.9972052912646385 
-0.7626857965615017 -0.9972052912646385 
-0.7626857965615017 -0.9972052912646385 
-0.7626857965615017 -0.9972052912646385 
-0.7626857965615017 -0.9972052912646385 
-0.7626857965615017 -0.9972052912646385 
-0.8648602025361654 -0.994000518903781 
-0.8648602025361654 -0.994000518903781 
-0.8648602025361654 -0.994000518903781 
-0.8648602025361654 -0.994000518903781 
-0.8648602025361654 -0.994000518903781 
-0.8648602025361654 -0.994000518903781 
-0.8648602025361654 -0.994000518903781 
-0.8648602025361654 -0.994000518903781 
-0.7425868755173398 -0.9973547055758175 
-0.7425868755173398 -0.9973547055758175 
-0.7425868755173398 -0.9973547055758175 
-0.7425868755173398 -0.9973547055758175 
-0.7425868755173398 -0.9973547055758175 
-0.6639565498145684 -0.9989678080045727 
-0.6639565498145684 -0.9989678080045727 
-0.7425868755173398 -0.9973547055758175 
-0.6639565498145684 -0.9989678080045727 
-0.6639565498145684 -0.9989678080045727 
-0.6639565498145684 -0.9989678080045727 
-0.6639565498145684 -0.9989678080045727 
-0.6639565498145684 -0.9989678080045727 
-0.6639565498145684 -0.9989678080045727 
-0.7425868755173398 -0.9973547055758175 
-0.7425868755173398 -0.9973547055758175 
-0.6268330867223856 -0.9991172223157517 
-0.6268330867223856 -0.9991172223157517 
-0.6268330867223856 -0.9991172223157517 
-0.6268330867223856 -0.9991172223157517 
-0.6268330867223856 -0.9991172223157517 
-0.6268330867223856 -0.9991172223157517 
-0.6268330867223856 -0.9991172223157517 
-0.6268330867223856 -0.9991172223157517 
-0.5780077484452236 -0.9992140582140582 
-0.5780077484452236 -0.9992140582140582 
-0.5780077484452236 -0.9992140582140582 
-0.5780077484452236 -0.9992140582140582 
-0.5780077484452236 -0.9992140582140582 
-0.5780077484452236 -0.9992140582140582 
-0.5780077484452236 -0.9992140582140582 
-0.5780077484452236 -0.9992140582140582 
-0.5031849709985139 -0.9993634725252373 
-0.5031849709985139 -0.9993634725252373 
-0.5031849709985139 -0.9993634725252373 
-0.5031849709985139 -0.9993634725252373 
-0.5031849709985139 -0.9993634725252373 
-0.5031849709985139 -0.9993634725252373 
-0.5780077484452236 -0.9992140582140582 
-0.5031849709985139 -0.9993634725252373 
-0.5031849709985139 -0.9993634725252373 
-0.5031849709985139 -0.9993634725252373 
-0.0 -1.0 
-0.0 -1.0 
-0.0 -1.0 
-0.0 -1.0 
-0.0 -1.0 
-0.0 -1.0 
-0.0 -1.0 
-0.0 -1.0 
-0.0 -1.0 
