-0.6555486225011073 -0.9986369059069269 
-0.6316161706757121 -0.9987607505700157 
-0.7230200263994838 -0.9981378632464455 
-0.6020466130909611 -0.9988498310297858 
-0.7872725666763027 -0.9973674601078142 
-0.9066811409991332 -0.9960960443041643 
-0.7089651806819823 -0.998341623284572 
-0.7358284495789809 -0.9980487827866754 
-0.8189087443988545 -0.9972336501744327 
-0.6933612743506347 -0.9983956080928671 
-0.8885261025021761 -0.9967212477629765 
-0.7585312008512162 -0.9977278192124183 
-0.7585312008512162 -0.9977278192124183 
-0.7585312008512162 -0.9977278192124183 
-1.0 -0.9955681177590616 
-1.0 -0.9955681177590616 
-1.0 -0.9955681177590616 
-0.7358284495789809 -0.9980487827866754 
-0.7585312008512162 -0.9977278192124183 
-0.7358284495789809 -0.9980487827866754 
-1.0 -0.9955681177590616 
-0.7358284495789809 -0.9980487827866754 
-1.0 -0.9955681177590616 
-0.7476104374175362 -0.9978168996721883 
-0.7358284495789809 -0.9980487827866754 
-1.0 -0.9955681177590616 
-0.7476104374175362 -0.9978168996721883 
-0.7585312008512162 -0.9977278192124183 
-0.7872725666763027 -0.9973674601078142 
-0.7358284495789809 -0.9980487827866754 
-0.7872725666763027 -0.9973674601078142 
-0.7872725666763027 -0.9973674601078142 
-0.6757744745078007 -0.9985376323788369 
-0.7872725666763027 -0.9973674601078142 
-0.9066811409991332 -0.9960960443041643 
-0.9066811409991332 -0.9960960443041643 
-0.7476104374175362 -0.9978168996721883 
-0.6757744745078007 -0.9985376323788369 
-0.7872725666763027 -0.9973674601078142 
-0.9066811409991332 -0.9960960443041643 
-0.6757744745078007 -0.9985376323788369 
-0.9066811409991332 -0.9960960443041643 
-0.7230200263994838 -0.9981378632464455 
-0.7230200263994838 -0.9981378632464455 
-0.9066811409991332 -0.9960960443041643 
-0.7476104374175362 -0.9978168996721883 
-0.7230200263994838 -0.9981378632464455 
-0.7230200263994838 -0.9981378632464455 
-0.6933612743506347 -0.9983956080928671 
-0.7230200263994838 -0.9981378632464455 
-0.6933612743506347 -0.9983956080928671 
-0.6933612743506347 -0.9983956080928671 
-0.6757744745078007 -0.9985376323788369 
-0.8189087443988545 -0.9972336501744327 
-0.6933612743506347 -0.9983956080928671 
-0.6757744745078007 -0.9985376323788369 
-0.8189087443988545 -0.9972336501744327 
-0.7476104374175362 -0.9978168996721883 
-0.7089651806819823 -0.998341623284572 
-0.7089651806819823 -0.998341623284572 
-0.7089651806819823 -0.998341623284572 
-0.6933612743506347 -0.9983956080928671 
-0.6555486225011073 -0.9986369059069269 
-0.8189087443988545 -0.9972336501744327 
-0.6555486225011073 -0.9986369059069269 
-0.6555486225011073 -0.9986369059069269 
-0.7089651806819823 -0.998341623284572 
-0.6555486225011073 -0.9986369059069269 
-0.6316161706757121 -0.9987607505700157 
-0.6316161706757121 -0.9987607505700157 
-0.8189087443988545 -0.9972336501744327 
-0.7089651806819823 -0.998341623284572 
-0.6316161706757121 -0.9987607505700157 
-0.6316161706757121 -0.9987607505700157 
-0.8189087443988545 -0.9972336501744327 
-0.6316161706757121 -0.9987607505700157 
-0.6555486225011073 -0.9986369059069269 
-0.6020466130909611 -0.9988498310297858 
-0.6020466130909611 -0.9988498310297858 
-0.6020466130909611 -0.9988498310297858 
-0.6020466130909611 -0.9988498310297858 
-0.6020466130909611 -0.9988498310297858 
-0.5013140868853756 -0.9990413696400896 
-0.5013140868853756 -0.9990413696400896 
-0.5013140868853756 -0.9990413696400896 
-0.5013140868853756 -0.9990413696400896 
-0.5013140868853756 -0.9990413696400896 
-0.5627060368117017 -0.9989175249770007 
-0.5627060368117017 -0.9989175249770007 
-0.5013140868853756 -0.9990413696400896 
-0.5627060368117017 -0.9989175249770007 
-0.5627060368117017 -0.9989175249770007 
-0.5627060368117017 -0.9989175249770007 
-0.5627060368117017 -0.9989175249770007 
-0.0 -1.0 
-0.0 -1.0 
-0.0 -1.0 
-0.0 -1.0 
-0.0 -1.0 
-0.0 -1.0 
