-0.925063446184367 -0.9496234333598639 
-0.8454044855118727 -0.9717100148984136 
-0.9337104026588452 -0.9490685800464861 
-0.7230200263994838 -0.9978504695454724 
-0.5002446785556427 -0.9994944646015954 
-0.9067308276588876 -0.9617821984901097 
-0.5002446785556427 -0.9994944646015954 
-0.8454044855118727 -0.9717100148984136 
-0.9067308276588876 -0.9617821984901097 
-0.925063446184367 -0.9496234333598639 
-0.9337104026588452 -0.9490685800464861 
-0.9337104026588452 -0.9490685800464861 
-0.5002446785556427 -0.9994944646015954 
-0.9337104026588452 -0.9490685800464861 
-0.5002446785556427 -0.9994944646015954 
-0.8683014690354691 -0.9714888038628585 
-0.5455206901895745 -0.9989324549410177 
-0.5002446785556427 -0.9994944646015954 
-0.8760959198898003 -0.9646318666523872 
-0.9067308276588876 -0.9617821984901097 
-0.5455206901895745 -0.9989324549410177 
-0.8760959198898003 -0.9646318666523872 
-0.8683014690354691 -0.9714888038628585 
-0.5455206901895745 -0.9989324549410177 
-0.7230200263994838 -0.9978504695454724 
-0.9067308276588876 -0.9617821984901097 
-0.9160805457006107 -0.9550932357022124 
-0.5455206901895745 -0.9989324549410177 
-0.9160805457006107 -0.9550932357022124 
-0.8760959198898003 -0.9646318666523872 
-0.8683014690354691 -0.9714888038628585 
-0.8683014690354691 -0.9714888038628585 
-0.925063446184367 -0.9496234333598639 
-0.896978766113503 -0.9638202164261572 
-0.896978766113503 -0.9638202164261572 
-0.8326831776556043 -0.9736038340688625 
-0.8326831776556043 -0.9736038340688625 
-0.896978766113503 -0.9638202164261572 
-0.896978766113503 -0.9638202164261572 
-0.9160805457006107 -0.9550932357022124 
-0.9160805457006107 -0.9550932357022124 
-0.8189087443988545 -0.9951412923291181 
-0.8760959198898003 -0.9646318666523872 
-0.8326831776556043 -0.9736038340688625 
-0.8189087443988545 -0.9951412923291181 
-0.8189087443988545 -0.9951412923291181 
-0.7872725666763027 -0.9977249977222569 
-0.7872725666763027 -0.9977249977222569 
-0.7872725666763027 -0.9977249977222569 
-0.9420484263509981 -0.9480969373579007 
-0.7872725666763027 -0.9977249977222569 
-0.6555486225011073 -0.9985408442258051 
-0.9420484263509981 -0.9480969373579007 
-0.8326831776556043 -0.9736038340688625 
-0.6933612743506347 -0.9982966156165105 
-0.7872725666763027 -0.9977249977222569 
-0.6555486225011073 -0.9985408442258051 
-0.9420484263509981 -0.9480969373579007 
-0.6555486225011073 -0.9985408442258051 
-0.8189087443988545 -0.9951412923291181 
-0.9420484263509981 -0.9480969373579007 
-0.6933612743506347 -0.9982966156165105 
-0.6609748009422006 -0.9983405711011862 
-0.6609748009422006 -0.9983405711011862 
-0.6555486225011073 -0.9985408442258051 
-0.6609748009422006 -0.9983405711011862 
-0.6609748009422006 -0.9983405711011862 
-0.6933612743506347 -0.9982966156165105 
-0.8189087443988545 -0.9951412923291181 
-0.6933612743506347 -0.9982966156165105 
-0.6020466130909611 -0.9987210155949932 
-0.6020466130909611 -0.9987210155949932 
-0.6316161706757121 -0.998664252309969 
-0.6316161706757121 -0.998664252309969 
-0.6020466130909611 -0.9987210155949932 
-0.6316161706757121 -0.998664252309969 
-0.7089651806819823 -0.9979350416407542 
-0.6316161706757121 -0.998664252309969 
-0.6020466130909611 -0.9987210155949932 
-0.6316161706757121 -0.998664252309969 
-0.7089651806819823 -0.9979350416407542 
-0.5856212004886759 -0.9987549097449795 
-0.5856212004886759 -0.9987549097449795 
-0.5856212004886759 -0.9987549097449795 
-0.5856212004886759 -0.9987549097449795 
-0.7089651806819823 -0.9979350416407542 
-0.6101901341533087 -0.9986994055821673 
-0.6101901341533087 -0.9986994055821673 
-0.7089651806819823 -0.9979350416407542 
-0.6101901341533087 -0.9986994055821673 
-0.6101901341533087 -0.9986994055821673 
-0.0 -1.0 
-0.0 -1.0 
-0.0 -1.0 
-0.5526636442030195 -0.9987667132744751 
-0.5526636442030195 -0.9987667132744751 
-0.0 -1.0 
-0.5526636442030195 -0.9987667132744751 
-0.0 -1.0 
-0.5526636442030195 -0.9987667132744751 
