-0.7200421355757181 -0.9982243519271791 
-0.7200421355757181 -0.9982243519271791 
-0.7200421355757181 -0.9982243519271791 
-0.8404586120495574 -0.9963253112877534 
-0.7200421355757181 -0.9982243519271791 
-0.7808653701047724 -0.9975702446540609 
-0.0 -1.0 
-0.7425868755173398 -0.9978715520794899 
-0.6555486225011073 -0.9989393199760846 
-0.8648602025361654 -0.9952724881269546 
-0.8128421169901086 -0.9970715929898459 
-0.6639565498145684 -0.9984150262059807 
-0.7974944350842875 -0.9972174448063716 
-0.5013140868853756 -0.9998136553369111 
-0.6020466130909611 -0.9996306204084529 
-0.6942592296881508 -0.9983048443514215 
-0.6639565498145684 -0.9984150262059807 
-0.6639565498145684 -0.9984150262059807 
-0.6639565498145684 -0.9984150262059807 
-0.6639565498145684 -0.9984150262059807 
-0.8128421169901086 -0.9970715929898459 
-0.8128421169901086 -0.9970715929898459 
-0.6639565498145684 -0.9984150262059807 
-0.7425868755173398 -0.9978715520794899 
-0.8128421169901086 -0.9970715929898459 
-0.7425868755173398 -0.9978715520794899 
-0.7425868755173398 -0.9978715520794899 
-0.6639565498145684 -0.9984150262059807 
-0.7425868755173398 -0.9978715520794899 
-0.8128421169901086 -0.9970715929898459 
-0.8404586120495574 -0.9963253112877534 
-0.8648602025361654 -0.9952724881269546 
-0.6639565498145684 -0.9984150262059807 
-0.7425868755173398 -0.9978715520794899 
-0.8404586120495574 -0.9963253112877534 
-0.8404586120495574 -0.9963253112877534 
-0.7425868755173398 -0.9978715520794899 
-0.8128421169901086 -0.9970715929898459 
-0.8404586120495574 -0.9963253112877534 
-0.8128421169901086 -0.9970715929898459 
-0.8404586120495574 -0.9963253112877534 
-0.6639565498145684 -0.9984150262059807 
-0.8404586120495574 -0.9963253112877534 
-0.8128421169901086 -0.9970715929898459 
-0.7425868755173398 -0.9978715520794899 
-0.9067308276588876 -0.9674474410025841 
-0.7425868755173398 -0.9978715520794899 
-0.8404586120495574 -0.9963253112877534 
-0.8404586120495574 -0.9963253112877534 
-0.8648602025361654 -0.9952724881269546 
-0.8128421169901086 -0.9970715929898459 
-0.6020466130909611 -0.9996306204084529 
-0.6020466130909611 -0.9996306204084529 
-0.6020466130909611 -0.9996306204084529 
-0.6020466130909611 -0.9996306204084529 
-0.6020466130909611 -0.9996306204084529 
-0.6020466130909611 -0.9996306204084529 
-0.7808653701047724 -0.9975702446540609 
-0.7808653701047724 -0.9975702446540609 
-0.7808653701047724 -0.9975702446540609 
-0.7808653701047724 -0.9975702446540609 
-0.7808653701047724 -0.9975702446540609 
-0.7808653701047724 -0.9975702446540609 
-0.7808653701047724 -0.9975702446540609 
-0.7974944350842875 -0.9972174448063716 
-0.7808653701047724 -0.9975702446540609 
-0.7974944350842875 -0.9972174448063716 
-0.7974944350842875 -0.9972174448063716 
-0.7974944350842875 -0.9972174448063716 
-0.7974944350842875 -0.9972174448063716 
-0.7974944350842875 -0.9972174448063716 
-0.7974944350842875 -0.9972174448063716 
-0.6020466130909611 -0.9996306204084529 
-0.6020466130909611 -0.9996306204084529 
-0.7974944350842875 -0.9972174448063716 
-0.6942592296881508 -0.9983048443514215 
-0.6942592296881508 -0.9983048443514215 
-0.6942592296881508 -0.9983048443514215 
-0.6942592296881508 -0.9983048443514215 
-0.6942592296881508 -0.9983048443514215 
-0.6942592296881508 -0.9983048443514215 
-0.6942592296881508 -0.9983048443514215 
-0.6942592296881508 -0.9983048443514215 
-0.5013140868853756 -0.9998136553369111 
-0.0 -1.0 
-0.5013140868853756 -0.9998136553369111 
-0.5013140868853756 -0.9998136553369111 
-0.5013140868853756 -0.9998136553369111 
-0.0 -1.0 
-0.5013140868853756 -0.9998136553369111 
-0.0 -1.0 
-0.0 -1.0 
-0.5013140868853756 -0.9998136553369111 
-0.5013140868853756 -0.9998136553369111 
-0.0 -1.0 
-0.5013140868853756 -0.9998136553369111 
-0.0 -1.0 
-0.0 -1.0 
-0.0 -1.0 
-0.0 -1.0 
