-0.7808653701047724 -0.997758161317411 
-0.8648602025361654 -0.9975831615880382 
-0.7200421355757181 -0.9979721372230518 
-0.6268330867223856 -0.9983208418560162 
-1.0 -0.9966348061690462 
-0.7425868755173398 -0.9979607796746346 
-0.6639565498145684 -0.9982511093252147 
-0.5780077484452236 -0.9983901875174672 
-0.6942592296881508 -0.9981817636637638 
-0.8648602025361654 -0.9975831615880382 
-0.6268330867223856 -0.9983208418560162 
-0.6268330867223856 -0.9983208418560162 
-0.6268330867223856 -0.9983208418560162 
-0.6268330867223856 -0.9983208418560162 
-0.6268330867223856 -0.9983208418560162 
-0.0 -1.0 
-0.8648602025361654 -0.9975831615880382 
-0.5031849709985139 -0.998457663900733 
-0.7626857965615017 -0.9978914340131837 
-0.7200421355757181 -0.9979721372230518 
-0.6942592296881508 -0.9981817636637638 
-0.7808653701047724 -0.997758161317411 
-0.6268330867223856 -0.9983208418560162 
-0.7425868755173398 -0.9979607796746346 
-0.6639565498145684 -0.9982511093252147 
-0.7425868755173398 -0.9979607796746346 
-0.7808653701047724 -0.997758161317411 
-0.0 -1.0 
-0.5780077484452236 -0.9983901875174672 
-0.7626857965615017 -0.9978914340131837 
-0.5031849709985139 -0.998457663900733 
-0.6942592296881508 -0.9981817636637638 
-0.6942592296881508 -0.9981817636637638 
-0.7808653701047724 -0.997758161317411 
-0.7808653701047724 -0.997758161317411 
-0.7808653701047724 -0.997758161317411 
-0.6942592296881508 -0.9981817636637638 
-0.6942592296881508 -0.9981817636637638 
-0.6942592296881508 -0.9981817636637638 
-0.6942592296881508 -0.9981817636637638 
-0.7808653701047724 -0.997758161317411 
-0.6942592296881508 -0.9981817636637638 
-0.7808653701047724 -0.997758161317411 
-0.7200421355757181 -0.9979721372230518 
-0.7200421355757181 -0.9979721372230518 
-0.6639565498145684 -0.9982511093252147 
-0.7200421355757181 -0.9979721372230518 
-0.7808653701047724 -0.997758161317411 
-0.6639565498145684 -0.9982511093252147 
-0.7200421355757181 -0.9979721372230518 
-0.6639565498145684 -0.9982511093252147 
-0.7808653701047724 -0.997758161317411 
-0.7200421355757181 -0.9979721372230518 
-0.7200421355757181 -0.9979721372230518 
-0.6639565498145684 -0.9982511093252147 
-0.6639565498145684 -0.9982511093252147 
-0.6942592296881508 -0.9981817636637638 
-0.7200421355757181 -0.9979721372230518 
-0.6639565498145684 -0.9982511093252147 
-0.7200421355757181 -0.9979721372230518 
-0.6639565498145684 -0.9982511093252147 
-0.6639565498145684 -0.9982511093252147 
-0.7626857965615017 -0.9978914340131837 
-0.7425868755173398 -0.9979607796746346 
-0.7626857965615017 -0.9978914340131837 
-0.7425868755173398 -0.9979607796746346 
-0.7626857965615017 -0.9978914340131837 
-0.7626857965615017 -0.9978914340131837 
-0.7425868755173398 -0.9979607796746346 
-0.7425868755173398 -0.9979607796746346 
-0.7425868755173398 -0.9979607796746346 
-0.7626857965615017 -0.9978914340131837 
-0.7425868755173398 -0.9979607796746346 
-0.7425868755173398 -0.9979607796746346 
-0.7626857965615017 -0.9978914340131837 
-0.7626857965615017 -0.9978914340131837 
-0.5780077484452236 -0.9983901875174672 
-0.5780077484452236 -0.9983901875174672 
-0.5780077484452236 -0.9983901875174672 
-0.5780077484452236 -0.9983901875174672 
-0.5780077484452236 -0.9983901875174672 
-0.5780077484452236 -0.9983901875174672 
-0.5780077484452236 -0.9983901875174672 
-0.5780077484452236 -0.9983901875174672 
-0.5031849709985139 -0.998457663900733 
-0.5031849709985139 -0.998457663900733 
-0.5031849709985139 -0.998457663900733 
-0.5031849709985139 -0.998457663900733 
-0.5031849709985139 -0.998457663900733 
-0.5031849709985139 -0.998457663900733 
-0.5031849709985139 -0.998457663900733 
-0.5031849709985139 -0.998457663900733 
-0.0 -1.0 
-0.0 -1.0 
-0.0 -1.0 
-0.0 -1.0 
-0.0 -1.0 
-0.0 -1.0 
-0.0 -1.0 
-0.0 -1.0 
