-0.9067308276588876 -0.9972412400733237 
-0.9067308276588876 -0.9972412400733237 
-0.9067308276588876 -0.9972412400733237 
-1.0 -0.9951887961896408 
-1.0 -0.9951887961896408 
-1.0 -0.9951887961896408 
-1.0 -0.9951887961896408 
-1.0 -0.9951887961896408 
-0.8648602025361654 -0.998077246296305 
-1.0 -0.9951887961896408 
-1.0 -0.9951887961896408 
-0.9067308276588876 -0.9972412400733237 
-1.0 -0.9951887961896408 
-1.0 -0.9951887961896408 
-1.0 -0.9951887961896408 
-0.8648602025361654 -0.998077246296305 
-0.8648602025361654 -0.998077246296305 
-1.0 -0.9951887961896408 
-1.0 -0.9951887961896408 
-0.8648602025361654 -0.998077246296305 
-0.8648602025361654 -0.998077246296305 
-0.8648602025361654 -0.998077246296305 
-0.8648602025361654 -0.998077246296305 
-0.8648602025361654 -0.998077246296305 
-0.8648602025361654 -0.998077246296305 
-0.8648602025361654 -0.998077246296305 
-0.8648602025361654 -0.998077246296305 
-0.8648602025361654 -0.998077246296305 
-0.9420484263509981 -0.9968893229108245 
-0.9420484263509981 -0.9968893229108245 
-0.9420484263509981 -0.9968893229108245 
-0.9420484263509981 -0.9968893229108245 
-0.9420484263509981 -0.9968893229108245 
-0.9420484263509981 -0.9968893229108245 
-0.9420484263509981 -0.9968893229108245 
-0.9420484263509981 -0.9968893229108245 
-0.9420484263509981 -0.9968893229108245 
-0.9420484263509981 -0.9968893229108245 
-0.9420484263509981 -0.9968893229108245 
-0.9420484263509981 -0.9968893229108245 
-0.8128421169901086 -0.9981573771495891 
-0.8128421169901086 -0.9981573771495891 
-0.8128421169901086 -0.9981573771495891 
-0.8128421169901086 -0.9981573771495891 
-0.8128421169901086 -0.9981573771495891 
-0.8128421169901086 -0.9981573771495891 
-0.8128421169901086 -0.9981573771495891 
-0.8128421169901086 -0.9981573771495891 
-0.8128421169901086 -0.9981573771495891 
-0.8128421169901086 -0.9981573771495891 
-0.8128421169901086 -0.9981573771495891 
-0.8128421169901086 -0.9981573771495891 
-0.5031849709985139 -0.9998088972431077 
-0.7425868755173398 -0.9989857437124332 
-0.6268330867223856 -0.9996212423224619 
-0.7425868755173398 -0.9989857437124332 
-0.7425868755173398 -0.9989857437124332 
-0.7425868755173398 -0.9989857437124332 
-0.7425868755173398 -0.9989857437124332 
-0.7425868755173398 -0.9989857437124332 
-0.7425868755173398 -0.9989857437124332 
-0.7425868755173398 -0.9989857437124332 
-0.7425868755173398 -0.9989857437124332 
-0.7425868755173398 -0.9989857437124332 
-0.7425868755173398 -0.9989857437124332 
-0.7425868755173398 -0.9989857437124332 
-0.6268330867223856 -0.9996212423224619 
-0.6268330867223856 -0.9996212423224619 
-0.6268330867223856 -0.9996212423224619 
-0.6268330867223856 -0.9996212423224619 
-0.6268330867223856 -0.9996212423224619 
-0.6268330867223856 -0.9996212423224619 
-0.6268330867223856 -0.9996212423224619 
-0.6268330867223856 -0.9996212423224619 
-0.6268330867223856 -0.9996212423224619 
-0.6268330867223856 -0.9996212423224619 
-0.6268330867223856 -0.9996212423224619 
-0.0 -0.9999358974358974 
-0.0 -0.9999358974358974 
-0.0 -0.9999358974358974 
-0.0 -0.9999358974358974 
-0.0 -0.9999358974358974 
-0.0 -0.9999358974358974 
-0.0 -0.9999358974358974 
-0.5031849709985139 -0.9998088972431077 
-0.0 -0.9999358974358974 
-0.0 -0.9999358974358974 
-0.0 -0.9999358974358974 
-0.5031849709985139 -0.9998088972431077 
-0.5031849709985139 -0.9998088972431077 
-0.0 -0.9999358974358974 
-0.5031849709985139 -0.9998088972431077 
-0.5031849709985139 -0.9998088972431077 
-0.5031849709985139 -0.9998088972431077 
-0.5031849709985139 -0.9998088972431077 
-0.5031849709985139 -0.9998088972431077 
-0.5031849709985139 -0.9998088972431077 
-0.5031849709985139 -0.9998088972431077 
-0.0 -0.9999358974358974 
-0.5031849709985139 -0.9998088972431077 
