-0.8326831776556043 -0.9945876581890055 
-0.6268330867223856 -0.9993944170467518 
-0.6639565498145684 -0.9992262949389745 
-0.6268330867223856 -0.9993944170467518 
-0.8787046164788804 -0.9252510473200517 
-0.6639565498145684 -0.9992262949389745 
-0.5780077484452236 -0.9995010128760129 
-0.5780077484452236 -0.9995010128760129 
-0.5780077484452236 -0.9995010128760129 
-0.7089651806819823 -0.9981798767177305 
-0.5780077484452236 -0.9995010128760129 
-0.6268330867223856 -0.9993944170467518 
-0.6268330867223856 -0.9993944170467518 
-0.5780077484452236 -0.9995010128760129 
-0.8454044855118727 -0.9878683303160196 
-0.8787046164788804 -0.9252510473200517 
-0.8787046164788804 -0.9252510473200517 
-0.5780077484452236 -0.9995010128760129 
-0.7089651806819823 -0.9981798767177305 
-0.6268330867223856 -0.9993944170467518 
-0.6268330867223856 -0.9993944170467518 
-0.5780077484452236 -0.9995010128760129 
-0.6639565498145684 -0.9992262949389745 
-0.8787046164788804 -0.9252510473200517 
-0.5780077484452236 -0.9995010128760129 
-0.5031849709985139 -0.9996846953859149 
-0.6639565498145684 -0.9992262949389745 
-0.5031849709985139 -0.9996846953859149 
-0.7872725666763027 -0.9979013324219165 
-0.5031849709985139 -0.9996846953859149 
-0.6639565498145684 -0.9992262949389745 
-0.8885261025021761 -0.9201753661848259 
-0.8787046164788804 -0.9252510473200517 
-0.7089651806819823 -0.9981798767177305 
-0.5780077484452236 -0.9995010128760129 
-0.5031849709985139 -0.9996846953859149 
-0.8787046164788804 -0.9252510473200517 
-0.6268330867223856 -0.9993944170467518 
-0.8885261025021761 -0.9201753661848259 
-0.8454044855118727 -0.9878683303160196 
-0.5031849709985139 -0.9996846953859149 
-0.8885261025021761 -0.9201753661848259 
-0.5031849709985139 -0.9996846953859149 
-0.6639565498145684 -0.9992262949389745 
-0.7089651806819823 -0.9981798767177305 
-0.8885261025021761 -0.9201753661848259 
-0.5031849709985139 -0.9996846953859149 
-0.5031849709985139 -0.9996846953859149 
-0.8885261025021761 -0.9201753661848259 
-0.5031849709985139 -0.9996846953859149 
-0.8787046164788804 -0.9252510473200517 
-0.0 -1.0 
-0.6757744745078007 -0.9981824904234692 
-0.8326831776556043 -0.9945876581890055 
-0.0 -1.0 
-0.6757744745078007 -0.9981824904234692 
-0.5780077484452236 -0.9995010128760129 
-0.0 -1.0 
-0.6757744745078007 -0.9981824904234692 
-0.8885261025021761 -0.9201753661848259 
-0.7089651806819823 -0.9981798767177305 
-0.6757744745078007 -0.9981824904234692 
-0.8885261025021761 -0.9201753661848259 
-0.0 -1.0 
-0.6757744745078007 -0.9981824904234692 
-0.5031849709985139 -0.9996846953859149 
-0.0 -1.0 
-0.6757744745078007 -0.9981824904234692 
-0.0 -1.0 
-0.5031849709985139 -0.9996846953859149 
-0.5780077484452236 -0.9995010128760129 
-0.8683014690354691 -0.987243841086403 
-0.6757744745078007 -0.9981824904234692 
-0.0 -1.0 
-0.5031849709985139 -0.9996846953859149 
-0.8787046164788804 -0.9252510473200517 
-0.8885261025021761 -0.9201753661848259 
-0.5031849709985139 -0.9996846953859149 
-0.6757744745078007 -0.9981824904234692 
-0.6757744745078007 -0.9981824904234692 
-0.6757744745078007 -0.9981824904234692 
-0.6757744745078007 -0.9981824904234692 
-0.6757744745078007 -0.9981824904234692 
-0.8787046164788804 -0.9252510473200517 
-0.8787046164788804 -0.9252510473200517 
-0.6757744745078007 -0.9981824904234692 
-0.8787046164788804 -0.9252510473200517 
-0.8885261025021761 -0.9201753661848259 
-0.8885261025021761 -0.9201753661848259 
-0.8885261025021761 -0.9201753661848259 
-0.8885261025021761 -0.9201753661848259 
-0.8787046164788804 -0.9252510473200517 
-0.8885261025021761 -0.9201753661848259 
-0.8787046164788804 -0.9252510473200517 
-0.0 -1.0 
-0.0 -1.0 
-0.0 -1.0 
-0.0 -1.0 
-0.0 -1.0 
-0.0 -1.0 
