0.5343266045901173
0.4626752654250972
0.5217963674262185
0.6437856903189012
0.6462131745201058
0.505120397913086
0.5088376445804
0.5695882314898091
0.5062928861664984
0.6268742900071422
0.5654716036470286
0.5223136982410166
0.6058453663303651
0.6053980718082781
0.45285503849337955
0.6217930258061575
0.5266523469988914
0.6298410162944885
0.5310909654757774
0.32732370087619245
0.5798997357528418
0.6110834309604318
0.46836083147377244
0.5081552159573371
0.5111553081077903
0.4497987075622795
0.5865416488889521
0.6872917988385934
0.48454993235955396
0.5123735854068001
