0.0038631163807148422
0.00458151166014883
0.003723668004826932
0.0024689413112322584
0.0025314233714361823
0.004075815992410528
0.0037948052635977123
0.0034574852151263414
0.006287265956597099
0.0031785102885444902
0.003294079389981659
0.0040196616934984695
0.0027161889769331924
0.0027405566238324045
0.006215488883857744
0.0017505083945984655
0.003911086011450298
0.0019769334353269287
0.003643335088870285
0.011150376527073963
0.002908277175197267
0.0031302229390792373
0.006263905261179017
0.0039022719118368145
0.0036494768747534806
0.005956184894333399
0.0028398010261590488
0.001427609159639575
0.006679132537412168
0.0039010890258725874
